0.000001 
0.009681 
0.712244 
0.683784 
0.350213 
0.033073 
0.852513 
0.194190 
0.755655 
0.289654 
0.215112 
0.392070 
0.518052 
0.904133 
0.765701 
0.132043 
0.239139 
0.211788 
0.522656 
0.285160 
0.683848 
0.430150 
0.537845 
0.564107 
0.949944 
0.708444 
0.810898 
0.760570 
0.897756 
0.591204 
0.372765 
0.066867 
0.838975 
0.654353 
0.713603 
0.533291 
0.025738 
0.573908 
0.679771 
0.913246 
0.923936 
0.587101 
0.414704 
0.930916 
0.901168 
0.928477 
0.912437 
0.332146 
0.382718 
0.342229 
0.840909 
0.154040 
0.954193 
0.126974 
0.059761 
0.410779 
0.969407 
0.822003 
0.400826 
0.690422 
0.918073 
0.055875 
0.094821 
0.653159 
0.643748 
0.476293 
0.049159 
0.220755 
0.236591 
0.384377 
0.227606 
0.374676 
0.183837 
0.750187 
0.392176 
0.297526 
0.519485 
0.992203 
0.953888 
0.993142 
0.743024 
0.010000 
0.076970 
0.628346 
0.619208 
0.021702 
0.745208 
0.709724 
0.334642 
0.329396 
0.163828 
0.462065 
0.920105 
0.205862 
0.919570 
0.207502 
0.479190 
0.743913 
0.948661 
0.145466 
0.843139 
0.645018 
0.813785 
0.281704 
0.591370 
0.151612 
0.137001 
0.575884 
0.887494 
0.114453 
0.619907 
0.781260 
0.638009 
0.020220 
0.842264 
0.938573 
0.603001 
0.632425 
0.173624 
0.096230 
0.338523 
0.555046 
0.665539 
0.710506 
0.480767 
0.245972 
0.046836 
0.178959 
0.769666 
0.768239 
0.796407 
0.207449 
0.596595 
0.964469 
0.825266 
0.252788 
0.616242 
0.179657 
0.498325 
0.349853 
0.977091 
0.964351 
0.840718 
0.952773 
0.263482 
0.348405 
0.644400 
0.431057 
0.779668 
0.880365 
0.292498 
0.005764 
0.874689 
0.900107 
0.099656 
0.911847 
0.405947 
0.742940 
0.600878 
0.961290 
0.401296 
0.580255 
0.346140 
0.581628 
0.420664 
0.100099 
0.370118 
0.577300 
0.680017 
0.041147 
0.557225 
0.280213 
0.547035 
0.018780 
0.639609 
0.905630 
0.924379 
0.031959 
0.130289 
0.760470 
0.215110 
0.361367 
0.495309 
0.664454 
0.481233 
0.086170 
0.262251 
0.655759 
0.336372 
0.405360 
0.883617 
0.951500 
0.867418 
0.687054 
0.323554 
0.978449 
0.797039 
0.841536 
0.697772 
0.451607 
0.150668 
0.269390 
0.629625 
0.098983 
0.611235 
0.020580 
0.884143 
0.795642 
0.355682 
0.947769 
0.153234 
0.398483 
0.311794 
0.327822 
0.697881 
0.279244 
0.249568 
0.491044 
0.984382 
0.502565 
0.617304 
0.020492 
0.409420 
0.130222 
0.644821 
0.503411 
0.822688 
0.919004 
0.694761 
0.849222 
0.876129 
0.096862 
0.953107 
0.864056 
0.184214 
0.079779 
0.841412 
0.613062 
0.730979 
0.560994 
0.633749 
0.420595 
0.940521 
0.336814 
0.825948 
0.700521 
0.648950 
0.907301 
0.008741 
0.913990 
0.425402 
0.736068 
0.087323 
0.636444 
0.713383 
0.822677 
0.724237 
0.245365 
0.855174 
0.908946 
0.651391 
0.934796 
0.111737 
0.956870 
0.109423 
0.074004 
0.780361 
0.535144 
0.157391 
0.272206 
0.974345 
0.821510 
0.113241 
0.248886 
0.018636 
0.213027 
0.351341 
0.983021 
0.641256 
0.582794 
0.026830 
0.937764 
0.998173 
0.286087 
0.262682 
0.895103 
0.001178 
0.794758 
0.503745 
0.449503 
0.801016 
0.674785 
0.113469 
0.078070 
0.117627 
0.962202 
0.725436 
0.410968 
0.145473 
0.961036 
0.130258 
0.252358 
0.387291 
0.197034 
0.552794 
0.817100 
0.993979 
0.808552 
0.328238 
0.695203 
0.269489 
0.299983 
0.814493 
0.188335 
0.342286 
0.797322 
0.597902 
0.946987 
0.007696 
0.347242 
0.099185 
0.009687 
0.805863 
0.138805 
0.901077 
0.405951 
0.814207 
0.383977 
0.503354 
0.869397 
0.958719 
0.188491 
0.969903 
0.162776 
0.773171 
0.683629 
0.747218 
0.485501 
0.811589 
0.370863 
0.101862 
0.996996 
0.505072 
0.739292 
0.288546 
0.589793 
0.659242 
0.882607 
0.981780 
0.769831 
0.557072 
0.708758 
0.096749 
0.067304 
0.176314 
0.303804 
0.037241 
0.911721 
0.302320 
0.095479 
0.713141 
0.768281 
0.493854 
0.197439 
0.364882 
0.570975 
0.377628 
0.800678 
0.997216 
0.208901 
0.997531 
0.507275 
0.764726 
0.754347 
0.317537 
0.846403 
0.497089 
0.581134 
0.121762 
0.454921 
0.865385 
0.526361 
0.555111 
0.756026 
0.528217 
0.748335 
0.262103 
0.169861 
0.857186 
0.731266 
0.383564 
0.561114 
0.642105 
0.858562 
0.844671 
0.381767 
0.357809 
0.693161 
0.956096 
0.097755 
0.976629 
0.196789 
0.427515 
0.248969 
0.428650 
0.324015 
0.717398 
0.308089 
0.052282 
0.707722 
0.678977 
0.562884 
0.397241 
0.427605 
0.763967 
0.987528 
0.379864 
0.375335 
0.258838 
0.295735 
0.416350 
0.595409 
0.043941 
0.509266 
0.225758 
0.307606 
0.935367 
0.710732 
0.264801 
0.503463 
0.708907 
0.600444 
0.663420 
0.096910 
0.774257 
0.940325 
0.050224 
0.110270 
0.312729 
0.029851 
0.699157 
0.725953 
0.091946 
0.333930 
0.361993 
0.021987 
0.541027 
0.040929 
0.897161 
0.581286 
0.673268 
0.615385 
0.778895 
0.890470 
0.133249 
0.516198 
0.731728 
0.150140 
0.400556 
0.139638 
0.903477 
0.740389 
0.719912 
0.553155 
0.883592 
0.537392 
0.939971 
0.098246 
0.227774 
0.198383 
0.228572 
0.616803 
0.607873 
0.520181 
0.680158 
0.407465 
0.270546 
0.060590 
0.331722 
0.258546 
0.387514 
0.939432 
0.029253 
0.658856 
0.396762 
0.380603 
0.794038 
0.395695 
0.442072 
0.896733 
0.394088 
0.444745 
0.824249 
0.144596 
0.220570 
0.124709 
0.986745 
0.217421 
0.202472 
0.938733 
0.293315 
0.747100 
0.503128 
0.079079 
0.076383 
0.775347 
0.252363 
0.456930 
0.620273 
0.928951 
0.885974 
0.556858 
0.107392 
0.931233 
0.233453 
0.648908 
0.197371 
0.215979 
0.955213 
0.271936 
0.419962 
0.299531 
0.219307 
0.894916 
0.845703 
0.731646 
0.771916 
0.596064 
0.042400 
0.615245 
0.429881 
0.007199 
0.996240 
0.806952 
0.440324 
0.520996 
0.382400 
0.004653 
0.200933 
0.079909 
0.022872 
0.403827 
0.113645 
0.029566 
0.911367 
0.352519 
0.780488 
0.657076 
0.471739 
0.520792 
0.950013 
0.871520 
0.641594 
0.267501 
0.893862 
0.130356 
0.897446 
0.367283 
0.924549 
0.893225 
0.424869 
0.777027 
0.492791 
0.333994 
0.441117 
0.846830 
0.669667 
0.097069 
0.442157 
0.330774 
0.326086 
0.519141 
0.205221 
0.151041 
0.550200 
0.203827 
0.726546 
0.056456 
0.851181 
0.791396 
0.994002 
0.189398 
0.220085 
0.961391 
0.102209 
0.819290 
0.806418 
0.473449 
0.257138 
0.719023 
0.623605 
0.925082 
0.847194 
0.782915 
0.447228 
0.559771 
0.076671 
0.610133 
0.510215 
0.178348 
0.491170 
0.086466 
0.237083 
0.650792 
0.859425 
0.361717 
0.378078 
0.358290 
0.777714 
0.044332 
0.083924 
0.517754 
0.892596 
0.858441 
0.820028 
0.213663 
0.038984 
0.197283 
0.735613 
0.451048 
0.769637 
0.288858 
0.843807 
0.870254 
0.358714 
0.905643 
0.137185 
0.675956 
0.794604 
0.916207 
0.689063 
0.080602 
0.685469 
0.674971 
0.229804 
0.320704 
0.067240 
0.106332 
0.115098 
0.455617 
0.558936 
0.029457 
0.090320 
0.008436 
0.778514 
0.485730 
0.658171 
0.878358 
0.561668 
0.950335 
0.274587 
0.989781 
0.246969 
0.809487 
0.049747 
0.094033 
0.417845 
0.722539 
0.715033 
0.555361 
0.955757 
0.415326 
0.387094 
0.885345 
0.995431 
0.203039 
0.483906 
0.015877 
0.843339 
0.001074 
0.058870 
0.422335 
0.189040 
0.201755 
0.901527 
0.965942 
0.582193 
0.923426 
0.019387 
0.841117 
0.650181 
0.594148 
0.847268 
0.036143 
0.461706 
0.884409 
0.263646 
0.095093 
0.225762 
0.385698 
0.419417 
0.140636 
0.675817 
0.454958 
0.483668 
0.011625 
0.375565 
0.116448 
0.139973 
0.524055 
0.786784 
0.482494 
0.273247 
0.470045 
0.047686 
0.454507 
0.904448 
0.055293 
0.313839 
0.697040 
0.159151 
0.849872 
0.792505 
0.634519 
0.368611 
0.241065 
0.582301 
0.732053 
0.613000 
0.697444 
0.943768 
0.906111 
0.001473 
0.764683 
0.024585 
0.208020 
0.183740 
0.124188 
0.232849 
0.491392 
0.826727 
0.803725 
0.212296 
0.050722 
0.488312 
0.068020 
0.215602 
0.620229 
0.193163 
0.492359 
0.078097 
0.573889 
0.352175 
0.004510 
0.796359 
0.409879 
0.843680 
0.737294 
0.707622 
0.009158 
0.923482 
0.956908 
0.752758 
0.611727 
0.293451 
0.034638 
0.157074 
0.936282 
0.088843 
0.180101 
0.957098 
0.939625 
0.272908 
0.758228 
0.533756 
0.845079 
0.241118 
0.468387 
0.177351 
0.736369 
0.148080 
0.784853 
0.027268 
0.298832 
0.470197 
0.605061 
0.268312 
0.521950 
0.407001 
0.467405 
0.676602 
0.646124 
0.400214 
0.403262 
0.623969 
0.041460 
0.812468 
0.142658 
0.653177 
0.950714 
0.651419 
0.401106 
0.396230 
0.433177 
0.401583 
0.411543 
0.806601 
0.547467 
0.274952 
0.110659 
0.846471 
0.642291 
0.979522 
0.826138 
0.894125 
0.564167 
0.948260 
0.405624 
0.314586 
0.254098 
0.621026 
0.587094 
0.289920 
0.692422 
0.529911 
0.210774 
0.471604 
0.246879 
0.303357 
0.523183 
0.139014 
0.410507 
0.397070 
0.552338 
0.148283 
0.193049 
0.577098 
0.282120 
0.595047 
0.950541 
0.738938 
0.323240 
0.698444 
0.749033 
0.000155 
0.596821 
0.764257 
0.868326 
0.948373 
0.300442 
0.533860 
0.591838 
0.028516 
0.264642 
0.841645 
0.523319 
0.429918 
0.625701 
0.164561 
0.784354 
0.642949 
0.050234 
0.288978 
0.846583 
0.521778 
0.516269 
0.933052 
0.806006 
0.550697 
0.558938 
0.076118 
0.318613 
0.927367 
0.250601 
0.843999 
0.092840 
0.358360 
0.953110 
0.915506 
0.913633 
0.429167 
0.007379 
0.024881 
0.168670 
0.832301 
0.490398 
0.115167 
0.611619 
0.479471 
0.469178 
0.466706 
0.926005 
0.364090 
0.257812 
0.050041 
0.033278 
0.310556 
0.508192 
0.189240 
0.557194 
0.755127 
0.413753 
0.946504 
0.884958 
0.486138 
0.514650 
0.714568 
0.738704 
0.406009 
0.799336 
0.439984 
0.812075 
0.537453 
0.969194 
0.238152 
0.616880 
0.901282 
0.849663 
0.282519 
0.304217 
0.982502 
0.912600 
0.066132 
0.478250 
0.949431 
0.091494 
0.733085 
0.966753 
0.222757 
0.871305 
0.024230 
0.238746 
0.602732 
0.122081 
0.814779 
0.993444 
0.808845 
0.263359 
0.267499 
0.851137 
0.065571 
0.047992 
0.596213 
0.548200 
0.595026 
0.608309 
0.854538 
0.213711 
0.845475 
0.903276 
0.352855 
0.429843 
0.367918 
0.595091 
0.697419 
0.521598 
0.494743 
0.139184 
0.259267 
0.494265 
0.111591 
0.503053 
0.803631 
0.626125 
0.287199 
0.957663 
0.445783 
0.279596 
0.161936 
0.660795 
0.980191 
0.075526 
0.364669 
0.986130 
0.888383 
0.049663 
0.680239 
0.774106 
0.399111 
0.861951 
0.817759 
0.073543 
0.040630 
0.870315 
0.386113 
0.397243 
0.470251 
0.513374 
0.280928 
0.564433 
0.424012 
0.367445 
0.641849 
0.550192 
0.081525 
0.185531 
0.212086 
0.525569 
0.237777 
0.318797 
0.023181 
0.601154 
0.596457 
0.656324 
0.832325 
0.886772 
0.977985 
0.998767 
0.274052 
0.998684 
0.873657 
0.547638 
0.146540 
0.903582 
0.506448 
0.879495 
0.672135 
0.579112 
0.128350 
0.175162 
0.951118 
0.445459 
0.828842 
0.354006 
0.778099 
0.509312 
0.005358 
0.049759 
0.292721 
0.767673 
0.274854 
0.465932 
0.917217 
0.672621 
0.736998 
0.725661 
0.183200 
0.043980 
0.170281 
0.907344 
0.733119 
0.525509 
0.231603 
0.557678 
0.891749 
0.622894 
0.974881 
0.825411 
0.682375 
0.681042 
0.273458 
0.010679 
0.479966 
0.791058 
0.306830 
0.887964 
0.011816 
0.587327 
0.199333 
0.185279 
0.989243 
0.207372 
0.296502 
0.301716 
0.935959 
0.668824 
0.921065 
0.336502 
0.587813 
0.379681 
0.296042 
0.584556 
0.626112 
0.063295 
0.793082 
0.333121 
0.757971 
0.224041 
0.457433 
0.080766 
0.434841 
0.373794 
0.357070 
0.277448 
0.066674 
0.592652 
0.700596 
0.915194 
0.669120 
0.905030 
0.836134 
0.902278 
0.580742 
0.529870 
0.516716 
0.437476 
0.655697 
0.292358 
0.659035 
0.400452 
0.399852 
0.316248 
0.188476 
0.712885 
0.461813 
0.694390 
0.613296 
0.671141 
0.865822 
0.866392 
0.453561 
0.007894 
0.682293 
0.296847 
0.105634 
0.386580 
0.241684 
0.979147 
0.528258 
0.436007 
0.961396 
0.187101 
0.609678 
0.857348 
0.451430 
0.183362 
0.769317 
0.916557 
0.570666 
0.175308 
0.396757 
0.294262 
0.669159 
0.557780 
0.613816 
0.408570 
0.836345 
0.448539 
0.588692 
0.146647 
0.688542 
0.329790 
0.785328 
0.007723 
0.802948 
0.149976 
0.640782 
0.627094 
0.576738 
0.237620 
0.672819 
0.070077 
0.775800 
0.866606 
0.044863 
0.015815 
0.807699 
0.000183 
0.073400 
0.626328 
0.698815 
0.989506 
0.628597 
0.834553 
0.326698 
0.816585 
0.339979 
0.030850 
0.498826 
0.770478 
0.429488 
0.398660 
0.277159 
0.206522 
0.020828 
0.062329 
0.559220 
0.812989 
0.907198 
0.270599 
0.949697 
0.550607 
0.045569 
0.877101 
0.428671 
0.668657 
0.115437 
0.144057 
0.169492 
0.645788 
0.765706 
0.219604 
0.883913 
0.924133 
0.900332 
0.885012 
0.399224 
0.765317 
0.676298 
0.532296 
0.294064 
0.329687 
0.041269 
0.600862 
0.690529 
0.719977 
0.658528 
0.886176 
0.966282 
0.308654 
0.544557 
0.366373 
0.638844 
0.044589 
0.403274 
0.828417 
0.203099 
0.490299 
0.460054 
0.131720 
0.821539 
0.597928 
0.384105 
0.656239 
0.415697 
0.626354 
0.125431 
0.114338 
0.674710 
0.853244 
0.468810 
0.281831 
0.742009 
0.946567 
0.945908 
0.880236 
0.127732 
0.785101 
0.198175 
0.732267 
0.214555 
0.019867 
0.912146 
0.441119 
0.894320 
0.840966 
0.110164 
0.531157 
0.162371 
0.970428 
0.985872 
0.556323 
0.121632 
0.266692 
0.294434 
0.545092 
0.354176 
0.634747 
0.196598 
0.214775 
0.723861 
0.932679 
0.527560 
0.700906 
0.124183 
0.143237 
0.383718 
0.145788 
0.259715 
0.027427 
0.968039 
0.827457 
0.067012 
0.271755 
0.386571 
0.094376 
0.174899 
0.524884 
0.723223 
0.216454 
0.937296 
0.135912 
0.265647 
0.734479 
0.393675 
0.493215 
0.461602 
0.140921 
0.459043 
0.141862 
0.277224 
0.295452 
0.662519 
0.964438 
0.303975 
0.915334 
0.012547 
0.870320 
0.470943 
0.135329 
0.476339 
0.822154 
0.945015 
0.863054 
0.340607 
0.582111 
0.535592 
0.686491 
0.860543 
0.139587 
0.045472 
0.252675 
0.708439 
0.739193 
0.611355 
0.041794 
0.438696 
0.159336 
0.962802 
0.816201 
0.895817 
0.999933 
0.876979 
0.379704 
0.681108 
0.375270 
0.163569 
0.108435 
0.473930 
0.344047 
0.400134 
0.046976 
0.519897 
0.905939 
0.120556 
0.178716 
0.683064 
0.259858 
0.432580 
0.371864 
0.921442 
0.673654 
0.102553 
0.609958 
0.563563 
0.806499 
0.820547 
0.935847 
0.773895 
0.860262 
0.420287 
0.759222 
0.243391 
0.678889 
0.095033 
0.221999 
0.138217 
0.014424 
0.426617 
0.146550 
0.063475 
0.823460 
0.896227 
0.894331 
0.013772 
0.464526 
0.296671 
0.157284 
0.471030 
0.604706 
0.301449 
0.454580 
0.131333 
0.313576 
0.270963 
0.067671 
0.349589 
0.548798 
0.647677 
0.504130 
0.911079 
0.503512 
0.518474 
0.000787 
0.233553 
0.325207 
0.750062 
0.297518 
0.392370 
0.555448 
0.412245 
0.597700 
0.537554 
0.674896 
0.978313 
0.507615 
0.486984 
0.739686 
0.904465 
0.349009 
0.795491 
0.809177 
0.839952 
0.071524 
0.111809 
0.171921 
0.482570 
0.555880 
0.671993 
0.181519 
0.790028 
0.995918 
0.400504 
0.267812 
0.120029 
0.329918 
0.929816 
0.413977 
0.706072 
0.955324 
0.125971 
0.195822 
0.177938 
0.600959 
0.322390 
0.401107 
0.413049 
0.107883 
0.197421 
0.050677 
0.723394 
0.090758 
0.373832 
0.990936 
0.654447 
0.297324 
0.125487 
0.051921 
0.638654 
0.859632 
0.837314 
0.731339 
0.614613 
0.797500 
0.581260 
0.231062 
0.467280 
0.566980 
0.240716 
0.718801 
0.884252 
0.616823 
0.935907 
0.795033 
0.121632 
0.269095 
0.676535 
0.515925 
0.159766 
0.194289 
0.417068 
0.657472 
0.135329 
0.476675 
0.478279 
0.436044 
0.585009 
0.249598 
0.997356 
0.558510 
0.877674 
0.070288 
0.331382 
0.536062 
0.587579 
0.439949 
0.225793 
0.910205 
0.818903 
0.298119 
0.490358 
0.449675 
0.690418 
0.847714 
0.531160 
0.202974 
0.388473 
0.066284 
0.033207 
0.118060 
0.226951 
0.361902 
0.495243 
0.543929 
0.821491 
0.805376 
0.946913 
0.772077 
0.292788 
0.886523 
0.785509 
0.047188 
0.081427 
0.544114 
0.923316 
0.176950 
0.004259 
0.578862 
0.931991 
0.980840 
0.978253 
0.500424 
0.625952 
0.379562 
0.301688 
0.467692 
0.499884 
0.543427 
0.381809 
0.058465 
0.613644 
0.522565 
0.750816 
0.963558 
0.517945 
0.096782 
0.612747 
0.439383 
0.705524 
0.740885 
0.058798 
0.224893 
0.775917 
0.831854 
0.972693 
0.045850 
0.607726 
0.050100 
0.038842 
0.811727 
0.702409 
0.392790 
0.622925 
0.507223 
0.894223 
0.200786 
0.604365 
0.568180 
0.395574 
0.407716 
0.490234 
0.369058 
0.764053 
0.439625 
0.769538 
0.631210 
0.745665 
0.396197 
0.884822 
0.206457 
0.924644 
0.485108 
0.210978 
0.899561 
0.929624 
0.190084 
0.739616 
0.721768 
0.753078 
0.986016 
0.977191 
0.653336 
0.616164 
0.870540 
0.172502 
0.247609 
0.569524 
0.988549 
0.537621 
0.799819 
0.562292 
0.438601 
0.563696 
0.038556 
0.003112 
0.306921 
0.415570 
0.478070 
0.923350 
0.742632 
0.424048 
0.975945 
0.704877 
0.863993 
0.129282 
0.838239 
0.288823 
0.244480 
0.969514 
0.614351 
0.395840 
0.887679 
0.219385 
0.211984 
0.813919 
0.528897 
0.168017 
0.863379 
0.808030 
0.565530 
0.857624 
0.082152 
0.724926 
0.837564 
0.943914 
0.355232 
0.384593 
0.849368 
0.327669 
0.125157 
0.519836 
0.890030 
0.726428 
0.074263 
0.144040 
0.875838 
0.216439 
0.698412 
0.208004 
0.924398 
0.356503 
0.739287 
0.201971 
0.518781 
0.153168 
0.294848 
0.510599 
0.643312 
0.149527 
0.107260 
0.719908 
0.494489 
0.876332 
0.519896 
0.898582 
0.475035 
0.909713 
0.551940 
0.458655 
0.610945 
0.149925 
0.788608 
0.135033 
0.491231 
0.118005 
0.312173 
0.699073 
0.322763 
0.681910 
0.855714 
0.979841 
0.183992 
0.348510 
0.411688 
0.242073 
0.528684 
0.583955 
0.527912 
0.617547 
0.113566 
0.699553 
0.379650 
0.784065 
0.777069 
0.192750 
0.547615 
0.758712 
0.680029 
0.240312 
0.930858 
0.924453 
0.275592 
0.879438 
0.712983 
0.097023 
0.673694 
0.766894 
0.195105 
0.121338 
0.322947 
0.767495 
0.286378 
0.156143 
0.291753 
0.495696 
0.165694 
0.817239 
0.337632 
0.588438 
0.875601 
0.229108 
0.615335 
0.942084 
0.607086 
0.300989 
0.726792 
0.193169 
0.596019 
0.296101 
0.566381 
0.173172 
0.506569 
0.910782 
0.515821 
0.406855 
0.018190 
0.715029 
0.494175 
0.593330 
0.092917 
0.660362 
0.711083 
0.172512 
0.408230 
0.119550 
0.276576 
0.414279 
0.781833 
0.261673 
0.935259 
0.904280 
0.238693 
0.705416 
0.920057 
0.397774 
0.379868 
0.446774 
0.935768 
0.461116 
0.974754 
0.694752 
0.703393 
0.932522 
0.902893 
0.925199 
0.812121 
0.317695 
0.497445 
0.555143 
0.283132 
0.598249 
0.766785 
0.348488 
0.043301 
0.758386 
0.186168 
0.922245 
0.174047 
0.208647 
0.723481 
0.537330 
0.897828 
0.789453 
0.334281 
0.264117 
0.008773 
0.449470 
0.240867 
0.252212 
0.929349 
0.570828 
0.900911 
0.615318 
0.648165 
0.705453 
0.543114 
0.121088 
0.119568 
0.583777 
0.535539 
0.801939 
0.196651 
0.114862 
0.490262 
0.833968 
0.503282 
0.662579 
0.963325 
0.603414 
0.578211 
0.987534 
0.485598 
0.450853 
0.486741 
0.659017 
0.101727 
0.734017 
0.616706 
0.971590 
0.520200 
0.008630 
0.048434 
0.025918 
0.606627 
0.572677 
0.975596 
0.850056 
0.891599 
0.099406 
0.719699 
0.978954 
0.285739 
0.409614 
0.387174 
0.226894 
0.413847 
0.533738 
0.537620 
0.779111 
0.513304 
0.106918 
0.975447 
0.336445 
0.637105 
0.826866 
0.139529 
0.059780 
0.725947 
0.996135 
0.048328 
0.241639 
0.227072 
0.404507 
0.542570 
0.976969 
0.919422 
0.726668 
0.104953 
0.946463 
0.195243 
0.455482 
0.284420 
0.254392 
0.560373 
0.189796 
0.898443 
0.129081 
0.457717 
0.856612 
0.081611 
0.631531 
0.133823 
0.164898 
0.436151 
0.393581 
0.922447 
0.564446 
0.641546 
0.460266 
0.691779 
0.730609 
0.346889 
0.156115 
0.817193 
0.570374 
0.281377 
0.107840 
0.463425 
0.779216 
0.278252 
0.588136 
0.798471 
0.903646 
0.575116 
0.969853 
0.312065 
0.878675 
0.896317 
0.395178 
0.752329 
0.385953 
0.715170 
0.864868 
0.836274 
0.256669 
0.830473 
0.767735 
0.318602 
0.739972 
0.709801 
0.630164 
0.174081 
0.779627 
0.194352 
0.479216 
0.176852 
0.356026 
0.720679 
0.451137 
0.263057 
0.198054 
0.695783 
0.029777 
0.470190 
0.478619 
0.143807 
0.962364 
0.455470 
0.079917 
0.171987 
0.593304 
0.661849 
0.690529 
0.725542 
0.181896 
0.121560 
0.066526 
0.106160 
0.224538 
0.815096 
0.311657 
0.024333 
0.969923 
0.498394 
0.508140 
0.306660 
0.040825 
0.142943 
0.438376 
0.785141 
0.857516 
0.264767 
0.940528 
0.458881 
0.420829 
0.876731 
0.215058 
0.477903 
0.115170 
0.668869 
0.678391 
0.722109 
0.492421 
0.118347 
0.050538 
0.389180 
0.945445 
0.086487 
0.589089 
0.825889 
0.720002 
0.068701 
0.650115 
0.485613 
0.703418 
0.342702 
0.798370 
0.200135 
0.665535 
0.648608 
0.148400 
0.163478 
0.582943 
0.522879 
0.021461 
0.692370 
0.655361 
0.652175 
0.110481 
0.846538 
0.761180 
0.147866 
0.185420 
0.351586 
0.099496 
0.229374 
0.092136 
0.529969 
0.185462 
0.056201 
0.578100 
0.132137 
0.822163 
0.097120 
0.299966 
0.530044 
0.447425 
0.866851 
0.158278 
0.172659 
0.875360 
0.171120 
0.009108 
0.071315 
0.596384 
0.422857 
0.950763 
0.465573 
0.882594 
0.751082 
0.430450 
0.578990 
0.078819 
0.716892 
0.807368 
0.442162 
0.408545 
0.417086 
0.969228 
0.811582 
0.259079 
0.347634 
0.686179 
0.605237 
0.224841 
0.894488 
0.651540 
0.434491 
0.492043 
0.763147 
0.209659 
0.733030 
0.030720 
0.303295 
0.474771 
0.468452 
0.277151 
0.084047 
0.585982 
0.594642 
0.143306 
0.538491 
0.414891 
0.069399 
0.395742 
0.241152 
0.036440 
0.453090 
0.081864 
0.891956 
0.096479 
0.522930 
0.891166 
0.829077 
0.296790 
0.148085 
0.869738 
0.686119 
0.594157 
0.989528 
0.998518 
0.099647 
0.767857 
0.373720 
0.116223 
0.355751 
0.109656 
0.990186 
0.053406 
0.593079 
0.886353 
0.940764 
0.428878 
0.147705 
0.476862 
0.622327 
0.453985 
0.133068 
0.473845 
0.915805 
0.937638 
0.876123 
0.998672 
0.680017 
0.039683 
0.959659 
0.982018 
0.779460 
0.391307 
0.694241 
0.108287 
0.976677 
0.003531 
0.342717 
0.045581 
0.084249 
0.970847 
0.030325 
0.667128 
0.427297 
0.581235 
0.822690 
0.957032 
0.836874 
0.335483 
0.457120 
0.812868 
0.875793 
0.453846 
0.787873 
0.781015 
0.514193 
0.049656 
0.575131 
0.221611 
0.619634 
0.190680 
0.753760 
0.451671 
0.231434 
