0.000001 
0.008507 
0.981576 
0.342985 
0.552693 
0.117987 
0.008636 
0.137498 
0.925947 
0.395193 
0.011178 
0.866758 
0.605596 
0.259331 
0.579884 
0.112797 
0.784110 
0.539380 
0.367928 
0.772812 
0.657512 
0.807254 
0.521938 
0.217611 
0.384470 
0.783410 
0.771581 
0.965836 
0.809912 
0.191301 
0.194176 
0.518743 
0.509269 
0.286404 
0.593926 
0.121009 
0.790604 
0.678123 
0.218198 
0.257638 
0.123135 
0.531269 
0.032161 
0.531856 
0.897793 
0.200691 
0.009555 
0.586939 
0.676649 
0.435734 
0.379198 
0.179824 
0.294429 
0.460809 
0.823735 
0.521033 
0.993327 
0.844395 
0.752383 
0.309206 
0.833424 
0.357911 
0.416387 
0.209364 
0.788807 
0.479976 
0.952657 
0.299079 
0.626657 
0.219740 
0.165245 
0.268612 
0.562515 
0.187917 
0.319559 
0.835417 
0.852612 
0.845210 
0.441290 
0.766003 
0.212342 
0.837405 
0.272163 
0.248191 
0.350912 
0.784632 
0.313695 
0.276047 
0.522842 
0.410714 
0.877996 
0.482833 
0.971830 
0.553575 
0.928514 
0.540464 
0.581956 
0.931798 
0.722065 
0.747875 
0.533947 
0.049421 
0.626180 
0.199848 
0.842214 
0.093615 
0.388779 
0.215025 
0.929431 
0.946977 
0.847889 
0.477146 
0.394112 
0.832643 
0.231642 
0.211180 
0.297059 
0.667297 
0.260897 
0.889735 
0.774434 
0.906496 
0.477317 
0.260566 
0.336777 
0.214528 
0.573897 
0.494364 
0.783045 
0.633853 
0.165476 
0.158850 
0.787792 
0.414210 
0.623334 
0.380583 
0.457441 
0.218502 
0.368375 
0.271859 
0.140742 
0.448059 
0.529394 
0.530853 
0.040748 
0.852641 
0.329396 
0.158092 
0.044866 
0.061404 
0.015315 
0.401185 
0.710418 
0.995486 
0.136076 
0.024396 
0.015573 
0.736117 
0.912817 
0.716186 
0.940347 
0.403991 
0.881370 
0.184502 
0.933114 
0.843822 
0.119093 
0.602688 
0.376862 
0.918130 
0.010270 
0.601934 
0.699779 
0.192736 
0.309826 
0.246095 
0.123524 
0.073354 
0.863883 
0.287494 
0.919018 
0.932745 
0.650284 
0.322766 
0.730073 
0.339262 
0.974994 
0.716904 
0.998089 
0.886521 
0.754642 
0.262151 
0.974036 
0.627994 
0.689332 
0.601919 
0.460293 
0.136419 
0.786967 
0.552058 
0.446060 
0.922253 
0.298627 
0.027158 
0.448999 
0.330130 
0.486713 
0.181781 
0.190482 
0.432680 
0.048961 
0.890988 
0.826937 
0.322023 
0.235729 
0.889683 
0.903218 
0.382995 
0.004061 
0.245181 
0.753443 
0.115824 
0.661310 
0.631812 
0.865740 
0.490063 
0.481214 
0.767144 
0.387393 
0.916010 
0.381044 
0.214461 
0.450305 
0.271810 
0.304964 
0.527663 
0.437037 
0.283265 
0.827465 
0.201133 
0.434830 
0.194977 
0.981687 
0.207046 
0.828460 
0.926812 
0.921107 
0.039803 
0.968069 
0.340749 
0.972847 
0.646811 
0.955473 
0.633642 
0.613134 
0.946038 
0.065679 
0.871230 
0.770876 
0.119664 
0.188409 
0.596704 
0.805544 
0.774549 
0.848782 
0.473276 
0.344586 
0.457317 
0.125371 
0.113087 
0.650860 
0.997559 
0.981482 
0.770848 
0.636425 
0.387680 
0.746085 
0.453148 
0.061475 
0.213822 
0.703448 
0.842643 
0.300739 
0.512511 
0.777312 
0.286966 
0.042264 
0.326518 
0.782192 
0.297987 
0.268961 
0.421578 
0.453792 
0.887520 
0.542329 
0.922323 
0.479830 
0.499372 
0.937857 
0.559940 
0.914786 
0.815937 
0.446229 
0.768938 
0.538309 
0.351000 
0.261484 
0.757393 
0.511556 
0.720037 
0.653949 
0.914375 
0.896002 
0.101633 
0.143949 
0.347364 
0.149491 
0.490198 
0.754540 
0.548466 
0.065331 
0.019830 
0.280496 
0.289314 
0.499977 
0.106118 
0.531967 
0.773147 
0.285486 
0.156859 
0.331550 
0.362077 
0.435962 
0.210135 
0.743280 
0.299195 
0.572535 
0.591544 
0.072107 
0.909562 
0.013520 
0.229373 
0.069533 
0.648837 
0.997291 
0.474620 
0.946319 
0.778007 
0.957312 
0.535818 
0.491946 
0.136960 
0.893425 
0.792368 
0.330358 
0.328404 
0.478158 
0.396961 
0.729686 
0.838954 
0.291984 
0.382475 
0.251268 
0.065980 
0.918049 
0.650485 
0.700471 
0.808680 
0.484215 
0.198929 
0.401226 
0.403725 
0.401987 
0.189148 
0.004982 
0.734066 
0.454597 
0.407189 
0.625995 
0.091754 
0.108871 
0.796406 
0.203238 
0.829265 
0.448805 
0.071495 
0.624015 
0.816200 
0.869654 
0.269107 
0.888387 
0.112313 
0.640233 
0.394710 
0.893417 
0.663687 
0.586045 
0.665696 
0.352689 
0.638044 
0.602745 
0.331374 
0.398310 
0.390970 
0.030673 
0.524821 
0.674060 
0.918264 
0.265829 
0.792477 
0.153636 
0.160756 
0.827648 
0.283595 
0.381917 
0.884756 
0.088045 
0.780105 
0.217750 
0.731175 
0.863034 
0.005020 
0.373293 
0.934981 
0.227485 
0.334170 
0.388637 
0.819374 
0.212480 
0.157853 
0.042508 
0.425774 
0.987177 
0.475620 
0.741809 
0.581353 
0.801611 
0.681377 
0.909407 
0.397290 
0.251401 
0.300009 
0.248137 
0.434100 
0.921978 
0.683832 
0.164993 
0.037583 
0.655791 
0.883474 
0.554440 
0.473665 
0.888973 
0.961149 
0.028975 
0.977451 
0.016482 
0.012289 
0.548427 
0.410499 
0.253096 
0.783188 
0.032776 
0.865222 
0.790998 
0.308929 
0.162287 
0.555209 
0.402256 
0.712726 
0.794227 
0.565453 
0.561647 
0.608275 
0.284019 
0.503569 
0.484303 
0.684609 
0.219549 
0.962037 
0.956530 
0.393826 
0.027323 
0.213562 
0.343800 
0.243909 
0.378431 
0.291124 
0.918781 
0.948059 
0.026980 
0.451445 
0.436506 
0.359075 
0.970703 
0.609183 
0.531602 
0.631639 
0.952374 
0.548426 
0.400027 
0.255535 
0.783266 
0.358899 
0.022659 
0.823607 
0.363232 
0.841296 
0.656618 
0.783161 
0.586947 
0.815121 
0.733819 
0.304164 
0.076608 
0.545160 
0.505693 
0.184130 
0.674468 
0.784635 
0.365803 
0.054641 
0.343077 
0.103293 
0.042263 
0.313095 
0.194885 
0.434860 
0.683984 
0.725765 
0.938788 
0.206003 
0.289340 
0.928987 
0.481513 
0.793309 
0.138779 
0.454372 
0.623617 
0.129232 
0.010397 
0.747744 
0.335919 
0.793159 
0.627046 
0.768947 
0.696354 
0.625094 
0.955360 
0.738158 
0.213148 
0.381845 
0.672928 
0.908467 
0.607621 
0.289974 
0.584902 
0.441582 
0.663690 
0.639398 
0.358798 
0.314170 
0.255993 
0.477002 
0.976147 
0.101458 
0.211745 
0.794272 
0.326293 
0.007722 
0.779673 
0.956594 
0.470554 
0.601602 
0.126974 
0.052999 
0.762130 
0.126409 
0.548289 
0.089933 
0.509685 
0.271525 
0.516760 
0.182726 
0.078497 
0.297953 
0.700547 
0.095100 
0.350452 
0.045738 
0.723410 
0.354538 
0.723443 
0.912715 
0.998494 
0.684294 
0.925903 
0.643666 
0.095071 
0.865694 
0.726678 
0.285359 
0.024017 
0.653525 
0.799673 
0.102010 
0.482596 
0.985821 
0.700384 
0.359894 
0.735025 
0.564106 
0.923405 
0.663804 
0.553250 
0.477973 
0.284054 
0.100604 
0.844472 
0.036612 
0.344863 
0.110743 
0.258059 
0.192374 
0.222249 
0.339882 
0.391367 
0.699890 
0.056374 
0.482552 
0.252232 
0.268888 
0.206228 
0.082209 
0.692641 
0.221993 
0.030792 
0.526744 
0.987964 
0.714839 
0.300374 
0.389669 
0.161825 
0.797227 
0.991305 
0.869837 
0.347156 
0.648161 
0.640689 
0.067917 
0.487046 
0.789727 
0.934887 
0.648272 
0.507740 
0.591119 
0.937104 
0.906548 
0.354277 
0.332803 
0.424340 
0.879110 
0.208384 
0.309111 
0.226381 
0.783107 
0.686343 
0.367226 
0.962579 
0.057533 
0.952297 
0.254712 
0.940571 
0.184566 
0.999159 
0.869021 
0.631240 
0.254458 
0.667804 
0.786818 
0.051533 
0.122748 
0.021811 
0.581478 
0.894805 
0.988967 
0.575249 
0.209673 
0.980116 
0.810229 
0.518922 
0.518085 
0.462905 
0.037623 
0.329626 
0.023958 
0.661470 
0.332723 
0.082579 
0.909173 
0.476342 
0.871844 
0.078432 
0.201244 
0.310295 
0.121301 
0.707466 
0.372760 
0.972630 
0.992468 
0.410669 
0.107365 
0.482986 
0.538175 
0.109685 
0.469715 
0.505223 
0.286776 
0.838586 
0.122168 
0.277183 
0.618385 
0.196929 
0.792409 
0.022413 
0.688858 
0.634378 
0.993527 
0.205422 
0.523964 
0.259218 
0.673928 
0.715251 
0.219996 
0.472753 
0.562601 
0.642166 
0.882125 
0.882755 
0.468225 
0.456662 
0.123539 
0.314320 
0.780842 
0.619760 
0.297930 
0.303218 
0.184672 
0.779455 
0.295841 
0.196301 
0.234567 
0.362367 
0.308769 
0.478562 
0.195353 
0.292433 
0.913289 
0.646380 
0.708787 
0.586391 
0.465943 
0.112086 
0.832008 
0.553915 
0.655296 
0.554644 
0.908760 
0.534180 
0.959929 
0.534328 
0.443925 
0.049831 
0.505926 
0.097902 
0.433874 
0.116132 
0.830525 
0.630889 
0.358181 
0.939746 
0.315551 
0.463244 
0.744823 
0.236260 
0.826246 
0.721223 
0.586960 
0.033148 
0.113522 
0.957229 
0.151983 
0.374860 
0.270706 
0.753049 
0.487751 
0.623909 
0.040498 
0.655515 
0.244371 
0.135905 
0.152118 
0.647324 
0.582871 
0.314401 
0.140056 
0.918964 
0.029841 
0.530279 
0.403560 
0.640304 
0.581383 
0.310544 
0.320665 
0.412298 
0.498069 
0.039316 
0.777977 
0.465440 
0.648909 
0.208657 
0.893469 
0.538088 
0.645426 
0.670318 
0.038678 
0.057644 
0.817837 
0.391120 
0.558802 
0.781912 
0.594472 
0.294429 
0.468229 
0.521559 
0.834878 
0.793652 
0.907736 
0.325692 
0.907503 
0.397176 
0.330904 
0.505252 
0.769334 
0.195528 
0.235124 
0.727017 
0.980709 
0.782440 
0.469356 
0.463125 
0.746649 
0.928956 
0.964621 
0.380091 
0.185274 
0.906409 
0.011422 
0.969771 
0.948719 
0.127519 
0.204796 
0.000847 
0.232339 
0.914654 
0.590070 
0.310054 
0.081674 
0.688889 
0.152077 
0.955137 
0.986274 
0.312890 
0.746438 
0.386186 
0.622524 
0.763287 
0.571406 
0.628282 
0.537588 
0.236305 
0.578470 
0.344192 
0.836897 
0.731927 
0.503778 
0.000464 
0.798226 
0.778257 
0.165456 
0.826049 
0.406426 
0.809094 
0.443775 
0.519346 
0.655961 
0.740287 
0.004019 
0.550794 
0.194728 
0.789218 
0.387005 
0.391440 
0.930892 
0.503534 
0.888075 
0.872832 
0.694894 
0.077687 
0.682849 
0.645093 
0.074370 
0.941702 
0.185010 
0.469710 
0.423164 
0.113067 
0.316783 
0.175535 
0.212699 
0.831316 
0.934128 
0.895853 
0.599597 
0.433844 
0.615096 
0.912866 
0.533768 
0.035385 
0.713974 
0.767401 
0.713959 
0.504514 
0.359655 
0.721741 
0.301724 
0.070236 
0.462655 
0.841578 
0.396815 
0.275306 
0.062441 
0.440523 
0.866503 
0.314547 
0.589310 
0.538226 
0.959816 
0.630415 
0.377741 
0.698706 
0.146983 
0.344824 
0.451575 
0.619390 
0.089717 
0.873538 
0.552078 
0.772857 
0.414134 
0.354461 
0.422067 
0.677765 
0.189914 
0.881707 
0.856898 
0.891204 
0.469243 
0.561709 
0.641020 
0.615929 
0.915070 
0.579761 
0.050956 
0.416899 
0.828459 
0.907973 
0.309651 
0.297792 
0.997202 
0.970009 
0.938086 
0.410420 
0.928099 
0.567193 
0.807334 
0.856538 
0.830472 
0.737642 
0.555806 
0.437508 
0.200044 
0.140137 
0.276010 
0.893078 
0.959516 
0.584535 
0.282667 
0.790538 
0.564728 
0.389381 
0.333292 
0.638067 
0.998540 
0.460396 
0.870664 
0.245442 
0.135404 
0.728792 
0.814391 
0.464726 
0.643665 
0.081610 
0.620699 
0.085524 
0.407132 
0.664369 
0.043725 
0.882933 
0.454697 
0.092778 
0.314040 
0.076811 
0.963734 
0.474630 
0.100076 
0.969392 
0.579471 
0.176310 
0.237092 
0.809135 
0.131955 
0.768596 
0.787547 
0.305037 
0.759972 
0.851007 
0.874876 
0.042637 
0.599267 
0.872473 
0.652068 
0.304546 
0.501924 
0.833083 
0.629925 
0.145387 
0.519340 
0.554305 
0.195957 
0.446489 
0.144230 
0.081081 
0.728347 
0.324485 
0.617633 
0.549877 
0.777508 
0.579590 
0.173576 
0.286013 
0.020543 
0.269672 
0.369282 
0.515021 
0.949961 
0.999123 
0.255887 
0.697842 
0.622306 
0.099169 
0.735905 
0.350958 
0.553424 
0.402162 
0.142452 
0.183951 
0.669213 
0.457828 
0.722528 
0.531833 
0.518816 
0.746376 
0.333038 
0.371600 
0.488712 
0.775054 
0.337747 
0.513639 
0.724569 
0.826709 
0.502637 
0.822048 
0.158372 
0.759087 
0.979630 
0.636745 
0.766799 
0.588640 
0.280330 
0.507697 
0.865466 
0.884925 
0.936680 
0.772695 
0.687318 
0.747543 
0.949340 
0.550701 
0.625658 
0.435762 
0.853985 
0.919741 
0.091300 
0.471063 
0.148193 
0.680071 
0.954970 
0.172444 
0.268844 
0.453739 
0.986955 
0.752123 
0.929108 
0.526450 
0.038897 
0.742204 
0.230042 
0.309546 
0.537110 
0.204079 
0.951885 
0.335207 
0.830554 
0.117870 
0.033972 
0.969709 
0.902710 
0.839058 
0.042274 
0.493415 
0.825524 
0.581483 
0.983024 
0.682915 
0.758441 
0.113960 
0.332416 
0.918177 
0.805836 
0.681174 
0.491991 
0.895946 
0.165043 
0.885304 
0.302852 
0.029553 
0.702129 
0.689753 
0.672199 
0.645799 
0.939647 
0.646945 
0.212199 
0.423315 
0.652184 
0.252928 
0.965820 
0.533649 
0.038917 
0.081908 
0.627736 
0.358556 
0.246086 
0.966019 
0.875368 
0.306774 
0.953589 
0.978365 
0.379120 
0.877383 
0.170339 
0.889906 
0.644731 
0.995684 
0.462416 
0.820499 
0.122796 
0.839236 
0.045760 
0.092682 
0.701996 
0.449360 
0.401889 
0.555057 
0.835582 
0.632029 
0.517602 
0.337388 
0.480604 
0.505201 
0.908042 
0.461943 
0.869416 
0.279999 
0.946232 
0.323985 
0.209341 
0.401034 
0.177187 
0.975758 
0.560993 
0.608345 
0.448935 
0.245645 
0.558485 
0.463495 
0.959002 
0.942126 
0.312430 
0.012608 
0.900850 
0.577659 
0.710524 
0.773809 
0.415373 
0.176915 
0.415849 
0.173336 
0.257053 
0.287972 
0.939043 
0.491918 
0.670571 
0.293554 
0.760008 
0.451697 
0.663192 
0.262326 
0.914192 
0.823479 
0.207537 
0.072930 
0.726673 
0.190824 
0.179074 
0.696839 
0.764729 
0.806549 
0.674584 
0.733902 
0.693469 
0.138608 
0.579535 
0.242512 
0.893047 
0.433388 
0.956727 
0.714883 
0.035419 
0.287193 
0.858081 
0.758967 
0.957476 
0.297658 
0.730466 
0.943504 
0.479829 
0.490011 
0.618662 
0.855975 
0.369229 
0.626321 
0.571042 
0.503577 
0.616107 
0.912499 
0.368780 
0.088909 
0.289575 
0.885483 
0.305704 
0.974259 
0.374571 
0.406970 
0.936918 
0.782246 
0.206175 
0.176972 
0.374376 
0.132401 
0.263283 
0.004229 
0.073678 
0.299305 
0.412898 
0.570888 
0.908016 
0.029434 
0.696630 
0.263079 
0.563992 
0.008144 
0.867827 
0.574408 
0.076338 
0.018482 
0.627485 
0.133036 
0.941965 
0.607723 
0.999941 
0.013157 
0.137217 
0.213714 
0.887566 
0.313500 
0.998278 
0.050252 
0.590121 
0.157595 
0.703365 
0.456045 
0.750813 
0.917578 
0.733439 
0.915514 
0.043222 
0.431863 
0.320304 
0.353765 
0.728587 
0.358509 
0.455153 
0.757149 
0.401507 
0.124442 
0.496577 
0.962995 
0.050206 
0.809096 
0.475565 
0.825842 
0.924780 
0.777123 
0.104538 
0.963009 
0.289959 
0.337698 
0.689005 
0.113983 
0.716331 
0.372837 
0.269311 
0.304745 
0.856055 
0.719872 
0.891647 
0.915125 
0.508744 
0.454871 
0.013039 
0.140468 
0.846287 
0.546109 
0.446692 
0.560229 
0.774085 
0.050141 
0.723516 
0.132048 
0.322811 
0.482281 
0.699156 
0.713720 
0.498383 
0.322811 
0.491837 
0.306795 
0.307819 
0.510194 
0.831608 
0.841004 
0.748272 
0.201638 
0.931106 
0.091634 
0.097040 
0.955662 
0.810326 
0.143653 
0.368291 
0.860976 
0.429060 
0.209811 
0.294162 
0.982663 
0.611351 
0.978542 
0.350292 
0.357122 
0.152436 
0.991389 
0.267673 
0.785345 
0.292337 
0.306152 
0.493123 
0.911480 
0.240450 
0.246508 
0.062133 
0.267113 
0.363171 
0.817654 
0.303156 
0.140650 
0.901592 
0.057071 
0.186003 
0.150630 
0.644830 
0.651055 
0.283061 
0.413407 
0.129500 
0.503156 
0.541179 
0.593546 
0.735990 
0.790752 
0.165696 
0.846471 
0.631271 
0.774316 
0.933844 
0.114740 
0.427896 
0.653726 
0.166804 
0.473065 
0.804758 
0.573429 
0.616169 
0.951669 
0.693214 
0.852379 
0.936791 
0.653732 
0.268547 
0.464311 
0.673947 
0.025144 
0.590255 
0.421091 
0.273225 
0.093698 
0.790067 
0.661379 
0.795554 
0.877148 
0.223446 
0.462581 
0.591511 
0.523604 
0.215218 
0.170119 
0.193527 
0.610467 
0.113222 
0.922409 
0.919803 
0.137012 
0.761088 
0.597713 
0.758798 
0.116629 
0.185166 
0.088194 
0.284018 
0.496924 
0.808721 
0.175690 
0.825587 
0.642652 
0.060180 
0.452946 
0.671178 
0.490914 
0.789531 
0.650645 
0.393931 
0.801545 
0.567059 
0.559131 
0.311516 
0.645618 
0.900746 
0.839187 
0.221644 
0.163590 
0.461569 
0.590469 
0.011790 
0.152736 
0.037495 
0.177343 
0.606067 
0.175445 
0.711844 
0.961222 
0.257096 
0.018704 
0.359246 
0.849641 
0.916089 
0.704977 
0.541317 
0.913423 
0.904076 
0.809146 
0.320500 
0.645450 
0.075364 
0.645365 
0.655489 
0.796765 
0.226725 
0.572531 
0.528980 
0.559029 
0.600617 
0.564365 
0.288077 
0.709798 
0.574175 
0.152745 
0.179152 
0.011309 
0.062399 
0.742833 
0.798841 
0.122494 
0.764650 
0.470079 
0.624192 
0.791058 
0.303691 
0.141311 
0.014082 
0.668624 
0.559671 
0.382646 
0.124352 
0.982620 
0.898643 
0.489864 
0.151626 
0.382859 
0.703961 
0.473086 
0.149698 
0.969903 
0.165139 
0.497583 
0.876436 
0.259557 
0.381206 
0.937263 
0.578338 
0.119007 
0.144510 
0.782326 
0.556920 
0.152290 
0.541328 
0.100020 
0.028021 
0.951238 
0.456945 
0.881924 
0.500285 
0.283105 
0.148068 
0.581673 
0.174750 
0.029063 
0.454122 
0.434811 
0.868876 
0.196668 
0.400086 
0.253413 
0.114330 
0.548690 
0.831779 
0.711912 
0.097407 
0.123952 
0.265748 
0.433498 
0.800565 
0.097005 
0.360091 
0.047724 
0.089844 
0.010552 
0.339744 
0.072899 
0.208606 
0.046938 
0.884771 
0.351356 
0.237449 
0.803210 
0.556214 
0.283969 
0.667885 
0.142361 
0.659515 
0.475763 
0.141961 
0.932532 
0.063795 
0.210585 
0.301940 
0.705757 
0.659079 
0.137054 
0.473397 
0.377963 
0.421592 
0.699736 
0.462512 
0.439579 
0.002719 
0.690265 
0.291802 
0.314921 
0.883668 
0.804340 
0.540192 
0.999014 
0.428430 
0.624310 
0.779574 
0.293365 
0.585969 
0.380951 
0.635538 
0.490774 
0.431689 
0.392749 
0.934119 
0.734951 
0.314211 
0.944025 
0.227033 
0.751232 
0.951856 
0.845120 
0.934260 
0.112594 
0.362711 
0.085302 
0.678462 
0.905190 
0.533703 
0.952481 
0.356380 
0.681390 
0.129805 
0.632942 
0.852880 
0.346374 
0.506309 
0.543746 
0.745415 
0.193124 
0.831078 
0.924225 
0.457795 
0.167928 
0.369552 
0.058870 
0.422077 
0.848293 
0.266780 
0.766073 
0.384623 
0.356540 
0.370954 
0.616852 
0.424335 
0.805316 
0.938580 
0.706528 
0.614287 
0.320826 
0.120175 
0.783539 
0.947163 
0.971722 
0.732981 
0.213623 
0.363599 
0.012317 
0.018729 
0.779264 
0.088117 
0.986915 
0.081607 
0.560647 
0.796076 
0.647495 
0.441906 
0.120712 
0.809096 
0.481357 
0.163805 
0.072718 
0.178221 
0.352293 
0.992807 
0.102975 
0.697588 
0.368346 
0.786726 
0.507868 
0.740952 
0.183667 
0.888107 
0.417665 
0.698015 
0.542191 
0.611783 
0.236325 
0.918127 
0.952660 
0.352275 
0.689003 
0.069115 
0.610191 
0.487525 
0.828104 
0.950173 
0.563040 
0.013087 
0.960225 
0.508831 
0.914371 
0.837461 
0.198978 
0.216139 
0.644377 
0.050555 
0.675484 
0.860810 
0.640384 
0.928215 
0.516968 
0.684956 
0.054851 
0.879188 
0.506732 
0.638937 
0.615701 
0.088093 
0.574426 
0.382482 
0.382141 
0.640873 
0.150247 
0.197991 
0.634215 
0.244194 
0.164287 
0.174725 
0.595724 
0.338331 
0.323726 
0.869721 
0.407500 
0.848899 
0.440058 
0.053822 
0.585995 
0.820824 
0.585383 
0.532302 
0.403703 
0.042561 
0.316227 
0.830560 
0.226758 
0.119219 
0.706557 
0.101995 
0.229632 
0.421433 
0.025160 
0.870330 
0.632377 
0.365285 
0.347319 
0.398425 
0.334821 
0.334190 
0.729906 
0.524626 
0.382555 
0.596856 
0.357895 
0.141094 
0.367667 
0.371599 
0.461585 
0.865081 
0.409700 
0.832281 
0.153324 
0.914169 
0.445997 
0.876939 
0.717029 
0.113510 
0.761429 
0.339599 
0.640909 
0.761705 
0.982303 
0.566827 
0.661701 
0.203012 
0.018034 
0.097500 
0.680930 
0.393322 
0.556295 
0.657810 
0.811216 
0.100619 
0.103673 
0.436618 
0.237529 
0.144462 
0.976195 
0.901666 
0.292893 
0.660440 
0.009032 
0.793911 
0.261679 
0.033379 
0.993530 
0.262617 
0.802120 
0.222912 
0.489093 
0.178222 
0.373730 
0.274808 
0.705952 
0.940300 
0.617809 
0.515938 
0.363072 
0.151412 
0.776522 
0.011949 
0.829855 
0.379458 
0.556274 
0.304794 
0.667744 
0.766956 
0.230823 
0.437607 
0.864470 
0.150003 
0.104275 
0.557984 
0.035129 
0.415732 
0.214153 
0.271009 
0.852061 
0.592868 
0.336610 
0.398499 
0.567732 
0.876569 
0.503127 
0.055858 
0.803766 
0.894356 
0.437421 
0.736536 
0.968367 
0.347575 
0.694359 
0.084422 
0.873569 
0.080569 
0.125077 
0.174726 
0.621919 
0.595308 
0.334740 
0.971713 
0.579443 
0.705295 
0.898388 
0.214029 
0.191066 
0.237947 
0.166836 
0.018900 
0.644717 
0.755415 
0.252320 
0.737107 
0.563746 
0.885048 
0.998740 
0.822964 
0.555188 
0.049701 
0.329984 
0.041278 
0.752960 
0.995904 
0.153809 
0.065192 
0.684668 
0.219110 
0.573725 
0.601464 
0.812724 
0.460583 
0.023963 
0.741049 
0.808953 
0.077495 
0.463715 
0.653612 
0.248850 
0.428089 
0.897685 
0.396149 
0.078667 
0.156589 
0.798431 
0.228269 
0.521688 
0.008574 
0.098931 
0.729923 
0.813333 
0.680022 
0.121586 
0.502612 
0.391715 
0.553091 
0.800446 
0.102126 
0.430196 
0.295939 
0.840418 
0.903873 
0.394822 
0.776583 
0.023194 
0.827461 
0.143139 
0.739820 
0.159540 
0.384209 
0.401817 
0.340889 
0.326205 
0.533555 
0.453436 
0.893710 
0.590355 
0.097530 
0.193596 
0.776134 
0.482926 
0.534702 
0.729102 
0.022119 
0.761258 
0.469896 
0.548593 
0.202611 
0.279781 
0.271118 
0.677891 
0.306540 
0.013435 
0.805075 
0.902083 
0.303066 
0.635733 
0.763386 
0.220876 
0.269436 
0.404083 
0.420809 
0.535892 
0.744384 
0.866121 
0.901925 
0.655680 
0.005827 
0.929073 
0.934001 
0.759872 
0.174920 
0.873705 
0.362441 
0.545664 
0.973676 
0.571683 
0.276582 
0.513024 
0.394106 
0.734023 
0.723974 
0.828515 
0.846746 
0.267338 
0.156190 
0.080526 
0.400136 
0.092486 
0.412135 
0.750888 
0.171073 
0.220202 
0.930733 
0.824301 
0.030909 
0.480464 
0.160632 
0.738235 
0.508757 
0.673446 
0.600386 
0.685906 
0.027171 
0.669515 
0.538848 
0.422271 
0.107898 
0.440163 
0.826714 
0.578068 
0.583250 
0.682467 
0.229059 
0.790264 
0.965382 
0.182810 
0.486782 
0.339090 
0.077828 
0.058489 
0.019919 
0.780685 
0.978696 
0.950556 
0.998006 
0.487103 
0.745819 
0.985700 
0.661247 
0.583806 
0.035143 
0.648183 
0.017999 
0.504684 
0.219629 
0.312587 
0.643403 
0.670645 
0.528688 
0.659119 
0.816829 
0.451061 
0.989433 
0.396101 
0.263676 
0.600559 
0.593809 
0.155432 
0.338187 
0.912665 
0.154866 
