0.000001 
0.012123 
0.752034 
0.432644 
0.449054 
0.256451 
0.167780 
0.872111 
0.561446 
0.230133 
0.839296 
0.044718 
0.575960 
0.165321 
0.552199 
0.812073 
0.505599 
0.610396 
0.924490 
0.910843 
0.538626 
0.685774 
0.810931 
0.324820 
0.246130 
0.712513 
0.212676 
0.453616 
0.920473 
0.383004 
0.144231 
0.086966 
0.644763 
0.539687 
0.522532 
0.190839 
0.434816 
0.957142 
0.679843 
0.116910 
0.909601 
0.663234 
0.970393 
0.400961 
0.948188 
0.202272 
0.590433 
0.402178 
0.411342 
0.427739 
0.001267 
0.300411 
0.006504 
0.312598 
0.830696 
0.501453 
0.919653 
0.615426 
0.469588 
0.363349 
0.814143 
0.307640 
0.505964 
0.736252 
0.182026 
0.308632 
0.169885 
0.257842 
0.545254 
0.086823 
0.237318 
0.595290 
0.036187 
0.199709 
0.503218 
0.578713 
0.426583 
0.577948 
0.580091 
0.585592 
0.046843 
0.288998 
0.190967 
0.579069 
0.417262 
0.914807 
0.162754 
0.411773 
0.663186 
0.160255 
0.398359 
0.218867 
0.492516 
0.722619 
0.060965 
0.634939 
0.425437 
0.313114 
0.499981 
0.172455 
0.446260 
0.283858 
0.804004 
0.891963 
0.229613 
0.112244 
0.493302 
0.926471 
0.200266 
0.862804 
0.145704 
0.853817 
0.105316 
0.050381 
0.752359 
0.891552 
0.319360 
0.479892 
0.552096 
0.085740 
0.031829 
0.944031 
0.337041 
0.646382 
0.740265 
0.631374 
0.510549 
0.802917 
0.621837 
0.207763 
0.868742 
0.948536 
0.038905 
0.869007 
0.405285 
0.626976 
0.586547 
0.098859 
0.528622 
0.552079 
0.796697 
0.078237 
0.928272 
0.470369 
0.486770 
0.139595 
0.179608 
0.678826 
0.028056 
0.543804 
0.709037 
0.783289 
0.736373 
0.221719 
0.423902 
0.517745 
0.737923 
0.277134 
0.792046 
0.911106 
0.960071 
0.906884 
0.992863 
0.047649 
0.834768 
0.953156 
0.692250 
0.644493 
0.990579 
0.657022 
0.574892 
0.211035 
0.869327 
0.776953 
0.245557 
0.077462 
0.910156 
0.985856 
0.284412 
0.104258 
0.270983 
0.412900 
0.612962 
0.055165 
0.163646 
0.399739 
0.419747 
0.688577 
0.920000 
0.444545 
0.471886 
0.985347 
0.725651 
0.009901 
0.402737 
0.801631 
0.017473 
0.668181 
0.112246 
0.522667 
0.456252 
0.231434 
0.718099 
0.088379 
0.388684 
0.616716 
0.150799 
0.472473 
0.859298 
0.219155 
0.330120 
0.334075 
0.800299 
0.619883 
0.379157 
0.489530 
0.529977 
0.315786 
0.423450 
0.917926 
0.574134 
0.462201 
0.205491 
0.686915 
0.985309 
0.091175 
0.372954 
0.234872 
0.494086 
0.110303 
0.865904 
0.252254 
0.638935 
0.575927 
0.613053 
0.588179 
0.522512 
0.859040 
0.890288 
0.069507 
0.207500 
0.449880 
0.134897 
0.206729 
0.500722 
0.629835 
0.642865 
0.631697 
0.933339 
0.626330 
0.726716 
0.921721 
0.361571 
0.922273 
0.641900 
0.406084 
0.054036 
0.183566 
0.190513 
0.950652 
0.614394 
0.118026 
0.668618 
0.456096 
0.611557 
0.443518 
0.206774 
0.257023 
0.783993 
0.563175 
0.287196 
0.895326 
0.747301 
0.883204 
0.013635 
0.169749 
0.970272 
0.365158 
0.207199 
0.390258 
0.059467 
0.455615 
0.528835 
0.135124 
0.032251 
0.040028 
0.755719 
0.368699 
0.724577 
0.964657 
0.987691 
0.121457 
0.325597 
0.314414 
0.354248 
0.845150 
0.436298 
0.867090 
0.177314 
0.115315 
0.098440 
0.480116 
0.304700 
0.087474 
0.182925 
0.426586 
0.637570 
0.634961 
0.786937 
0.043548 
0.909813 
0.222048 
0.964956 
0.008675 
0.794827 
0.653236 
0.930599 
0.577108 
0.454261 
0.768697 
0.489602 
0.748589 
0.538627 
0.705747 
0.495367 
0.629602 
0.721267 
0.334503 
0.996520 
0.511476 
0.383230 
0.947431 
0.480501 
0.784268 
0.195345 
0.163250 
0.750558 
0.624932 
0.229710 
0.730370 
0.325614 
0.593651 
0.490991 
0.087441 
0.614355 
0.469353 
0.422123 
0.620177 
0.312673 
0.096580 
0.212534 
0.058097 
0.439664 
0.439170 
0.135901 
0.092638 
0.960135 
0.982422 
0.573399 
0.109052 
0.829148 
0.490757 
0.158431 
0.750876 
0.974294 
0.965594 
0.746117 
0.984034 
0.664258 
0.189642 
0.317846 
0.042658 
0.959225 
0.689963 
0.207652 
0.000063 
0.065474 
0.422940 
0.352958 
0.170310 
0.398934 
0.884668 
0.607007 
0.963690 
0.733394 
0.156160 
0.589327 
0.825477 
0.791254 
0.612555 
0.213533 
0.854620 
0.605999 
0.023373 
0.823278 
0.835374 
0.123077 
0.550288 
0.691182 
0.693956 
0.314307 
0.556852 
0.008263 
0.873608 
0.736442 
0.386337 
0.167542 
0.878925 
0.088104 
0.771432 
0.451686 
0.479311 
0.781994 
0.967147 
0.838629 
0.841294 
0.626847 
0.413415 
0.264301 
0.110019 
0.087248 
0.383419 
0.118888 
0.143777 
0.462165 
0.612354 
0.832565 
0.924756 
0.373627 
0.542332 
0.975018 
0.123757 
0.990006 
0.029195 
0.681750 
0.166988 
0.567338 
0.242368 
0.471638 
0.825577 
0.470488 
0.491917 
0.647069 
0.285576 
0.677225 
0.125350 
0.763178 
0.727890 
0.639209 
0.192734 
0.280430 
0.190163 
0.069934 
0.383459 
0.790140 
0.876791 
0.219439 
0.116869 
0.212984 
0.616249 
0.296270 
0.411368 
0.869154 
0.864056 
0.196188 
0.332595 
0.917555 
0.347764 
0.864852 
0.568550 
0.612012 
0.083612 
0.264022 
0.416944 
0.584126 
0.407570 
0.025930 
0.802630 
0.805043 
0.355286 
0.283960 
0.514292 
0.713269 
0.905067 
0.466924 
0.584926 
0.858500 
0.813202 
0.490516 
0.109975 
0.357674 
0.430808 
0.590753 
0.778479 
0.900294 
0.237004 
0.333442 
0.155850 
0.362675 
0.470572 
0.911354 
0.129553 
0.400441 
0.217052 
0.988131 
0.514965 
0.021754 
0.617449 
0.464675 
0.792195 
0.427949 
0.539671 
0.244422 
0.995538 
0.999692 
0.824704 
0.796061 
0.402224 
0.179164 
0.205520 
0.172612 
0.088904 
0.201865 
0.741491 
0.236859 
0.882231 
0.652141 
0.531368 
0.707904 
0.745364 
0.331354 
0.073688 
0.466593 
0.033119 
0.634650 
0.554586 
0.929134 
0.949238 
0.841750 
0.297315 
0.968818 
0.928478 
0.931314 
0.601291 
0.902755 
0.606347 
0.875485 
0.283598 
0.425808 
0.548672 
0.522692 
0.890044 
0.976418 
0.654292 
0.689241 
0.078352 
0.867537 
0.692742 
0.907135 
0.221184 
0.442298 
0.699769 
0.025330 
0.716538 
0.848254 
0.597202 
0.182146 
0.326888 
0.003154 
0.002724 
0.782624 
0.569240 
0.213329 
0.413875 
0.990509 
0.477549 
0.172530 
0.710954 
0.001195 
0.090439 
0.001381 
0.218576 
0.603000 
0.621015 
0.391529 
0.423670 
0.626631 
0.780414 
0.423045 
0.119456 
0.696010 
0.831812 
0.264594 
0.032930 
0.460595 
0.220765 
0.390270 
0.260385 
0.293713 
0.428667 
0.601311 
0.232770 
0.160260 
0.485106 
0.183710 
0.621908 
0.400681 
0.253024 
0.578561 
0.867963 
0.849635 
0.821343 
0.308513 
0.183286 
0.494926 
0.223900 
0.089237 
0.798376 
0.309187 
0.513075 
0.253167 
0.979338 
0.742165 
0.560245 
0.042561 
0.322426 
0.008488 
0.666173 
0.370123 
0.658209 
0.517671 
0.488968 
0.082289 
0.027914 
0.147103 
0.366023 
0.743052 
0.471874 
0.779537 
0.676436 
0.856743 
0.280218 
0.621589 
0.047750 
0.535908 
0.006787 
0.065082 
0.837168 
0.277303 
0.625763 
0.192672 
0.245894 
0.736100 
0.624814 
0.257120 
0.420095 
0.537787 
0.579800 
0.705405 
0.738282 
0.301106 
0.690655 
0.838810 
0.883912 
0.915054 
0.316498 
0.382838 
0.365071 
0.755321 
0.683641 
0.960541 
0.810992 
0.345856 
0.797509 
0.738452 
0.167537 
0.800176 
0.554880 
0.870680 
0.514058 
0.775368 
0.614661 
0.604219 
0.101848 
0.760858 
0.746928 
0.615511 
0.896765 
0.936706 
0.222672 
0.452447 
0.275542 
0.038675 
0.003016 
0.684076 
0.265971 
0.180881 
0.066595 
0.259352 
0.923008 
0.992505 
0.032646 
0.678464 
0.949151 
0.381459 
0.187576 
0.594171 
0.234963 
0.023555 
0.882551 
0.035994 
0.954285 
0.676306 
0.674916 
0.307177 
0.725473 
0.022623 
0.218230 
0.783781 
0.014019 
0.610264 
0.704580 
0.874925 
0.867012 
0.869105 
0.047876 
0.646414 
0.275964 
0.129897 
0.183643 
0.487147 
0.473703 
0.526149 
0.978633 
0.880676 
0.519291 
0.728349 
0.355485 
0.638811 
0.502558 
0.490681 
0.870618 
0.470913 
0.629738 
0.003687 
0.962735 
0.687842 
0.566749 
0.358211 
0.452859 
0.196017 
0.459378 
0.764772 
0.521879 
0.228420 
0.060351 
0.315527 
0.064107 
0.449165 
0.120434 
0.128168 
0.124882 
0.887416 
0.804765 
0.691826 
0.519828 
0.748983 
0.152410 
0.555147 
0.351362 
0.344686 
0.133983 
0.860338 
0.708077 
0.644572 
0.321132 
0.264847 
0.280113 
0.861313 
0.094592 
0.809261 
0.253715 
0.189112 
0.412816 
0.190402 
0.089103 
0.562257 
0.858510 
0.982839 
0.572074 
0.855334 
0.599284 
0.160679 
0.531116 
0.470536 
0.293032 
0.986601 
0.801961 
0.563379 
0.712539 
0.644449 
0.261850 
0.910493 
0.652132 
0.379952 
0.846317 
0.049195 
0.827252 
0.625945 
0.263215 
0.860929 
0.638972 
0.207022 
0.425676 
0.334545 
0.693200 
0.610764 
0.102196 
0.606225 
0.821674 
0.874158 
0.965947 
0.663752 
0.678716 
0.182450 
0.434142 
0.617562 
0.367829 
0.099214 
0.485358 
0.409551 
0.319078 
0.738795 
0.933106 
0.715634 
0.661661 
0.543116 
0.146351 
0.723548 
0.677757 
0.058165 
0.574582 
0.996905 
0.974883 
0.865568 
0.602766 
0.691950 
0.607285 
0.639374 
0.959551 
0.176984 
0.561692 
0.357822 
0.921065 
0.336486 
0.324738 
0.868470 
0.378742 
0.519021 
0.188194 
0.969205 
0.435353 
0.974528 
0.888586 
0.457037 
0.418601 
0.418835 
0.365697 
0.266871 
0.297670 
0.935149 
0.051278 
0.825821 
0.566911 
0.080222 
0.295575 
0.727077 
0.975261 
0.209944 
0.526884 
0.345940 
0.208878 
0.605477 
0.253315 
0.471716 
0.134639 
0.875546 
0.304923 
0.844085 
0.532007 
0.447608 
0.948992 
0.712315 
0.882619 
0.177063 
0.900721 
0.421071 
0.946850 
0.704857 
0.536921 
0.033577 
0.336220 
0.841160 
0.368861 
0.446158 
0.572795 
0.960458 
0.411583 
0.468571 
0.276664 
0.884313 
0.656117 
0.364946 
0.648189 
0.107251 
0.561620 
0.142724 
0.758691 
0.320978 
0.681206 
0.025491 
0.432350 
0.513042 
0.688847 
0.447124 
0.820408 
0.592483 
0.860907 
0.270295 
0.856436 
0.125763 
0.702780 
0.626947 
0.100373 
0.971460 
0.326007 
0.205884 
0.295908 
0.333582 
0.516713 
0.394157 
0.594039 
0.016900 
0.030555 
0.533793 
0.460756 
0.924298 
0.672268 
0.807279 
0.936634 
0.010391 
0.643677 
0.277950 
0.509190 
0.956242 
0.562991 
0.196054 
0.072832 
0.091220 
0.133849 
0.601711 
0.954721 
0.993429 
0.562260 
0.902268 
0.410612 
0.161431 
0.168222 
0.300908 
0.361490 
0.557565 
0.003168 
0.239237 
0.854582 
0.962077 
0.620315 
0.639789 
0.937119 
0.165851 
0.464274 
0.048338 
0.420511 
0.523220 
0.764145 
0.991335 
0.372180 
0.231626 
0.931371 
0.558057 
0.265818 
0.601380 
0.395463 
0.545604 
0.967377 
0.705959 
0.055465 
0.196362 
0.248254 
0.399763 
0.821310 
0.760949 
0.273477 
0.324164 
0.226070 
0.562238 
0.537864 
0.879659 
0.422024 
0.959429 
0.125567 
0.402815 
0.113190 
0.383086 
0.519285 
0.618654 
0.721847 
0.074615 
0.062309 
0.225081 
0.938662 
0.093572 
0.661866 
0.985263 
0.307106 
0.522724 
0.426879 
0.547920 
0.890158 
0.877740 
0.181468 
0.935005 
0.624102 
0.274659 
0.199550 
0.832109 
0.257771 
0.352539 
0.122524 
0.253031 
0.691135 
0.907507 
0.476590 
0.044840 
0.632456 
0.692223 
0.184686 
0.013988 
0.088738 
0.420991 
0.603070 
0.798171 
0.858706 
0.264576 
0.734323 
0.767826 
0.855302 
0.053136 
0.059209 
0.124917 
0.488380 
0.196904 
0.357701 
0.887508 
0.346842 
0.371451 
0.970092 
0.336376 
0.477801 
0.397384 
0.834363 
0.133039 
0.980604 
0.009783 
0.423417 
0.368859 
0.409069 
0.215217 
0.146836 
0.868607 
0.684633 
0.629080 
0.939877 
0.516224 
0.179279 
0.138555 
0.690905 
0.047432 
0.197949 
0.921459 
0.966290 
0.431990 
0.448560 
0.950646 
0.506273 
0.923483 
0.981091 
0.204524 
0.432172 
0.522359 
0.285401 
0.740959 
0.304146 
0.780818 
0.205995 
0.158146 
0.961044 
0.269497 
0.441147 
0.361578 
0.041531 
0.014715 
0.319984 
0.964746 
0.490729 
0.690594 
0.816514 
0.154950 
0.236658 
0.518966 
0.260753 
0.478235 
0.693462 
0.016595 
0.905418 
0.355539 
0.537490 
0.592157 
0.383012 
0.289316 
0.534483 
0.056226 
0.995833 
0.961579 
0.256235 
0.547912 
0.751263 
0.476614 
0.453815 
0.271113 
0.603939 
0.405980 
0.298746 
0.019979 
0.784456 
0.357715 
0.111154 
0.170676 
0.549138 
0.356262 
0.692953 
0.455509 
0.744337 
0.072512 
0.707132 
0.764798 
0.965149 
0.265665 
0.034589 
0.341699 
0.934900 
0.859561 
0.633407 
0.668002 
0.114716 
0.023657 
0.595430 
0.396307 
0.735101 
0.844179 
0.112496 
0.714697 
0.910178 
0.354556 
0.029611 
0.670987 
0.278698 
0.077455 
0.780230 
0.327035 
0.480458 
0.053418 
0.802075 
0.471448 
0.625288 
0.222001 
0.164013 
0.562974 
0.901759 
0.857385 
0.064289 
0.512938 
0.955282 
0.432437 
0.974726 
0.212312 
0.319519 
0.153646 
0.332811 
0.554383 
0.510998 
0.346418 
0.239703 
0.686798 
0.008947 
0.379686 
0.383361 
0.151658 
0.914692 
0.222817 
0.877150 
0.260762 
0.634754 
0.317687 
0.367433 
0.449406 
0.167520 
0.502257 
0.437437 
0.998485 
0.538136 
0.457709 
0.714274 
0.803858 
0.437536 
0.663874 
0.727151 
0.225429 
0.793146 
0.409841 
0.200713 
0.381847 
0.707983 
0.066220 
0.963859 
0.583914 
0.849358 
0.159777 
0.376526 
0.274465 
0.927400 
0.803651 
0.961798 
0.942933 
0.869932 
0.949941 
0.666408 
0.321438 
0.404384 
0.487898 
0.098372 
0.342976 
0.390234 
0.656581 
0.153357 
0.478059 
0.743633 
0.240403 
0.459035 
0.992965 
0.770804 
0.904197 
0.843760 
0.067746 
0.605456 
0.891510 
0.611308 
0.256199 
0.938598 
0.008305 
0.579860 
0.706444 
0.210612 
0.755447 
0.794429 
0.965079 
0.077599 
0.203736 
0.186974 
0.468923 
0.194620 
0.972045 
0.154127 
0.414101 
0.791361 
0.409748 
0.630438 
0.771572 
0.811743 
0.962401 
0.078112 
0.831729 
0.864605 
0.421850 
0.024955 
0.426516 
0.454074 
0.622176 
0.905720 
0.429249 
0.380938 
0.432851 
0.925136 
0.765055 
0.271633 
0.328204 
0.129943 
0.952740 
0.705587 
0.808715 
0.074613 
0.015053 
0.999916 
0.593727 
0.764075 
0.813287 
0.909695 
0.251713 
0.537564 
0.835180 
0.872214 
0.304614 
0.641686 
0.812708 
0.188601 
0.822749 
0.944892 
0.799569 
0.350461 
0.194071 
0.759109 
0.342210 
0.519394 
0.450166 
0.931952 
0.320905 
0.448881 
0.348446 
0.329528 
0.380569 
0.225178 
0.571564 
0.269228 
0.911894 
0.207437 
0.396286 
0.386319 
0.862650 
0.561312 
0.971568 
0.138242 
0.438418 
0.486289 
0.064880 
0.434372 
0.488547 
0.010147 
0.536414 
0.509808 
0.347313 
0.284309 
0.382332 
0.852987 
0.152332 
0.245537 
0.738659 
0.639307 
0.831458 
0.320201 
0.610551 
0.527807 
0.851464 
0.559369 
0.313757 
0.308181 
0.594805 
0.885000 
0.198744 
0.293336 
0.090364 
0.750516 
0.928510 
0.471170 
0.946380 
0.802275 
0.833797 
0.626755 
0.869311 
0.516389 
0.957976 
0.709471 
0.071314 
0.566221 
0.476221 
0.847851 
0.827964 
0.597661 
0.882378 
0.120499 
0.234371 
0.070471 
0.410471 
0.790362 
0.611464 
0.868101 
0.176172 
0.928086 
0.347037 
0.649353 
0.678824 
0.002261 
0.995254 
0.233895 
0.072454 
0.735559 
0.532240 
0.364847 
0.979638 
0.776970 
0.529349 
0.769198 
0.914744 
0.098290 
0.957207 
0.783314 
0.155812 
0.726399 
0.579934 
0.954265 
0.332478 
0.956807 
0.054162 
0.307877 
0.492349 
0.903256 
0.019702 
0.129277 
0.760563 
0.776275 
0.861657 
0.866954 
0.899520 
0.225916 
0.969863 
0.487071 
0.195156 
0.986926 
0.270778 
0.960524 
0.532319 
0.679833 
0.958802 
0.583205 
0.924515 
0.320428 
0.437231 
0.534706 
0.806936 
0.165423 
0.256188 
0.745458 
0.918769 
0.751719 
0.138489 
0.580727 
0.280647 
0.827390 
0.941596 
0.400896 
0.852450 
0.122706 
0.311693 
0.631808 
0.801501 
0.827897 
0.472730 
0.166861 
0.433908 
0.699009 
0.238835 
0.092865 
0.785406 
0.312520 
0.519912 
0.158081 
0.873476 
0.515381 
0.014364 
0.421946 
0.640686 
0.008265 
0.906025 
0.565961 
0.103582 
0.896388 
0.600822 
0.017054 
0.630232 
0.309343 
0.125024 
0.279969 
0.432752 
0.261242 
0.699758 
0.824529 
0.851507 
0.282502 
0.010768 
0.973136 
0.491044 
0.979435 
0.370683 
0.074740 
0.153609 
0.700526 
0.748016 
0.912623 
0.460910 
0.507360 
0.193093 
0.321448 
0.578075 
0.706030 
0.247288 
0.165353 
0.093534 
0.017803 
0.214525 
0.522721 
0.368768 
0.879843 
0.520640 
0.400511 
0.384730 
0.163046 
0.317826 
0.704137 
0.423736 
0.737357 
0.754845 
0.685976 
0.204829 
0.555110 
0.738495 
0.883572 
0.192413 
0.885808 
0.771249 
0.388609 
0.351325 
0.726598 
0.937165 
0.930018 
0.813908 
0.351997 
0.019392 
0.916281 
0.939098 
0.427662 
0.723135 
0.732691 
0.345731 
0.700903 
0.080387 
0.057775 
0.016335 
0.539650 
0.894254 
0.731820 
0.706366 
0.900501 
0.724325 
0.730309 
0.308945 
0.440358 
0.092822 
0.059353 
0.551914 
0.014172 
0.185343 
0.056862 
0.671666 
0.685318 
0.142162 
0.313116 
0.548308 
0.418296 
0.309124 
0.448423 
0.641695 
0.964939 
0.730119 
0.101871 
0.148608 
0.655104 
0.325594 
0.258901 
0.356717 
0.336600 
0.230913 
0.949075 
0.099805 
0.427852 
0.911003 
0.230709 
0.527989 
0.907239 
0.962598 
0.389386 
0.417590 
0.431583 
0.623465 
0.580967 
0.306578 
0.654837 
0.852965 
0.780658 
0.515978 
0.041908 
0.344542 
0.715354 
0.948442 
0.461727 
0.242403 
0.065151 
0.993741 
0.800097 
0.224671 
0.050518 
0.055471 
0.305696 
0.831154 
0.206114 
0.163653 
0.519256 
0.133310 
0.537453 
0.966165 
0.333028 
0.197620 
0.403681 
0.668742 
0.545314 
0.097951 
0.261857 
0.024891 
0.339981 
0.062946 
0.935295 
0.507905 
0.353679 
0.277101 
0.228782 
0.136493 
0.045032 
0.856889 
0.734786 
0.555009 
0.033739 
0.059483 
0.729922 
0.796772 
0.346062 
0.260725 
0.998932 
0.056241 
0.235453 
0.254038 
0.624385 
0.039001 
0.485771 
0.350022 
0.818830 
0.072150 
0.621997 
0.898375 
0.981852 
0.991042 
0.450458 
0.852023 
0.946034 
0.001495 
0.129830 
0.051629 
0.729932 
0.964295 
0.912417 
0.992646 
0.405006 
0.938957 
0.056836 
0.244049 
0.723650 
0.378568 
0.587208 
0.211991 
0.926274 
0.885383 
0.638023 
0.244673 
0.214491 
0.943609 
0.230134 
0.864027 
0.704129 
0.288778 
0.499738 
0.096669 
0.723101 
0.166587 
0.822901 
0.501133 
0.540394 
0.405191 
0.041510 
0.661425 
0.572689 
0.184897 
0.565124 
0.044730 
0.779884 
0.513929 
0.604474 
0.399910 
0.288737 
0.810955 
0.719011 
0.409906 
0.285776 
0.043871 
0.341063 
0.237810 
0.879189 
0.523425 
0.209039 
0.321853 
0.388824 
0.966944 
0.422427 
0.728307 
0.659314 
0.089480 
0.897938 
0.644146 
0.159315 
0.613370 
0.917036 
0.629392 
0.188843 
0.885363 
0.289953 
0.233083 
0.423391 
0.937641 
0.940017 
0.873174 
0.441867 
0.459360 
0.471385 
0.564815 
0.851707 
0.642855 
0.470098 
0.941089 
0.887637 
0.518792 
0.343803 
0.292292 
0.545037 
0.443226 
0.293896 
0.515121 
0.632670 
0.281262 
0.178186 
0.769456 
0.242186 
0.419026 
0.563614 
0.659408 
0.677161 
0.048254 
0.006622 
0.301028 
0.373454 
0.634452 
0.241371 
0.721901 
0.992140 
0.894902 
0.615029 
0.786878 
0.060650 
0.342075 
0.260844 
0.012188 
0.836863 
0.148534 
0.413974 
0.668537 
0.100092 
0.242846 
0.509789 
0.026267 
0.472702 
0.696410 
0.565925 
0.507486 
0.320755 
0.921457 
0.929756 
0.413595 
0.282916 
0.971830 
0.548808 
0.822001 
0.376823 
0.264025 
0.476550 
0.375921 
0.097704 
0.105335 
0.357910 
0.398206 
0.647083 
0.517644 
0.035719 
0.334364 
0.656890 
0.342013 
0.217002 
0.159694 
0.977015 
0.687189 
0.583685 
0.987060 
0.524404 
0.661234 
0.351661 
0.361271 
0.883116 
0.537786 
0.562888 
0.452245 
0.875180 
0.158171 
0.380655 
0.668009 
0.220497 
0.888401 
0.356965 
0.511490 
0.617082 
0.296541 
0.967528 
0.250210 
0.280399 
0.663738 
0.443690 
0.102672 
0.606316 
0.354101 
0.367689 
0.754848 
0.735533 
0.102103 
0.048010 
0.911130 
0.365719 
0.641981 
0.772318 
0.342637 
0.693451 
0.826743 
0.061753 
0.881633 
0.602590 
0.724512 
0.871070 
0.081016 
0.634181 
0.684014 
0.215563 
0.968183 
0.253882 
0.990546 
0.101006 
0.604271 
0.986525 
0.529355 
0.861338 
0.509124 
0.839748 
0.645210 
0.052000 
0.962312 
0.582665 
0.854246 
0.310851 
0.471942 
0.926765 
0.143111 
0.262897 
0.509806 
0.307085 
0.180078 
0.570976 
0.391309 
0.728732 
0.795319 
0.929332 
0.274662 
0.247932 
0.998715 
0.409873 
0.727655 
0.689585 
0.858721 
0.520953 
0.649187 
0.886971 
0.316323 
0.442299 
0.724235 
0.212455 
0.738775 
0.588566 
0.027587 
0.648562 
0.388358 
0.134259 
0.483289 
0.632617 
0.396734 
0.908908 
0.011547 
0.062926 
0.598621 
0.015334 
0.723928 
0.065725 
0.647763 
0.950216 
0.279732 
0.454499 
0.762000 
0.936011 
0.541370 
0.805989 
0.262663 
0.573721 
0.533445 
0.617808 
0.494728 
0.895666 
0.460989 
0.834665 
0.212736 
0.450460 
0.888548 
0.832892 
0.411534 
0.649996 
0.476326 
0.612454 
0.521519 
0.174051 
0.268972 
0.616752 
0.743153 
0.173045 
0.359319 
0.071689 
0.884018 
0.698011 
0.466166 
0.853709 
0.286225 
0.590745 
0.651716 
0.382739 
0.697601 
0.577255 
0.924905 
0.880734 
0.488924 
0.339535 
0.565668 
0.179606 
0.633903 
0.001152 
0.369254 
0.057280 
0.699346 
0.910644 
0.185621 
0.740427 
0.356375 
0.600701 
0.975209 
0.342070 
0.170019 
0.516156 
0.037098 
0.513753 
0.650184 
0.647180 
0.147321 
0.017807 
0.274999 
0.915210 
0.931092 
0.869412 
0.213084 
0.298144 
0.898480 
0.750713 
0.241154 
0.076144 
0.744289 
0.267664 
0.624075 
0.824674 
0.302883 
0.548504 
0.709786 
0.367457 
0.845146 
0.375777 
0.685374 
0.081357 
0.373845 
0.209393 
0.268728 
0.508682 
0.426619 
0.183819 
0.446422 
0.016005 
0.988156 
0.931915 
0.697417 
0.490989 
0.050453 
0.966769 
0.478601 
0.841599 
0.762213 
0.511559 
0.763723 
0.897882 
0.703283 
0.081038 
0.008352 
0.374127 
0.950412 
0.572340 
0.322735 
0.210285 
0.257062 
0.447520 
0.468392 
0.262017 
0.712161 
0.286456 
0.461980 
0.503243 
0.999310 
0.398855 
0.563569 
0.896830 
0.029698 
0.132475 
0.513718 
0.059716 
0.647215 
0.748182 
0.699953 
0.118006 
0.320438 
0.602977 
0.241983 
0.016449 
0.457916 
0.200742 
0.863106 
0.229651 
0.748693 
0.277772 
0.506877 
0.087644 
0.027318 
0.125696 
0.569052 
0.062957 
0.113400 
0.913349 
0.663996 
0.778153 
0.412804 
0.990697 
