0.000001 
0.013673 
0.796516 
0.042498 
0.261780 
0.744364 
0.521699 
0.186945 
0.976660 
0.730821 
0.908489 
0.978129 
0.420402 
0.696460 
0.397477 
0.397476 
0.386238 
0.497974 
0.448731 
0.827142 
0.773389 
0.347997 
0.791928 
0.942195 
0.472556 
0.253558 
0.544574 
0.662664 
0.396427 
0.750876 
0.979968 
0.330491 
0.559975 
0.505380 
0.920505 
0.935052 
0.425193 
0.219578 
0.449119 
0.342313 
0.246658 
0.576933 
0.515350 
0.487720 
0.112644 
0.202950 
0.982238 
0.465853 
0.583354 
0.424312 
0.410726 
0.066377 
0.597393 
0.391936 
0.262250 
0.635919 
0.888079 
0.945868 
0.205533 
0.386554 
0.805880 
0.428952 
0.401497 
0.962060 
0.350548 
0.663770 
0.977269 
0.954454 
0.510367 
0.744145 
0.839634 
0.735295 
0.096333 
0.061905 
0.439071 
0.468697 
0.386856 
0.891979 
0.496720 
0.365416 
0.547343 
0.196824 
0.013311 
0.720874 
0.731411 
0.827739 
0.812351 
0.184226 
0.294761 
0.052915 
0.335657 
0.391453 
0.144239 
0.223638 
0.689158 
0.675429 
0.929786 
0.905106 
0.119087 
0.497275 
0.694393 
0.670045 
0.451643 
0.760013 
0.538499 
0.548800 
0.680955 
0.802805 
0.744909 
0.683872 
0.844768 
0.015248 
0.267261 
0.857983 
0.118380 
0.611712 
0.043203 
0.113862 
0.676896 
0.598314 
0.856426 
0.960118 
0.705494 
0.240303 
0.770331 
0.952880 
0.054829 
0.506582 
0.124176 
0.025153 
0.741570 
0.572687 
0.146524 
0.635349 
0.311835 
0.018287 
0.356164 
0.047584 
0.740157 
0.815031 
0.220677 
0.919742 
0.099220 
0.587304 
0.820779 
0.834005 
0.115414 
0.759141 
0.877995 
0.464832 
0.434918 
0.661334 
0.033211 
0.175818 
0.975827 
0.729180 
0.333216 
0.366142 
0.740286 
0.994643 
0.968524 
0.979552 
0.326360 
0.131854 
0.078335 
0.571442 
0.223603 
0.090981 
0.110743 
0.259405 
0.816873 
0.186364 
0.227704 
0.027332 
0.360870 
0.148048 
0.247283 
0.091214 
0.036066 
0.168586 
0.421825 
0.618681 
0.168396 
0.226194 
0.635177 
0.425658 
0.038927 
0.247866 
0.886534 
0.969413 
0.922133 
0.295288 
0.904914 
0.887861 
0.279911 
0.458651 
0.541979 
0.038936 
0.394509 
0.510070 
0.746335 
0.649655 
0.755015 
0.543188 
0.362835 
0.168111 
0.435407 
0.882770 
0.717362 
0.699072 
0.307760 
0.523970 
0.360311 
0.747538 
0.869198 
0.603750 
0.227159 
0.858411 
0.317474 
0.777673 
0.354429 
0.896362 
0.152997 
0.424817 
0.893696 
0.348794 
0.183699 
0.435327 
0.539812 
0.622143 
0.359416 
0.697023 
0.862633 
0.277692 
0.173663 
0.756971 
0.416287 
0.534373 
0.202926 
0.584525 
0.110072 
0.987696 
0.200558 
0.778022 
0.217405 
0.931131 
0.523619 
0.456795 
0.347026 
0.463007 
0.764089 
0.039539 
0.535613 
0.045972 
0.654228 
0.603246 
0.763332 
0.317424 
0.941786 
0.592505 
0.225530 
0.484307 
0.752792 
0.176759 
0.795604 
0.716479 
0.861998 
0.599754 
0.066259 
0.613213 
0.274197 
0.422941 
0.361223 
0.074214 
0.318154 
0.219207 
0.209210 
0.184590 
0.412509 
0.037302 
0.926332 
0.861175 
0.769448 
0.116244 
0.712939 
0.362769 
0.061485 
0.386777 
0.557028 
0.964658 
0.010004 
0.135691 
0.556371 
0.925940 
0.273642 
0.097790 
0.560499 
0.310398 
0.851367 
0.924761 
0.462863 
0.336192 
0.386901 
0.652562 
0.602047 
0.601838 
0.084464 
0.582490 
0.904957 
0.610767 
0.162326 
0.211051 
0.137364 
0.683121 
0.216632 
0.927180 
0.122503 
0.900070 
0.468428 
0.863082 
0.814290 
0.775200 
0.792112 
0.027076 
0.064820 
0.425381 
0.373824 
0.860799 
0.444106 
0.092027 
0.691093 
0.198297 
0.785304 
0.601754 
0.674802 
0.390703 
0.541139 
0.924955 
0.725825 
0.939287 
0.602226 
0.606913 
0.385902 
0.846842 
0.878811 
0.181382 
0.483182 
0.838250 
0.464971 
0.765477 
0.378500 
0.452870 
0.388053 
0.002086 
0.052563 
0.420166 
0.738125 
0.661906 
0.649275 
0.367665 
0.345075 
0.680021 
0.118644 
0.044403 
0.284114 
0.100641 
0.479965 
0.773472 
0.741420 
0.042805 
0.424969 
0.459344 
0.198041 
0.476027 
0.580224 
0.828348 
0.041564 
0.572548 
0.807371 
0.489691 
0.237532 
0.208208 
0.351479 
0.307015 
0.998218 
0.049588 
0.431604 
0.972310 
0.614798 
0.902604 
0.067168 
0.887038 
0.448470 
0.435657 
0.078933 
0.623239 
0.781804 
0.786542 
0.407679 
0.860775 
0.047834 
0.939200 
0.126814 
0.366168 
0.181772 
0.041272 
0.664749 
0.433494 
0.726222 
0.619555 
0.865135 
0.330120 
0.333856 
0.117241 
0.462934 
0.536953 
0.572047 
0.399119 
0.998537 
0.415238 
0.897626 
0.402732 
0.724142 
0.661833 
0.419886 
0.017290 
0.594249 
0.541348 
0.442689 
0.278537 
0.374665 
0.994322 
0.562647 
0.409299 
0.084581 
0.560832 
0.895506 
0.768506 
0.284023 
0.580557 
0.421525 
0.574163 
0.960897 
0.793351 
0.858046 
0.171715 
0.019543 
0.452307 
0.917817 
0.753845 
0.877283 
0.497234 
0.004632 
0.850163 
0.687782 
0.547936 
0.163564 
0.018831 
0.497794 
0.418713 
0.314773 
0.394875 
0.656173 
0.292128 
0.798412 
0.914166 
0.384099 
0.544573 
0.634536 
0.649617 
0.105348 
0.591394 
0.565040 
0.620660 
0.427029 
0.080713 
0.543770 
0.138925 
0.913112 
0.666678 
0.852859 
0.994493 
0.435817 
0.772855 
0.376834 
0.445362 
0.207101 
0.751236 
0.021260 
0.322225 
0.642258 
0.421964 
0.942572 
0.815367 
0.870118 
0.077500 
0.534230 
0.809083 
0.252803 
0.865778 
0.130494 
0.218418 
0.950659 
0.727688 
0.259047 
0.811262 
0.875406 
0.950086 
0.096699 
0.224639 
0.502664 
0.278763 
0.177537 
0.863269 
0.966728 
0.801651 
0.349076 
0.924264 
0.109748 
0.528756 
0.804101 
0.532159 
0.998488 
0.586433 
0.177400 
0.554717 
0.133822 
0.144158 
0.861013 
0.039478 
0.499597 
0.731267 
0.399702 
0.792033 
0.700279 
0.595134 
0.410714 
0.875609 
0.363807 
0.512207 
0.665284 
0.434507 
0.757912 
0.233348 
0.878059 
0.536661 
0.666542 
0.565813 
0.627428 
0.181749 
0.655354 
0.536415 
0.535056 
0.688217 
0.867078 
0.987658 
0.560095 
0.514667 
0.011469 
0.756235 
0.049512 
0.150741 
0.497903 
0.247767 
0.222014 
0.381093 
0.026604 
0.126580 
0.436094 
0.429154 
0.783890 
0.831802 
0.103089 
0.619134 
0.789166 
0.516642 
0.205558 
0.818616 
0.481012 
0.376369 
0.640680 
0.910169 
0.211389 
0.808852 
0.382828 
0.191835 
0.166381 
0.359835 
0.739871 
0.008192 
0.684266 
0.464929 
0.067944 
0.941594 
0.372924 
0.736395 
0.589284 
0.096122 
0.521702 
0.241369 
0.690439 
0.210232 
0.361507 
0.841498 
0.062584 
0.844721 
0.222718 
0.224683 
0.240636 
0.371421 
0.470183 
0.360159 
0.187846 
0.120207 
0.327073 
0.115012 
0.005743 
0.525993 
0.365494 
0.860131 
0.213869 
0.494451 
0.235353 
0.575047 
0.822695 
0.029230 
0.272969 
0.794580 
0.504587 
0.590633 
0.774287 
0.440430 
0.314886 
0.290359 
0.056159 
0.856321 
0.191163 
0.876929 
0.547354 
0.374263 
0.238044 
0.804739 
0.247202 
0.726546 
0.055023 
0.779765 
0.515622 
0.061028 
0.692994 
0.150553 
0.352226 
0.869965 
0.508048 
0.757618 
0.292569 
0.203942 
0.652365 
0.296909 
0.141602 
0.912058 
0.962577 
0.038460 
0.394707 
0.844542 
0.210200 
0.830808 
0.395622 
0.221291 
0.237925 
0.809117 
0.821217 
0.192255 
0.233835 
0.060199 
0.769578 
0.295473 
0.015434 
0.397918 
0.814769 
0.825732 
0.085583 
0.396909 
0.853822 
0.182007 
0.989167 
0.928911 
0.204195 
0.905519 
0.060959 
0.542291 
0.281101 
0.457309 
0.999719 
0.273898 
0.407412 
0.369691 
0.403486 
0.381111 
0.335111 
0.214651 
0.642289 
0.958704 
0.935621 
0.983968 
0.554816 
0.787408 
0.974188 
0.175907 
0.473951 
0.692587 
0.303991 
0.174394 
0.044872 
0.162090 
0.248960 
0.263655 
0.244365 
0.045995 
0.046008 
0.253383 
0.610156 
0.884378 
0.736923 
0.470413 
0.231973 
0.773169 
0.651572 
0.968437 
0.526101 
0.180648 
0.156259 
0.245035 
0.302248 
0.875191 
0.341214 
0.786444 
0.765284 
0.129782 
0.248550 
0.374415 
0.790974 
0.905080 
0.680881 
0.564979 
0.596798 
0.390509 
0.281253 
0.016211 
0.463392 
0.234438 
0.195895 
0.412868 
0.080088 
0.041784 
0.264074 
0.288207 
0.896853 
0.414458 
0.793216 
0.582568 
0.217502 
0.550141 
0.219701 
0.507376 
0.465216 
0.890342 
0.975128 
0.971117 
0.564133 
0.376262 
0.834839 
0.144008 
0.350556 
0.794713 
0.736002 
0.987100 
0.185725 
0.472794 
0.245781 
0.838768 
0.181911 
0.370071 
0.785913 
0.841955 
0.742177 
0.773185 
0.922701 
0.832032 
0.961278 
0.197169 
0.811665 
0.648127 
0.068887 
0.785578 
0.206602 
0.352438 
0.427755 
0.271160 
0.381035 
0.056040 
0.862397 
0.308878 
0.308993 
0.253244 
0.265187 
0.006143 
0.247866 
0.883286 
0.381231 
0.345925 
0.955483 
0.806510 
0.019799 
0.756395 
0.729793 
0.633970 
0.141384 
0.241147 
0.952276 
0.895716 
0.302229 
0.568437 
0.717608 
0.835841 
0.973363 
0.317912 
0.143242 
0.460682 
0.688397 
0.882453 
0.392824 
0.201051 
0.072095 
0.703768 
0.227381 
0.587426 
0.864315 
0.534329 
0.465487 
0.436437 
0.198589 
0.679015 
0.207613 
0.348690 
0.438443 
0.903184 
0.819779 
0.018675 
0.863774 
0.455349 
0.054351 
0.482425 
0.113051 
0.045255 
0.603513 
0.241651 
0.423639 
0.107594 
0.325842 
0.433682 
0.901357 
0.105592 
0.677534 
0.312691 
0.403772 
0.202256 
0.322599 
0.915993 
0.086006 
0.502924 
0.640869 
0.079136 
0.045648 
0.204257 
0.949095 
0.441168 
0.711558 
0.148341 
0.173513 
0.236583 
0.250069 
0.907624 
0.431742 
0.288923 
0.931626 
0.833579 
0.964867 
0.522079 
0.586582 
0.689101 
0.713991 
0.038663 
0.813696 
0.784981 
0.173227 
0.434190 
0.427122 
0.636634 
0.913742 
0.255004 
0.852589 
0.457311 
0.033897 
0.699419 
0.135854 
0.294818 
0.998011 
0.575878 
0.778950 
0.816870 
0.129694 
0.762580 
0.689194 
0.275265 
0.380482 
0.763815 
0.441148 
0.376652 
0.383311 
0.310566 
0.680138 
0.074446 
0.206122 
0.298525 
0.309959 
0.479827 
0.455176 
0.143967 
0.656686 
0.917491 
0.279347 
0.983704 
0.107990 
0.989252 
0.364197 
0.050700 
0.121162 
0.367303 
0.258727 
0.425240 
0.016522 
0.679010 
0.121061 
0.672291 
0.199184 
0.691375 
0.946900 
0.549033 
0.597364 
0.890445 
0.715399 
0.713689 
0.963576 
0.819596 
0.957750 
0.908680 
0.191417 
0.153156 
0.084804 
0.299441 
0.707675 
0.897287 
0.700142 
0.293265 
0.911079 
0.505061 
0.562957 
0.610641 
0.046279 
0.813120 
0.103981 
0.612352 
0.807584 
0.056136 
0.481438 
0.531111 
0.381996 
0.206035 
0.823591 
0.093019 
0.367622 
0.627264 
0.428706 
0.265308 
0.030254 
0.471400 
0.820949 
0.688900 
0.338235 
0.712966 
0.814468 
0.764928 
0.147947 
0.549392 
0.625765 
0.239443 
0.315716 
0.233505 
0.518003 
0.074131 
0.920193 
0.676413 
0.475348 
0.180726 
0.463028 
0.109521 
0.722894 
0.687719 
0.486845 
0.401785 
0.804853 
0.171558 
0.369432 
0.047250 
0.132853 
0.856724 
0.964721 
0.070273 
0.086002 
0.431790 
0.093912 
0.382363 
0.374599 
0.882836 
0.829051 
0.852651 
0.510146 
0.023309 
0.749782 
0.586201 
0.274663 
0.263593 
0.205829 
0.376122 
0.486569 
0.756827 
0.996053 
0.657230 
0.057486 
0.159079 
0.636808 
0.829956 
0.076395 
0.974113 
0.917568 
0.565298 
0.957673 
0.618480 
0.792429 
0.348976 
0.234606 
0.022052 
0.628931 
0.451170 
0.814973 
0.242874 
0.983104 
0.037081 
0.215772 
0.480439 
0.730142 
0.502198 
0.438009 
0.622939 
0.738492 
0.835862 
0.338057 
0.715764 
0.840045 
0.639530 
0.576126 
0.942618 
0.577851 
0.939128 
0.926014 
0.523333 
0.657188 
0.351531 
0.187513 
0.525535 
0.670757 
0.406046 
0.417588 
0.399096 
0.610107 
0.063274 
0.449880 
0.138035 
0.953382 
0.498456 
0.548538 
0.282527 
0.434331 
0.798230 
0.851081 
0.124575 
0.733572 
0.145904 
0.208238 
0.859003 
0.269500 
0.492152 
0.593343 
0.321416 
0.037625 
0.364070 
0.921764 
0.080493 
0.851954 
0.791191 
0.548552 
0.519697 
0.555463 
0.661914 
0.784679 
0.102938 
0.072755 
0.785954 
0.524618 
0.257286 
0.203019 
0.139108 
0.987082 
0.895265 
0.710862 
0.465458 
0.956422 
0.591428 
0.137789 
0.819072 
0.135718 
0.014667 
0.515738 
0.010099 
0.732215 
0.344388 
0.122431 
0.690003 
0.884852 
0.701796 
0.082793 
0.501555 
0.636477 
0.270785 
0.075486 
0.690889 
0.766411 
0.070590 
0.401155 
0.216003 
0.358796 
0.281057 
0.719612 
0.510884 
0.427439 
0.963277 
0.795427 
0.748501 
0.049676 
0.904629 
0.094030 
0.359304 
0.819884 
0.787223 
0.852374 
0.856822 
0.600612 
0.493365 
0.977263 
0.858315 
0.700178 
0.888367 
0.781414 
0.222550 
0.401688 
0.165840 
0.264889 
0.991647 
0.619322 
0.952459 
0.986005 
0.787104 
0.863537 
0.474099 
0.176136 
0.321840 
0.166892 
0.949885 
0.722305 
0.786516 
0.978763 
0.063834 
0.853756 
0.077370 
0.351135 
0.526920 
0.948625 
0.539329 
0.504523 
0.524024 
0.278368 
0.524700 
0.640307 
0.640175 
0.422409 
0.427845 
0.792089 
0.645556 
0.860723 
0.177134 
0.097193 
0.523509 
0.621691 
0.761075 
0.393875 
0.857106 
0.376013 
0.642480 
0.165496 
0.492010 
0.219895 
0.777170 
0.900800 
0.749112 
0.331044 
0.860770 
0.960507 
0.240559 
0.082629 
0.747996 
0.564937 
0.894671 
0.740921 
0.660983 
0.136926 
0.316222 
0.748955 
0.682241 
0.422524 
0.361631 
0.938010 
0.142196 
0.887220 
0.502758 
0.846706 
0.589551 
0.589123 
0.392808 
0.922761 
0.851424 
0.889721 
0.545990 
0.449998 
0.113567 
0.721866 
0.393884 
0.014838 
0.388595 
0.112144 
0.800255 
0.882913 
0.123336 
0.914365 
0.740304 
0.288876 
0.131669 
0.961640 
0.278070 
0.516145 
0.848945 
0.213788 
0.142633 
0.239358 
0.890166 
0.020008 
0.275381 
0.328552 
0.966200 
0.917501 
0.439639 
0.009143 
0.660594 
0.602604 
0.969986 
0.553796 
0.641947 
0.195569 
0.928415 
0.870442 
0.522571 
0.845726 
0.122315 
0.743687 
0.146932 
0.481035 
0.757435 
0.215585 
0.333307 
0.886312 
0.245642 
0.505610 
0.794198 
0.089445 
0.301835 
0.936974 
0.724345 
0.067422 
0.167632 
0.384006 
0.988604 
0.475338 
0.999906 
0.413971 
0.604157 
0.070247 
0.633465 
0.653804 
0.482972 
0.314435 
0.707397 
0.224764 
0.615252 
0.536993 
0.233368 
0.210680 
0.892657 
0.892735 
0.196420 
0.235018 
0.947168 
0.051543 
0.286882 
0.632304 
0.136295 
0.705372 
0.183470 
0.587305 
0.829365 
0.130958 
0.014452 
0.898335 
0.323655 
0.663060 
0.042862 
0.375928 
0.221368 
0.533925 
0.677606 
0.528940 
0.902201 
0.291747 
0.387700 
0.075755 
0.219398 
0.424462 
0.933329 
0.457789 
0.060449 
0.961107 
0.330980 
0.779815 
0.355822 
0.300274 
0.702358 
0.535466 
0.578999 
0.233414 
0.982821 
0.279298 
0.158217 
0.159786 
0.517894 
0.241532 
0.426334 
0.400984 
0.336408 
0.002715 
0.636835 
0.283322 
0.797387 
0.679217 
0.602410 
0.705826 
0.825419 
0.819008 
0.067747 
0.631173 
0.124682 
0.530397 
0.380533 
0.611740 
0.508191 
0.168469 
0.455904 
0.378602 
0.156303 
0.982255 
0.767277 
0.629726 
0.807691 
0.861907 
0.063759 
0.591496 
0.268285 
0.057955 
0.057693 
0.650273 
0.144881 
0.007686 
0.185894 
0.316145 
0.450364 
0.274743 
0.609439 
0.838492 
0.534143 
0.339204 
0.009274 
0.874611 
0.590568 
0.670792 
0.006916 
0.231273 
0.997708 
0.473985 
0.267927 
0.041411 
0.988445 
0.792020 
0.480014 
0.595624 
0.654526 
0.626296 
0.162678 
0.124867 
0.641606 
0.465915 
0.639867 
0.236485 
0.595590 
0.082286 
0.977841 
0.568335 
0.003171 
0.299508 
0.827089 
0.878663 
0.684981 
0.480285 
0.141813 
0.456441 
0.401458 
0.309960 
0.490502 
0.872719 
0.789627 
0.255466 
0.612003 
0.939677 
0.152560 
0.079464 
0.549550 
0.285307 
0.147534 
0.605093 
0.804035 
0.415086 
0.346911 
0.527585 
0.126770 
0.621387 
0.651239 
0.371996 
0.142245 
0.704880 
0.913174 
0.712742 
0.062084 
0.446252 
0.153800 
0.909040 
0.242719 
0.381721 
0.586293 
0.829544 
0.139039 
0.826401 
0.315132 
0.419160 
0.816293 
0.444045 
0.068259 
0.233026 
0.466101 
0.761547 
0.319428 
0.623638 
0.484456 
0.247526 
0.162108 
0.548107 
0.032531 
0.746595 
0.029988 
0.008123 
0.530362 
0.796521 
0.130451 
0.483444 
0.236975 
0.831881 
0.425159 
0.639996 
0.418218 
0.990177 
0.911138 
0.499167 
0.492806 
0.598666 
0.786036 
0.907616 
0.299829 
0.219504 
0.203920 
0.285606 
0.173081 
0.964994 
0.649576 
0.424298 
0.173070 
0.789902 
0.886180 
0.022030 
0.252319 
0.721267 
0.331263 
0.539876 
0.690873 
0.502075 
0.381795 
0.831398 
0.307797 
0.145352 
0.934538 
0.787699 
0.855072 
0.191332 
0.710717 
0.012760 
0.460534 
0.195111 
0.231596 
0.427306 
0.735274 
0.749437 
0.780983 
0.988770 
0.260249 
0.011825 
0.745005 
0.291150 
0.365706 
0.413451 
0.868904 
0.667229 
0.109599 
0.023410 
0.453512 
0.178839 
0.752857 
0.269461 
0.838509 
0.820353 
0.676117 
0.495907 
0.709936 
0.888440 
0.008236 
0.428531 
0.313968 
0.867269 
0.193190 
0.938900 
0.098137 
0.391152 
0.094102 
0.572008 
0.731694 
0.587502 
0.148966 
0.673026 
0.545493 
0.103692 
0.744006 
0.515696 
0.299097 
0.918776 
0.867682 
0.133896 
0.384786 
0.099651 
0.839547 
0.259860 
0.460974 
0.590960 
0.257551 
0.656333 
0.982090 
0.993886 
0.241431 
0.727691 
0.307908 
0.001673 
0.119433 
0.302860 
0.162562 
0.186839 
0.202203 
0.431191 
0.024999 
0.151019 
0.170198 
0.518062 
0.065732 
0.757950 
0.870735 
0.447063 
0.789706 
0.591936 
0.662396 
0.882522 
0.542338 
0.076761 
0.115003 
0.859194 
0.480910 
0.655836 
0.636410 
0.147348 
0.483687 
0.324914 
0.833224 
0.997495 
0.904754 
0.196568 
0.723013 
0.678481 
0.227864 
0.705171 
0.804310 
0.042669 
0.141822 
0.598098 
0.235424 
0.766291 
0.057890 
0.959716 
0.950899 
0.763019 
0.063379 
0.204623 
0.093977 
0.467066 
0.985884 
0.758071 
0.902735 
0.260688 
0.377534 
0.218938 
0.684081 
0.350864 
0.971269 
0.117525 
0.237333 
0.849232 
0.042799 
0.325598 
0.324048 
0.277265 
0.995302 
0.034611 
0.703559 
0.716072 
0.027238 
0.780906 
0.693991 
0.911655 
0.178532 
0.584479 
0.344927 
0.195838 
0.446234 
0.847875 
0.228440 
0.386280 
0.206714 
0.247750 
0.933909 
0.212036 
0.683483 
0.297924 
0.208550 
0.103586 
0.977477 
0.463845 
0.843797 
0.704249 
0.310690 
0.761154 
0.709237 
0.150083 
0.451303 
0.052852 
0.289553 
0.524538 
0.914453 
0.212405 
0.889136 
0.714747 
0.758204 
0.131591 
0.644297 
0.706032 
0.272708 
0.400089 
0.299620 
0.713431 
0.642512 
0.702158 
0.169681 
0.832443 
0.875366 
0.283037 
0.999478 
0.227423 
0.293270 
0.994352 
0.067127 
0.203585 
0.648045 
0.689685 
0.538862 
0.658698 
0.732940 
0.521342 
0.188549 
0.943543 
0.121310 
0.853279 
0.053291 
0.655388 
0.103076 
0.397069 
0.535965 
0.971230 
0.466715 
0.081022 
0.733060 
0.532429 
0.533204 
0.553950 
0.235159 
0.320906 
0.462687 
0.381104 
0.217317 
0.439402 
0.026585 
0.815568 
0.255931 
0.429255 
0.486297 
0.194555 
0.883984 
0.113130 
0.384183 
0.956771 
0.444567 
0.829559 
0.393803 
0.644480 
0.779580 
0.398254 
0.455406 
0.003479 
0.464606 
0.637289 
0.922704 
0.884696 
0.079054 
0.665382 
0.068402 
0.638867 
0.445252 
0.348800 
0.287281 
0.337953 
0.976251 
0.856639 
0.533803 
0.621854 
0.498129 
0.052220 
0.661594 
0.417449 
0.066283 
0.010057 
0.029282 
0.146408 
0.674812 
0.569754 
0.862656 
0.663517 
0.723543 
0.588145 
0.950490 
0.893643 
0.452894 
0.790015 
0.782885 
0.941911 
0.690942 
0.663438 
0.405716 
0.860764 
0.859523 
0.008479 
0.507157 
0.785344 
0.269273 
0.664290 
0.724238 
0.269541 
0.175402 
0.973786 
0.421649 
0.652792 
0.476663 
0.277689 
0.122534 
0.420601 
0.046717 
0.173061 
0.634564 
0.124161 
0.767595 
0.964500 
0.357139 
0.429333 
0.798333 
0.583973 
0.827012 
0.597197 
0.082164 
0.931644 
0.145163 
0.747289 
0.681167 
0.365634 
0.218356 
0.917117 
0.978924 
0.775804 
0.933490 
0.166801 
0.418899 
0.431727 
0.028994 
0.298606 
0.669618 
0.276686 
0.256590 
0.514086 
0.243307 
0.259014 
0.246433 
0.793236 
0.913983 
0.316678 
0.413115 
0.218187 
0.068811 
0.510921 
0.041660 
0.180428 
0.456719 
0.069504 
0.155235 
0.040531 
0.202555 
0.341148 
0.681110 
0.420389 
0.478918 
0.173118 
0.591941 
0.747171 
0.699843 
0.259188 
0.174990 
0.049719 
0.625101 
0.068193 
0.118449 
0.775078 
0.740797 
0.578190 
0.643056 
0.849853 
0.482597 
0.001185 
0.909062 
0.613141 
0.065234 
0.386193 
0.740288 
0.012386 
0.164690 
0.936817 
0.086209 
0.915182 
0.458810 
0.221587 
0.209916 
0.055933 
0.059538 
0.658614 
0.333789 
0.984804 
0.602679 
0.224858 
0.191209 
0.643702 
0.699071 
0.294494 
0.567419 
0.609290 
0.335564 
0.828730 
0.467929 
0.486534 
0.182716 
0.910066 
0.473215 
0.318408 
0.485611 
0.666736 
0.825089 
0.276225 
0.506966 
0.585493 
0.386901 
0.650284 
0.324551 
0.720689 
0.617275 
0.547224 
0.187834 
0.920784 
0.612693 
0.535797 
0.141732 
0.084017 
0.066467 
0.116265 
0.062018 
0.342734 
0.325671 
0.558611 
0.574118 
0.201246 
0.341021 
0.538657 
0.213960 
0.033178 
0.616804 
0.626234 
0.107832 
0.330243 
0.400675 
0.142485 
0.738841 
0.698392 
0.875172 
0.016882 
0.728966 
0.725127 
0.209665 
0.841464 
0.486774 
0.215034 
0.072348 
0.958527 
0.956678 
0.887205 
0.256634 
0.246345 
0.313379 
0.959774 
0.928726 
0.094270 
0.392334 
0.952105 
0.032619 
0.227806 
0.740234 
0.115797 
0.195680 
0.791107 
0.127096 
0.100464 
0.494424 
0.790353 
0.467951 
0.859680 
0.641379 
0.660617 
0.994204 
0.594753 
0.021697 
0.659947 
0.737060 
0.770262 
0.794859 
0.197544 
0.120689 
0.416056 
0.653636 
0.664524 
0.663093 
0.607558 
0.221956 
0.412180 
0.516894 
0.432087 
0.091112 
0.312395 
0.417663 
0.661270 
0.972276 
0.044795 
0.873956 
0.575947 
0.939280 
0.477802 
0.419157 
0.772489 
0.227045 
0.945271 
0.168238 
0.567873 
0.246981 
0.010711 
0.017818 
0.462472 
0.771387 
0.700980 
0.374672 
0.119489 
0.246493 
0.805217 
0.276141 
0.107259 
0.709773 
0.153053 
0.367440 
0.567976 
0.965010 
0.922888 
0.986935 
0.422132 
0.769809 
0.183645 
0.514735 
0.144406 
0.034909 
0.720348 
0.885188 
0.350423 
0.560621 
0.353612 
0.158642 
0.295016 
0.335504 
0.813329 
0.623758 
0.496427 
0.455950 
0.155917 
0.489421 
0.702856 
0.898380 
0.071746 
0.834077 
0.333189 
0.907438 
0.310523 
0.966709 
0.484292 
0.491767 
