0.000001 
0.012577 
0.381226 
0.257753 
0.050762 
0.156951 
0.867412 
0.600698 
0.935600 
0.629324 
0.051484 
0.287839 
0.702110 
0.361311 
0.557382 
0.912848 
0.228211 
0.537060 
0.370985 
0.148951 
0.415476 
0.899961 
0.643749 
0.485465 
0.211447 
0.790193 
0.774546 
0.787579 
0.847772 
0.510966 
0.813285 
0.885575 
0.852250 
0.761961 
0.275474 
0.883589 
0.472401 
0.650179 
0.551651 
0.597079 
0.099244 
0.991489 
0.958310 
0.315264 
0.642827 
0.990350 
0.806214 
0.036992 
0.724356 
0.244917 
0.313129 
0.757108 
0.714946 
0.103515 
0.775292 
0.338822 
0.577071 
0.833435 
0.533652 
0.097419 
0.326874 
0.777519 
0.768292 
0.681186 
0.685936 
0.533874 
0.820533 
0.694223 
0.807762 
0.057150 
0.514764 
0.636301 
0.316432 
0.270453 
0.504629 
0.304062 
0.364441 
0.154786 
0.484962 
0.753419 
0.718707 
0.302402 
0.462159 
0.499396 
0.347669 
0.273141 
0.676273 
0.112794 
0.737082 
0.128812 
0.935547 
0.744170 
0.259183 
0.081504 
0.830840 
0.919527 
0.492367 
0.213798 
0.307598 
0.792856 
0.539147 
0.447489 
0.943211 
0.550281 
0.572620 
0.028003 
0.649281 
0.466003 
0.117383 
0.860895 
0.057551 
0.264741 
0.506290 
0.216244 
0.415133 
0.132811 
0.157657 
0.746409 
0.891684 
0.538918 
0.596610 
0.221471 
0.263153 
0.820359 
0.769274 
0.190199 
0.680086 
0.200960 
0.536663 
0.699725 
0.286035 
0.393994 
0.858308 
0.588441 
0.923366 
0.004229 
0.074617 
0.083839 
0.085536 
0.608903 
0.840085 
0.304536 
0.341984 
0.726845 
0.079560 
0.171291 
0.888077 
0.904373 
0.792180 
0.167135 
0.042881 
0.697060 
0.479891 
0.531505 
0.009819 
0.034226 
0.235534 
0.626439 
0.564763 
0.965880 
0.538304 
0.281706 
0.625908 
0.627871 
0.623288 
0.598916 
0.989313 
0.381343 
0.227799 
0.611256 
0.373048 
0.819970 
0.236932 
0.123023 
0.653073 
0.199149 
0.099819 
0.663183 
0.120755 
0.527142 
0.678806 
0.685301 
0.846372 
0.973951 
0.200761 
0.195211 
0.904153 
0.104935 
0.637470 
0.951830 
0.401756 
0.318562 
0.071091 
0.832738 
0.821303 
0.640556 
0.827682 
0.847493 
0.811091 
0.003825 
0.288701 
0.192327 
0.446085 
0.342818 
0.744749 
0.990357 
0.931138 
0.643166 
0.696508 
0.218322 
0.343772 
0.783640 
0.641110 
0.142126 
0.704522 
0.906827 
0.037232 
0.757565 
0.402507 
0.937448 
0.681493 
0.852005 
0.654760 
0.559634 
0.766554 
0.469669 
0.731657 
0.960258 
0.052935 
0.684479 
0.030670 
0.473449 
0.260018 
0.124929 
0.686363 
0.708330 
0.905537 
0.359895 
0.759647 
0.381987 
0.057748 
0.577119 
0.638979 
0.323573 
0.286417 
0.809003 
0.910965 
0.580463 
0.842399 
0.194650 
0.475038 
0.956233 
0.412553 
0.776690 
0.827329 
0.918384 
0.282012 
0.768231 
0.663108 
0.855841 
0.126747 
0.235422 
0.733679 
0.939927 
0.352339 
0.755799 
0.721941 
0.660449 
0.169707 
0.264702 
0.838943 
0.120587 
0.704914 
0.494712 
0.628090 
0.315550 
0.444304 
0.423375 
0.671381 
0.892927 
0.424508 
0.705729 
0.185176 
0.260907 
0.059927 
0.195175 
0.299832 
0.283085 
0.816911 
0.823243 
0.246752 
0.166030 
0.474006 
0.614760 
0.270030 
0.393903 
0.331266 
0.592907 
0.990925 
0.483739 
0.195089 
0.862199 
0.975244 
0.919672 
0.921860 
0.700145 
0.334135 
0.801409 
0.276054 
0.633945 
0.721155 
0.451150 
0.480106 
0.135533 
0.898184 
0.773886 
0.703985 
0.873733 
0.832148 
0.917557 
0.382693 
0.918001 
0.835102 
0.567551 
0.823792 
0.478871 
0.377067 
0.357357 
0.107429 
0.560324 
0.372402 
0.960311 
0.953625 
0.579289 
0.113570 
0.765231 
0.244768 
0.823929 
0.768976 
0.175406 
0.053106 
0.557132 
0.712733 
0.895750 
0.873640 
0.273887 
0.217787 
0.340622 
0.842134 
0.747065 
0.917716 
0.052526 
0.798283 
0.745479 
0.263004 
0.309793 
0.682980 
0.848130 
0.514817 
0.528241 
0.151995 
0.586602 
0.025564 
0.655041 
0.267070 
0.641517 
0.981284 
0.447607 
0.929285 
0.500165 
0.268418 
0.296031 
0.392817 
0.081840 
0.488506 
0.323500 
0.068571 
0.476865 
0.677988 
0.950735 
0.998119 
0.393583 
0.956398 
0.175371 
0.457433 
0.084538 
0.836055 
0.575559 
0.426434 
0.071256 
0.605002 
0.268157 
0.913389 
0.336062 
0.191096 
0.753031 
0.194825 
0.427574 
0.244499 
0.298378 
0.832209 
0.931479 
0.366222 
0.098702 
0.876993 
0.628692 
0.424300 
0.202990 
0.658866 
0.565326 
0.441484 
0.021467 
0.802236 
0.182831 
0.839688 
0.641032 
0.833017 
0.510237 
0.560189 
0.088315 
0.314531 
0.318369 
0.831538 
0.659167 
0.621498 
0.508749 
0.550634 
0.509414 
0.727190 
0.889301 
0.486026 
0.631296 
0.198153 
0.362761 
0.920963 
0.625791 
0.663468 
0.901539 
0.174256 
0.723500 
0.870287 
0.909949 
0.506675 
0.686844 
0.780698 
0.189437 
0.868578 
0.182517 
0.559206 
0.569221 
0.899710 
0.431628 
0.374038 
0.449463 
0.123792 
0.578439 
0.829334 
0.623504 
0.235807 
0.204850 
0.907751 
0.568153 
0.948179 
0.050057 
0.311991 
0.634267 
0.124926 
0.637738 
0.464052 
0.329670 
0.766626 
0.676801 
0.988562 
0.769548 
0.790633 
0.170410 
0.076610 
0.588009 
0.675083 
0.123269 
0.783940 
0.685260 
0.167348 
0.623914 
0.127402 
0.251115 
0.485868 
0.986970 
0.999522 
0.970129 
0.966290 
0.428217 
0.047346 
0.748881 
0.436909 
0.129675 
0.442764 
0.529019 
0.219379 
0.101491 
0.763426 
0.892958 
0.945455 
0.255521 
0.542238 
0.389638 
0.645551 
0.775494 
0.730621 
0.555234 
0.823573 
0.786476 
0.295536 
0.078004 
0.020339 
0.838153 
0.836843 
0.827872 
0.047719 
0.007276 
0.286887 
0.703595 
0.314007 
0.514252 
0.027522 
0.564070 
0.328593 
0.660367 
0.793158 
0.609296 
0.441244 
0.983483 
0.406595 
0.639266 
0.138723 
0.515959 
0.716667 
0.028680 
0.024979 
0.824909 
0.253642 
0.955497 
0.032035 
0.412702 
0.279359 
0.191995 
0.854684 
0.669297 
0.878808 
0.117957 
0.500947 
0.412719 
0.564302 
0.219785 
0.933254 
0.203300 
0.868387 
0.984013 
0.301334 
0.519331 
0.387845 
0.518741 
0.476891 
0.114575 
0.654708 
0.685413 
0.732543 
0.843969 
0.594621 
0.794304 
0.873904 
0.706758 
0.484067 
0.706324 
0.194156 
0.175870 
0.838771 
0.217239 
0.131647 
0.588338 
0.188651 
0.653487 
0.154952 
0.282098 
0.227364 
0.305254 
0.400901 
0.940042 
0.293630 
0.046459 
0.844085 
0.532422 
0.419111 
0.996074 
0.020772 
0.119283 
0.781900 
0.394086 
0.400901 
0.949559 
0.243581 
0.862531 
0.562645 
0.377383 
0.673481 
0.202328 
0.520268 
0.143712 
0.368462 
0.732612 
0.011210 
0.403420 
0.283267 
0.871879 
0.678080 
0.495034 
0.034476 
0.435759 
0.800429 
0.806657 
0.484080 
0.928210 
0.421987 
0.342359 
0.028661 
0.701187 
0.843538 
0.350252 
0.682239 
0.385889 
0.633245 
0.949497 
0.200928 
0.003781 
0.554806 
0.630858 
0.823812 
0.802647 
0.095362 
0.749537 
0.463387 
0.140936 
0.713940 
0.196084 
0.586962 
0.071599 
0.358675 
0.246177 
0.500081 
0.860297 
0.017188 
0.883248 
0.750105 
0.007151 
0.186696 
0.801222 
0.137007 
0.668650 
0.004897 
0.304337 
0.999921 
0.671325 
0.961245 
0.640056 
0.425753 
0.638872 
0.517896 
0.282550 
0.815882 
0.528478 
0.121749 
0.235807 
0.201930 
0.844156 
0.727368 
0.871680 
0.327878 
0.640215 
0.086625 
0.908387 
0.260179 
0.823602 
0.283395 
0.024319 
0.726727 
0.093165 
0.828358 
0.212461 
0.831689 
0.205187 
0.573972 
0.742929 
0.401001 
0.617719 
0.996972 
0.114536 
0.003664 
0.582968 
0.948211 
0.574095 
0.819210 
0.455431 
0.420460 
0.666421 
0.533251 
0.343083 
0.190338 
0.005543 
0.155489 
0.301652 
0.872074 
0.948055 
0.955987 
0.272169 
0.340629 
0.943728 
0.239093 
0.430403 
0.789888 
0.649792 
0.054677 
0.949167 
0.652682 
0.629624 
0.096612 
0.755285 
0.072167 
0.913153 
0.367169 
0.011049 
0.693250 
0.457224 
0.571673 
0.099847 
0.126692 
0.314720 
0.496744 
0.774219 
0.292169 
0.485223 
0.144302 
0.284753 
0.845550 
0.156223 
0.631972 
0.552689 
0.043488 
0.900430 
0.530436 
0.035341 
0.983860 
0.738683 
0.049056 
0.492357 
0.036844 
0.238208 
0.556522 
0.459664 
0.580251 
0.276008 
0.871508 
0.441372 
0.136267 
0.242904 
0.484031 
0.113211 
0.734419 
0.382132 
0.497173 
0.984919 
0.528670 
0.359142 
0.104948 
0.854667 
0.388526 
0.960658 
0.777023 
0.427464 
0.388077 
0.403492 
0.494179 
0.661537 
0.444741 
0.760745 
0.846983 
0.238986 
0.637539 
0.113380 
0.582584 
0.482456 
0.630421 
0.482278 
0.648942 
0.767272 
0.534636 
0.623565 
0.257242 
0.464656 
0.469561 
0.914171 
0.465868 
0.851383 
0.198942 
0.626195 
0.457445 
0.276973 
0.087190 
0.399222 
0.715877 
0.752090 
0.373475 
0.001180 
0.839048 
0.876089 
0.420022 
0.302112 
0.604582 
0.203505 
0.303553 
0.813060 
0.100562 
0.152535 
0.649225 
0.522722 
0.393930 
0.773832 
0.791751 
0.960685 
0.231399 
0.116830 
0.566267 
0.254201 
0.361681 
0.775017 
0.714024 
0.609613 
0.758416 
0.704446 
0.617652 
0.869693 
0.937683 
0.635476 
0.452567 
0.286403 
0.568733 
0.700869 
0.497072 
0.283349 
0.240461 
0.428017 
0.686515 
0.265745 
0.377031 
0.755424 
0.404605 
0.199389 
0.132106 
0.299315 
0.583646 
0.330812 
0.949331 
0.399362 
0.079449 
0.295647 
0.936384 
0.799671 
0.077513 
0.769319 
0.941163 
0.125471 
0.798441 
0.392772 
0.314457 
0.076841 
0.466054 
0.964486 
0.116470 
0.510810 
0.179070 
0.633766 
0.701695 
0.383258 
0.413171 
0.162736 
0.101387 
0.006046 
0.608782 
0.792777 
0.202998 
0.790146 
0.980185 
0.965158 
0.418780 
0.439876 
0.004222 
0.966081 
0.917793 
0.350928 
0.048874 
0.424036 
0.778540 
0.927246 
0.230951 
0.597004 
0.850210 
0.481266 
0.638125 
0.964760 
0.721106 
0.636926 
0.814778 
0.980233 
0.773059 
0.801575 
0.066076 
0.540041 
0.462464 
0.636680 
0.672571 
0.895867 
0.833418 
0.256803 
0.079702 
0.544207 
0.487753 
0.660036 
0.218928 
0.529682 
0.373380 
0.389473 
0.867722 
0.805273 
0.222404 
0.946610 
0.682464 
0.164554 
0.655814 
0.266317 
0.988423 
0.419211 
0.677476 
0.336101 
0.855492 
0.258942 
0.041837 
0.154574 
0.920818 
0.181623 
0.543768 
0.115023 
0.196707 
0.048024 
0.135356 
0.923349 
0.734462 
0.098597 
0.123988 
0.874139 
0.654997 
0.535891 
0.723660 
0.554058 
0.059032 
0.150130 
0.238182 
0.125148 
0.359858 
0.126102 
0.398037 
0.806917 
0.848940 
0.131111 
0.577439 
0.024734 
0.710172 
0.866912 
0.190537 
0.349226 
0.439331 
0.830270 
0.343886 
0.693196 
0.546039 
0.284688 
0.750210 
0.785083 
0.889104 
0.173476 
0.604776 
0.467508 
0.401174 
0.523892 
0.055381 
0.794432 
0.015801 
0.574004 
0.281829 
0.698479 
0.333389 
0.269106 
0.868202 
0.876357 
0.934107 
0.536020 
0.886712 
0.967945 
0.257980 
0.873591 
0.447258 
0.065065 
0.550887 
0.756550 
0.338682 
0.229497 
0.153116 
0.428023 
0.779798 
0.064642 
0.436866 
0.406346 
0.457308 
0.973931 
0.856886 
0.687875 
0.117507 
0.935438 
0.910592 
0.323101 
0.355409 
0.360632 
0.145612 
0.296276 
0.507022 
0.524000 
0.872304 
0.818100 
0.813770 
0.036730 
0.327063 
0.949422 
0.929222 
0.428586 
0.246003 
0.570921 
0.475405 
0.124461 
0.815673 
0.021693 
0.590402 
0.892275 
0.461369 
0.229787 
0.027872 
0.449359 
0.377596 
0.261762 
0.436662 
0.982020 
0.808097 
0.688074 
0.454115 
0.309120 
0.371998 
0.175194 
0.478968 
0.011580 
0.629798 
0.012154 
0.264426 
0.211634 
0.929498 
0.080588 
0.438813 
0.130039 
0.572470 
0.503146 
0.374986 
0.388615 
0.456974 
0.355200 
0.853409 
0.248149 
0.638846 
0.082054 
0.074666 
0.911094 
0.761281 
0.847065 
0.617679 
0.334298 
0.546938 
0.389823 
0.758998 
0.480684 
0.861870 
0.457465 
0.622124 
0.035185 
0.349536 
0.645345 
0.320027 
0.692552 
0.715800 
0.451926 
0.526882 
0.311425 
0.127232 
0.386006 
0.606234 
0.968199 
0.524627 
0.408789 
0.511522 
0.146935 
0.536336 
0.203446 
0.322791 
0.155139 
0.419612 
0.411253 
0.922869 
0.652288 
0.997849 
0.841837 
0.762654 
0.920430 
0.668558 
0.454165 
0.143919 
0.850171 
0.816886 
0.395289 
0.628959 
0.911408 
0.026142 
0.369451 
0.362762 
0.947244 
0.329683 
0.986140 
0.048682 
0.206639 
0.988448 
0.846108 
0.537668 
0.584006 
0.385588 
0.580674 
0.389614 
0.250210 
0.275664 
0.083376 
0.302470 
0.619342 
0.282137 
0.883793 
0.905697 
0.041695 
0.761207 
0.612901 
0.029254 
0.664225 
0.631685 
0.725854 
0.428028 
0.874020 
0.648073 
0.169340 
0.095284 
0.442079 
0.023575 
0.227021 
0.540202 
0.166937 
0.703212 
0.892103 
0.576804 
0.347211 
0.574271 
0.770236 
0.356903 
0.474457 
0.202464 
0.813324 
0.531798 
0.927417 
0.093414 
0.016866 
0.474382 
0.932417 
0.124139 
0.411323 
0.101308 
0.691662 
0.758027 
0.168152 
0.123893 
0.261993 
0.317555 
0.151178 
0.841635 
0.363591 
0.875199 
0.476681 
0.574019 
0.537806 
0.904916 
0.916662 
0.338971 
0.086236 
0.374464 
0.622370 
0.164315 
0.634258 
0.968493 
0.460429 
0.424872 
0.830833 
0.815084 
0.120584 
0.660774 
0.621587 
0.014073 
0.528806 
0.637085 
0.493565 
0.339745 
0.095924 
0.192779 
0.037796 
0.233459 
0.752568 
0.415375 
0.208471 
0.776211 
0.773995 
0.534385 
0.405473 
0.782482 
0.175811 
0.853110 
0.216662 
0.441764 
0.732073 
0.950004 
0.714602 
0.308942 
0.380791 
0.958716 
0.147246 
0.765760 
0.122728 
0.686976 
0.000288 
0.832306 
0.560373 
0.194531 
0.478805 
0.270301 
0.941047 
0.180791 
0.551918 
0.093523 
0.846977 
0.139223 
0.925353 
0.412338 
0.169352 
0.298480 
0.557673 
0.804555 
0.160396 
0.775986 
0.004291 
0.122583 
0.256747 
0.149389 
0.778868 
0.438709 
0.377504 
0.710184 
0.070163 
0.226895 
0.419443 
0.583257 
0.795425 
0.713955 
0.441879 
0.662736 
0.612348 
0.724718 
0.334035 
0.132287 
0.343514 
0.442486 
0.866170 
0.715194 
0.273397 
0.977277 
0.098882 
0.908710 
0.684760 
0.769169 
0.421894 
0.769157 
0.223253 
0.208556 
0.204570 
0.209558 
0.039317 
0.806450 
0.999913 
0.541071 
0.777837 
0.100679 
0.111608 
0.793740 
0.380158 
0.319002 
0.470399 
0.998395 
0.027882 
0.610731 
0.555250 
0.087901 
0.343732 
0.109688 
0.527560 
0.701015 
0.965712 
0.721711 
0.804820 
0.604529 
0.325143 
0.686052 
0.472145 
0.337607 
0.152713 
0.640784 
0.658400 
0.727891 
0.658908 
0.273347 
0.139026 
0.612545 
0.045071 
0.503731 
0.201439 
0.579283 
0.008493 
0.738888 
0.487713 
0.987257 
0.836046 
0.429371 
0.432089 
0.119443 
0.479188 
0.708929 
0.974748 
0.589676 
0.677050 
0.175467 
0.066222 
0.992269 
0.066085 
0.696678 
0.059756 
0.321598 
0.096311 
0.699356 
0.082573 
0.807751 
0.878145 
0.982473 
0.431372 
0.070615 
0.818199 
0.470120 
0.299600 
0.370636 
0.287392 
0.189046 
0.293903 
0.627445 
0.463005 
0.728847 
0.724879 
0.044847 
0.744428 
0.603358 
0.630030 
0.921425 
0.389604 
0.070070 
0.670394 
0.315675 
0.552384 
0.915839 
0.498546 
0.057861 
0.476508 
0.676321 
0.934822 
0.545584 
0.622618 
0.334854 
0.885417 
0.199400 
0.318678 
0.028646 
0.458921 
0.091306 
0.587503 
0.167405 
0.576055 
0.751632 
0.683402 
0.943618 
0.383539 
0.136213 
0.324049 
0.290014 
0.270359 
0.915681 
0.844624 
0.593902 
0.711752 
0.416586 
0.564615 
0.485500 
0.793259 
0.309364 
0.474198 
0.838387 
0.764202 
0.936878 
0.110055 
0.688627 
0.747060 
0.831845 
0.819914 
0.296688 
0.436231 
0.740875 
0.889600 
0.509451 
0.344456 
0.274652 
0.077787 
0.367201 
0.550168 
0.673787 
0.329844 
0.686010 
0.770996 
0.130242 
0.983108 
0.092765 
0.107135 
0.612306 
0.025831 
0.141092 
0.332620 
0.345384 
0.860953 
0.029790 
0.678011 
0.333045 
0.487532 
0.957967 
0.556692 
0.322151 
0.394726 
0.166996 
0.698609 
0.525688 
0.239708 
0.764240 
0.575361 
0.094349 
0.726417 
0.883472 
0.515840 
0.729294 
0.243523 
0.898698 
0.420960 
0.070744 
0.992435 
0.851506 
0.258553 
0.505136 
0.820850 
0.021640 
0.711689 
0.355573 
0.118214 
0.827575 
0.053525 
0.587755 
0.396266 
0.046811 
0.753401 
0.402435 
0.728845 
0.695483 
0.988915 
0.690838 
0.913462 
0.556287 
0.510721 
0.690025 
0.254194 
0.233094 
0.609158 
0.118581 
0.987945 
0.392706 
0.205014 
0.674607 
0.122395 
0.097735 
0.631196 
0.513433 
0.275410 
0.808097 
0.681093 
0.122408 
0.309172 
0.256081 
0.946818 
0.167374 
0.047783 
0.082470 
0.079760 
0.518363 
0.127781 
0.610095 
0.859499 
0.600490 
0.442261 
0.079898 
0.837895 
0.508204 
0.381855 
0.833698 
0.957711 
0.252150 
0.880983 
0.689493 
0.301187 
0.054196 
0.878412 
0.465566 
0.775638 
0.155669 
0.328117 
0.666287 
0.281753 
0.420652 
0.895643 
0.076941 
0.143863 
0.903970 
0.029837 
0.467441 
0.286659 
0.885172 
0.079474 
0.722395 
0.297358 
0.691075 
0.893257 
0.968473 
0.128716 
0.327260 
0.254857 
0.387893 
0.313994 
0.294620 
0.682573 
0.011913 
0.229941 
0.613384 
0.141512 
0.396231 
0.460694 
0.888446 
0.119856 
0.420465 
0.757074 
0.135451 
0.519530 
0.734816 
0.048454 
0.359744 
0.219442 
0.162090 
0.238324 
0.503801 
0.376732 
0.740466 
0.015332 
0.687849 
0.676522 
0.307228 
0.573108 
0.222767 
0.052650 
0.886319 
0.369667 
0.984939 
0.871739 
0.318086 
0.064246 
0.783200 
0.240378 
0.036591 
0.977775 
0.462328 
0.346026 
0.666586 
0.307745 
0.278206 
0.810688 
0.229210 
0.337755 
0.646961 
0.470790 
0.563373 
0.607634 
0.511937 
0.128111 
0.164124 
0.440082 
0.451018 
0.260281 
0.546531 
0.538228 
0.002368 
0.801369 
0.603878 
0.379473 
0.802453 
0.825920 
0.233153 
0.606856 
0.424276 
0.798813 
0.652873 
0.839672 
0.372721 
0.323026 
0.092977 
0.657716 
0.229115 
0.736746 
0.487792 
0.312450 
0.340486 
0.544946 
0.907027 
0.399151 
0.524454 
0.491525 
0.064067 
0.774297 
0.616962 
0.281235 
0.724006 
0.368534 
0.954128 
0.034570 
0.015292 
0.019907 
0.583993 
0.171005 
0.077599 
0.202891 
0.980893 
0.863549 
0.660405 
0.433183 
0.506535 
0.333282 
0.473972 
0.045736 
0.683605 
0.353348 
0.714775 
0.218144 
0.344324 
0.057872 
0.656984 
0.937716 
0.193551 
0.017626 
0.235112 
0.533690 
0.734267 
0.819771 
0.893797 
0.046827 
0.016828 
0.832846 
0.648385 
0.400274 
0.401359 
0.638091 
0.388199 
0.463792 
0.948445 
0.518210 
0.550620 
0.268761 
0.071743 
0.781249 
0.453119 
0.571513 
0.422133 
0.787857 
0.509784 
0.940608 
0.791610 
0.596159 
0.640231 
0.370073 
0.812460 
0.018133 
0.755430 
0.514433 
0.069170 
0.541592 
0.536616 
0.906288 
0.985073 
0.126430 
0.907934 
0.645912 
0.841056 
0.621037 
0.769621 
0.014215 
0.919746 
0.168288 
0.408285 
0.037747 
0.421419 
0.786284 
0.073960 
0.046733 
0.445959 
0.225699 
0.326140 
0.439045 
0.025302 
0.245007 
0.828056 
0.132146 
0.970348 
0.633601 
0.931137 
0.611642 
0.862298 
0.640085 
0.901041 
0.797208 
0.673508 
0.646411 
0.237443 
0.700904 
0.094247 
0.011197 
0.193360 
0.809033 
0.425032 
0.508539 
0.022382 
0.169915 
0.758260 
0.071428 
0.491124 
0.326753 
0.732450 
0.286561 
0.232469 
0.113214 
0.790902 
0.690349 
0.700783 
0.062921 
0.509823 
0.587590 
0.625943 
0.221329 
0.870687 
0.639288 
0.511516 
0.055421 
0.464979 
0.910414 
0.326799 
0.507832 
0.129846 
0.318555 
0.957734 
0.639414 
0.633816 
0.552045 
0.227015 
0.442638 
0.416870 
0.327266 
0.359559 
0.100423 
0.801994 
0.116085 
0.042676 
0.247908 
0.592816 
0.465566 
0.768830 
0.717793 
0.951487 
0.640672 
0.774256 
0.926160 
0.966827 
0.464637 
0.155990 
0.721151 
0.383029 
0.575198 
0.346808 
0.807435 
0.567852 
0.883227 
0.397394 
0.993653 
0.321641 
0.815727 
0.915918 
0.835000 
0.845178 
0.908142 
0.148799 
0.866584 
0.673118 
0.102416 
0.310500 
0.577567 
0.162390 
0.283937 
0.126590 
0.594320 
0.728616 
0.856688 
0.361520 
0.058328 
0.317004 
0.890172 
0.124623 
0.540995 
0.504893 
0.742513 
0.417164 
0.267082 
0.854528 
0.045264 
0.757661 
0.009926 
0.826065 
0.680592 
0.709350 
0.053816 
0.492118 
0.025055 
0.099543 
0.023970 
0.860691 
0.627121 
0.016056 
0.848281 
0.066370 
0.477932 
0.599137 
0.702612 
0.800305 
0.728967 
0.752848 
0.116511 
0.195515 
0.025542 
0.276589 
0.625786 
0.590557 
0.495505 
0.955075 
0.938871 
0.610703 
0.086169 
0.239030 
0.383141 
0.455381 
0.590418 
0.163224 
0.299595 
0.286041 
0.495439 
0.851118 
0.744627 
0.946376 
0.733160 
0.223590 
0.876155 
0.529996 
0.648916 
0.329402 
0.258465 
0.016999 
0.699661 
0.203257 
0.141004 
0.861983 
0.342689 
0.576070 
0.000800 
0.451963 
0.150260 
0.427789 
0.846750 
0.327664 
0.049461 
0.286349 
0.675353 
0.662352 
0.149543 
0.370790 
0.860310 
0.236898 
0.543575 
0.858315 
0.692304 
0.561352 
0.642460 
0.820518 
0.437847 
0.892898 
0.938005 
0.053742 
0.247138 
0.651406 
0.182915 
0.254234 
0.912399 
0.694555 
0.393731 
0.443446 
0.990611 
0.205510 
0.006161 
0.543225 
0.987872 
0.170485 
0.343253 
0.058256 
0.107243 
0.436570 
0.431945 
0.696853 
0.009170 
0.126286 
0.495612 
0.753473 
0.612595 
0.890874 
0.924033 
0.224214 
0.357690 
0.696607 
0.877113 
0.646432 
0.576074 
0.077921 
0.625328 
0.885105 
0.966189 
0.735107 
0.951486 
0.627109 
0.819269 
0.462136 
0.126149 
0.179015 
0.699720 
0.192831 
0.910475 
0.354526 
0.524020 
0.198335 
0.419279 
0.820282 
0.483926 
0.344639 
0.351206 
0.713844 
0.574961 
0.375677 
0.007580 
0.404949 
0.971689 
0.170062 
0.226673 
0.695195 
0.142929 
0.202411 
0.920828 
0.357051 
0.963290 
0.008320 
0.839414 
0.025650 
0.105517 
0.428422 
0.487090 
0.527534 
0.265251 
0.073206 
0.372977 
0.624124 
0.657517 
0.896608 
0.288866 
0.963574 
0.793026 
0.386960 
0.628612 
0.074220 
0.408385 
0.718366 
0.582969 
0.961961 
0.685989 
0.417761 
0.303712 
0.492496 
0.377711 
0.190641 
0.108390 
0.714123 
0.260961 
0.968639 
0.916218 
0.878187 
0.691253 
0.888080 
0.955408 
0.550096 
0.469441 
0.900391 
0.872215 
0.312745 
0.309448 
0.886638 
0.726088 
0.367909 
0.443487 
0.678925 
0.690902 
0.983037 
0.905028 
0.800868 
0.193004 
0.823160 
0.852375 
0.867544 
0.807382 
0.672656 
0.327944 
0.749430 
0.674263 
0.339491 
0.826076 
0.858626 
0.930955 
0.563686 
0.865319 
0.414172 
0.983114 
0.194899 
0.675270 
0.261761 
0.410053 
0.753540 
0.750002 
0.277625 
0.045508 
0.847886 
0.420303 
