0.000001 
0.010949 
0.021366 
0.091846 
0.651535 
0.341365 
0.323902 
0.815418 
0.731739 
0.335672 
0.635361 
0.519406 
0.663505 
0.520519 
0.366383 
0.792827 
0.050570 
0.937988 
0.769763 
0.398495 
0.512290 
0.062878 
0.795025 
0.978323 
0.680656 
0.787480 
0.173360 
0.658882 
0.832628 
0.983100 
0.965642 
0.538842 
0.315058 
0.171738 
0.402855 
0.778557 
0.199682 
0.061356 
0.218270 
0.461302 
0.108800 
0.607401 
0.587850 
0.001901 
0.944813 
0.474486 
0.687550 
0.656971 
0.705273 
0.521244 
0.539557 
0.326194 
0.346739 
0.646433 
0.594670 
0.611706 
0.943573 
0.637819 
0.821145 
0.982134 
0.729494 
0.609676 
0.827530 
0.292457 
0.327085 
0.312315 
0.073382 
0.336166 
0.935320 
0.922186 
0.174956 
0.489226 
0.414865 
0.637439 
0.430601 
0.116604 
0.759709 
0.430955 
0.067493 
0.358453 
0.516161 
0.116403 
0.386160 
0.198914 
0.148966 
0.677737 
0.731242 
0.978096 
0.851386 
0.241573 
0.112527 
0.239635 
0.544242 
0.070332 
0.069909 
0.967902 
0.528203 
0.500998 
0.273385 
0.774864 
0.137067 
0.688262 
0.616399 
0.810108 
0.480458 
0.054248 
0.745080 
0.565612 
0.242202 
0.695328 
0.373687 
0.549703 
0.861419 
0.862804 
0.141736 
0.164159 
0.013418 
0.514764 
0.639369 
0.879245 
0.467739 
0.295481 
0.148819 
0.196442 
0.596275 
0.599931 
0.037610 
0.118322 
0.635216 
0.073376 
0.237812 
0.899936 
0.230102 
0.318748 
0.203353 
0.754770 
0.427747 
0.137704 
0.398672 
0.474086 
0.960348 
0.561945 
0.616948 
0.048448 
0.264035 
0.643831 
0.864604 
0.405860 
0.293254 
0.724843 
0.431855 
0.178710 
0.572102 
0.317098 
0.460322 
0.630294 
0.347550 
0.270310 
0.103984 
0.666002 
0.499121 
0.730620 
0.528092 
0.650523 
0.347218 
0.696879 
0.441225 
0.669881 
0.687424 
0.534005 
0.027937 
0.532756 
0.022071 
0.950908 
0.915774 
0.417928 
0.109301 
0.027252 
0.018006 
0.631283 
0.974890 
0.984278 
0.767937 
0.713477 
0.412486 
0.652831 
0.132489 
0.749722 
0.581717 
0.925706 
0.342910 
0.295998 
0.832269 
0.950840 
0.768515 
0.425101 
0.680726 
0.963063 
0.201441 
0.623118 
0.751644 
0.884297 
0.387102 
0.016554 
0.226449 
0.926266 
0.753368 
0.858612 
0.694098 
0.704065 
0.225848 
0.826579 
0.315441 
0.614084 
0.917005 
0.099969 
0.183626 
0.207737 
0.443128 
0.660541 
0.710273 
0.557533 
0.457380 
0.188505 
0.206228 
0.077827 
0.031480 
0.083012 
0.186718 
0.177091 
0.370820 
0.369854 
0.136133 
0.983681 
0.733804 
0.036063 
0.118137 
0.529243 
0.986774 
0.709645 
0.008581 
0.224262 
0.176062 
0.076962 
0.503234 
0.856126 
0.915021 
0.764199 
0.892667 
0.053089 
0.274162 
0.832464 
0.229721 
0.919471 
0.541651 
0.529446 
0.395479 
0.809431 
0.106215 
0.161370 
0.151412 
0.779935 
0.362425 
0.273776 
0.350916 
0.842790 
0.770999 
0.179196 
0.751973 
0.404056 
0.963710 
0.071376 
0.615541 
0.405166 
0.631424 
0.344402 
0.365017 
0.835285 
0.627418 
0.021285 
0.736084 
0.360495 
0.831401 
0.361549 
0.546881 
0.431891 
0.796805 
0.900458 
0.003023 
0.813141 
0.455636 
0.868249 
0.665920 
0.123864 
0.778950 
0.805271 
0.190692 
0.955493 
0.969698 
0.714219 
0.882968 
0.043694 
0.363638 
0.659378 
0.168439 
0.960487 
0.905074 
0.583803 
0.970255 
0.068382 
0.294272 
0.836440 
0.046464 
0.921973 
0.596490 
0.203277 
0.482187 
0.120319 
0.201105 
0.969921 
0.455748 
0.758732 
0.013260 
0.856256 
0.094266 
0.329770 
0.439027 
0.723673 
0.778652 
0.798938 
0.756061 
0.121018 
0.946560 
0.831628 
0.165454 
0.778817 
0.575875 
0.730975 
0.490228 
0.269069 
0.237272 
0.826028 
0.055453 
0.996985 
0.323101 
0.354180 
0.709199 
0.515576 
0.288205 
0.862566 
0.147408 
0.486300 
0.236340 
0.164235 
0.289946 
0.117237 
0.401051 
0.467662 
0.000765 
0.852526 
0.407991 
0.104951 
0.915846 
0.619416 
0.527461 
0.045104 
0.068959 
0.992036 
0.151257 
0.179670 
0.721541 
0.939108 
0.596485 
0.124763 
0.895097 
0.887727 
0.022981 
0.248995 
0.857191 
0.807142 
0.642420 
0.154713 
0.255134 
0.036928 
0.653982 
0.479321 
0.951239 
0.471816 
0.803722 
0.150397 
0.718356 
0.405819 
0.604127 
0.559521 
0.872025 
0.117293 
0.351313 
0.522823 
0.087775 
0.234244 
0.940423 
0.691437 
0.979057 
0.015609 
0.338465 
0.587144 
0.124204 
0.489100 
0.301651 
0.856186 
0.926345 
0.077183 
0.212401 
0.823137 
0.456580 
0.738522 
0.335028 
0.818184 
0.223213 
0.545459 
0.533932 
0.793030 
0.448240 
0.569493 
0.463892 
0.638917 
0.285835 
0.033398 
0.321306 
0.196722 
0.308618 
0.949088 
0.313763 
0.407904 
0.649301 
0.808016 
0.318725 
0.813475 
0.068316 
0.193016 
0.022733 
0.065973 
0.803260 
0.385746 
0.237210 
0.787195 
0.387144 
0.724543 
0.397840 
0.494922 
0.161602 
0.048443 
0.180012 
0.454137 
0.685865 
0.338044 
0.504193 
0.979018 
0.360855 
0.887109 
0.645889 
0.454167 
0.182018 
0.176123 
0.103594 
0.104132 
0.139871 
0.804727 
0.039334 
0.082893 
0.177666 
0.032261 
0.217796 
0.505039 
0.187987 
0.503673 
0.239687 
0.426649 
0.692870 
0.058776 
0.852976 
0.968686 
0.711338 
0.459774 
0.413961 
0.448232 
0.442893 
0.708631 
0.967226 
0.161301 
0.990566 
0.437508 
0.203010 
0.992958 
0.650427 
0.721478 
0.878299 
0.570067 
0.112577 
0.080265 
0.018066 
0.637989 
0.680579 
0.496872 
0.934406 
0.563226 
0.132623 
0.001815 
0.501020 
0.646405 
0.128922 
0.797934 
0.870850 
0.368468 
0.842846 
0.720956 
0.104383 
0.370375 
0.898418 
0.718220 
0.118453 
0.844013 
0.325635 
0.949868 
0.433418 
0.463680 
0.075110 
0.370164 
0.349489 
0.855884 
0.840261 
0.272491 
0.759693 
0.155154 
0.675839 
0.826899 
0.685512 
0.398957 
0.264434 
0.346639 
0.956344 
0.272396 
0.153589 
0.364885 
0.618434 
0.022776 
0.791352 
0.251616 
0.909429 
0.766037 
0.785827 
0.400369 
0.007752 
0.295258 
0.403001 
0.237970 
0.554993 
0.767040 
0.646276 
0.967357 
0.376226 
0.236913 
0.788532 
0.859546 
0.383284 
0.851831 
0.724223 
0.024090 
0.887290 
0.679671 
0.236212 
0.006692 
0.478662 
0.864435 
0.567283 
0.326721 
0.208115 
0.780907 
0.698304 
0.388976 
0.517064 
0.300702 
0.899675 
0.842349 
0.367817 
0.902334 
0.520759 
0.402066 
0.516359 
0.446171 
0.795815 
0.261269 
0.140844 
0.162731 
0.011861 
0.345287 
0.239501 
0.293918 
0.878569 
0.116013 
0.836820 
0.431662 
0.947194 
0.487840 
0.123958 
0.362201 
0.505199 
0.880556 
0.501231 
0.183525 
0.500736 
0.867694 
0.339322 
0.988649 
0.228148 
0.488209 
0.334307 
0.701697 
0.418046 
0.098639 
0.828393 
0.801223 
0.156416 
0.882365 
0.906096 
0.756665 
0.262670 
0.690107 
0.631893 
0.224554 
0.080840 
0.677254 
0.603048 
0.435153 
0.609940 
0.267312 
0.706604 
0.892286 
0.652403 
0.935658 
0.598182 
0.640429 
0.693094 
0.836541 
0.748699 
0.390894 
0.754067 
0.606971 
0.356324 
0.743345 
0.405132 
0.045839 
0.424018 
0.463599 
0.715114 
0.917181 
0.057046 
0.763809 
0.344649 
0.515724 
0.769688 
0.154439 
0.660100 
0.307678 
0.146004 
0.896566 
0.585275 
0.716420 
0.874561 
0.740100 
0.853968 
0.643369 
0.097387 
0.780320 
0.836084 
0.070616 
0.849223 
0.885912 
0.519097 
0.459759 
0.176721 
0.143260 
0.778762 
0.647182 
0.193958 
0.851486 
0.927114 
0.011346 
0.691060 
0.647204 
0.551952 
0.652991 
0.825762 
0.585680 
0.530034 
0.278305 
0.466787 
0.282870 
0.201958 
0.308126 
0.682062 
0.421996 
0.483649 
0.680350 
0.644068 
0.854370 
0.397189 
0.552429 
0.682345 
0.177979 
0.287512 
0.211779 
0.366786 
0.578571 
0.048251 
0.954123 
0.945545 
0.772952 
0.009367 
0.438742 
0.943679 
0.416854 
0.070381 
0.894738 
0.866932 
0.528714 
0.097052 
0.145303 
0.102470 
0.216215 
0.919637 
0.343906 
0.029104 
0.147907 
0.865117 
0.013872 
0.154913 
0.617381 
0.328404 
0.478424 
0.869246 
0.420267 
0.433058 
0.406071 
0.827087 
0.850785 
0.147380 
0.014127 
0.430043 
0.739541 
0.468837 
0.737037 
0.374381 
0.218921 
0.413531 
0.221066 
0.450886 
0.041114 
0.006703 
0.649120 
0.757461 
0.651200 
0.726595 
0.878545 
0.711985 
0.330045 
0.062509 
0.592783 
0.911976 
0.574923 
0.730933 
0.793055 
0.882901 
0.915171 
0.272276 
0.149944 
0.112667 
0.588688 
0.085202 
0.985368 
0.072406 
0.923142 
0.252142 
0.754376 
0.802694 
0.873890 
0.471012 
0.302812 
0.362809 
0.734882 
0.161144 
0.350160 
0.139309 
0.368645 
0.822001 
0.369239 
0.803909 
0.294993 
0.943943 
0.846251 
0.933883 
0.771677 
0.578295 
0.408865 
0.800227 
0.422206 
0.019900 
0.451469 
0.841638 
0.412678 
0.880207 
0.633262 
0.227646 
0.053919 
0.216932 
0.980495 
0.178475 
0.633294 
0.768308 
0.947400 
0.943800 
0.448908 
0.804770 
0.771804 
0.704485 
0.279770 
0.098108 
0.903546 
0.895287 
0.093619 
0.452525 
0.590310 
0.334780 
0.652302 
0.237038 
0.899719 
0.572511 
0.185762 
0.100868 
0.284817 
0.921480 
0.313648 
0.473641 
0.479575 
0.219451 
0.314571 
0.989050 
0.962293 
0.257253 
0.644553 
0.997159 
0.258107 
0.997801 
0.039102 
0.194799 
0.993743 
0.841827 
0.584158 
0.938096 
0.577975 
0.020606 
0.321536 
0.048008 
0.870324 
0.527692 
0.915831 
0.370530 
0.494261 
0.040253 
0.536114 
0.461119 
0.030173 
0.113830 
0.144680 
0.634106 
0.427701 
0.375197 
0.935048 
0.358755 
0.595295 
0.115539 
0.861343 
0.585579 
0.832400 
0.153603 
0.605139 
0.565455 
0.594956 
0.433102 
0.140270 
0.518530 
0.941666 
0.574906 
0.441436 
0.210272 
0.042033 
0.446791 
0.212165 
0.849642 
0.932313 
0.382811 
0.911150 
0.695147 
0.330559 
0.711539 
0.843990 
0.932008 
0.256813 
0.263739 
0.655295 
0.546904 
0.817888 
0.240516 
0.354949 
0.627530 
0.893290 
0.522705 
0.108721 
0.273756 
0.022600 
0.832577 
0.127733 
0.806162 
0.166363 
0.066189 
0.442060 
0.696503 
0.131317 
0.038182 
0.719273 
0.827594 
0.368747 
0.535248 
0.911828 
0.098175 
0.019422 
0.421583 
0.544852 
0.329685 
0.010253 
0.316608 
0.226637 
0.089504 
0.301966 
0.150921 
0.528468 
0.967781 
0.492900 
0.178427 
0.820111 
0.597506 
0.287607 
0.819143 
0.334640 
0.288433 
0.695045 
0.623808 
0.345315 
0.702141 
0.887188 
0.975980 
0.301262 
0.306525 
0.766044 
0.895592 
0.217848 
0.372396 
0.863358 
0.463506 
0.140558 
0.355735 
0.844694 
0.778368 
0.035223 
0.992863 
0.051531 
0.077511 
0.733396 
0.182715 
0.897043 
0.594335 
0.991152 
0.291792 
0.142053 
0.477003 
0.993983 
0.876078 
0.236274 
0.057922 
0.502827 
0.015707 
0.994353 
0.089283 
0.587063 
0.766712 
0.128209 
0.802911 
0.532154 
0.916248 
0.387355 
0.276674 
0.059131 
0.815691 
0.321028 
0.516185 
0.529033 
0.452965 
0.978316 
0.559872 
0.764795 
0.916422 
0.311396 
0.635853 
0.785978 
0.926080 
0.619666 
0.733626 
0.056275 
0.815293 
0.625686 
0.911496 
0.509975 
0.144856 
0.598219 
0.260356 
0.801293 
0.334112 
0.425649 
0.883769 
0.511216 
0.011021 
0.230547 
0.811652 
0.429419 
0.245397 
0.394849 
0.228665 
0.171989 
0.613293 
0.609360 
0.506522 
0.117979 
0.869420 
0.343322 
0.218476 
0.926646 
0.147559 
0.020752 
0.775963 
0.613748 
0.255417 
0.795564 
0.049156 
0.160954 
0.156352 
0.804110 
0.681948 
0.500215 
0.116694 
0.282274 
0.186874 
0.793689 
0.531068 
0.652829 
0.093389 
0.586933 
0.577528 
0.509647 
0.637792 
0.375903 
0.797367 
0.342715 
0.003671 
0.699393 
0.704347 
0.958868 
0.698572 
0.900854 
0.657316 
0.502132 
0.324779 
0.556416 
0.681858 
0.982447 
0.993440 
0.742141 
0.166790 
0.243338 
0.776063 
0.290406 
0.858847 
0.634949 
0.584218 
0.951759 
0.220757 
0.266331 
0.227972 
0.527830 
0.245178 
0.699339 
0.795095 
0.161717 
0.983450 
0.845828 
0.825207 
0.261782 
0.775356 
0.411340 
0.384020 
0.231183 
0.489081 
0.986867 
0.274810 
0.724681 
0.710227 
0.781345 
0.065703 
0.275071 
0.120745 
0.354289 
0.535217 
0.386155 
0.099558 
0.276746 
0.268172 
0.167817 
0.498017 
0.164515 
0.010170 
0.924946 
0.571763 
0.617928 
0.511458 
0.079066 
0.862833 
0.635259 
0.805541 
0.729430 
0.533433 
0.408593 
0.226575 
0.054193 
0.825662 
0.900874 
0.995767 
0.853780 
0.476937 
0.881371 
0.201040 
0.872460 
0.437868 
0.246822 
0.339861 
0.037623 
0.323404 
0.451416 
0.955239 
0.705869 
0.532625 
0.836620 
0.075872 
0.174394 
0.037789 
0.120392 
0.426143 
0.185285 
0.090015 
0.887932 
0.470630 
0.880814 
0.846908 
0.987307 
0.667543 
0.398596 
0.208335 
0.485409 
0.268792 
0.589762 
0.135908 
0.213790 
0.165095 
0.752810 
0.477441 
0.345887 
0.317352 
0.741416 
0.984248 
0.259238 
0.020324 
0.577754 
0.311556 
0.327592 
0.840529 
0.775753 
0.076839 
0.435124 
0.127147 
0.964237 
0.925488 
0.682948 
0.307061 
0.781371 
0.509897 
0.833775 
0.256411 
0.501176 
0.272543 
0.633734 
0.163796 
0.922616 
0.414982 
0.597819 
0.541927 
0.160128 
0.279354 
0.099651 
0.840321 
0.282101 
0.265901 
0.997323 
0.001507 
0.333292 
0.639507 
0.201493 
0.491775 
0.262288 
0.274613 
0.423894 
0.385002 
0.725499 
0.455264 
0.627158 
0.645992 
0.193311 
0.983148 
0.768400 
0.501309 
0.508560 
0.374420 
0.871163 
0.641257 
0.613012 
0.894230 
0.329913 
0.846332 
0.300391 
0.664100 
0.534367 
0.097850 
0.558181 
0.353017 
0.151024 
0.267628 
0.031986 
0.596388 
0.493443 
0.290074 
0.269974 
0.448133 
0.778796 
0.223352 
0.874383 
0.759701 
0.291176 
0.802597 
0.247398 
0.024805 
0.893543 
0.775093 
0.982068 
0.625123 
0.443929 
0.116120 
0.630992 
0.074981 
0.200491 
0.654633 
0.414833 
0.098789 
0.342332 
0.580304 
0.164379 
0.725841 
0.201494 
0.512742 
0.652022 
0.541271 
0.147597 
0.668431 
0.317159 
0.487791 
0.305735 
0.481064 
0.235580 
0.385214 
0.284861 
0.657472 
0.127244 
0.598140 
0.937981 
0.650457 
0.236453 
0.064759 
0.400267 
0.291257 
0.164487 
0.532527 
0.173736 
0.978949 
0.200376 
0.726959 
0.999924 
0.729905 
0.521589 
0.345893 
0.421991 
0.401644 
0.427406 
0.411502 
0.118288 
0.062075 
0.298075 
0.748857 
0.033475 
0.619772 
0.499615 
0.032018 
0.133825 
0.193354 
0.707549 
0.774533 
0.574327 
0.706121 
0.777147 
0.514491 
0.043890 
0.652341 
0.890258 
0.569668 
0.415122 
0.960373 
0.985571 
0.494345 
0.453328 
0.078376 
0.268857 
0.687442 
0.836847 
0.882649 
0.680698 
0.488926 
0.379160 
0.541489 
0.809352 
0.779521 
0.401675 
0.959615 
0.244172 
0.791408 
0.188346 
0.535754 
0.411445 
0.161467 
0.778248 
0.013805 
0.018328 
0.042098 
0.545488 
0.013015 
0.747193 
0.072433 
0.378668 
0.277563 
0.006549 
0.074972 
0.058176 
0.771493 
0.487654 
0.004790 
0.502887 
0.026460 
0.705078 
0.249829 
0.875650 
0.057122 
0.050245 
0.473962 
0.873744 
0.009173 
0.170787 
0.419476 
0.125335 
0.497246 
0.205386 
0.925967 
0.719901 
0.382470 
0.175971 
0.540920 
0.239244 
0.977566 
0.946879 
0.202348 
0.867962 
0.841488 
0.890505 
0.723373 
0.728499 
0.884232 
0.287387 
0.115791 
0.100206 
0.161629 
0.497770 
0.027504 
0.266895 
0.707239 
0.570678 
0.388999 
0.904524 
0.341980 
0.652361 
0.234431 
0.075440 
0.914771 
0.558574 
0.957604 
0.443523 
0.287370 
0.833165 
0.007601 
0.742234 
0.724206 
0.737027 
0.212758 
0.832059 
0.408023 
0.637191 
0.274666 
0.314957 
0.488333 
0.413852 
0.607384 
0.308206 
0.025193 
0.411046 
0.446622 
0.381390 
0.026284 
0.754091 
0.006045 
0.599680 
0.814329 
0.434008 
0.380042 
0.371888 
0.315625 
0.705892 
0.920211 
0.982502 
0.918243 
0.904877 
0.269687 
0.636176 
0.216672 
0.602659 
0.885922 
0.684218 
0.644014 
0.937808 
0.743744 
0.101937 
0.248096 
0.741271 
0.539283 
0.722685 
0.162064 
0.817891 
0.293822 
0.258824 
0.055379 
0.759338 
0.200359 
0.439739 
0.694637 
0.770186 
0.520398 
0.321047 
0.838812 
0.911273 
0.771162 
0.912704 
0.823700 
0.919333 
0.236637 
0.151620 
0.271591 
0.631227 
0.032220 
0.520772 
0.618089 
0.222387 
0.664274 
0.456756 
0.702556 
0.852305 
0.688227 
0.035776 
0.284681 
0.632815 
0.718261 
0.809271 
0.421497 
0.096215 
0.079713 
0.731930 
0.553139 
0.609294 
0.400993 
0.484639 
0.328423 
0.801637 
0.116821 
0.408863 
0.766206 
0.627441 
0.403564 
0.699346 
0.902457 
0.597095 
0.377260 
0.608337 
0.326170 
0.943900 
0.133401 
0.077526 
0.972116 
0.348329 
0.370580 
0.340659 
0.457428 
0.984893 
0.096936 
0.208597 
0.892954 
0.878790 
0.816642 
0.296103 
0.607814 
0.534223 
0.681145 
0.004581 
0.985576 
0.576788 
0.072388 
0.624840 
0.689347 
0.857521 
0.352915 
0.450636 
0.841625 
0.197265 
0.434126 
0.352374 
0.341415 
0.168476 
0.584288 
0.124478 
0.106008 
0.679020 
0.281040 
0.436219 
0.527575 
0.958722 
0.242000 
0.293761 
0.236364 
0.564123 
0.213231 
0.771174 
0.129542 
0.209658 
0.720390 
0.597192 
0.000699 
0.754807 
0.049364 
0.658066 
0.106992 
0.219464 
0.530946 
0.614279 
0.182636 
0.557450 
0.060365 
0.561784 
0.900611 
0.570628 
0.546835 
0.649293 
0.675680 
0.146265 
0.283082 
0.753236 
0.631799 
0.641851 
0.588557 
0.879762 
0.162820 
0.515032 
0.150567 
0.575708 
0.931506 
0.818023 
0.512135 
0.461033 
0.583508 
0.011381 
0.278899 
0.450471 
0.067702 
0.864400 
0.972964 
0.610165 
0.051158 
0.807189 
0.419829 
0.066284 
0.042998 
0.671833 
0.489209 
0.133218 
0.987057 
0.461872 
0.674306 
0.065136 
0.746717 
0.072890 
0.053887 
0.676404 
0.323157 
0.296898 
0.961932 
0.199056 
0.531196 
0.807381 
0.657238 
0.198501 
0.206946 
0.133503 
0.788033 
0.476479 
0.180732 
0.567463 
0.349766 
0.520314 
0.915079 
0.732861 
0.193168 
0.568212 
0.942340 
0.900672 
0.589254 
0.584575 
0.948793 
0.366300 
0.400516 
0.478060 
0.751170 
0.911293 
0.106960 
0.673043 
0.825654 
0.761894 
0.147725 
0.814468 
0.767894 
0.000769 
0.923809 
0.454165 
0.158226 
0.301247 
0.063415 
0.807731 
0.527469 
0.168800 
0.023700 
0.334153 
0.116592 
0.565858 
0.371481 
0.479268 
0.053335 
0.404457 
0.716317 
0.138061 
0.398742 
0.656290 
0.269398 
0.768284 
0.553976 
0.670728 
0.924967 
0.921288 
0.095546 
0.845147 
0.393958 
0.247656 
0.352521 
0.818101 
0.827686 
0.910918 
0.793326 
0.429356 
0.189370 
0.738019 
0.891331 
0.592388 
0.264414 
0.008430 
0.682367 
0.544002 
0.046788 
0.361487 
0.516156 
0.036731 
0.331477 
0.136734 
0.090623 
0.107260 
0.726725 
0.063902 
0.008568 
0.004161 
0.938846 
0.188486 
0.885574 
0.843109 
0.125824 
0.728457 
0.180234 
0.200268 
0.905849 
0.603539 
0.683089 
0.681042 
0.270187 
0.027883 
0.636941 
0.075303 
0.610125 
0.363024 
0.347166 
0.821875 
0.253435 
0.483649 
0.685375 
0.091328 
0.952987 
0.850574 
0.588996 
0.254143 
0.380622 
0.118660 
0.320071 
0.439626 
0.786905 
0.513562 
0.433875 
0.140840 
0.095322 
0.076892 
0.316647 
0.885915 
0.569702 
0.983098 
0.920734 
0.775013 
0.651719 
0.437281 
0.384446 
0.390745 
0.257675 
0.735611 
0.415493 
0.193465 
0.573880 
0.196258 
0.508694 
0.627130 
0.181951 
0.054777 
0.632384 
0.484778 
0.666269 
0.980485 
0.005035 
0.624371 
0.798763 
0.801826 
0.289052 
0.094380 
0.249030 
0.450813 
0.816835 
0.550503 
0.308569 
0.117324 
0.872252 
0.941077 
0.689231 
0.904325 
0.993280 
0.052797 
0.362802 
0.608893 
0.665831 
0.615683 
0.789485 
0.881657 
0.017019 
0.045007 
0.439697 
0.981452 
0.257704 
0.229807 
0.369125 
0.891535 
0.036460 
0.783464 
0.686515 
0.259421 
0.094498 
0.226323 
0.815299 
0.723461 
0.213083 
0.287265 
0.060954 
0.459316 
0.717471 
0.529684 
0.391020 
0.875647 
0.002118 
0.602670 
0.079757 
0.480616 
0.721028 
0.325626 
0.789913 
0.064104 
0.402105 
0.183714 
0.673366 
0.261638 
0.358018 
0.203178 
0.812549 
0.506285 
0.139694 
0.844027 
0.557155 
0.100717 
0.750060 
0.251883 
0.395527 
0.620814 
0.023326 
0.031938 
0.786539 
0.357739 
0.518149 
0.530273 
0.292708 
0.539072 
0.187600 
0.990076 
0.205514 
0.074383 
0.158125 
0.599466 
0.223685 
0.475262 
0.725483 
0.195163 
0.100307 
0.858715 
0.414827 
0.996780 
0.878802 
0.020534 
0.118560 
0.637668 
0.287460 
0.333214 
0.329303 
0.591918 
0.360392 
0.102353 
0.244165 
0.685470 
0.692846 
0.662112 
0.123260 
0.624142 
0.946702 
0.217880 
0.905521 
0.085949 
0.542448 
0.928894 
0.927181 
0.125508 
0.410580 
0.620871 
0.984732 
0.396909 
0.855528 
0.857245 
0.711127 
0.914640 
0.347453 
0.638622 
0.316686 
0.534799 
0.367717 
0.220361 
0.603172 
0.506667 
0.557857 
0.906412 
0.058122 
0.855753 
0.645677 
0.892856 
0.226901 
0.530312 
0.947564 
0.700420 
0.951724 
0.622564 
0.438570 
0.046381 
0.522297 
0.246920 
0.991851 
0.033944 
0.494813 
0.321263 
0.463712 
0.610919 
0.710216 
0.601057 
0.961216 
0.150869 
0.656306 
0.528208 
0.591400 
0.666375 
0.771941 
0.004741 
0.682621 
0.813960 
0.222470 
0.046802 
0.607032 
0.382721 
0.398109 
0.020716 
0.176041 
0.716135 
0.085050 
0.428352 
0.309339 
0.063485 
0.998340 
0.108103 
0.895255 
0.550970 
0.148446 
0.939690 
0.369233 
0.703129 
0.482895 
0.014209 
0.808502 
0.490167 
0.234235 
0.784772 
0.667906 
0.500409 
0.381785 
0.663648 
0.926846 
0.500876 
0.227611 
0.454732 
0.683872 
0.837028 
0.924375 
0.973597 
0.253002 
0.211582 
0.061077 
0.516078 
0.716657 
0.852751 
0.187039 
0.572872 
0.257326 
0.880767 
0.048486 
0.896774 
0.079389 
0.288088 
0.893076 
0.926097 
0.918180 
0.847942 
0.354474 
0.648625 
0.433656 
0.452781 
0.885726 
0.402887 
0.321730 
0.316793 
0.337533 
0.913376 
0.105880 
0.533209 
0.644900 
0.835795 
0.210355 
0.435870 
0.669170 
0.742021 
0.144887 
0.113460 
0.919100 
0.322075 
0.106897 
0.623957 
0.842842 
0.646480 
0.390791 
0.030129 
0.383763 
0.905188 
0.502836 
0.167445 
0.248989 
0.765270 
0.895821 
0.057911 
0.308913 
0.903931 
0.361285 
0.114965 
0.213222 
0.614952 
0.503753 
0.571822 
0.605107 
0.030366 
0.356381 
0.697223 
0.230750 
0.222509 
0.702096 
0.134495 
0.460743 
0.715005 
0.088737 
0.409753 
0.714806 
0.748928 
0.237116 
0.210823 
0.308932 
0.211757 
0.005568 
0.583497 
0.840210 
0.415934 
0.606469 
0.930667 
0.712151 
0.116600 
0.697364 
0.600935 
0.915497 
0.751502 
0.492348 
0.887525 
0.628748 
0.362580 
0.873797 
0.914128 
