0.000001 
0.011215 
0.493650 
0.782427 
0.245639 
0.455451 
0.768514 
0.414935 
0.813139 
0.431750 
0.414920 
0.558477 
0.323661 
0.773341 
0.541834 
0.610523 
0.060377 
0.757067 
0.031501 
0.434628 
0.784926 
0.257401 
0.145297 
0.003529 
0.315497 
0.557154 
0.088938 
0.785688 
0.065873 
0.127078 
0.806122 
0.489750 
0.229791 
0.095140 
0.016648 
0.805341 
0.359646 
0.571068 
0.936226 
0.156573 
0.530315 
0.006723 
0.994560 
0.572354 
0.558912 
0.626118 
0.158870 
0.132551 
0.785315 
0.793382 
0.377544 
0.387017 
0.589619 
0.730763 
0.941502 
0.826715 
0.604818 
0.179410 
0.341459 
0.895210 
0.788681 
0.367881 
0.981308 
0.846384 
0.174205 
0.858147 
0.868590 
0.385079 
0.020238 
0.146170 
0.682425 
0.513267 
0.475698 
0.058220 
0.500394 
0.128015 
0.550867 
0.424274 
0.770349 
0.249938 
0.703115 
0.262191 
0.648583 
0.738416 
0.556447 
0.198140 
0.135718 
0.009729 
0.515394 
0.223141 
0.323982 
0.168261 
0.959184 
0.004850 
0.521215 
0.065764 
0.291576 
0.511744 
0.884746 
0.931651 
0.260484 
0.956597 
0.525589 
0.575328 
0.543600 
0.280727 
0.181344 
0.847407 
0.366030 
0.866622 
0.322011 
0.031969 
0.303369 
0.718655 
0.426811 
0.409034 
0.642765 
0.946860 
0.872921 
0.179384 
0.902266 
0.389152 
0.484816 
0.298428 
0.682246 
0.513725 
0.171477 
0.006830 
0.792183 
0.223837 
0.034156 
0.057619 
0.400097 
0.430140 
0.369124 
0.872470 
0.610408 
0.128900 
0.414794 
0.438431 
0.709920 
0.625638 
0.100848 
0.957417 
0.301189 
0.076204 
0.762672 
0.227732 
0.499809 
0.297141 
0.041349 
0.955748 
0.249337 
0.602145 
0.252067 
0.484783 
0.742701 
0.578524 
0.246612 
0.801559 
0.803603 
0.157240 
0.726774 
0.887205 
0.257730 
0.661635 
0.098124 
0.170793 
0.516139 
0.748556 
0.978580 
0.993166 
0.134116 
0.084812 
0.430525 
0.834089 
0.530828 
0.631202 
0.611725 
0.258491 
0.455338 
0.868099 
0.146143 
0.217593 
0.089416 
0.808797 
0.450934 
0.855863 
0.485062 
0.429976 
0.612145 
0.318917 
0.034769 
0.364227 
0.565605 
0.123782 
0.397055 
0.309556 
0.714557 
0.560349 
0.791355 
0.309648 
0.262128 
0.579501 
0.676556 
0.869435 
0.590119 
0.131087 
0.184877 
0.220819 
0.302816 
0.434945 
0.118675 
0.575399 
0.728426 
0.654936 
0.515466 
0.432229 
0.465335 
0.878881 
0.359415 
0.682591 
0.306952 
0.941478 
0.422820 
0.334185 
0.655547 
0.784100 
0.376389 
0.961953 
0.536372 
0.809865 
0.396768 
0.477924 
0.466434 
0.347876 
0.756462 
0.857330 
0.151570 
0.444547 
0.507003 
0.195402 
0.126731 
0.973043 
0.929331 
0.271500 
0.106666 
0.734165 
0.115219 
0.489691 
0.230074 
0.852696 
0.259607 
0.213439 
0.271041 
0.381484 
0.598085 
0.014235 
0.245323 
0.140274 
0.589688 
0.883235 
0.538495 
0.488435 
0.129995 
0.818955 
0.176441 
0.450170 
0.012564 
0.160123 
0.183700 
0.444805 
0.832074 
0.660188 
0.784725 
0.878147 
0.022208 
0.248722 
0.278835 
0.384919 
0.329384 
0.955389 
0.216153 
0.883559 
0.976898 
0.729736 
0.667492 
0.539926 
0.539909 
0.247484 
0.469568 
0.032310 
0.028780 
0.713722 
0.522684 
0.747644 
0.646363 
0.415455 
0.550091 
0.378468 
0.905142 
0.715950 
0.963612 
0.423080 
0.705056 
0.879470 
0.244440 
0.302065 
0.808702 
0.862753 
0.287128 
0.763845 
0.934655 
0.754959 
0.588113 
0.411935 
0.383827 
0.983858 
0.698487 
0.470977 
0.703422 
0.409767 
0.945676 
0.982141 
0.838516 
0.931065 
0.409668 
0.288795 
0.774702 
0.413780 
0.404886 
0.921672 
0.534253 
0.194226 
0.358896 
0.959289 
0.762136 
0.226938 
0.151178 
0.840297 
0.870629 
0.666689 
0.047508 
0.470821 
0.095785 
0.860286 
0.830795 
0.179286 
0.253751 
0.795609 
0.802170 
0.069240 
0.722427 
0.826553 
0.881696 
0.658328 
0.514443 
0.251008 
0.690562 
0.270672 
0.183453 
0.299067 
0.424165 
0.942547 
0.388744 
0.613749 
0.275781 
0.056889 
0.134204 
0.568597 
0.416704 
0.535913 
0.092039 
0.906208 
0.645942 
0.353190 
0.059280 
0.315089 
0.702898 
0.609460 
0.200563 
0.866836 
0.908225 
0.540328 
0.285316 
0.299405 
0.095872 
0.325312 
0.520896 
0.695153 
0.430596 
0.027548 
0.991218 
0.397994 
0.087642 
0.000058 
0.979580 
0.795715 
0.584547 
0.485112 
0.278503 
0.807598 
0.292344 
0.423422 
0.455340 
0.901628 
0.654027 
0.230794 
0.946581 
0.183642 
0.472089 
0.394999 
0.741509 
0.535779 
0.836511 
0.241817 
0.214507 
0.219770 
0.672527 
0.153426 
0.632684 
0.513518 
0.693587 
0.112997 
0.143501 
0.819563 
0.396427 
0.755439 
0.666499 
0.848394 
0.953002 
0.108679 
0.573711 
0.362064 
0.203323 
0.249383 
0.375077 
0.924024 
0.066403 
0.029730 
0.670890 
0.655853 
0.927856 
0.483041 
0.470280 
0.997177 
0.552378 
0.818635 
0.799217 
0.439760 
0.041870 
0.707233 
0.461727 
0.251450 
0.122834 
0.473493 
0.999649 
0.103598 
0.167337 
0.439048 
0.073309 
0.097799 
0.711102 
0.492055 
0.964582 
0.729250 
0.502812 
0.767815 
0.666451 
0.046308 
0.302784 
0.897234 
0.814941 
0.711737 
0.171112 
0.881890 
0.924569 
0.231872 
0.064962 
0.819318 
0.283999 
0.172357 
0.805109 
0.467373 
0.145966 
0.252550 
0.603764 
0.465667 
0.472505 
0.389667 
0.140444 
0.435990 
0.677565 
0.837676 
0.827063 
0.451664 
0.114798 
0.409511 
0.649266 
0.208735 
0.207211 
0.602744 
0.310415 
0.140113 
0.879917 
0.765620 
0.774160 
0.301359 
0.932782 
0.266117 
0.636702 
0.046061 
0.142193 
0.830604 
0.958398 
0.797805 
0.714497 
0.550928 
0.442054 
0.602008 
0.944063 
0.859521 
0.977581 
0.195969 
0.655532 
0.518552 
0.299237 
0.273370 
0.537396 
0.017499 
0.111576 
0.254096 
0.586590 
0.820826 
0.626503 
0.631841 
0.354066 
0.790354 
0.475293 
0.242125 
0.399171 
0.874441 
0.729873 
0.978470 
0.149547 
0.435052 
0.917089 
0.512198 
0.519808 
0.410101 
0.566183 
0.844696 
0.800650 
0.523306 
0.201215 
0.828456 
0.865836 
0.110199 
0.118738 
0.624891 
0.551203 
0.061827 
0.122206 
0.920464 
0.235344 
0.420782 
0.081353 
0.292724 
0.820219 
0.419563 
0.600065 
0.294203 
0.671853 
0.828975 
0.583214 
0.080909 
0.840049 
0.698384 
0.740292 
0.094641 
0.626843 
0.348753 
0.499096 
0.298847 
0.719858 
0.660503 
0.078090 
0.461158 
0.681875 
0.265449 
0.399859 
0.430592 
0.955561 
0.106642 
0.340241 
0.423729 
0.607009 
0.992984 
0.079335 
0.386881 
0.316771 
0.973247 
0.355489 
0.700554 
0.204169 
0.461068 
0.161508 
0.471649 
0.998759 
0.138664 
0.526486 
0.657188 
0.359006 
0.806100 
0.128618 
0.681633 
0.198758 
0.523611 
0.326705 
0.925911 
0.791342 
0.081596 
0.382519 
0.996018 
0.070361 
0.564904 
0.338389 
0.298015 
0.745892 
0.202849 
0.286522 
0.567909 
0.845010 
0.076178 
0.331697 
0.836353 
0.581532 
0.810326 
0.147887 
0.530234 
0.643456 
0.558781 
0.436886 
0.751082 
0.433800 
0.877163 
0.477897 
0.019149 
0.831746 
0.156693 
0.543641 
0.971185 
0.708089 
0.860141 
0.397969 
0.657841 
0.339347 
0.402101 
0.106420 
0.606170 
0.903476 
0.729315 
0.593941 
0.371625 
0.893656 
0.671751 
0.112723 
0.530114 
0.634200 
0.993969 
0.638125 
0.961363 
0.633706 
0.704216 
0.760621 
0.759252 
0.744772 
0.384211 
0.438789 
0.725400 
0.805747 
0.196778 
0.245865 
0.256907 
0.829122 
0.054453 
0.189818 
0.265374 
0.146740 
0.257643 
0.209397 
0.340770 
0.314022 
0.773610 
0.058283 
0.568842 
0.535315 
0.033848 
0.881634 
0.620833 
0.339096 
0.187076 
0.194473 
0.514612 
0.077877 
0.876563 
0.401838 
0.693804 
0.759686 
0.044348 
0.363835 
0.966747 
0.116944 
0.480409 
0.240274 
0.288962 
0.589683 
0.793882 
0.771568 
0.742472 
0.721438 
0.215405 
0.319411 
0.341787 
0.414091 
0.633057 
0.794907 
0.001586 
0.655354 
0.528832 
0.074939 
0.506660 
0.435101 
0.736204 
0.388643 
0.928434 
0.191558 
0.518018 
0.332096 
0.537228 
0.183438 
0.042347 
0.721638 
0.576768 
0.747116 
0.782827 
0.976551 
0.899388 
0.013761 
0.287893 
0.620331 
0.900767 
0.196203 
0.580925 
0.611573 
0.704637 
0.833538 
0.272993 
0.186994 
0.809284 
0.641488 
0.491902 
0.389714 
0.928489 
0.107416 
0.333062 
0.778110 
0.692965 
0.671094 
0.084249 
0.976717 
0.683666 
0.371120 
0.414896 
0.156663 
0.042080 
0.240494 
0.985411 
0.807787 
0.476792 
0.439426 
0.438072 
0.677855 
0.716956 
0.877241 
0.789338 
0.411694 
0.348770 
0.783349 
0.751312 
0.305161 
0.833295 
0.184153 
0.058805 
0.342335 
0.631966 
0.445319 
0.476572 
0.751015 
0.309276 
0.001611 
0.082783 
0.333593 
0.704006 
0.224965 
0.985005 
0.973207 
0.683313 
0.446081 
0.285467 
0.835837 
0.914556 
0.942972 
0.524851 
0.163591 
0.475375 
0.623127 
0.899578 
0.211569 
0.838902 
0.421348 
0.592770 
0.692806 
0.990704 
0.759490 
0.754761 
0.269184 
0.182117 
0.834844 
0.222413 
0.096118 
0.448830 
0.493024 
0.249284 
0.718853 
0.765759 
0.112514 
0.030162 
0.935342 
0.293883 
0.299129 
0.452793 
0.085581 
0.351845 
0.459238 
0.406562 
0.081707 
0.255158 
0.437200 
0.022619 
0.157920 
0.153586 
0.319406 
0.252347 
0.200248 
0.575435 
0.341199 
0.537597 
0.389772 
0.902958 
0.008955 
0.507334 
0.764686 
0.074463 
0.498343 
0.656459 
0.101479 
0.558453 
0.918287 
0.642066 
0.208566 
0.368290 
0.848548 
0.547052 
0.308559 
0.957753 
0.948290 
0.904163 
0.271691 
0.313122 
0.634430 
0.860117 
0.990090 
0.434474 
0.212375 
0.391825 
0.409075 
0.329216 
0.126258 
0.015730 
0.382455 
0.916660 
0.299385 
0.768104 
0.522745 
0.770002 
0.427628 
0.138693 
0.016824 
0.762691 
0.543652 
0.154166 
0.061576 
0.912574 
0.638053 
0.755852 
0.605123 
0.305228 
0.963501 
0.556139 
0.023384 
0.007887 
0.548720 
0.341417 
0.189600 
0.604778 
0.503243 
0.002714 
0.617793 
0.251884 
0.409638 
0.783446 
0.379721 
0.978126 
0.365868 
0.141152 
0.339592 
0.523357 
0.064127 
0.790364 
0.641846 
0.497795 
0.436033 
0.407898 
0.549453 
0.648915 
0.306025 
0.355092 
0.023901 
0.711717 
0.827519 
0.109915 
0.339714 
0.573780 
0.517705 
0.073120 
0.931258 
0.653557 
0.334300 
0.579856 
0.637760 
0.834983 
0.563139 
0.680871 
0.399803 
0.491780 
0.340184 
0.470219 
0.963666 
0.329765 
0.357813 
0.756046 
0.862223 
0.386519 
0.230439 
0.981541 
0.764577 
0.252461 
0.106650 
0.470636 
0.974817 
0.747282 
0.562832 
0.514278 
0.465885 
0.127122 
0.538294 
0.112906 
0.618893 
0.732282 
0.457243 
0.875140 
0.477582 
0.723060 
0.473585 
0.546375 
0.916668 
0.447163 
0.464620 
0.862438 
0.001793 
0.138605 
0.526049 
0.313267 
0.086275 
0.018387 
0.025427 
0.347803 
0.532512 
0.925718 
0.546443 
0.067716 
0.104278 
0.606171 
0.913291 
0.677701 
0.123015 
0.518890 
0.983771 
0.246570 
0.106671 
0.826469 
0.471893 
0.098861 
0.549730 
0.309494 
0.664250 
0.057643 
0.801511 
0.003294 
0.366100 
0.037737 
0.242015 
0.545566 
0.333159 
0.409759 
0.822575 
0.024271 
0.922403 
0.823140 
0.513791 
0.279753 
0.809933 
0.550649 
0.751719 
0.137111 
0.430076 
0.294110 
0.104967 
0.174562 
0.864079 
0.572597 
0.642515 
0.755526 
0.125859 
0.305135 
0.410616 
0.222829 
0.082170 
0.024661 
0.471775 
0.116543 
0.737984 
0.304251 
0.548286 
0.042380 
0.286084 
0.213587 
0.758558 
0.088992 
0.682481 
0.454865 
0.918527 
0.690138 
0.156416 
0.887115 
0.749533 
0.409095 
0.663300 
0.079820 
0.540119 
0.780636 
0.151723 
0.010172 
0.961636 
0.220914 
0.895678 
0.663277 
0.691875 
0.343499 
0.180420 
0.323334 
0.270981 
0.373729 
0.266333 
0.250528 
0.619736 
0.899716 
0.529019 
0.230273 
0.202092 
0.566034 
0.333942 
0.557449 
0.046708 
0.028344 
0.369324 
0.226148 
0.868005 
0.565513 
0.582824 
0.527334 
0.910853 
0.714132 
0.420674 
0.260282 
0.554028 
0.551429 
0.872267 
0.188195 
0.994892 
0.142373 
0.871195 
0.178319 
0.999110 
0.042650 
0.819266 
0.399698 
0.717675 
0.959754 
0.588967 
0.775811 
0.054087 
0.032578 
0.541308 
0.771609 
0.439355 
0.240708 
0.580110 
0.903108 
0.534908 
0.196920 
0.626819 
0.945891 
0.591451 
0.514887 
0.704318 
0.466957 
0.153974 
0.839538 
0.120574 
0.482958 
0.083040 
0.661153 
0.997808 
0.165451 
0.740851 
0.486065 
0.289557 
0.578438 
0.815200 
0.066259 
0.612595 
0.882711 
0.730120 
0.127863 
0.985602 
0.020379 
0.502682 
0.578897 
0.520174 
0.571770 
0.740637 
0.892439 
0.214913 
0.038251 
0.892775 
0.866624 
0.341968 
0.453329 
0.096940 
0.276491 
0.983266 
0.754960 
0.606536 
0.051888 
0.078756 
0.646268 
0.832564 
0.900901 
0.446448 
0.457310 
0.009416 
0.249218 
0.602406 
0.637205 
0.502093 
0.671543 
0.623391 
0.328035 
0.290536 
0.043202 
0.094695 
0.540853 
0.120880 
0.622253 
0.213154 
0.474447 
0.028038 
0.230639 
0.355982 
0.991927 
0.309994 
0.073481 
0.991020 
0.074472 
0.645143 
0.910751 
0.990507 
0.458977 
0.033359 
0.659524 
0.624432 
0.833784 
0.411232 
0.581701 
0.657027 
0.650643 
0.365287 
0.373240 
0.051580 
0.899648 
0.383427 
0.254996 
0.717451 
0.194324 
0.996798 
0.187591 
0.843965 
0.526547 
0.678623 
0.618812 
0.367911 
0.474636 
0.199322 
0.000084 
0.410562 
0.318633 
0.258430 
0.430577 
0.704733 
0.452070 
0.945270 
0.145651 
0.949817 
0.570021 
0.346430 
0.451571 
0.546261 
0.000625 
0.497407 
0.925245 
0.595791 
0.459497 
0.769567 
0.110152 
0.332148 
0.419494 
0.438295 
0.430318 
0.351010 
0.427442 
0.016191 
0.122413 
0.396084 
0.983218 
0.943921 
0.477089 
0.427954 
0.624235 
0.510223 
0.311044 
0.714368 
0.374704 
0.650070 
0.719302 
0.312430 
0.003185 
0.529353 
0.828851 
0.495765 
0.322056 
0.788513 
0.535197 
0.062730 
0.300463 
0.886806 
0.551470 
0.561731 
0.009642 
0.045750 
0.925745 
0.000975 
0.387838 
0.394575 
0.629883 
0.436138 
0.170366 
0.333191 
0.945052 
0.481133 
0.405888 
0.756826 
0.971110 
0.446299 
0.943324 
0.441108 
0.707622 
0.007030 
0.145203 
0.432260 
0.999923 
0.699038 
0.736553 
0.238502 
0.505871 
0.167659 
0.852375 
0.867536 
0.675844 
0.917051 
0.869294 
0.216663 
0.455304 
0.292446 
0.147211 
0.179330 
0.996262 
0.180184 
0.345902 
0.583206 
0.948542 
0.141438 
0.145570 
0.590611 
0.402354 
0.370125 
0.683159 
0.860139 
0.358735 
0.258909 
0.489867 
0.188989 
0.344259 
0.963769 
0.068815 
0.580489 
0.281059 
0.756137 
0.397741 
0.837477 
0.483443 
0.220124 
0.631023 
0.606900 
0.166262 
0.370356 
0.571049 
0.624079 
0.903431 
0.967645 
0.204861 
0.106063 
0.604167 
0.231438 
0.785750 
0.101020 
0.841089 
0.188457 
0.390799 
0.155680 
0.512960 
0.325767 
0.168252 
0.819468 
0.792257 
0.455003 
0.243609 
0.330853 
0.652350 
0.044258 
0.838726 
0.461047 
0.819019 
0.246502 
0.954254 
0.150241 
0.099410 
0.784235 
0.639555 
0.007225 
0.438602 
0.585813 
0.764345 
0.343753 
0.452193 
0.015783 
0.256731 
0.871435 
0.214322 
0.115691 
0.418069 
0.481748 
0.734660 
0.437350 
0.539024 
0.371403 
0.177226 
0.637673 
0.369425 
0.928469 
0.783842 
0.034749 
0.031669 
0.261911 
0.942431 
0.435650 
0.964104 
0.700812 
0.540517 
0.471806 
0.646772 
0.291593 
0.809224 
0.636074 
0.489948 
0.551999 
0.439291 
0.164261 
0.741191 
0.191488 
0.337113 
0.858319 
0.761372 
0.382332 
0.859428 
0.407932 
0.108717 
0.207717 
0.106743 
0.034869 
0.037920 
0.316213 
0.588749 
0.103718 
0.181579 
0.793431 
0.192661 
0.047652 
0.883926 
0.142003 
0.649279 
0.425971 
0.301597 
0.939672 
0.062127 
0.160322 
0.530052 
0.583032 
0.022106 
0.531695 
0.203495 
0.133282 
0.076941 
0.151173 
0.760264 
0.765208 
0.846665 
0.891259 
0.393052 
0.019146 
0.782041 
0.760201 
0.694240 
0.084197 
0.103365 
0.250349 
0.617611 
0.188025 
0.127873 
0.167519 
0.484726 
0.792791 
0.442563 
0.161841 
0.059097 
0.245697 
0.423917 
0.780570 
0.039925 
0.015064 
0.180776 
0.300473 
0.047466 
0.759185 
0.627785 
0.179550 
0.691600 
0.719922 
0.732857 
0.122746 
0.991194 
0.005650 
0.966785 
0.749651 
0.389816 
0.641336 
0.941577 
0.091457 
0.111382 
0.999477 
0.202777 
0.080775 
0.593192 
0.777862 
0.519554 
0.145567 
0.546189 
0.793869 
0.554316 
0.385011 
0.873300 
0.546393 
0.233668 
0.253734 
0.502590 
0.027382 
0.205977 
0.861488 
0.021185 
0.049759 
0.307897 
0.819444 
0.393573 
0.788538 
0.952891 
0.234483 
0.956509 
0.044347 
0.338931 
0.413505 
0.780809 
0.055690 
0.974925 
0.560831 
0.893714 
0.646353 
0.250405 
0.549677 
0.417828 
0.432510 
0.187680 
0.333331 
0.299169 
0.127042 
0.197567 
0.505957 
0.626753 
0.836832 
0.634569 
0.195889 
0.311423 
0.087278 
0.885598 
0.241064 
0.559276 
0.747880 
0.622142 
0.348756 
0.542555 
0.728184 
0.596213 
0.544686 
0.534560 
0.341520 
0.920628 
0.001222 
0.532801 
0.780243 
0.542597 
0.425757 
0.690808 
0.402658 
0.479468 
0.418157 
0.971865 
0.134909 
0.423880 
0.148192 
0.655105 
0.349425 
0.791466 
0.174923 
0.926251 
0.507151 
0.679797 
0.350662 
0.570915 
0.368559 
0.370577 
0.291815 
0.530092 
0.252077 
0.661463 
0.208268 
0.368672 
0.273340 
0.021944 
0.807234 
0.189451 
0.097757 
0.003567 
0.949855 
0.221034 
0.922723 
0.213481 
0.981534 
0.644967 
0.960444 
0.190511 
0.920670 
0.693128 
0.394037 
0.579962 
0.424810 
0.778914 
0.215593 
0.476044 
0.872492 
0.975508 
0.366716 
0.403074 
0.467085 
0.301545 
0.071680 
0.732195 
0.996459 
0.478521 
0.499800 
0.134587 
0.001489 
0.033206 
0.086097 
0.026624 
0.469767 
0.368104 
0.722532 
0.592174 
0.675163 
0.463410 
0.525555 
0.007001 
0.664038 
0.489045 
0.384714 
0.888928 
0.206796 
0.627727 
0.202866 
0.564866 
0.709344 
0.948293 
0.968120 
0.198496 
0.119815 
0.723308 
0.633981 
0.324560 
0.883078 
0.894842 
0.602054 
0.719421 
0.308193 
0.796850 
0.664539 
0.905742 
0.805141 
0.009365 
0.400871 
0.432322 
0.042700 
0.662393 
0.834076 
0.323430 
0.879816 
0.070687 
0.029995 
0.123547 
0.449662 
0.463813 
0.302596 
0.734661 
0.447055 
0.645881 
0.322003 
0.903390 
0.269047 
0.878816 
0.263793 
0.576091 
0.362293 
0.050860 
0.804487 
0.018732 
0.832679 
0.833521 
0.993239 
0.368757 
0.697042 
0.192523 
0.727000 
0.693599 
0.318682 
0.088111 
0.883036 
0.180544 
0.411206 
0.132875 
0.227952 
0.196626 
0.697521 
0.237709 
0.180162 
0.984997 
0.849644 
0.964714 
0.949254 
0.117184 
0.506693 
0.986922 
0.202571 
0.608701 
0.431936 
0.543934 
0.892328 
0.353896 
0.930685 
0.014421 
0.369054 
0.686118 
0.586330 
0.451740 
0.393196 
0.449515 
0.000620 
0.414534 
0.071607 
0.491034 
0.813250 
0.297290 
0.551328 
0.176707 
0.921007 
0.368654 
0.967243 
0.447512 
0.327478 
0.924141 
0.038335 
0.290830 
0.987871 
0.143093 
0.960995 
0.439628 
0.831781 
0.751239 
0.074793 
0.040696 
0.982661 
0.588866 
0.070476 
0.496201 
0.655293 
0.512163 
0.921646 
0.108491 
0.407013 
0.673763 
0.933462 
0.691654 
0.628243 
0.877011 
0.920835 
0.466855 
0.438457 
0.150991 
0.700765 
0.749991 
0.102901 
0.464387 
0.959068 
0.056108 
0.006581 
0.607353 
0.784677 
0.067930 
0.704228 
0.963348 
0.982578 
0.189433 
0.798578 
0.708540 
0.425204 
0.402441 
0.829539 
0.060666 
0.606990 
0.683435 
0.496739 
0.685178 
0.786753 
0.963472 
0.081751 
0.991893 
0.746887 
0.929624 
0.188088 
0.197480 
0.042411 
0.797295 
0.130371 
0.142599 
0.656959 
0.505661 
0.649957 
0.825814 
0.454580 
0.118349 
0.092385 
0.721733 
0.167102 
0.488743 
0.295508 
0.600659 
0.267565 
0.958342 
0.847997 
0.288528 
0.289026 
0.662044 
0.970075 
0.057210 
0.524898 
0.955541 
0.784157 
0.325680 
0.706428 
0.928323 
0.318966 
0.866063 
0.913470 
0.696113 
0.564844 
0.334712 
0.497451 
0.652558 
0.533981 
0.617694 
0.584977 
0.702292 
0.428293 
0.322724 
0.015299 
0.124609 
0.296523 
0.659005 
0.899064 
0.562993 
0.216887 
0.226424 
0.512588 
0.060500 
0.828097 
0.824075 
0.226197 
0.700136 
0.189300 
0.563101 
0.043961 
0.854604 
0.330659 
0.392448 
0.872438 
0.065082 
0.838897 
0.347154 
0.614539 
0.554352 
0.987453 
0.126080 
0.021675 
0.286223 
0.544601 
0.104917 
0.333760 
0.496423 
0.381623 
0.941543 
0.505676 
0.902553 
0.207926 
0.616353 
0.051357 
0.154973 
0.629472 
0.532091 
0.847479 
0.587006 
0.813875 
0.797116 
0.121750 
0.254543 
0.103395 
0.763297 
0.735784 
0.316446 
0.516170 
0.265026 
0.288757 
0.143983 
0.914972 
0.927576 
0.766190 
0.355357 
0.492359 
0.080320 
0.930621 
0.944086 
0.261147 
0.102255 
0.594288 
0.204351 
0.534874 
0.627802 
0.461941 
0.838072 
0.471158 
0.746917 
0.430206 
0.476556 
0.469493 
0.763499 
0.122567 
0.978888 
0.163296 
0.523114 
0.983075 
0.542274 
0.002192 
0.845153 
0.492852 
0.359147 
0.181372 
0.321168 
0.874497 
0.679196 
0.249096 
0.563919 
0.778754 
0.517452 
0.823582 
0.937665 
0.342528 
0.861619 
0.223588 
0.835645 
0.690405 
0.635768 
0.356319 
0.655244 
0.684250 
0.196728 
0.399483 
0.102808 
0.891553 
0.335936 
0.076928 
0.924169 
0.506719 
0.432837 
0.699588 
0.977538 
0.481852 
0.490052 
0.310928 
0.767949 
0.926793 
0.606440 
0.431493 
0.100485 
0.853545 
0.533300 
0.173766 
0.479633 
0.198835 
0.821841 
0.683464 
0.981152 
0.216575 
0.978171 
0.113388 
0.709911 
0.470731 
0.573408 
0.261274 
0.239127 
0.014274 
0.903497 
0.073644 
0.730468 
0.983380 
0.664860 
0.299128 
0.441084 
0.305049 
0.966283 
0.318640 
0.386774 
0.518765 
0.876412 
0.855584 
0.795196 
0.857347 
0.434478 
0.272513 
0.128189 
0.480371 
0.596829 
0.909710 
0.498118 
0.873286 
0.313144 
0.012968 
0.948316 
0.352708 
0.965405 
0.565347 
0.790791 
0.816028 
0.978976 
0.655519 
0.307028 
0.227437 
0.528327 
0.600281 
0.917374 
0.301647 
0.779253 
0.909887 
0.476866 
0.681604 
0.721193 
0.087778 
0.289944 
0.094861 
0.334515 
0.192046 
0.720038 
0.670994 
0.403677 
0.604394 
0.041620 
0.510992 
0.240472 
0.612665 
0.057551 
0.262112 
0.309593 
0.332856 
0.308688 
0.123019 
0.587371 
0.939418 
0.793139 
0.295326 
0.539797 
0.364773 
0.739252 
0.616002 
0.153045 
0.227090 
0.700821 
0.694767 
0.950073 
0.872067 
0.827043 
0.118707 
0.102677 
0.692289 
0.296703 
0.692154 
0.026547 
0.183636 
0.368765 
0.833120 
0.240045 
0.436737 
0.243443 
0.542639 
0.131484 
