0.000001 
0.013485 
0.639609 
0.907970 
0.254177 
0.957950 
0.266678 
0.057874 
0.683907 
0.427707 
0.475860 
0.774080 
0.954409 
0.753291 
0.567746 
0.114397 
0.673433 
0.390389 
0.263975 
0.625166 
0.169175 
0.328334 
0.309383 
0.806756 
0.142080 
0.945552 
0.898284 
0.455507 
0.702372 
0.766892 
0.151394 
0.482791 
0.267222 
0.206508 
0.781357 
0.269087 
0.547572 
0.036252 
0.295267 
0.557415 
0.478530 
0.648000 
0.934143 
0.143871 
0.032104 
0.566504 
0.237776 
0.306619 
0.350383 
0.879273 
0.936852 
0.670502 
0.131831 
0.685349 
0.664486 
0.013559 
0.891906 
0.269451 
0.661782 
0.565559 
0.352336 
0.717278 
0.292948 
0.571053 
0.693758 
0.984359 
0.121828 
0.566986 
0.332778 
0.997803 
0.069657 
0.718324 
0.876921 
0.411942 
0.507453 
0.754759 
0.240156 
0.308460 
0.294704 
0.089074 
0.062434 
0.329208 
0.004542 
0.340049 
0.208484 
0.989808 
0.703309 
0.514838 
0.884873 
0.065926 
0.009924 
0.794776 
0.792515 
0.799272 
0.370589 
0.488703 
0.626228 
0.015168 
0.922832 
0.033660 
0.724923 
0.774750 
0.221626 
0.866916 
0.258634 
0.859521 
0.961239 
0.545068 
0.951619 
0.857076 
0.881245 
0.086589 
0.308238 
0.547971 
0.740680 
0.615329 
0.834252 
0.279441 
0.570860 
0.445274 
0.726172 
0.776350 
0.115379 
0.168312 
0.827293 
0.307849 
0.019159 
0.997047 
0.366317 
0.683651 
0.120621 
0.284911 
0.497116 
0.027308 
0.959526 
0.758735 
0.050756 
0.053799 
0.199365 
0.722552 
0.926861 
0.757135 
0.169408 
0.239797 
0.265142 
0.234682 
0.305013 
0.355466 
0.320427 
0.413798 
0.710568 
0.524601 
0.966928 
0.151079 
0.181655 
0.067188 
0.230757 
0.325050 
0.110197 
0.075427 
0.694772 
0.031350 
0.891997 
0.788314 
0.200327 
0.890438 
0.583439 
0.855043 
0.702238 
0.519722 
0.969360 
0.037840 
0.972143 
0.815164 
0.468105 
0.442523 
0.479147 
0.017837 
0.793442 
0.372910 
0.494451 
0.230101 
0.313192 
0.811523 
0.274992 
0.786153 
0.872966 
0.937649 
0.072408 
0.966399 
0.261497 
0.984992 
0.761973 
0.478411 
0.658435 
0.318406 
0.448099 
0.206117 
0.208780 
0.966142 
0.953598 
0.114113 
0.902056 
0.851696 
0.456877 
0.737639 
0.491818 
0.984552 
0.370930 
0.216658 
0.371077 
0.682770 
0.322734 
0.186610 
0.355253 
0.741420 
0.051743 
0.641123 
0.360622 
0.976492 
0.896212 
0.631615 
0.553300 
0.305071 
0.329043 
0.226658 
0.449064 
0.411029 
0.170633 
0.832829 
0.360202 
0.915839 
0.502185 
0.222933 
0.832983 
0.948633 
0.671587 
0.361605 
0.498364 
0.006947 
0.758245 
0.831597 
0.647144 
0.557259 
0.857807 
0.167338 
0.447164 
0.477995 
0.660518 
0.331289 
0.971680 
0.025258 
0.514517 
0.485524 
0.198188 
0.942984 
0.737963 
0.937562 
0.608298 
0.666220 
0.151453 
0.470213 
0.863801 
0.907588 
0.833901 
0.380362 
0.752274 
0.467302 
0.941136 
0.667754 
0.942439 
0.571108 
0.620141 
0.717728 
0.857000 
0.607151 
0.392369 
0.539811 
0.599744 
0.898266 
0.154591 
0.205956 
0.497859 
0.512472 
0.115280 
0.505467 
0.388059 
0.111858 
0.001579 
0.540416 
0.764875 
0.255178 
0.770823 
0.215452 
0.101594 
0.491410 
0.121202 
0.044542 
0.618148 
0.220586 
0.388387 
0.626365 
0.316332 
0.584066 
0.399729 
0.247262 
0.727264 
0.134304 
0.254288 
0.814741 
0.343839 
0.909354 
0.510406 
0.389249 
0.104898 
0.015187 
0.250757 
0.466983 
0.587923 
0.215277 
0.168873 
0.256823 
0.428053 
0.291157 
0.480644 
0.177408 
0.688666 
0.403066 
0.329247 
0.658021 
0.350746 
0.986071 
0.899873 
0.169331 
0.950019 
0.969193 
0.233190 
0.221922 
0.847508 
0.065479 
0.508091 
0.484093 
0.156215 
0.512369 
0.392211 
0.882954 
0.809114 
0.781514 
0.901056 
0.048035 
0.328080 
0.041382 
0.515521 
0.358096 
0.517210 
0.744102 
0.128671 
0.579544 
0.397654 
0.366621 
0.797690 
0.778292 
0.759830 
0.463370 
0.852621 
0.993363 
0.451620 
0.374752 
0.459340 
0.121210 
0.169560 
0.802776 
0.260003 
0.865595 
0.050215 
0.970374 
0.074766 
0.584716 
0.328049 
0.511584 
0.196490 
0.411415 
0.655179 
0.598733 
0.905512 
0.941294 
0.329510 
0.075724 
0.696792 
0.988659 
0.387939 
0.095230 
0.528170 
0.961440 
0.926732 
0.588346 
0.338322 
0.182147 
0.351134 
0.507221 
0.868012 
0.680733 
0.082141 
0.548888 
0.158096 
0.113401 
0.937815 
0.851122 
0.800390 
0.153116 
0.421081 
0.105780 
0.842721 
0.614199 
0.841806 
0.240510 
0.245356 
0.703882 
0.151963 
0.044908 
0.769096 
0.188270 
0.256839 
0.689947 
0.940162 
0.301540 
0.986772 
0.678731 
0.434318 
0.583240 
0.508041 
0.646374 
0.614448 
0.029892 
0.399390 
0.543396 
0.855728 
0.219883 
0.579492 
0.519347 
0.669884 
0.746012 
0.225887 
0.489379 
0.987643 
0.317610 
0.079377 
0.091771 
0.399198 
0.322195 
0.138271 
0.914558 
0.982244 
0.581471 
0.791098 
0.981737 
0.049125 
0.636775 
0.281453 
0.382051 
0.130712 
0.881722 
0.106231 
0.422059 
0.543597 
0.237612 
0.539669 
0.217687 
0.662453 
0.851911 
0.075853 
0.863178 
0.437644 
0.474755 
0.203647 
0.696090 
0.177971 
0.158768 
0.415164 
0.659236 
0.783901 
0.027196 
0.075508 
0.061608 
0.448360 
0.583491 
0.740604 
0.334505 
0.017534 
0.690438 
0.183520 
0.423036 
0.960534 
0.689683 
0.510140 
0.915015 
0.661407 
0.275357 
0.932788 
0.363329 
0.467568 
0.419768 
0.035481 
0.332460 
0.650452 
0.138983 
0.893145 
0.091585 
0.262515 
0.081312 
0.614820 
0.280086 
0.397765 
0.242938 
0.061633 
0.865051 
0.918408 
0.679168 
0.784828 
0.610788 
0.515436 
0.932977 
0.538291 
0.059773 
0.608849 
0.927749 
0.681497 
0.918365 
0.963666 
0.337161 
0.661022 
0.803075 
0.286598 
0.851559 
0.146870 
0.438704 
0.291735 
0.187564 
0.391437 
0.880099 
0.823288 
0.009534 
0.233476 
0.035523 
0.032568 
0.363290 
0.813080 
0.440696 
0.784807 
0.256527 
0.457456 
0.458067 
0.740070 
0.350772 
0.421280 
0.453196 
0.870088 
0.566555 
0.089731 
0.115623 
0.278941 
0.156684 
0.380015 
0.910648 
0.267618 
0.861833 
0.833336 
0.878133 
0.777556 
0.377465 
0.056463 
0.981795 
0.025542 
0.291224 
0.601450 
0.572510 
0.171252 
0.229809 
0.392550 
0.584135 
0.563189 
0.523309 
0.258857 
0.604266 
0.899034 
0.068421 
0.949441 
0.259299 
0.034801 
0.900466 
0.140235 
0.933642 
0.728144 
0.922362 
0.141127 
0.916319 
0.565161 
0.661487 
0.615279 
0.991345 
0.528121 
0.122054 
0.367416 
0.161936 
0.653023 
0.363168 
0.759441 
0.925088 
0.948263 
0.461911 
0.334359 
0.567575 
0.232775 
0.249066 
0.044388 
0.037301 
0.924955 
0.710524 
0.782912 
0.393821 
0.945905 
0.825952 
0.781633 
0.906587 
0.000860 
0.458708 
0.513638 
0.718409 
0.306470 
0.841249 
0.864394 
0.870556 
0.438208 
0.955517 
0.370212 
0.160527 
0.985331 
0.464195 
0.727012 
0.895738 
0.676674 
0.862373 
0.898643 
0.492752 
0.689070 
0.201222 
0.945860 
0.064196 
0.945637 
0.329367 
0.666220 
0.157957 
0.778115 
0.771824 
0.045848 
0.563476 
0.335446 
0.846350 
0.603882 
0.436449 
0.397551 
0.632665 
0.206114 
0.152344 
0.447152 
0.283619 
0.788012 
0.117507 
0.937004 
0.218150 
0.444165 
0.085435 
0.914080 
0.937449 
0.705199 
0.279966 
0.383281 
0.810883 
0.518516 
0.697045 
0.229800 
0.241485 
0.641749 
0.869260 
0.658463 
0.785640 
0.254052 
0.843852 
0.621656 
0.170216 
0.817021 
0.677701 
0.125653 
0.847125 
0.622765 
0.811665 
0.649230 
0.615715 
0.325928 
0.876270 
0.472619 
0.301000 
0.904451 
0.100960 
0.836833 
0.654095 
0.382671 
0.546702 
0.419357 
0.139855 
0.544234 
0.935593 
0.515349 
0.466675 
0.407531 
0.380239 
0.672033 
0.854751 
0.802102 
0.921339 
0.943502 
0.438342 
0.208196 
0.154849 
0.551626 
0.170103 
0.923674 
0.187531 
0.841713 
0.665860 
0.105458 
0.424267 
0.662720 
0.342275 
0.618725 
0.905577 
0.033534 
0.611686 
0.598884 
0.450553 
0.451545 
0.113024 
0.594824 
0.209192 
0.888542 
0.732597 
0.754779 
0.567792 
0.874885 
0.200307 
0.559546 
0.297294 
0.617626 
0.433311 
0.653692 
0.593921 
0.038511 
0.250779 
0.842422 
0.587158 
0.358189 
0.074352 
0.633969 
0.119181 
0.068442 
0.299977 
0.705292 
0.841577 
0.381225 
0.252032 
0.896639 
0.809460 
0.594166 
0.147848 
0.876435 
0.239710 
0.801376 
0.722166 
0.441603 
0.021293 
0.864014 
0.477180 
0.955998 
0.456605 
0.160144 
0.538751 
0.788102 
0.623120 
0.782073 
0.303218 
0.180594 
0.248267 
0.625468 
0.239582 
0.662836 
0.284631 
0.798524 
0.790045 
0.281925 
0.317434 
0.108707 
0.030450 
0.775842 
0.574321 
0.612432 
0.138285 
0.163179 
0.543160 
0.895742 
0.729839 
0.398568 
0.725597 
0.103099 
0.776914 
0.590975 
0.519938 
0.592218 
0.406122 
0.698209 
0.795832 
0.553372 
0.525711 
0.620171 
0.210735 
0.816889 
0.453212 
0.140129 
0.146397 
0.495768 
0.379775 
0.879700 
0.124449 
0.607453 
0.458839 
0.710805 
0.505515 
0.189018 
0.820635 
0.405858 
0.253567 
0.696719 
0.757266 
0.363891 
0.909441 
0.975064 
0.897073 
0.107315 
0.635476 
0.442635 
0.364949 
0.705579 
0.673851 
0.415447 
0.424141 
0.540843 
0.948692 
0.659376 
0.140460 
0.712894 
0.616047 
0.909581 
0.327381 
0.289291 
0.109769 
0.895077 
0.561813 
0.394870 
0.576563 
0.289747 
0.781075 
0.525024 
0.075760 
0.291729 
0.096700 
0.237717 
0.302308 
0.895257 
0.581907 
0.117323 
0.847529 
0.413205 
0.732018 
0.028558 
0.981577 
0.360728 
0.748859 
0.075252 
0.768485 
0.920825 
0.306423 
0.045338 
0.997491 
0.831710 
0.554392 
0.658541 
0.096800 
0.911237 
0.159085 
0.736907 
0.198267 
0.268466 
0.109300 
0.010534 
0.053291 
0.658315 
0.298209 
0.993459 
0.071115 
0.226177 
0.357451 
0.675708 
0.628464 
0.589285 
0.108347 
0.983727 
0.496882 
0.101945 
0.392656 
0.375756 
0.325189 
0.449271 
0.905707 
0.213022 
0.254928 
0.569009 
0.339291 
0.471819 
0.867233 
0.579548 
0.455545 
0.351640 
0.010258 
0.413318 
0.639085 
0.104471 
0.841647 
0.555674 
0.207134 
0.298103 
0.224207 
0.244114 
0.820226 
0.532678 
0.715717 
0.057925 
0.542209 
0.913857 
0.200334 
0.016747 
0.471802 
0.569338 
0.856717 
0.850167 
0.751668 
0.290901 
0.169809 
0.979858 
0.476753 
0.782551 
0.339975 
0.967558 
0.752733 
0.190238 
0.325871 
0.910011 
0.554219 
0.756711 
0.041863 
0.592295 
0.697771 
0.431688 
0.386997 
0.253845 
0.365039 
0.206364 
0.360105 
0.292032 
0.173439 
0.986289 
0.562262 
0.934982 
0.238567 
0.591678 
0.325773 
0.267960 
0.610889 
0.204061 
0.657684 
0.698213 
0.870887 
0.000760 
0.780751 
0.074936 
0.448541 
0.635486 
0.611082 
0.452764 
0.598929 
0.200640 
0.164698 
0.082709 
0.082118 
0.153993 
0.155919 
0.535659 
0.828108 
0.014623 
0.776725 
0.422916 
0.944062 
0.847031 
0.043271 
0.249875 
0.649921 
0.222041 
0.840375 
0.190163 
0.069308 
0.860436 
0.341714 
0.184780 
0.598060 
0.600134 
0.449414 
0.307072 
0.952558 
0.635937 
0.188987 
0.310747 
0.718960 
0.566826 
0.640624 
0.971748 
0.172901 
0.952695 
0.938760 
0.736233 
0.865144 
0.475127 
0.465995 
0.972650 
0.332579 
0.648328 
0.447852 
0.041769 
0.004011 
0.419045 
0.887602 
0.929224 
0.470684 
0.787765 
0.971949 
0.554464 
0.879431 
0.597137 
0.074683 
0.203714 
0.827642 
0.174456 
0.087462 
0.968538 
0.211956 
0.340979 
0.831897 
0.694002 
0.094557 
0.216641 
0.080859 
0.998511 
0.966176 
0.522418 
0.280556 
0.296873 
0.543284 
0.979692 
0.691301 
0.694524 
0.872174 
0.633706 
0.696335 
0.302068 
0.864692 
0.884089 
0.887603 
0.946888 
0.351472 
0.188978 
0.145297 
0.010119 
0.070315 
0.776835 
0.272349 
0.375702 
0.429508 
0.738645 
0.410213 
0.457324 
0.241209 
0.003889 
0.365233 
0.478162 
0.469363 
0.585764 
0.943789 
0.264355 
0.012188 
0.842701 
0.275724 
0.095545 
0.821535 
0.544451 
0.586399 
0.605073 
0.459346 
0.227820 
0.977311 
0.658475 
0.992100 
0.220903 
0.712252 
0.812136 
0.569939 
0.960357 
0.714677 
0.576884 
0.686311 
0.821360 
0.596469 
0.853126 
0.481546 
0.338204 
0.194203 
0.963719 
0.221752 
0.982603 
0.605827 
0.135059 
0.934102 
0.446823 
0.750540 
0.334088 
0.022427 
0.925386 
0.969411 
0.897574 
0.529709 
0.815413 
0.643747 
0.456320 
0.364724 
0.915973 
0.761454 
0.762387 
0.443763 
0.316816 
0.721080 
0.185759 
0.055905 
0.600224 
0.968904 
0.368640 
0.725862 
0.559050 
0.948131 
0.236772 
0.431198 
0.151606 
0.037817 
0.597495 
0.101246 
0.641332 
0.860708 
0.911492 
0.441588 
0.767663 
0.118913 
0.575503 
0.481173 
0.068742 
0.349793 
0.963873 
0.819222 
0.664496 
0.189394 
0.151393 
0.454225 
0.154296 
0.247082 
0.708376 
0.668671 
0.346542 
0.323403 
0.439051 
0.125534 
0.849459 
0.865417 
0.064385 
0.120357 
0.843900 
0.431536 
0.832071 
0.611367 
0.252003 
0.412147 
0.962685 
0.846696 
0.411431 
0.920603 
0.571280 
0.504409 
0.601868 
0.597600 
0.857569 
0.167907 
0.006667 
0.046247 
0.270103 
0.617626 
0.448283 
0.285480 
0.066903 
0.436213 
0.434504 
0.711345 
0.583508 
0.026392 
0.568376 
0.701479 
0.758655 
0.711961 
0.936684 
0.841739 
0.113685 
0.697695 
0.160803 
0.623269 
0.283600 
0.463366 
0.798517 
0.672634 
0.952028 
0.726390 
0.439427 
0.456355 
0.950129 
0.810989 
0.283949 
0.333605 
0.900354 
0.244994 
0.611328 
0.587716 
0.747765 
0.694148 
0.540798 
0.193854 
0.102786 
0.518345 
0.824971 
0.281534 
0.733978 
0.968236 
0.145078 
0.330019 
0.634649 
0.553443 
0.724617 
0.630861 
0.878831 
0.513298 
0.000777 
0.059964 
0.817066 
0.424016 
0.437592 
0.615044 
0.040695 
0.962657 
0.378279 
0.743273 
0.186464 
0.902234 
0.852483 
0.675607 
0.930275 
0.125400 
0.598721 
0.702152 
0.063407 
0.680818 
0.510696 
0.272895 
0.553161 
0.980632 
0.474427 
0.690361 
0.901232 
0.008751 
0.073335 
0.534769 
0.860427 
0.204009 
0.777398 
0.722416 
0.651063 
0.409872 
0.720188 
0.202535 
0.011243 
0.968727 
0.389243 
0.999907 
0.435759 
0.805359 
0.675464 
0.515433 
0.877793 
0.065347 
0.286646 
0.666769 
0.385958 
0.800274 
0.206776 
0.288548 
0.618203 
0.141413 
0.729927 
0.881758 
0.714903 
0.378918 
0.480715 
0.375672 
0.913257 
0.111526 
0.416345 
0.518672 
0.315928 
0.799081 
0.161214 
0.524843 
0.040545 
0.438270 
0.996252 
0.002204 
0.045062 
0.362574 
0.785892 
0.481692 
0.794713 
0.748994 
0.339828 
0.490559 
0.832013 
0.639395 
0.311018 
0.275973 
0.285501 
0.417947 
0.432163 
0.355626 
0.004363 
0.325175 
0.221735 
0.707592 
0.499489 
0.919642 
0.427116 
0.538867 
0.743692 
0.233319 
0.395141 
0.128982 
0.795741 
0.018073 
0.757811 
0.524116 
0.814355 
0.867926 
0.229630 
0.397766 
0.254889 
0.919835 
0.674378 
0.277159 
0.214740 
0.135506 
0.447917 
0.141859 
0.218588 
0.814343 
0.667446 
0.757649 
0.811833 
0.473110 
0.554282 
0.815861 
0.182270 
0.416153 
0.278774 
0.354695 
0.352642 
0.848801 
0.806037 
0.068262 
0.284406 
0.011680 
0.310487 
0.357544 
0.240552 
0.951514 
0.095431 
0.908974 
0.129011 
0.291393 
0.437734 
0.998471 
0.295621 
0.496268 
0.772155 
0.612220 
0.579150 
0.775567 
0.955628 
0.244448 
0.435419 
0.081075 
0.621838 
0.226726 
0.584803 
0.780231 
0.348174 
0.764024 
0.943394 
0.616081 
0.475756 
0.034051 
0.289509 
0.777613 
0.342566 
0.507271 
0.696496 
0.007910 
0.950338 
0.334553 
0.832314 
0.694948 
0.986798 
0.112320 
0.759319 
0.873695 
0.184000 
0.484094 
0.172330 
0.348675 
0.183569 
0.243576 
0.776856 
0.618478 
0.765921 
0.830487 
0.999380 
0.574055 
0.146298 
0.836406 
0.474857 
0.928078 
0.206178 
0.232242 
0.294236 
0.217186 
0.250515 
0.406459 
0.363451 
0.528384 
0.555528 
0.762106 
0.709247 
0.321105 
0.815050 
0.540353 
0.712236 
0.554210 
0.610593 
0.231358 
0.440929 
0.699808 
0.667366 
0.418988 
0.930860 
0.960775 
0.742467 
0.643738 
0.308245 
0.669772 
0.863277 
0.100958 
0.806255 
0.735957 
0.232677 
0.600637 
0.897761 
0.666314 
0.740918 
0.611144 
0.504291 
0.621531 
0.064915 
0.020473 
0.090426 
0.781515 
0.927493 
0.382684 
0.762858 
0.361528 
0.203249 
0.002227 
0.433923 
0.949116 
0.791930 
0.972147 
0.867672 
0.955126 
0.798629 
0.562882 
0.353233 
0.790623 
0.995240 
0.997836 
0.629688 
0.167830 
0.726961 
0.039432 
0.732660 
0.817255 
0.611759 
0.831005 
0.707616 
0.908629 
0.320593 
0.206544 
0.391814 
0.216562 
0.762703 
0.746542 
0.139785 
0.373949 
0.958594 
0.095916 
0.053798 
0.189754 
0.194148 
0.043526 
0.534773 
0.931240 
0.357916 
0.494353 
0.588810 
0.129027 
0.552590 
0.379876 
0.570494 
0.285123 
0.070049 
0.316040 
0.679241 
0.010211 
0.613815 
0.396337 
0.242782 
0.437420 
0.718536 
0.431454 
0.455334 
0.799055 
0.719776 
0.267441 
0.877952 
0.736229 
0.792993 
0.828258 
0.540529 
0.677084 
0.751417 
0.063589 
0.743535 
0.587944 
0.570446 
0.485237 
0.381950 
0.429690 
0.801158 
0.067478 
0.109136 
0.248382 
0.553259 
0.627558 
0.365799 
0.985127 
0.024443 
0.816821 
0.311791 
0.274493 
0.399392 
0.584578 
0.007569 
0.215089 
0.996486 
0.940551 
0.833123 
0.294783 
0.412028 
0.947066 
0.341662 
0.305542 
0.248327 
0.631422 
0.317644 
0.637319 
0.420688 
0.502617 
0.490100 
0.114626 
0.514952 
0.792934 
0.847137 
0.831870 
0.238288 
0.912229 
0.829940 
0.800977 
0.027810 
0.410675 
0.208505 
0.345822 
0.225754 
0.245339 
0.420724 
0.114788 
0.244351 
0.807323 
0.669621 
0.313477 
0.615732 
0.614706 
0.357577 
0.797797 
0.573568 
0.949977 
0.257017 
0.689082 
0.404418 
0.061453 
0.845176 
0.879013 
0.565152 
0.503575 
0.577327 
0.142759 
0.344409 
0.477505 
0.427914 
0.942714 
0.199631 
0.199587 
0.460880 
0.003670 
0.684124 
0.074122 
0.772885 
0.872165 
0.471974 
0.467943 
0.718085 
0.859716 
0.249128 
0.096018 
0.769894 
0.612098 
0.528751 
0.716603 
0.939688 
0.330986 
0.877958 
0.839685 
0.591014 
0.175013 
0.436623 
0.327195 
0.172901 
0.946371 
0.656227 
0.207132 
0.275837 
0.999200 
0.546972 
0.960600 
0.809887 
0.776832 
0.215992 
0.172090 
0.315583 
0.999045 
0.953337 
0.732223 
0.472928 
0.499063 
0.751815 
0.754618 
0.870903 
0.268469 
0.162332 
0.310587 
0.034954 
0.471609 
0.329009 
0.660906 
0.845434 
0.213499 
0.269897 
0.154771 
0.238541 
0.154622 
0.729532 
0.244348 
0.752921 
0.350455 
0.100883 
0.538665 
0.349638 
0.372273 
0.790670 
0.784921 
0.160660 
0.206698 
0.966142 
0.941216 
0.021332 
0.534436 
0.267187 
0.619108 
0.344206 
0.067235 
0.020570 
0.724016 
0.532497 
0.670790 
0.966070 
0.735556 
0.493531 
0.778947 
0.755714 
0.293417 
0.462593 
0.797063 
0.232072 
0.433400 
0.157184 
0.792251 
0.354536 
0.693022 
0.625332 
0.960606 
0.911231 
0.059651 
0.549309 
0.232648 
0.118540 
0.301549 
0.134072 
0.351442 
0.682087 
0.837373 
0.720216 
0.677220 
0.041170 
0.942728 
0.437044 
0.398390 
0.748328 
0.155422 
0.178271 
0.201040 
0.871318 
0.233351 
0.928445 
0.376941 
0.253606 
0.355363 
0.582902 
0.840991 
0.528593 
0.067463 
0.845317 
0.241081 
0.853453 
0.990261 
0.314993 
0.089915 
0.197475 
0.966080 
0.909247 
0.711663 
0.927862 
0.578092 
0.996717 
0.823815 
0.858230 
0.276733 
0.058535 
0.796624 
0.853856 
0.762082 
0.306949 
0.884181 
0.434673 
0.547622 
0.877932 
0.395155 
0.376185 
0.548317 
0.567780 
0.680878 
0.510077 
0.859215 
0.819174 
0.850577 
0.654041 
0.464700 
0.216455 
0.959907 
0.148582 
0.209423 
0.774710 
0.558224 
0.066304 
0.373498 
0.381088 
0.946360 
0.469639 
0.214725 
0.889351 
0.321404 
0.843265 
0.754639 
0.219192 
0.963117 
0.110380 
0.158758 
0.242553 
0.593319 
0.908520 
0.498536 
0.894087 
0.916754 
0.879349 
0.222161 
0.858373 
0.682685 
0.879215 
0.962352 
0.242812 
0.935138 
0.864173 
0.151919 
0.310474 
0.131518 
0.429230 
0.069809 
0.279621 
0.591158 
0.587710 
0.642876 
0.824711 
0.918270 
0.364786 
0.956270 
0.027330 
0.333024 
0.136598 
0.803547 
0.214045 
0.450236 
0.111801 
0.037081 
0.218018 
0.231784 
0.588870 
0.134786 
0.342206 
0.464226 
0.240297 
0.670036 
0.296125 
0.972625 
0.905141 
0.712029 
0.063180 
0.864814 
0.921340 
0.963084 
0.545888 
0.732712 
0.697479 
0.535254 
0.005987 
0.629304 
0.707053 
0.441320 
0.267485 
0.627655 
0.004030 
0.738016 
0.841696 
0.379736 
0.215461 
0.249293 
0.872547 
0.904843 
0.689832 
0.001453 
0.418350 
0.214385 
0.161302 
0.998102 
0.108398 
0.850936 
0.673035 
0.705276 
0.579174 
0.182264 
0.316789 
0.275016 
0.189524 
0.330567 
0.835955 
0.900208 
0.789815 
0.417961 
0.664512 
0.449480 
0.415168 
0.730292 
0.015480 
0.167916 
0.160056 
0.055357 
0.378812 
0.701562 
0.153369 
0.666573 
0.094336 
0.505799 
0.964762 
0.757413 
0.840725 
0.067868 
0.658195 
0.280273 
0.553240 
0.306051 
0.793462 
0.718491 
0.677024 
0.738708 
0.468417 
0.681659 
0.636823 
0.088227 
0.823404 
0.949745 
0.371921 
0.884132 
0.610822 
0.090815 
0.328085 
0.130368 
0.100172 
0.590609 
0.369210 
0.307592 
0.694620 
0.476830 
0.089485 
0.966755 
0.255917 
0.196913 
0.523980 
0.539355 
0.937517 
0.852153 
0.142818 
0.343249 
0.987717 
0.557159 
0.165801 
0.618306 
0.865742 
0.530024 
0.113160 
0.887919 
0.254967 
0.225524 
0.386650 
0.424272 
0.733549 
0.759258 
0.846891 
0.689271 
0.577033 
0.192322 
0.352661 
0.176241 
0.084018 
0.083732 
0.288625 
0.927359 
0.124925 
0.610197 
0.582576 
0.354541 
0.776811 
0.868892 
0.471186 
0.219543 
0.865694 
0.726358 
0.892309 
0.044199 
0.848870 
0.956216 
0.124683 
0.553766 
0.152368 
0.849232 
0.037485 
0.011440 
0.268034 
0.853826 
0.246347 
0.361323 
0.760265 
0.766930 
0.784978 
0.124430 
0.296081 
0.227938 
0.953062 
0.110016 
0.044477 
0.529407 
0.735802 
0.620806 
0.889213 
0.000401 
0.733738 
0.929078 
0.018769 
0.445656 
0.136164 
0.513284 
0.764389 
0.092611 
0.513914 
0.355431 
0.735954 
0.171780 
0.105107 
0.532749 
0.909638 
0.279044 
0.889716 
0.450132 
0.375169 
0.459581 
0.175050 
0.060761 
0.202724 
0.186135 
0.377092 
0.777876 
0.764324 
0.989891 
0.102640 
0.076745 
0.849666 
0.333563 
0.193672 
0.040413 
0.228760 
0.774054 
0.530063 
0.774418 
0.647177 
0.104244 
0.033821 
0.423306 
0.504884 
0.580218 
0.718051 
0.279516 
