0.000001 
0.014174 
0.214934 
0.401238 
0.615389 
0.841467 
0.535086 
0.197800 
0.424002 
0.205791 
0.728835 
0.522262 
0.663050 
0.878242 
0.610092 
0.819021 
0.287050 
0.451535 
0.941415 
0.365744 
0.051292 
0.067100 
0.745382 
0.636700 
0.020492 
0.408239 
0.268016 
0.548417 
0.247241 
0.374835 
0.856167 
0.591024 
0.340650 
0.302372 
0.958234 
0.044293 
0.432184 
0.708446 
0.859390 
0.768705 
0.628333 
0.387422 
0.398568 
0.737986 
0.327417 
0.900139 
0.634134 
0.890474 
0.204610 
0.877750 
0.341056 
0.122043 
0.172226 
0.609499 
0.856288 
0.628878 
0.544540 
0.082981 
0.655535 
0.575872 
0.681997 
0.326750 
0.690962 
0.004746 
0.768656 
0.808865 
0.591777 
0.987703 
0.317273 
0.401057 
0.559575 
0.780549 
0.681430 
0.795140 
0.923387 
0.372530 
0.111389 
0.114696 
0.702095 
0.102329 
0.840434 
0.177131 
0.036695 
0.736407 
0.792550 
0.395556 
0.103130 
0.302595 
0.721129 
0.018219 
0.204279 
0.315925 
0.748836 
0.688614 
0.538675 
0.506698 
0.072605 
0.278275 
0.975768 
0.733580 
0.279649 
0.057500 
0.398354 
0.141605 
0.951472 
0.386878 
0.266862 
0.156772 
0.860349 
0.888662 
0.747496 
0.158336 
0.157991 
0.351349 
0.125579 
0.602067 
0.933738 
0.338983 
0.292993 
0.339752 
0.203771 
0.783500 
0.279136 
0.432277 
0.285100 
0.672963 
0.483283 
0.532009 
0.478467 
0.602491 
0.064101 
0.340089 
0.878280 
0.256793 
0.917993 
0.710428 
0.170586 
0.031010 
0.182269 
0.394975 
0.337519 
0.686693 
0.245385 
0.180657 
0.302479 
0.765531 
0.276482 
0.835606 
0.031511 
0.600922 
0.699849 
0.359287 
0.543300 
0.241790 
0.760288 
0.161159 
0.606442 
0.475720 
0.420526 
0.779221 
0.365196 
0.841424 
0.817995 
0.047961 
0.086356 
0.387453 
0.930707 
0.386815 
0.200089 
0.898559 
0.076907 
0.582430 
0.909200 
0.926444 
0.741578 
0.696116 
0.628981 
0.286885 
0.683066 
0.290389 
0.561492 
0.988226 
0.115607 
0.998647 
0.262339 
0.131006 
0.814824 
0.741778 
0.057534 
0.977451 
0.017163 
0.456077 
0.286090 
0.313060 
0.603846 
0.832637 
0.125658 
0.926453 
0.889786 
0.627211 
0.526968 
0.744434 
0.696241 
0.720500 
0.445389 
0.649369 
0.951644 
0.278018 
0.641180 
0.318844 
0.805583 
0.433835 
0.460517 
0.910012 
0.573049 
0.236629 
0.028268 
0.104512 
0.535744 
0.247491 
0.576343 
0.602353 
0.752191 
0.077472 
0.066104 
0.007823 
0.476062 
0.166787 
0.190956 
0.393647 
0.023985 
0.113514 
0.823829 
0.090384 
0.082143 
0.579207 
0.735487 
0.328420 
0.748426 
0.791399 
0.048278 
0.403959 
0.342994 
0.700056 
0.843000 
0.301247 
0.060832 
0.400260 
0.177713 
0.814257 
0.210512 
0.077622 
0.591869 
0.540501 
0.203667 
0.030612 
0.497650 
0.997055 
0.497753 
0.729265 
0.756402 
0.855226 
0.790101 
0.227883 
0.026811 
0.612790 
0.154595 
0.286293 
0.733254 
0.801104 
0.158884 
0.361159 
0.004107 
0.024844 
0.547898 
0.518022 
0.387452 
0.904003 
0.579882 
0.074730 
0.984309 
0.275093 
0.493687 
0.392970 
0.640030 
0.982241 
0.523955 
0.119893 
0.038224 
0.429305 
0.330347 
0.150393 
0.651166 
0.153908 
0.732436 
0.048139 
0.065291 
0.352679 
0.473283 
0.469229 
0.328131 
0.895732 
0.575088 
0.501883 
0.141561 
0.214040 
0.370328 
0.110984 
0.306741 
0.400171 
0.678290 
0.015577 
0.809254 
0.133447 
0.847922 
0.025829 
0.113825 
0.054966 
0.816441 
0.923893 
0.868735 
0.824206 
0.429602 
0.322859 
0.289289 
0.086643 
0.200913 
0.748086 
0.083730 
0.249376 
0.265352 
0.764234 
0.479785 
0.754880 
0.274222 
0.848061 
0.362337 
0.799711 
0.734670 
0.602776 
0.853252 
0.601099 
0.665064 
0.738770 
0.509747 
0.310522 
0.947363 
0.322879 
0.635411 
0.345323 
0.846287 
0.550170 
0.714805 
0.719392 
0.813504 
0.556337 
0.363334 
0.548203 
0.653599 
0.037116 
0.804769 
0.751299 
0.075480 
0.593826 
0.434763 
0.053384 
0.222219 
0.836724 
0.826967 
0.833726 
0.439393 
0.876859 
0.366143 
0.770512 
0.993581 
0.116278 
0.286361 
0.873431 
0.752232 
0.764643 
0.346978 
0.666322 
0.874945 
0.195766 
0.245434 
0.005040 
0.703855 
0.696539 
0.729478 
0.339792 
0.878443 
0.998527 
0.235935 
0.366900 
0.484801 
0.049620 
0.964423 
0.064927 
0.225133 
0.803585 
0.860691 
0.628443 
0.245942 
0.545581 
0.578242 
0.515595 
0.603240 
0.653152 
0.528442 
0.530060 
0.715947 
0.928362 
0.976882 
0.458685 
0.119275 
0.660803 
0.109890 
0.919751 
0.256068 
0.736116 
0.907041 
0.641298 
0.303619 
0.920194 
0.699149 
0.592623 
0.214187 
0.841661 
0.798346 
0.799331 
0.352329 
0.588847 
0.757844 
0.087716 
0.245093 
0.273993 
0.001581 
0.564834 
0.162774 
0.743783 
0.759234 
0.449233 
0.254255 
0.270612 
0.179119 
0.449328 
0.859984 
0.747068 
0.967468 
0.238245 
0.181316 
0.384367 
0.064332 
0.233340 
0.745605 
0.391135 
0.802069 
0.370981 
0.074702 
0.516480 
0.472269 
0.429947 
0.122684 
0.945646 
0.477919 
0.384977 
0.302577 
0.416269 
0.226757 
0.110163 
0.517336 
0.866637 
0.571429 
0.009739 
0.689382 
0.439709 
0.185900 
0.419344 
0.907639 
0.686522 
0.370078 
0.907284 
0.729974 
0.669514 
0.519431 
0.077019 
0.451094 
0.529186 
0.031198 
0.340326 
0.865557 
0.419105 
0.894676 
0.817189 
0.496728 
0.510791 
0.861758 
0.565683 
0.439512 
0.872309 
0.898297 
0.681485 
0.724467 
0.114965 
0.215303 
0.604004 
0.494768 
0.572757 
0.321192 
0.273509 
0.870249 
0.275238 
0.923594 
0.850819 
0.713649 
0.299250 
0.497526 
0.911186 
0.309532 
0.310004 
0.240542 
0.796646 
0.225679 
0.990859 
0.360201 
0.893299 
0.673355 
0.079605 
0.920603 
0.578989 
0.069130 
0.873110 
0.367980 
0.633298 
0.842705 
0.345614 
0.727993 
0.377063 
0.290129 
0.197829 
0.910607 
0.567769 
0.489742 
0.094215 
0.466036 
0.665652 
0.609105 
0.232792 
0.541083 
0.982340 
0.183083 
0.078677 
0.321687 
0.588072 
0.722541 
0.746221 
0.733447 
0.042966 
0.136102 
0.464535 
0.437703 
0.468226 
0.478936 
0.480084 
0.767067 
0.099118 
0.875317 
0.455774 
0.192196 
0.233656 
0.057026 
0.431823 
0.643214 
0.493562 
0.289742 
0.700995 
0.630376 
0.722103 
0.383580 
0.822327 
0.847322 
0.941795 
0.751474 
0.021083 
0.339612 
0.854272 
0.744886 
0.294597 
0.286724 
0.962127 
0.468349 
0.548361 
0.307411 
0.659546 
0.991051 
0.589932 
0.986945 
0.588481 
0.605496 
0.574768 
0.123289 
0.112037 
0.012415 
0.653665 
0.154745 
0.795529 
0.458124 
0.690269 
0.353630 
0.463448 
0.165713 
0.140382 
0.401367 
0.776586 
0.080898 
0.655573 
0.221180 
0.367243 
0.252381 
0.770290 
0.261773 
0.610447 
0.778606 
0.024276 
0.014253 
0.550622 
0.297852 
0.997701 
0.366232 
0.255659 
0.867335 
0.293428 
0.652695 
0.849937 
0.885348 
0.045105 
0.073381 
0.310886 
0.068264 
0.316995 
0.735030 
0.651049 
0.176693 
0.683328 
0.697566 
0.989213 
0.701655 
0.719245 
0.352611 
0.340385 
0.848244 
0.435322 
0.454536 
0.386404 
0.283825 
0.245185 
0.830814 
0.498398 
0.575525 
0.847016 
0.802649 
0.120579 
0.564290 
0.023735 
0.911661 
0.289979 
0.682583 
0.164716 
0.373716 
0.051694 
0.826688 
0.143775 
0.419848 
0.387533 
0.274588 
0.003493 
0.701174 
0.630012 
0.604778 
0.502233 
0.034340 
0.144707 
0.086017 
0.682664 
0.537711 
0.310966 
0.404578 
0.736632 
0.565768 
0.867824 
0.518645 
0.869598 
0.330561 
0.745295 
0.166470 
0.857763 
0.414832 
0.088834 
0.026266 
0.450334 
0.761412 
0.045915 
0.685409 
0.671990 
0.136103 
0.476243 
0.218234 
0.853788 
0.619534 
0.499871 
0.330010 
0.477864 
0.456934 
0.683197 
0.492768 
0.952764 
0.103918 
0.555980 
0.363091 
0.472168 
0.721232 
0.740474 
0.146862 
0.311916 
0.379567 
0.381345 
0.259300 
0.050853 
0.684470 
0.886751 
0.625063 
0.433748 
0.007653 
0.629635 
0.267853 
0.802089 
0.716617 
0.178040 
0.314324 
0.838045 
0.029453 
0.017230 
0.577032 
0.180410 
0.152148 
0.144941 
0.018517 
0.211997 
0.032744 
0.325453 
0.892826 
0.721067 
0.979988 
0.664379 
0.225093 
0.139635 
0.852434 
0.850935 
0.662000 
0.236995 
0.175670 
0.485578 
0.114984 
0.542563 
0.856615 
0.131316 
0.028023 
0.983224 
0.051886 
0.040876 
0.003374 
0.702804 
0.034263 
0.853019 
0.694848 
0.313473 
0.543988 
0.807802 
0.723589 
0.352038 
0.696302 
0.751116 
0.999020 
0.536223 
0.294266 
0.731676 
0.281632 
0.389130 
0.105824 
0.581037 
0.494519 
0.381086 
0.918005 
0.908232 
0.656643 
0.199923 
0.105703 
0.554133 
0.311995 
0.692323 
0.872239 
0.718018 
0.730731 
0.397037 
0.005870 
0.653764 
0.807032 
0.790286 
0.342535 
0.988821 
0.107258 
0.688947 
0.130999 
0.701678 
0.099974 
0.271391 
0.272494 
0.801212 
0.963120 
0.162073 
0.965848 
0.015706 
0.977440 
0.836123 
0.723962 
0.623777 
0.818209 
0.632110 
0.868739 
0.889595 
0.427822 
0.405326 
0.311142 
0.356911 
0.604915 
0.805855 
0.998439 
0.770847 
0.624497 
0.924091 
0.203574 
0.470347 
0.124205 
0.520022 
0.007452 
0.252814 
0.053016 
0.040538 
0.320146 
0.696415 
0.651076 
0.638621 
0.306660 
0.034892 
0.437299 
0.689542 
0.128341 
0.019950 
0.293704 
0.280709 
0.879426 
0.514154 
0.379516 
0.520483 
0.760293 
0.243438 
0.463209 
0.154472 
0.209363 
0.761188 
0.283121 
0.421475 
0.722764 
0.491076 
0.512771 
0.144794 
0.555026 
0.325499 
0.656687 
0.940728 
0.815040 
0.375905 
0.840232 
0.775180 
0.454021 
0.726166 
0.670506 
0.198332 
0.361935 
0.042909 
0.163730 
0.815123 
0.765657 
0.399886 
0.879058 
0.333897 
0.802815 
0.910100 
0.051967 
0.406304 
0.743582 
0.385341 
0.429529 
0.089094 
0.409291 
0.952441 
0.676817 
0.255246 
0.919679 
0.041987 
0.673655 
0.120225 
0.622284 
0.720381 
0.438496 
0.808969 
0.345689 
0.000639 
0.736793 
0.271571 
0.295781 
0.191082 
0.521058 
0.414785 
0.285825 
0.854589 
0.077461 
0.881926 
0.529054 
0.816014 
0.753233 
0.579558 
0.627115 
0.923031 
0.390132 
0.941510 
0.962464 
0.127754 
0.153723 
0.627997 
0.742943 
0.635768 
0.356750 
0.889822 
0.242543 
0.422485 
0.701681 
0.145563 
0.479007 
0.673495 
0.438230 
0.332278 
0.599334 
0.000738 
0.402682 
0.879004 
0.422242 
0.623563 
0.224144 
0.191350 
0.014654 
0.282763 
0.393221 
0.872984 
0.247261 
0.707307 
0.712945 
0.460716 
0.256904 
0.787384 
0.563429 
0.546634 
0.284221 
0.899063 
0.548303 
0.320459 
0.955235 
0.626290 
0.056396 
0.841704 
0.521330 
0.997124 
0.660782 
0.770734 
0.729702 
0.099431 
0.132649 
0.438808 
0.044959 
0.625175 
0.317688 
0.389402 
0.675977 
0.151659 
0.933178 
0.915072 
0.616921 
0.592374 
0.030969 
0.499285 
0.486817 
0.927867 
0.665630 
0.246877 
0.269344 
0.859956 
0.278284 
0.117034 
0.990656 
0.955714 
0.692381 
0.846990 
0.354918 
0.106794 
0.895018 
0.566988 
0.363543 
0.072848 
0.354178 
0.671993 
0.184931 
0.140503 
0.439839 
0.371961 
0.554328 
0.586234 
0.841371 
0.914832 
0.587210 
0.232175 
0.162230 
0.591509 
0.496713 
0.251378 
0.910232 
0.271674 
0.022239 
0.769458 
0.277107 
0.340636 
0.074562 
0.156297 
0.884575 
0.044143 
0.919700 
0.395394 
0.394016 
0.234154 
0.427641 
0.357753 
0.759514 
0.155659 
0.160844 
0.309141 
0.729202 
0.691382 
0.061478 
0.262251 
0.659281 
0.528377 
0.427755 
0.276176 
0.696757 
0.399051 
0.857132 
0.812677 
0.661832 
0.408843 
0.417471 
0.435139 
0.386012 
0.708117 
0.327125 
0.994712 
0.116206 
0.075418 
0.557623 
0.963150 
0.664331 
0.403403 
0.987258 
0.849656 
0.173584 
0.429744 
0.712022 
0.961414 
0.478954 
0.785336 
0.135418 
0.973500 
0.606413 
0.976335 
0.257340 
0.114822 
0.817578 
0.029539 
0.470234 
0.225090 
0.086502 
0.842390 
0.046402 
0.886255 
0.280220 
0.661754 
0.099679 
0.302422 
0.799264 
0.226545 
0.535712 
0.710273 
0.559490 
0.341827 
0.089836 
0.868761 
0.269636 
0.771277 
0.844166 
0.902898 
0.001193 
0.044044 
0.245373 
0.990226 
0.725018 
0.376831 
0.401472 
0.543185 
0.316589 
0.911320 
0.563558 
0.719141 
0.595756 
0.869240 
0.321123 
0.112358 
0.397849 
0.647216 
0.755422 
0.372408 
0.052929 
0.571810 
0.412672 
0.779231 
0.532719 
0.407779 
0.549917 
0.454035 
0.969073 
0.208837 
0.920717 
0.486080 
0.539656 
0.999996 
0.938876 
0.689875 
0.722434 
0.942470 
0.087876 
0.928755 
0.581547 
0.066561 
0.695070 
0.048483 
0.848775 
0.358134 
0.160647 
0.991817 
0.464630 
0.041490 
0.323310 
0.877166 
0.523768 
0.962125 
0.434539 
0.305116 
0.092419 
0.290976 
0.436585 
0.686247 
0.754203 
0.892904 
0.045023 
0.701457 
0.394314 
0.233310 
0.242119 
0.302148 
0.200481 
0.490694 
0.092785 
0.434105 
0.998019 
0.704982 
0.626303 
0.282265 
0.022270 
0.290929 
0.639931 
0.323254 
0.932852 
0.437326 
0.135160 
0.626922 
0.675785 
0.914915 
0.981673 
0.977577 
0.140512 
0.578765 
0.299239 
0.304402 
0.084726 
0.992602 
0.659349 
0.676192 
0.759764 
0.352730 
0.325105 
0.042090 
0.411399 
0.376091 
0.961208 
0.019723 
0.477590 
0.849824 
0.991140 
0.085778 
0.672855 
0.678107 
0.946561 
0.844087 
0.573612 
0.702490 
0.746885 
0.896417 
0.073253 
0.164098 
0.989901 
0.265906 
0.086543 
0.532292 
0.233965 
0.251011 
0.747999 
0.626499 
0.570913 
0.332385 
0.402920 
0.884016 
0.649182 
0.801906 
0.632104 
0.768052 
0.655951 
0.565352 
0.871379 
0.260632 
0.446979 
0.375927 
0.211272 
0.850178 
0.946741 
0.870270 
0.632465 
0.834396 
0.700145 
0.340271 
0.927035 
0.670626 
0.215649 
0.410669 
0.115152 
0.363085 
0.365471 
0.466566 
0.573117 
0.369614 
0.096169 
0.308980 
0.022092 
0.296615 
0.202952 
0.016220 
0.602929 
0.421663 
0.883185 
0.686071 
0.787164 
0.865117 
0.022536 
0.767244 
0.072473 
0.054100 
0.251756 
0.257065 
0.498657 
0.936300 
0.387192 
0.532123 
0.387585 
0.141304 
0.892765 
0.701370 
0.921571 
0.846951 
0.699405 
0.896273 
0.660047 
0.407888 
0.378039 
0.708279 
0.038258 
0.999902 
0.355868 
0.067618 
0.456335 
0.614886 
0.389833 
0.929973 
0.055204 
0.815739 
0.128247 
0.455192 
0.417569 
0.086221 
0.123950 
0.229309 
0.993556 
0.702185 
0.621991 
0.795834 
0.573752 
0.050111 
0.216430 
0.535678 
0.142775 
0.622934 
0.644310 
0.910120 
0.383609 
0.320076 
0.519110 
0.684681 
0.441214 
0.484615 
0.924903 
0.844818 
0.862014 
0.866712 
0.820212 
0.310753 
0.830197 
0.113409 
0.059069 
0.766073 
0.393647 
0.019610 
0.583890 
0.440454 
0.704960 
0.265257 
0.181022 
0.437546 
0.843043 
0.021735 
0.298070 
0.670616 
0.050207 
0.833366 
0.374246 
0.957946 
0.198839 
0.888326 
0.096974 
0.848364 
0.449446 
0.835852 
0.171676 
0.353926 
0.426501 
0.196375 
0.477425 
0.089276 
0.456355 
0.954112 
0.763723 
0.887058 
0.786522 
0.078878 
0.695220 
0.557038 
0.129857 
0.509636 
0.452832 
0.743356 
0.576787 
0.064147 
0.115549 
0.036943 
0.898932 
0.349014 
0.886613 
0.303644 
0.352718 
0.135010 
0.120754 
0.513728 
0.223037 
0.577778 
0.720046 
0.810906 
0.904716 
0.560738 
0.330029 
0.790895 
0.573846 
0.629269 
0.122095 
0.043959 
0.814494 
0.199495 
0.915172 
0.290512 
0.632991 
0.673067 
0.243496 
0.432865 
0.160272 
0.686362 
0.677933 
0.012768 
0.588824 
0.362534 
0.114037 
0.620269 
0.855830 
0.928419 
0.936332 
0.939209 
0.286934 
0.497775 
0.111059 
0.564321 
0.549659 
0.119487 
0.212026 
0.512798 
0.590302 
0.212078 
0.402859 
0.856797 
0.182950 
0.847762 
0.343639 
0.535375 
0.043786 
0.912429 
0.198425 
0.928070 
0.069694 
0.344755 
0.293022 
0.817536 
0.322662 
0.977209 
0.952389 
0.806587 
0.305507 
0.652693 
0.816518 
0.218993 
0.610379 
0.637317 
0.394783 
0.112539 
0.436484 
0.982689 
0.055396 
0.038028 
0.129457 
0.789657 
0.767185 
0.078743 
0.438063 
0.532786 
0.532515 
0.976989 
0.250493 
0.038182 
0.721293 
0.764343 
0.314920 
0.866982 
0.365776 
0.589645 
0.156933 
0.568680 
0.803325 
0.480452 
0.953789 
0.326032 
0.615696 
0.009109 
0.095068 
0.813571 
0.685009 
0.953913 
0.414138 
0.423724 
0.531492 
0.784866 
0.243581 
0.871759 
0.645697 
0.236058 
0.421987 
0.334901 
0.673149 
0.609315 
0.749963 
0.623075 
0.014134 
0.552370 
0.675170 
0.580023 
0.438599 
0.526302 
0.551004 
0.720883 
0.876590 
0.853709 
0.291078 
0.144174 
0.127015 
0.745821 
0.013288 
0.331951 
0.092567 
0.776858 
0.652695 
0.849131 
0.336956 
0.217756 
0.832417 
0.435861 
0.515468 
0.471400 
0.811964 
0.683519 
0.903325 
0.182614 
0.197680 
0.399782 
0.140728 
0.212697 
0.793492 
0.211998 
0.055331 
0.943510 
0.569786 
0.385348 
0.546236 
0.580591 
0.995855 
0.343208 
0.301861 
0.374633 
0.448996 
0.272645 
0.341659 
0.260689 
0.405263 
0.257321 
0.793738 
0.348281 
0.565591 
0.889922 
0.916408 
0.066924 
0.789965 
0.942528 
0.071909 
0.569471 
0.105523 
0.523598 
0.118132 
0.443857 
0.909505 
0.055580 
0.135642 
0.733702 
0.331339 
0.820199 
0.089173 
0.732339 
0.415527 
0.756534 
0.060048 
0.221163 
0.092436 
0.566026 
0.200612 
0.679690 
0.554440 
0.464696 
0.146667 
0.037450 
0.415923 
0.426197 
0.089254 
0.099159 
0.569461 
0.936818 
0.095037 
0.289807 
0.781614 
0.578936 
0.171360 
0.041895 
0.125865 
0.418015 
0.580134 
0.318391 
0.193022 
0.126526 
0.520119 
0.641043 
0.003796 
0.796312 
0.623924 
0.292844 
0.828418 
0.226774 
0.392108 
0.166154 
0.548369 
0.442432 
0.949467 
0.694069 
0.222008 
0.287325 
0.072364 
0.219215 
0.348863 
0.344882 
0.433878 
0.190256 
0.624916 
0.968896 
0.233580 
0.778252 
0.078005 
0.022804 
0.272556 
0.852520 
0.302664 
0.869398 
0.979420 
0.105941 
0.545980 
0.292375 
0.942514 
0.830677 
0.180227 
0.082677 
0.550582 
0.633573 
0.464857 
0.853300 
0.408412 
0.182525 
0.694571 
0.646805 
0.849363 
0.244310 
0.116176 
0.567550 
0.807474 
0.222582 
0.939970 
0.071832 
0.287739 
0.030421 
0.284377 
0.527377 
0.620619 
0.744601 
0.511738 
0.782096 
0.682022 
0.741078 
0.301467 
0.750503 
0.706640 
0.506413 
0.291101 
0.529685 
0.415384 
0.352782 
0.201486 
0.380531 
0.584167 
0.100564 
0.170919 
0.631489 
0.439624 
0.763089 
0.244073 
0.126880 
0.468488 
0.884619 
0.784088 
0.159880 
0.100581 
0.470739 
0.712615 
0.923912 
0.190993 
0.024171 
0.234349 
0.700691 
0.513057 
0.950099 
0.310030 
0.681668 
0.792537 
0.164059 
0.346894 
0.252770 
0.308877 
0.296103 
0.610507 
0.783222 
0.609376 
0.780226 
0.257506 
0.898748 
0.255736 
0.154303 
0.367311 
0.391877 
0.277630 
0.129868 
0.693704 
0.090071 
0.824928 
0.569240 
0.216804 
0.816653 
0.479272 
0.118208 
0.721183 
0.928833 
0.889005 
0.506373 
0.608986 
0.222222 
0.877922 
0.241884 
0.340142 
0.773687 
0.363597 
0.967300 
0.413372 
0.537451 
0.932558 
0.509765 
0.628367 
0.960015 
0.966224 
0.334568 
0.088369 
0.216762 
0.126124 
0.768686 
0.305025 
0.561394 
0.342708 
0.901036 
0.712840 
0.696152 
0.221038 
0.989021 
0.470085 
0.714218 
0.870235 
0.031713 
0.993779 
0.435614 
0.356144 
0.713891 
0.363484 
0.070908 
0.755002 
0.323040 
0.336392 
0.746003 
0.065846 
0.673149 
0.614410 
0.381063 
0.522139 
0.595370 
0.383841 
0.217600 
0.206068 
0.379529 
0.748262 
0.036079 
0.380735 
0.016649 
0.812150 
0.797522 
0.947698 
0.961841 
0.664070 
0.024807 
0.935539 
0.606864 
0.560227 
0.741731 
0.272925 
0.051114 
0.072402 
0.863051 
0.305005 
0.216712 
0.286981 
0.287041 
0.302380 
0.094249 
0.039513 
0.097078 
0.589089 
0.821209 
0.060404 
0.216718 
0.377336 
0.890805 
0.765824 
0.210022 
0.837269 
0.980884 
0.719183 
0.314365 
0.537410 
0.246202 
0.908821 
0.552821 
0.260745 
0.345038 
0.051846 
0.369616 
0.138823 
0.189925 
0.071098 
0.939834 
0.784396 
0.343785 
0.996087 
0.234370 
0.048597 
0.762353 
0.873486 
0.684345 
0.783673 
0.185247 
0.438384 
0.920153 
0.015899 
0.212180 
0.113954 
0.226494 
0.685753 
0.443405 
0.310289 
0.020200 
0.502318 
0.463208 
0.130226 
0.705295 
0.895900 
0.385013 
0.908573 
0.387205 
0.746855 
0.389878 
0.684529 
0.876435 
0.236063 
0.504766 
0.610086 
0.710642 
0.751760 
0.829033 
0.554388 
0.605040 
0.904480 
0.593254 
0.826783 
0.740072 
0.393269 
0.671470 
0.390096 
0.340304 
0.492654 
0.038113 
0.567889 
0.514353 
0.736167 
0.762440 
0.326929 
0.698519 
0.003663 
0.559896 
0.174811 
0.049605 
0.718621 
0.857615 
0.928778 
0.978892 
0.240065 
0.777278 
0.715680 
0.441418 
0.916024 
0.615812 
0.953492 
0.343155 
0.399817 
0.723785 
0.646376 
0.634390 
0.188176 
0.681751 
0.183932 
0.346649 
0.127890 
0.449174 
0.266646 
0.517126 
0.343511 
0.389181 
0.962295 
0.287345 
0.407348 
0.299623 
0.767864 
0.487829 
0.937174 
0.081349 
0.228580 
0.736507 
0.478343 
0.503584 
0.733925 
0.082362 
0.251301 
0.607995 
0.567567 
0.097074 
0.515357 
0.603707 
0.502664 
0.273825 
0.177193 
0.076311 
0.558495 
0.625524 
0.185830 
0.239111 
0.746111 
0.892724 
0.012884 
0.542348 
0.246757 
0.247299 
0.362398 
0.820426 
0.893000 
0.648896 
0.003457 
0.104202 
0.322145 
0.297617 
0.046121 
0.147771 
0.594851 
0.663826 
0.918656 
0.845763 
0.740942 
0.016613 
0.214019 
0.022063 
0.810949 
0.625509 
0.927951 
0.068992 
0.550745 
0.370877 
0.332411 
0.837159 
0.126653 
0.654879 
0.545826 
0.689504 
0.499547 
0.879437 
0.695303 
0.953160 
0.761271 
0.676246 
0.673915 
0.492536 
0.049159 
0.212099 
0.755797 
0.684891 
0.960560 
0.134112 
0.014977 
0.718841 
0.567799 
0.995701 
0.749143 
0.838905 
0.479380 
0.945470 
0.506270 
0.881432 
0.228556 
0.337128 
0.105014 
0.963992 
0.817693 
0.970236 
0.764022 
0.921229 
0.101065 
0.601484 
0.136877 
0.492693 
0.685197 
0.112213 
0.962392 
0.929075 
0.957629 
0.872455 
0.347387 
0.538453 
0.786731 
0.583447 
0.001372 
0.064263 
0.072431 
0.350877 
0.186878 
0.852050 
0.408354 
0.201716 
0.247423 
0.432222 
0.356180 
0.321350 
0.931986 
0.889201 
0.802292 
0.117706 
0.291558 
0.207979 
0.508575 
0.622281 
0.672914 
0.661811 
0.062690 
0.632639 
0.767344 
0.749327 
0.945974 
0.981273 
0.258381 
0.608644 
0.474685 
0.025528 
0.049765 
0.397610 
0.637109 
0.897382 
0.295000 
0.063733 
0.163636 
0.228945 
0.870596 
0.113631 
0.798171 
0.865123 
0.125563 
0.330687 
0.860934 
0.724436 
