0.000001 
0.011168 
0.704424 
0.248795 
0.493738 
0.258848 
0.454759 
0.132667 
0.739951 
0.355971 
0.806763 
0.257465 
0.207163 
0.787549 
0.334402 
0.289753 
0.882176 
0.730171 
0.985312 
0.134134 
0.383873 
0.752486 
0.024661 
0.469669 
0.732878 
0.480153 
0.927366 
0.233899 
0.142359 
0.631082 
0.598978 
0.027825 
0.656603 
0.520422 
0.731861 
0.388849 
0.390241 
0.775236 
0.397763 
0.210349 
0.338283 
0.524490 
0.099258 
0.236392 
0.038777 
0.717006 
0.722755 
0.342743 
0.477072 
0.157123 
0.759076 
0.788048 
0.723229 
0.304117 
0.292061 
0.671125 
0.605775 
0.260306 
0.955521 
0.439961 
0.425295 
0.939963 
0.954171 
0.748632 
0.260007 
0.938294 
0.904729 
0.788212 
0.475841 
0.459585 
0.239930 
0.509024 
0.170845 
0.395729 
0.017490 
0.949531 
0.764192 
0.778394 
0.469845 
0.680852 
0.081888 
0.295287 
0.896391 
0.643210 
0.425715 
0.988657 
0.358457 
0.592382 
0.162922 
0.226393 
0.992549 
0.769092 
0.121253 
0.898759 
0.441573 
0.519082 
0.215686 
0.039260 
0.835682 
0.315747 
0.768116 
0.732773 
0.718085 
0.852054 
0.473634 
0.358407 
0.751415 
0.032972 
0.167707 
0.659923 
0.331130 
0.299804 
0.813613 
0.391151 
0.082386 
0.659939 
0.590527 
0.988255 
0.596412 
0.891124 
0.119703 
0.843210 
0.837287 
0.280431 
0.196487 
0.352467 
0.912559 
0.379446 
0.352718 
0.138462 
0.128919 
0.735675 
0.487745 
0.528130 
0.281047 
0.557582 
0.284056 
0.130453 
0.529596 
0.915311 
0.636466 
0.084987 
0.368395 
0.620540 
0.412279 
0.176374 
0.310072 
0.376814 
0.110417 
0.784382 
0.110262 
0.171564 
0.482766 
0.845960 
0.053523 
0.569285 
0.967086 
0.818251 
0.339089 
0.071755 
0.985165 
0.670189 
0.868183 
0.551320 
0.038228 
0.491384 
0.688083 
0.611808 
0.664013 
0.063635 
0.516702 
0.206034 
0.820226 
0.531770 
0.457334 
0.407707 
0.338794 
0.112858 
0.801069 
0.559572 
0.723494 
0.770955 
0.432342 
0.363926 
0.499369 
0.898921 
0.159444 
0.778309 
0.031530 
0.929223 
0.446986 
0.491343 
0.999034 
0.761865 
0.660236 
0.588720 
0.623585 
0.601352 
0.918125 
0.924367 
0.843171 
0.175763 
0.048888 
0.656628 
0.950066 
0.761817 
0.854222 
0.906533 
0.098269 
0.600215 
0.818645 
0.974645 
0.859281 
0.935167 
0.349940 
0.439354 
0.221612 
0.627907 
0.226122 
0.428586 
0.244860 
0.366404 
0.157028 
0.161542 
0.031657 
0.053652 
0.721888 
0.778026 
0.284094 
0.764624 
0.036569 
0.614569 
0.056656 
0.214234 
0.631264 
0.645792 
0.820287 
0.564138 
0.475430 
0.550153 
0.419046 
0.906378 
0.488378 
0.167852 
0.089432 
0.080552 
0.837552 
0.739465 
0.193592 
0.706761 
0.531972 
0.849126 
0.254333 
0.573327 
0.907031 
0.466418 
0.091743 
0.919269 
0.161951 
0.908703 
0.571169 
0.629712 
0.566247 
0.921142 
0.639569 
0.234926 
0.399010 
0.167057 
0.731283 
0.673758 
0.850761 
0.731847 
0.146803 
0.321067 
0.169437 
0.725133 
0.317998 
0.587528 
0.575644 
0.850160 
0.636449 
0.791584 
0.148256 
0.732616 
0.077484 
0.265410 
0.749136 
0.721197 
0.151047 
0.641424 
0.408286 
0.062181 
0.082393 
0.786100 
0.979672 
0.346048 
0.036538 
0.098991 
0.741786 
0.202424 
0.136523 
0.538493 
0.445969 
0.405956 
0.904477 
0.540826 
0.655140 
0.940019 
0.896035 
0.663746 
0.582507 
0.188420 
0.777916 
0.431490 
0.060179 
0.433936 
0.165891 
0.125586 
0.728361 
0.559026 
0.542068 
0.530172 
0.604662 
0.548161 
0.942472 
0.119072 
0.238378 
0.424362 
0.245987 
0.305279 
0.819799 
0.368615 
0.312896 
0.836121 
0.677700 
0.103911 
0.435149 
0.551180 
0.681598 
0.621845 
0.347096 
0.635984 
0.990087 
0.387203 
0.724135 
0.535679 
0.162279 
0.415102 
0.612772 
0.866249 
0.039565 
0.966368 
0.754294 
0.415556 
0.247857 
0.739312 
0.612080 
0.230418 
0.627656 
0.020411 
0.046607 
0.323635 
0.334462 
0.297289 
0.530870 
0.336929 
0.768695 
0.457209 
0.313684 
0.088199 
0.352851 
0.371771 
0.357530 
0.003600 
0.513440 
0.388696 
0.817580 
0.068131 
0.083067 
0.114934 
0.690303 
0.917638 
0.734150 
0.863257 
0.762139 
0.272331 
0.070349 
0.351166 
0.041394 
0.716666 
0.010789 
0.329595 
0.511143 
0.779440 
0.049592 
0.491335 
0.868709 
0.394617 
0.320411 
0.146724 
0.983548 
0.492981 
0.531176 
0.469102 
0.199421 
0.669660 
0.972293 
0.335201 
0.715123 
0.067032 
0.611075 
0.338913 
0.118725 
0.410019 
0.181229 
0.917706 
0.882834 
0.795961 
0.710883 
0.810844 
0.850551 
0.209902 
0.826761 
0.370026 
0.023570 
0.140626 
0.494558 
0.039785 
0.664406 
0.674569 
0.486346 
0.021693 
0.586661 
0.017212 
0.282025 
0.995024 
0.365133 
0.786868 
0.890270 
0.764427 
0.732980 
0.198816 
0.494104 
0.407048 
0.252679 
0.783651 
0.817337 
0.978501 
0.669562 
0.331847 
0.357117 
0.061564 
0.706130 
0.934277 
0.398663 
0.331943 
0.971039 
0.258084 
0.613252 
0.929882 
0.527293 
0.219511 
0.323617 
0.024537 
0.400878 
0.560111 
0.791705 
0.186093 
0.673431 
0.346882 
0.045411 
0.215180 
0.533092 
0.675261 
0.115267 
0.285734 
0.333119 
0.736832 
0.940475 
0.567458 
0.266760 
0.430533 
0.965032 
0.289562 
0.663848 
0.287082 
0.987140 
0.861485 
0.971573 
0.231720 
0.525759 
0.436258 
0.182055 
0.806256 
0.737069 
0.911043 
0.896592 
0.026080 
0.319262 
0.833123 
0.291480 
0.903081 
0.081620 
0.791306 
0.477768 
0.847550 
0.778594 
0.836733 
0.974236 
0.980286 
0.664741 
0.296391 
0.447250 
0.925521 
0.232124 
0.313655 
0.606830 
0.989654 
0.110824 
0.622516 
0.621896 
0.209726 
0.862531 
0.564304 
0.263394 
0.861810 
0.436156 
0.466922 
0.563060 
0.341920 
0.651932 
0.022048 
0.558314 
0.585708 
0.988150 
0.842734 
0.824321 
0.368342 
0.732200 
0.084098 
0.438672 
0.768198 
0.098764 
0.929014 
0.938174 
0.891709 
0.953724 
0.230919 
0.059153 
0.178796 
0.016709 
0.825109 
0.601903 
0.188944 
0.589766 
0.194841 
0.693335 
0.873171 
0.388303 
0.214738 
0.108560 
0.563312 
0.592734 
0.086184 
0.496745 
0.790967 
0.783036 
0.480613 
0.655584 
0.406641 
0.418209 
0.831701 
0.402466 
0.246997 
0.286285 
0.594876 
0.081472 
0.301182 
0.968177 
0.146582 
0.607470 
0.752038 
0.510963 
0.747700 
0.598910 
0.879650 
0.273855 
0.686024 
0.005607 
0.238518 
0.763851 
0.047770 
0.870611 
0.351834 
0.282291 
0.468710 
0.600978 
0.634325 
0.102729 
0.574375 
0.526192 
0.701202 
0.106966 
0.780663 
0.601778 
0.090679 
0.045689 
0.896750 
0.675666 
0.911287 
0.992530 
0.459042 
0.120238 
0.838315 
0.557947 
0.412205 
0.928561 
0.319744 
0.931059 
0.309334 
0.974351 
0.914471 
0.519089 
0.328903 
0.864903 
0.422273 
0.148556 
0.778973 
0.196363 
0.265503 
0.309048 
0.175440 
0.625840 
0.492468 
0.910211 
0.912404 
0.780074 
0.707142 
0.942801 
0.660603 
0.753113 
0.573190 
0.599747 
0.942634 
0.842312 
0.732527 
0.585457 
0.769941 
0.394907 
0.201397 
0.872139 
0.043183 
0.775606 
0.613693 
0.336288 
0.997725 
0.760117 
0.289461 
0.971990 
0.237268 
0.762220 
0.627866 
0.546793 
0.948575 
0.702894 
0.534953 
0.960820 
0.504168 
0.558969 
0.596227 
0.793862 
0.434658 
0.303768 
0.423529 
0.244526 
0.755375 
0.586734 
0.237453 
0.864726 
0.443229 
0.341802 
0.657922 
0.692847 
0.678720 
0.246446 
0.018635 
0.202282 
0.749958 
0.536914 
0.914624 
0.093378 
0.395868 
0.345506 
0.916916 
0.612122 
0.929336 
0.346751 
0.842499 
0.879338 
0.036238 
0.046678 
0.522650 
0.186681 
0.543860 
0.648381 
0.343235 
0.753959 
0.786502 
0.746038 
0.656166 
0.173895 
0.657047 
0.984563 
0.556556 
0.029917 
0.818108 
0.946599 
0.496071 
0.460591 
0.159461 
0.054775 
0.603896 
0.687229 
0.262896 
0.494004 
0.732291 
0.612932 
0.556360 
0.734257 
0.650135 
0.812239 
0.301468 
0.775219 
0.102975 
0.708021 
0.708217 
0.008621 
0.888494 
0.919680 
0.056262 
0.598581 
0.344333 
0.200124 
0.487822 
0.820052 
0.618349 
0.594933 
0.037283 
0.616635 
0.779360 
0.711244 
0.871874 
0.580587 
0.928807 
0.458977 
0.031066 
0.118952 
0.232073 
0.449296 
0.310432 
0.426660 
0.872954 
0.743281 
0.331440 
0.508222 
0.685471 
0.710651 
0.910580 
0.125368 
0.053192 
0.992167 
0.350029 
0.932023 
0.503180 
0.941772 
0.355233 
0.394407 
0.797754 
0.856743 
0.272423 
0.609952 
0.464849 
0.720377 
0.370618 
0.981733 
0.980730 
0.128045 
0.046542 
0.238548 
0.277825 
0.397393 
0.983330 
0.823298 
0.172307 
0.956394 
0.115014 
0.038011 
0.856294 
0.726238 
0.874624 
0.813189 
0.263176 
0.200305 
0.534275 
0.561776 
0.768040 
0.452035 
0.348282 
0.574709 
0.131445 
0.196608 
0.394328 
0.463797 
0.029980 
0.878887 
0.446867 
0.485836 
0.440822 
0.898052 
0.563931 
0.984134 
0.332089 
0.418447 
0.834427 
0.220372 
0.788586 
0.768406 
0.603545 
0.786687 
0.846743 
0.217837 
0.179680 
0.876863 
0.438052 
0.339709 
0.495281 
0.193690 
0.351739 
0.670435 
0.998166 
0.173661 
0.722355 
0.624650 
0.492033 
0.593393 
0.155034 
0.653591 
0.909358 
0.581915 
0.250019 
0.070727 
0.701443 
0.145005 
0.097069 
0.434581 
0.002196 
0.900134 
0.545813 
0.486535 
0.198549 
0.011011 
0.062781 
0.167625 
0.273732 
0.621170 
0.996348 
0.619547 
0.723595 
0.469222 
0.211604 
0.429605 
0.367446 
0.660068 
0.770163 
0.130715 
0.923038 
0.494214 
0.262555 
0.757644 
0.715858 
0.425214 
0.566216 
0.389294 
0.857638 
0.319651 
0.370645 
0.436672 
0.140817 
0.709819 
0.920061 
0.465292 
0.156367 
0.053889 
0.710457 
0.644073 
0.935655 
0.548656 
0.269306 
0.222615 
0.498506 
0.397621 
0.817163 
0.055736 
0.751042 
0.768668 
0.006700 
0.603985 
0.179037 
0.075307 
0.691284 
0.409887 
0.974357 
0.023743 
0.049687 
0.090411 
0.538045 
0.918442 
0.256715 
0.615904 
0.505539 
0.601921 
0.491261 
0.631446 
0.717227 
0.430630 
0.606018 
0.343753 
0.454174 
0.294843 
0.424877 
0.909919 
0.004433 
0.512365 
0.320357 
0.234521 
0.596651 
0.914653 
0.565049 
0.783746 
0.411459 
0.384417 
0.895219 
0.942618 
0.584636 
0.982390 
0.035829 
0.172997 
0.566382 
0.189146 
0.975195 
0.101245 
0.620740 
0.784787 
0.913889 
0.733091 
0.057062 
0.037294 
0.801118 
0.388103 
0.839898 
0.172783 
0.969907 
0.234747 
0.394671 
0.230172 
0.493831 
0.813016 
0.360266 
0.993154 
0.941798 
0.806744 
0.940943 
0.424397 
0.841503 
0.147116 
0.584371 
0.515803 
0.104758 
0.659567 
0.349592 
0.599082 
0.777966 
0.268325 
0.738177 
0.533012 
0.331247 
0.262447 
0.939359 
0.804614 
0.151919 
0.298366 
0.642560 
0.507797 
0.538055 
0.088705 
0.861296 
0.809689 
0.439159 
0.953171 
0.948360 
0.087072 
0.419142 
0.523939 
0.849969 
0.431449 
0.357348 
0.945948 
0.541142 
0.967789 
0.632139 
0.367216 
0.794398 
0.442003 
0.749528 
0.322027 
0.305407 
0.970611 
0.057401 
0.745120 
0.230775 
0.638817 
0.591661 
0.048399 
0.437211 
0.202665 
0.184736 
0.854023 
0.565691 
0.562644 
0.356330 
0.836831 
0.624011 
0.751413 
0.999843 
0.368250 
0.182594 
0.865121 
0.096088 
0.959377 
0.251291 
0.448039 
0.198253 
0.035499 
0.623961 
0.906909 
0.414814 
0.775959 
0.540109 
0.616368 
0.305088 
0.610064 
0.354017 
0.969368 
0.161316 
0.243827 
0.000333 
0.591236 
0.911227 
0.998229 
0.240747 
0.242080 
0.632305 
0.144270 
0.742378 
0.145294 
0.951789 
0.719180 
0.250369 
0.952916 
0.661482 
0.526692 
0.115121 
0.831479 
0.661211 
0.975056 
0.762906 
0.155012 
0.293437 
0.803423 
0.136199 
0.088248 
0.187995 
0.637606 
0.245856 
0.100528 
0.572577 
0.304510 
0.901532 
0.043204 
0.123238 
0.259167 
0.813490 
0.319285 
0.215269 
0.018599 
0.599753 
0.050262 
0.749974 
0.816918 
0.942071 
0.384990 
0.521637 
0.158959 
0.619726 
0.727356 
0.672311 
0.534263 
0.350237 
0.433165 
0.195781 
0.493866 
0.409049 
0.883598 
0.627677 
0.359895 
0.761243 
0.215696 
0.201234 
0.141746 
0.323496 
0.991247 
0.883519 
0.297405 
0.487431 
0.257814 
0.076822 
0.155589 
0.991968 
0.008944 
0.318726 
0.835529 
0.741803 
0.488814 
0.498804 
0.404048 
0.830247 
0.957475 
0.277982 
0.044467 
0.351724 
0.433398 
0.113176 
0.155268 
0.585810 
0.703330 
0.875156 
0.753102 
0.379354 
0.803348 
0.865619 
0.454494 
0.686358 
0.623289 
0.615931 
0.952464 
0.067313 
0.333185 
0.847230 
0.390319 
0.094966 
0.088827 
0.913410 
0.675429 
0.932666 
0.311012 
0.181846 
0.280523 
0.752737 
0.247026 
0.764062 
0.582229 
0.519576 
0.515786 
0.809719 
0.948030 
0.540156 
0.406409 
0.518650 
0.944919 
0.250234 
0.690915 
0.215339 
0.209655 
0.678042 
0.846220 
0.420301 
0.998944 
0.245842 
0.869908 
0.548574 
0.882481 
0.858094 
0.991019 
0.052894 
0.995461 
0.706878 
0.492094 
0.619704 
0.362882 
0.957517 
0.994408 
0.013593 
0.462918 
0.266474 
0.626089 
0.679184 
0.049978 
0.979513 
0.668147 
0.540796 
0.159527 
0.178047 
0.433402 
0.185492 
0.564430 
0.378987 
0.630549 
0.644430 
0.935983 
0.071608 
0.513332 
0.564409 
0.016853 
0.245554 
0.030567 
0.735729 
0.398766 
0.052821 
0.762972 
0.267539 
0.521560 
0.855579 
0.711102 
0.483814 
0.455291 
0.076846 
0.544223 
0.763914 
0.102428 
0.508327 
0.458238 
0.598119 
0.583321 
0.884050 
0.225672 
0.875381 
0.520137 
0.936770 
0.290659 
0.099017 
0.177809 
0.435677 
0.420233 
0.854642 
0.974300 
0.060145 
0.854135 
0.451932 
0.616502 
0.550637 
0.563776 
0.388667 
0.323869 
0.269842 
0.232527 
0.088662 
0.134665 
0.315286 
0.018626 
0.040323 
0.706970 
0.040377 
0.608794 
0.008167 
0.254466 
0.804218 
0.490465 
0.252299 
0.394547 
0.154759 
0.040095 
0.882466 
0.600982 
0.711603 
0.906850 
0.421327 
0.237594 
0.244905 
0.109972 
0.299203 
0.711993 
0.463390 
0.203344 
0.596263 
0.392923 
0.863114 
0.357550 
0.339227 
0.379947 
0.767333 
0.569837 
0.258341 
0.928814 
0.576255 
0.124821 
0.864705 
0.104300 
0.966348 
0.413839 
0.390234 
0.660737 
0.999923 
0.704485 
0.286853 
0.139806 
0.726362 
0.973657 
0.247969 
0.610589 
0.165687 
0.707349 
0.415549 
0.134109 
0.969099 
0.644327 
0.209400 
0.388628 
0.667597 
0.300155 
0.703840 
0.440499 
0.470739 
0.711676 
0.139378 
0.518355 
0.986155 
0.302280 
0.425589 
0.867703 
0.486333 
0.794462 
0.518520 
0.772287 
0.834095 
0.631053 
0.104117 
0.893481 
0.732080 
0.072580 
0.859439 
0.599498 
0.759157 
0.159189 
0.486022 
0.578539 
0.501923 
0.827284 
0.160424 
0.241843 
0.659593 
0.773782 
0.947200 
0.586429 
0.105475 
0.722444 
0.120911 
0.149445 
0.730101 
0.804555 
0.159574 
0.964519 
0.665732 
0.964319 
0.316187 
0.158674 
0.839184 
0.157913 
0.051381 
0.567430 
0.802445 
0.688176 
0.168082 
0.953185 
0.181954 
0.095435 
0.971194 
0.854427 
0.353704 
0.706283 
0.498008 
0.021152 
0.500967 
0.746654 
0.018646 
0.387673 
0.617083 
0.315786 
0.418949 
0.283697 
0.101073 
0.738375 
0.864329 
0.785383 
0.934655 
0.743962 
0.777520 
0.786457 
0.980392 
0.445889 
0.060830 
0.373291 
0.898495 
0.998316 
0.702158 
0.161722 
0.058513 
0.424754 
0.835853 
0.175198 
0.545930 
0.448896 
0.588935 
0.222682 
0.620910 
0.626432 
0.443235 
0.447105 
0.498861 
0.362457 
0.816245 
0.629625 
0.114487 
0.187593 
0.874723 
0.470055 
0.207539 
0.113830 
0.143154 
0.984238 
0.084663 
0.938421 
0.045437 
0.661714 
0.421594 
0.736919 
0.398543 
0.320465 
0.049495 
0.867410 
0.566896 
0.823893 
0.169938 
0.141564 
0.266140 
0.017384 
0.175614 
0.540669 
0.031671 
0.289593 
0.191588 
0.011674 
0.209621 
0.098530 
0.999159 
0.868614 
0.791275 
0.962981 
0.817997 
0.082922 
0.665656 
0.676428 
0.720846 
0.258065 
0.290774 
0.046859 
0.565598 
0.999475 
0.182366 
0.030224 
0.974512 
0.618318 
0.062599 
0.100009 
0.853830 
0.314687 
0.949289 
0.705938 
0.699882 
0.908495 
0.076045 
0.089669 
0.074646 
0.569278 
0.848384 
0.784618 
0.073167 
0.725204 
0.504475 
0.716210 
0.342489 
0.210159 
0.149640 
0.004231 
0.112074 
0.623693 
0.412608 
0.708435 
0.664083 
0.243202 
0.497517 
0.773380 
0.192159 
0.611491 
0.329020 
0.831129 
0.792326 
0.629256 
0.910266 
0.842185 
0.600843 
0.375025 
0.037124 
0.941175 
0.323408 
0.520641 
0.406975 
0.034943 
0.293042 
0.162835 
0.769875 
0.284024 
0.596210 
0.497101 
0.784808 
0.261161 
0.327826 
0.776418 
0.260948 
0.748976 
0.045118 
0.303609 
0.758000 
0.710027 
0.427926 
0.148853 
0.773433 
0.088168 
0.846704 
0.559936 
0.850133 
0.182269 
0.390662 
0.860198 
0.348160 
0.529162 
0.625909 
0.655967 
0.843947 
0.222023 
0.543286 
0.015725 
0.291278 
0.501428 
0.497382 
0.494067 
0.784429 
0.895482 
0.357849 
0.364742 
0.213696 
0.590453 
0.744449 
0.953431 
0.315294 
0.147487 
0.810005 
0.748600 
0.714799 
0.621358 
0.171169 
0.844072 
0.311781 
0.105788 
0.970831 
0.756253 
0.345325 
0.884519 
0.112266 
0.846803 
0.225286 
0.381458 
0.171963 
0.176284 
0.802345 
0.016541 
0.011912 
0.212417 
0.100276 
0.341196 
0.478586 
0.594850 
0.638828 
0.786960 
0.442364 
0.812421 
0.358057 
0.858378 
0.761559 
0.517044 
0.952789 
0.518841 
0.163357 
0.534853 
0.267562 
0.909090 
0.080696 
0.264235 
0.003746 
0.957819 
0.059916 
0.005440 
0.429234 
0.143259 
0.761763 
0.947107 
0.019198 
0.663400 
0.756675 
0.431993 
0.510154 
0.153039 
0.120158 
0.500021 
0.859250 
0.413320 
0.673302 
0.187681 
0.348115 
0.774050 
0.465496 
0.587666 
0.903269 
0.240656 
0.704112 
0.010019 
0.386800 
0.946303 
0.522703 
0.063125 
0.934603 
0.865993 
0.736909 
0.225808 
0.149943 
0.084429 
0.000349 
0.861199 
0.175692 
0.848213 
0.918398 
0.515167 
0.410478 
0.901261 
0.501922 
0.795517 
0.248542 
0.239840 
0.998707 
0.271565 
0.191862 
0.632331 
0.593589 
0.458333 
0.202446 
0.514513 
0.419047 
0.916215 
0.831378 
0.963742 
0.612648 
0.768969 
0.069249 
0.874548 
0.526541 
0.582343 
0.440942 
0.911237 
0.160713 
0.096767 
0.364174 
0.667694 
0.924886 
0.554045 
0.838571 
0.862176 
0.591861 
0.409582 
0.839547 
0.264782 
0.198243 
0.866707 
0.748484 
0.766925 
0.707419 
0.584950 
0.247338 
0.005131 
0.229739 
0.224480 
0.832331 
0.980062 
0.908420 
0.814207 
0.383625 
0.584153 
0.867158 
0.319463 
0.213965 
0.116740 
0.045768 
0.224259 
0.115290 
0.686037 
0.227907 
0.437852 
0.977423 
0.546117 
0.591222 
0.668563 
0.537570 
0.942127 
0.336089 
0.651341 
0.095739 
0.077008 
0.265883 
0.687430 
0.631248 
0.384954 
0.928884 
0.749960 
0.583833 
0.483664 
0.947284 
0.003408 
0.285094 
0.577238 
0.644596 
0.723313 
0.728704 
0.326410 
0.974293 
0.937388 
0.683928 
0.782453 
0.689183 
0.096519 
0.188939 
0.493862 
0.330785 
0.505716 
0.574455 
0.858576 
0.088869 
0.623833 
0.755072 
0.494577 
0.359437 
0.062287 
0.862744 
0.133684 
0.833970 
0.536709 
0.460472 
0.153656 
0.498127 
0.027082 
0.162219 
0.413154 
0.882059 
0.761691 
0.732376 
0.039100 
0.161342 
0.669699 
0.629074 
0.854844 
0.358156 
0.527453 
0.904871 
0.174871 
0.055873 
0.058193 
0.056311 
0.410840 
0.993675 
0.698488 
0.491763 
0.067787 
0.297502 
0.120427 
0.011923 
0.394114 
0.881566 
0.474356 
0.500049 
0.319033 
0.995298 
0.974770 
0.965631 
0.357779 
0.188329 
0.242609 
0.532053 
0.208519 
0.578907 
0.684160 
0.683045 
0.938953 
0.988653 
0.286838 
0.890083 
0.618618 
0.119036 
0.639559 
0.073577 
0.615970 
0.607735 
0.200163 
0.144392 
0.788175 
0.860039 
0.671800 
0.946364 
0.540694 
0.446304 
0.030071 
0.405952 
0.837013 
0.685092 
0.337263 
0.375882 
0.442449 
0.235560 
0.057915 
0.374561 
0.242898 
0.378727 
0.272271 
0.064809 
0.244607 
0.113994 
0.889067 
0.543359 
0.234377 
0.171807 
0.561752 
0.368074 
0.213372 
0.138291 
0.259717 
0.061777 
0.287391 
0.179216 
0.082441 
0.587160 
0.398440 
0.573196 
0.712141 
0.956809 
0.090344 
0.407072 
0.655753 
0.242816 
0.002640 
0.377596 
0.247823 
0.167862 
0.248941 
0.952212 
0.829624 
0.487804 
0.522658 
0.313938 
0.348295 
0.790920 
0.994380 
0.549239 
0.062872 
0.691497 
0.996462 
0.533454 
0.763535 
0.728343 
0.266765 
0.526445 
0.960626 
0.232785 
0.421214 
0.349576 
0.331968 
0.393256 
0.458678 
0.009174 
0.187199 
0.254217 
0.629695 
0.286572 
0.418283 
0.083380 
0.372462 
0.961781 
0.660534 
0.591923 
0.443101 
0.193698 
0.481210 
0.700064 
0.977011 
0.622794 
0.290764 
0.866469 
0.751119 
0.052404 
0.755476 
0.278169 
0.184226 
0.286958 
0.909740 
0.997151 
0.117271 
0.975303 
0.921330 
0.785675 
0.847306 
0.671269 
0.016289 
0.767516 
0.639152 
0.221943 
0.201651 
0.150393 
0.648920 
0.402563 
0.873708 
0.415551 
0.161094 
0.511392 
0.971478 
0.635055 
0.370062 
0.638871 
0.509992 
0.429384 
0.654507 
0.291844 
0.026839 
0.087028 
0.686868 
0.190792 
0.637998 
0.831855 
0.990779 
0.029679 
0.811626 
0.990555 
0.263927 
0.826407 
0.422517 
0.249151 
0.476919 
0.582505 
0.167524 
0.572021 
0.965280 
0.464327 
0.945412 
0.544863 
0.516461 
0.159567 
0.837622 
0.912035 
0.579625 
0.762948 
0.870687 
0.634936 
0.376506 
0.938862 
0.455506 
0.691830 
0.585491 
0.351025 
0.681063 
0.629754 
0.268484 
0.412259 
0.838314 
0.535313 
0.004922 
0.717969 
0.903562 
0.168208 
0.079367 
0.921321 
0.637710 
0.993883 
0.197047 
0.776895 
0.270125 
0.996775 
0.796429 
0.585314 
0.372544 
0.345030 
0.912286 
0.787778 
0.184717 
0.540773 
0.765720 
0.459623 
0.884800 
0.828154 
0.782578 
0.790649 
0.439551 
0.529607 
0.099434 
0.194470 
0.455796 
0.571399 
0.502567 
0.646097 
0.948015 
0.281401 
0.504058 
0.695487 
0.054257 
0.899831 
0.462297 
0.826238 
0.584386 
0.780272 
0.029694 
0.074615 
0.054850 
0.869569 
0.846790 
0.999996 
0.934689 
0.317158 
0.473586 
0.564649 
0.057404 
0.785590 
0.412678 
0.873938 
0.271493 
0.987783 
0.675163 
0.470375 
0.594187 
0.495738 
0.862656 
0.651887 
0.258390 
0.758636 
0.396394 
0.201528 
0.079543 
0.881715 
0.989915 
0.507451 
0.737299 
0.779351 
0.552987 
0.046260 
0.485367 
0.564489 
0.372670 
0.457359 
0.829768 
0.908633 
0.396673 
0.885383 
0.631151 
0.754495 
0.793018 
0.248793 
0.460500 
0.617862 
0.398956 
0.245557 
0.077494 
0.436307 
0.008277 
0.119012 
0.235327 
0.146820 
0.601079 
0.328421 
