0.000001 
0.014330 
0.845690 
0.513345 
0.788392 
0.496812 
0.914270 
0.138692 
0.001297 
0.791719 
0.422692 
0.192304 
0.051377 
0.497549 
0.301534 
0.888254 
0.881054 
0.874522 
0.095379 
0.034057 
0.388137 
0.416819 
0.480836 
0.416233 
0.629222 
0.331577 
0.806592 
0.387715 
0.325620 
0.694822 
0.879978 
0.797441 
0.584611 
0.551431 
0.907525 
0.765931 
0.996868 
0.361218 
0.987600 
0.589453 
0.935106 
0.328200 
0.049574 
0.191194 
0.394534 
0.930510 
0.087852 
0.523169 
0.898752 
0.331949 
0.069284 
0.451938 
0.726862 
0.364988 
0.354425 
0.814177 
0.874684 
0.813328 
0.608661 
0.760034 
0.893284 
0.419812 
0.781420 
0.330585 
0.149315 
0.541707 
0.471310 
0.310593 
0.131931 
0.356342 
0.034557 
0.794691 
0.364273 
0.336776 
0.199736 
0.967478 
0.400305 
0.934295 
0.703774 
0.332614 
0.244525 
0.733477 
0.544003 
0.053761 
0.561656 
0.760498 
0.693998 
0.027086 
0.229369 
0.007376 
0.975723 
0.979822 
0.875273 
0.708919 
0.804149 
0.328970 
0.992237 
0.519891 
0.805981 
0.119925 
0.587541 
0.803579 
0.756702 
0.885852 
0.518026 
0.461278 
0.699959 
0.204886 
0.521424 
0.577659 
0.717098 
0.265551 
0.123844 
0.443026 
0.940328 
0.099052 
0.774531 
0.534334 
0.548024 
0.633951 
0.812316 
0.603306 
0.770899 
0.492269 
0.570965 
0.210488 
0.679675 
0.289955 
0.276684 
0.220409 
0.414891 
0.079902 
0.919454 
0.263494 
0.544917 
0.426723 
0.925092 
0.025830 
0.132929 
0.138707 
0.249032 
0.488865 
0.353561 
0.303580 
0.265510 
0.431633 
0.451816 
0.672002 
0.329484 
0.643450 
0.470140 
0.639898 
0.765203 
0.762406 
0.755432 
0.546153 
0.191825 
0.009963 
0.445601 
0.211901 
0.426655 
0.798259 
0.346631 
0.834245 
0.151363 
0.954957 
0.964177 
0.916763 
0.040510 
0.848294 
0.283168 
0.206201 
0.622168 
0.769916 
0.985549 
0.117388 
0.935762 
0.348033 
0.385253 
0.953452 
0.667637 
0.978709 
0.161610 
0.177539 
0.895827 
0.163927 
0.119791 
0.333625 
0.235972 
0.979963 
0.234360 
0.881324 
0.405207 
0.320935 
0.955075 
0.949507 
0.370557 
0.953802 
0.544560 
0.413817 
0.020915 
0.524052 
0.740374 
0.463410 
0.533687 
0.674763 
0.737968 
0.026532 
0.929874 
0.387522 
0.086153 
0.968168 
0.991831 
0.710785 
0.168003 
0.621904 
0.341115 
0.118919 
0.666453 
0.081809 
0.958191 
0.322976 
0.251939 
0.343926 
0.369981 
0.276269 
0.254925 
0.520368 
0.831938 
0.384742 
0.356663 
0.431167 
0.624202 
0.969350 
0.866043 
0.586156 
0.522737 
0.639059 
0.668894 
0.106048 
0.341467 
0.034042 
0.137505 
0.050692 
0.975998 
0.604408 
0.291211 
0.382594 
0.249802 
0.424022 
0.537519 
0.089523 
0.609449 
0.007542 
0.750367 
0.414164 
0.852124 
0.646939 
0.108992 
0.834503 
0.484800 
0.033639 
0.364260 
0.118859 
0.661563 
0.892887 
0.746032 
0.563337 
0.004190 
0.422320 
0.935349 
0.404353 
0.955008 
0.821915 
0.932193 
0.361401 
0.068153 
0.441320 
0.257186 
0.523926 
0.627426 
0.154443 
0.720011 
0.229446 
0.304746 
0.863326 
0.918477 
0.848992 
0.001098 
0.449507 
0.867955 
0.717487 
0.805790 
0.912648 
0.875809 
0.720122 
0.098039 
0.740892 
0.167632 
0.389375 
0.223527 
0.820589 
0.633896 
0.892295 
0.810159 
0.342853 
0.334661 
0.651138 
0.682299 
0.396860 
0.027028 
0.266992 
0.331720 
0.211674 
0.607700 
0.619157 
0.173613 
0.915871 
0.050195 
0.630396 
0.073249 
0.089520 
0.566318 
0.102791 
0.609436 
0.793287 
0.771879 
0.962863 
0.846112 
0.611048 
0.882307 
0.941089 
0.884311 
0.615232 
0.211541 
0.365986 
0.118961 
0.385571 
0.299934 
0.997616 
0.931697 
0.036782 
0.189803 
0.017498 
0.081914 
0.725879 
0.842419 
0.536826 
0.438673 
0.776525 
0.054971 
0.893077 
0.941914 
0.756050 
0.926298 
0.286391 
0.371211 
0.950171 
0.529950 
0.871319 
0.260923 
0.336073 
0.374491 
0.078021 
0.294340 
0.976116 
0.579173 
0.168991 
0.228700 
0.768389 
0.318900 
0.757332 
0.481175 
0.112539 
0.435255 
0.331256 
0.425360 
0.029957 
0.485001 
0.413065 
0.381180 
0.496983 
0.788528 
0.786001 
0.322689 
0.428618 
0.788934 
0.610360 
0.327816 
0.601413 
0.944467 
0.658367 
0.169518 
0.095413 
0.611635 
0.745364 
0.333992 
0.401922 
0.105587 
0.598214 
0.177209 
0.343832 
0.783169 
0.726648 
0.764639 
0.288821 
0.209018 
0.971795 
0.966636 
0.252093 
0.919326 
0.115312 
0.052828 
0.877886 
0.636882 
0.074506 
0.215466 
0.332448 
0.461546 
0.211391 
0.847483 
0.653350 
0.859705 
0.063432 
0.098918 
0.522414 
0.220418 
0.560509 
0.471989 
0.712079 
0.907849 
0.212137 
0.381343 
0.237222 
0.982753 
0.121856 
0.034729 
0.688686 
0.749884 
0.294791 
0.552268 
0.972692 
0.033430 
0.857256 
0.904454 
0.161082 
0.310122 
0.214181 
0.732984 
0.264620 
0.463827 
0.536597 
0.582989 
0.290583 
0.826175 
0.529634 
0.564102 
0.856028 
0.254986 
0.547032 
0.958987 
0.690907 
0.080968 
0.837371 
0.690265 
0.282105 
0.339602 
0.688674 
0.536826 
0.441584 
0.708582 
0.140151 
0.510926 
0.131327 
0.208867 
0.426895 
0.824066 
0.069474 
0.655929 
0.192723 
0.094210 
0.380032 
0.196898 
0.262220 
0.126493 
0.961911 
0.839841 
0.209796 
0.034303 
0.533483 
0.247838 
0.418211 
0.879708 
0.255259 
0.130044 
0.646194 
0.589110 
0.177121 
0.872858 
0.124350 
0.950736 
0.013694 
0.153782 
0.610989 
0.889133 
0.664236 
0.813319 
0.454841 
0.516346 
0.226281 
0.110119 
0.774136 
0.906737 
0.534428 
0.134562 
0.579750 
0.856416 
0.782100 
0.746965 
0.241644 
0.314430 
0.629298 
0.609177 
0.429742 
0.667326 
0.749106 
0.216959 
0.434432 
0.501725 
0.497586 
0.934609 
0.979937 
0.795566 
0.083694 
0.637213 
0.642639 
0.827142 
0.783767 
0.767104 
0.724586 
0.112270 
0.921913 
0.593439 
0.925736 
0.837279 
0.143461 
0.153656 
0.503723 
0.076600 
0.420024 
0.347998 
0.810634 
0.317509 
0.369276 
0.427373 
0.858272 
0.975119 
0.833060 
0.237550 
0.498378 
0.246512 
0.129941 
0.910509 
0.927683 
0.562397 
0.198501 
0.203040 
0.496147 
0.740978 
0.610063 
0.329881 
0.306829 
0.874503 
0.766820 
0.946172 
0.321106 
0.825631 
0.379443 
0.290632 
0.649189 
0.911898 
0.264178 
0.045250 
0.524905 
0.076107 
0.123783 
0.425669 
0.211710 
0.207615 
0.385232 
0.588375 
0.824434 
0.257245 
0.508906 
0.184215 
0.106662 
0.673714 
0.117344 
0.194182 
0.616455 
0.758554 
0.018852 
0.840823 
0.719968 
0.496045 
0.030157 
0.844188 
0.273265 
0.763941 
0.554706 
0.945566 
0.134202 
0.530593 
0.669204 
0.316469 
0.886999 
0.788504 
0.380134 
0.904533 
0.492215 
0.651742 
0.834195 
0.323372 
0.914661 
0.699115 
0.026056 
0.930628 
0.061177 
0.197996 
0.713480 
0.458912 
0.934990 
0.383261 
0.462305 
0.956970 
0.791599 
0.411574 
0.321498 
0.418549 
0.549099 
0.702838 
0.603021 
0.967159 
0.044823 
0.335860 
0.804665 
0.009791 
0.549938 
0.808742 
0.524707 
0.753249 
0.861996 
0.562814 
0.207899 
0.156092 
0.445574 
0.761580 
0.873863 
0.023626 
0.076691 
0.940171 
0.458741 
0.054785 
0.767233 
0.880868 
0.745970 
0.522258 
0.584536 
0.291151 
0.377500 
0.640898 
0.566124 
0.852977 
0.989825 
0.994904 
0.349749 
0.227968 
0.452541 
0.851656 
0.776140 
0.580826 
0.940893 
0.596078 
0.276620 
0.146631 
0.430358 
0.029697 
0.121354 
0.598521 
0.344553 
0.905378 
0.685938 
0.558950 
0.267606 
0.653675 
0.322785 
0.043378 
0.059997 
0.367252 
0.398985 
0.736137 
0.260668 
0.044718 
0.574497 
0.567755 
0.254004 
0.044498 
0.878126 
0.665028 
0.127147 
0.963141 
0.510198 
0.898203 
0.096043 
0.193958 
0.855611 
0.247529 
0.215351 
0.399680 
0.415538 
0.943443 
0.445504 
0.587468 
0.574886 
0.113190 
0.383900 
0.199215 
0.201608 
0.421460 
0.482408 
0.834064 
0.117721 
0.540593 
0.740398 
0.869927 
0.869479 
0.326408 
0.943120 
0.022378 
0.107930 
0.978978 
0.677276 
0.982080 
0.810232 
0.575694 
0.693201 
0.623912 
0.085680 
0.023166 
0.353896 
0.923116 
0.817380 
0.698707 
0.171440 
0.400412 
0.718207 
0.901052 
0.987334 
0.120995 
0.566504 
0.225098 
0.215402 
0.269761 
0.866059 
0.853927 
0.956620 
0.919553 
0.924508 
0.204308 
0.811068 
0.618541 
0.814928 
0.497921 
0.558740 
0.744488 
0.602965 
0.030945 
0.099992 
0.560403 
0.699934 
0.794550 
0.995192 
0.190616 
0.690681 
0.279294 
0.093705 
0.893798 
0.063223 
0.588494 
0.825996 
0.520411 
0.547636 
0.120854 
0.196562 
0.609781 
0.589762 
0.130062 
0.955062 
0.727919 
0.141161 
0.500314 
0.783374 
0.175024 
0.629473 
0.549833 
0.043645 
0.544272 
0.573724 
0.580443 
0.502226 
0.904688 
0.089708 
0.728249 
0.684579 
0.715656 
0.033085 
0.063465 
0.663732 
0.341509 
0.745310 
0.423229 
0.217978 
0.558638 
0.023712 
0.521024 
0.844360 
0.154136 
0.560681 
0.362595 
0.141827 
0.688759 
0.969162 
0.698344 
0.061018 
0.535394 
0.374114 
0.727853 
0.032259 
0.174188 
0.576483 
0.955132 
0.905138 
0.660641 
0.386063 
0.560268 
0.424574 
0.813403 
0.859870 
0.837762 
0.271748 
0.275053 
0.812433 
0.554663 
0.219154 
0.322858 
0.267008 
0.598560 
0.992561 
0.971161 
0.295405 
0.872573 
0.329329 
0.036385 
0.522918 
0.684206 
0.443807 
0.069650 
0.603997 
0.372912 
0.529395 
0.546325 
0.090955 
0.684363 
0.080707 
0.438920 
0.927177 
0.068610 
0.130860 
0.370179 
0.598273 
0.179093 
0.022243 
0.842885 
0.364636 
0.429769 
0.130099 
0.578518 
0.159661 
0.416733 
0.028474 
0.554274 
0.682766 
0.250645 
0.592043 
0.474631 
0.115055 
0.732719 
0.808058 
0.032662 
0.953585 
0.897018 
0.175350 
0.115664 
0.960868 
0.307240 
0.782948 
0.013943 
0.342549 
0.213657 
0.924836 
0.718643 
0.231989 
0.038874 
0.359479 
0.769126 
0.698080 
0.628358 
0.820635 
0.409755 
0.759385 
0.988170 
0.165031 
0.681975 
0.951116 
0.403283 
0.971702 
0.396925 
0.112538 
0.426670 
0.034303 
0.526322 
0.890762 
0.039342 
0.214837 
0.773236 
0.782388 
0.600371 
0.427894 
0.620910 
0.628858 
0.219949 
0.684755 
0.680402 
0.520301 
0.693593 
0.213456 
0.562550 
0.769479 
0.629521 
0.355699 
0.226615 
0.713087 
0.860508 
0.557345 
0.291723 
0.994730 
0.431875 
0.520565 
0.142688 
0.157571 
0.298084 
0.903224 
0.484809 
0.179146 
0.914817 
0.333009 
0.884816 
0.101365 
0.635224 
0.216842 
0.457006 
0.901097 
0.745670 
0.474977 
0.944198 
0.129630 
0.696872 
0.320120 
0.254147 
0.450668 
0.381864 
0.987705 
0.358306 
0.053680 
0.198279 
0.483190 
0.980056 
0.798154 
0.578310 
0.660241 
0.662445 
0.709550 
0.403487 
0.402368 
0.591744 
0.438706 
0.336048 
0.954521 
0.628771 
0.757146 
0.351387 
0.756447 
0.600093 
0.767550 
0.208817 
0.594467 
0.201843 
0.376195 
0.710597 
0.003817 
0.157233 
0.620562 
0.787882 
0.937902 
0.320695 
0.913945 
0.675675 
0.073652 
0.875483 
0.247056 
0.275875 
0.627422 
0.085226 
0.399813 
0.655977 
0.002979 
0.069878 
0.443433 
0.786406 
0.121542 
0.752094 
0.443983 
0.025114 
0.087395 
0.855127 
0.120063 
0.905422 
0.429529 
0.095739 
0.084873 
0.461360 
0.070779 
0.574631 
0.816028 
0.982866 
0.029800 
0.842874 
0.176552 
0.313644 
0.422996 
0.298548 
0.697411 
0.389567 
0.452257 
0.077398 
0.831541 
0.710970 
0.270117 
0.860377 
0.355857 
0.895759 
0.018045 
0.277616 
0.891586 
0.894207 
0.930432 
0.763012 
0.937930 
0.785417 
0.496267 
0.764102 
0.259836 
0.061274 
0.824581 
0.738141 
0.935445 
0.026509 
0.529281 
0.625836 
0.427736 
0.961165 
0.300784 
0.284833 
0.189322 
0.931371 
0.554582 
0.863040 
0.112617 
0.754804 
0.996951 
0.749498 
0.818150 
0.639530 
0.588757 
0.244608 
0.124841 
0.200441 
0.812336 
0.923460 
0.587198 
0.039184 
0.571912 
0.119869 
0.643110 
0.744071 
0.595656 
0.198483 
0.897186 
0.999386 
0.684986 
0.562907 
0.786243 
0.381827 
0.370901 
0.733685 
0.042632 
0.522732 
0.564443 
0.587622 
0.164906 
0.571109 
0.631200 
0.580623 
0.527321 
0.679788 
0.192475 
0.929141 
0.073787 
0.134111 
0.000412 
0.927018 
0.386294 
0.447806 
0.269314 
0.355859 
0.929350 
0.578231 
0.335659 
0.417953 
0.531190 
0.703259 
0.678505 
0.625295 
0.325590 
0.198177 
0.755018 
0.594905 
0.564539 
0.208080 
0.195479 
0.408675 
0.599665 
0.569896 
0.245809 
0.314620 
0.810967 
0.929266 
0.172584 
0.622757 
0.679665 
0.132896 
0.576351 
0.732803 
0.224044 
0.506982 
0.846503 
0.172136 
0.087779 
0.306450 
0.508057 
0.906139 
0.485174 
0.326141 
0.455918 
0.620773 
0.330081 
0.677740 
0.778309 
0.046353 
0.061794 
0.563466 
0.174693 
0.060182 
0.470564 
0.762739 
0.358494 
0.210978 
0.909697 
0.271060 
0.698976 
0.691537 
0.655340 
0.305225 
0.908794 
0.107000 
0.342181 
0.043464 
0.505731 
0.816704 
0.347733 
0.340407 
0.221366 
0.499372 
0.938272 
0.531443 
0.961869 
0.124394 
0.682892 
0.373775 
0.031673 
0.330830 
0.264193 
0.296117 
0.837166 
0.249104 
0.695112 
0.746697 
0.729468 
0.175743 
0.714866 
0.755368 
0.470520 
0.032836 
0.881296 
0.947420 
0.281093 
0.332964 
0.127341 
0.216539 
0.374116 
0.763823 
0.579933 
0.936249 
0.532490 
0.553355 
0.241559 
0.877697 
0.448302 
0.606549 
0.273124 
0.388951 
0.097516 
0.954493 
0.165168 
0.984727 
0.314521 
0.157232 
0.600018 
0.501188 
0.473931 
0.364098 
0.399947 
0.907811 
0.581535 
0.855601 
0.093991 
0.707023 
0.934469 
0.617250 
0.115779 
0.904187 
0.666187 
0.606871 
0.676300 
0.578667 
0.655459 
0.291221 
0.543300 
0.246744 
0.023708 
0.459328 
0.931976 
0.717381 
0.021691 
0.558463 
0.086561 
0.836049 
0.478598 
0.804776 
0.876920 
0.388518 
0.814853 
0.228030 
0.500312 
0.736119 
0.949859 
0.284537 
0.220336 
0.195066 
0.468705 
0.518331 
0.595282 
0.910527 
0.228982 
0.504164 
0.492195 
0.315819 
0.969253 
0.231733 
0.733698 
0.263751 
0.859861 
0.681611 
0.829799 
0.437664 
0.825000 
0.782742 
0.545468 
0.688675 
0.558177 
0.276670 
0.999901 
0.337710 
0.899950 
0.451987 
0.546580 
0.369843 
0.944661 
0.911695 
0.849596 
0.160586 
0.967674 
0.692749 
0.040238 
0.284347 
0.022012 
0.962563 
0.797736 
0.555420 
0.936041 
0.049442 
0.976120 
0.648969 
0.222985 
0.716964 
0.010266 
0.537124 
0.435356 
0.025063 
0.228084 
0.400602 
0.922502 
0.496887 
0.185163 
0.033958 
0.727147 
0.152042 
0.363307 
0.098735 
0.438426 
0.623462 
0.527693 
0.928854 
0.249409 
0.821517 
0.234073 
0.060797 
0.809205 
0.312414 
0.744719 
0.493899 
0.963085 
0.575158 
0.684040 
0.661384 
0.886747 
0.555455 
0.536661 
0.653918 
0.395361 
0.836043 
0.379086 
0.301800 
0.355248 
0.652090 
0.679429 
0.161976 
0.328016 
0.971244 
0.696059 
0.664366 
0.991421 
0.815895 
0.744329 
0.933946 
0.830593 
0.772569 
0.564564 
0.621727 
0.362195 
0.416769 
0.635088 
0.916695 
0.895684 
0.763720 
0.847848 
0.782204 
0.496213 
0.858059 
0.393178 
0.144334 
0.816109 
0.340600 
0.468362 
0.765379 
0.718739 
0.839525 
0.900559 
0.692658 
0.506223 
0.088644 
0.845230 
0.784805 
0.222600 
0.241144 
0.908996 
0.491748 
0.804798 
0.233207 
0.514785 
0.991540 
0.816636 
0.196027 
0.634117 
0.608968 
0.921908 
0.509916 
0.154460 
0.017280 
0.429253 
0.461699 
0.771287 
0.016456 
0.575766 
0.896755 
0.768048 
0.583338 
0.157754 
0.365199 
0.904708 
0.432550 
0.872597 
0.731323 
0.343335 
0.434687 
0.789582 
0.500190 
0.689296 
0.003664 
0.580229 
0.909985 
0.112233 
0.291663 
0.986897 
0.784744 
0.200805 
0.930600 
0.589341 
0.047824 
0.779816 
0.359759 
0.463781 
0.771835 
0.236482 
0.560919 
0.369884 
0.646263 
0.748250 
0.844310 
0.310312 
0.419439 
0.507967 
0.401903 
0.790755 
0.227610 
0.441913 
0.224975 
0.155510 
0.655459 
0.300863 
0.597855 
0.152501 
0.080670 
0.828565 
0.689693 
0.676348 
0.383022 
0.451635 
0.628209 
0.310609 
0.399569 
0.554083 
0.469760 
0.253252 
0.405491 
0.084071 
0.984477 
0.104201 
0.299496 
0.627258 
0.324318 
0.814290 
0.766466 
0.995940 
0.771536 
0.211273 
0.857144 
0.015372 
0.359007 
0.831082 
0.997238 
0.573821 
0.209979 
0.116633 
0.244427 
0.092326 
0.727518 
0.395723 
0.922243 
0.134649 
0.047421 
0.006289 
0.692565 
0.947555 
0.548909 
0.511683 
0.859132 
0.430666 
0.205432 
0.691409 
0.510195 
0.849797 
0.534823 
0.775040 
0.104545 
0.082165 
0.952783 
0.428728 
0.637264 
0.495173 
0.369943 
0.627119 
0.984625 
0.592524 
0.555396 
0.539002 
0.005912 
0.362520 
0.869126 
0.408264 
0.698482 
0.389841 
0.051172 
0.049391 
0.119759 
0.784190 
0.888631 
0.219529 
0.619148 
0.022956 
0.813450 
0.647743 
0.615357 
0.303928 
0.125183 
0.957456 
0.956991 
0.153624 
0.955040 
0.356887 
0.197701 
0.763200 
0.097920 
0.745833 
0.212367 
0.258668 
0.425148 
0.460264 
0.652913 
0.513953 
0.010859 
0.499559 
0.095092 
0.219055 
0.657813 
0.865656 
0.077473 
0.094294 
0.806936 
0.166432 
0.224562 
0.218545 
0.084636 
0.478692 
0.384224 
0.649483 
0.854195 
0.456626 
0.516979 
0.872664 
0.857162 
0.317235 
0.771496 
0.528359 
0.132826 
0.406168 
0.465796 
0.627480 
0.056557 
0.554699 
0.832514 
0.070852 
0.811713 
0.468049 
0.493724 
0.021552 
0.229022 
0.179298 
0.467951 
0.853333 
0.964233 
0.864701 
0.028947 
0.520524 
0.445797 
0.506764 
0.177775 
0.860877 
0.758921 
0.177359 
0.874011 
0.503160 
0.615655 
0.307138 
0.076236 
0.305407 
0.978727 
0.462088 
0.307839 
0.850962 
0.118442 
0.652337 
0.833666 
0.419922 
0.633038 
0.461269 
0.545677 
0.200468 
0.273708 
0.207609 
0.276547 
0.923111 
0.733324 
0.982863 
0.970280 
0.497995 
0.798077 
0.279391 
0.728156 
0.113936 
0.923105 
0.623395 
0.403090 
0.737925 
0.298242 
0.549460 
0.778660 
0.939476 
0.780123 
0.525788 
0.926979 
0.732910 
0.015563 
0.558990 
0.949596 
0.856534 
0.770561 
0.815874 
0.397065 
0.470748 
0.866842 
0.007565 
0.149472 
0.183670 
0.945529 
0.510417 
0.574264 
0.658209 
0.525004 
0.739875 
0.084476 
0.783087 
0.350005 
0.530780 
0.823857 
0.568113 
0.280269 
0.483679 
0.198190 
0.973358 
0.236118 
0.441818 
0.629460 
0.335868 
0.932055 
0.050368 
0.537767 
0.256939 
0.377031 
0.751925 
0.607214 
0.443810 
0.115497 
0.152360 
0.708889 
0.301868 
0.496802 
0.753869 
0.271724 
0.870218 
0.757265 
0.358162 
0.623780 
0.871968 
0.165177 
0.121697 
0.357351 
0.005976 
0.435977 
0.460610 
0.478651 
0.691927 
0.211357 
0.274210 
0.641907 
0.525460 
0.399919 
0.431545 
0.980975 
0.249325 
0.398863 
0.689557 
0.392144 
0.764175 
0.482299 
0.000706 
0.864698 
0.971447 
0.112394 
0.013495 
0.804244 
0.936882 
0.167735 
0.122125 
0.558284 
0.083317 
0.314454 
0.025891 
0.155053 
0.973839 
0.304111 
0.196094 
0.754767 
0.373314 
0.292388 
0.163656 
0.562418 
0.564211 
0.700805 
0.421642 
0.544342 
0.757533 
0.854740 
0.607655 
0.864993 
0.929272 
0.275814 
0.606183 
0.113865 
0.728136 
0.776213 
0.804471 
0.742532 
0.732597 
0.766096 
0.771433 
0.480181 
0.408398 
0.940972 
0.912277 
0.644141 
0.071691 
0.916294 
0.159849 
0.582515 
0.326853 
0.418313 
0.578429 
0.663713 
0.020832 
0.115979 
0.250758 
0.487473 
0.953852 
0.390011 
0.914919 
0.041451 
0.663203 
0.453963 
0.748472 
0.575398 
0.714667 
0.411505 
0.161309 
0.125297 
0.860531 
0.948632 
0.654979 
0.238419 
0.103870 
0.751367 
0.226168 
0.200203 
0.818469 
0.006330 
0.390834 
0.749013 
0.655755 
0.276453 
0.352054 
0.969270 
0.526090 
0.001448 
0.335524 
0.149973 
0.590177 
0.103756 
0.832725 
0.605867 
0.799862 
0.279978 
0.585311 
0.327347 
0.714303 
0.291550 
0.083266 
0.453921 
0.051472 
0.083062 
0.015883 
0.948056 
0.976680 
0.058081 
0.161100 
0.614677 
0.875668 
0.358492 
0.175853 
0.568103 
0.114374 
0.277184 
0.632175 
0.966512 
0.168987 
0.163945 
0.424730 
0.440464 
0.886141 
0.365053 
0.444231 
0.188100 
0.404589 
0.926898 
0.380936 
0.388812 
0.762002 
0.973907 
0.447340 
0.446959 
0.046602 
0.232685 
0.733826 
0.407839 
0.557687 
0.048863 
0.243991 
0.751724 
0.226809 
0.984666 
0.286708 
0.694129 
0.219870 
0.355313 
0.750944 
0.111035 
0.171633 
0.641139 
0.622446 
0.441656 
0.916661 
0.313128 
0.748460 
0.365690 
0.159634 
0.966897 
0.631024 
0.627170 
0.849134 
0.388140 
0.474891 
0.491224 
0.007724 
0.813201 
0.464478 
0.483754 
0.458767 
0.501819 
0.074154 
0.301266 
0.382856 
0.654091 
0.314300 
0.432585 
0.451263 
0.372303 
0.289648 
0.108141 
0.533582 
0.904508 
0.074130 
0.903100 
0.397884 
0.233325 
0.488838 
0.899381 
0.902658 
0.977453 
0.047177 
0.903495 
0.032501 
0.236316 
0.766201 
0.541116 
0.541761 
0.372642 
0.991502 
0.174466 
0.257435 
0.706221 
0.448343 
0.304544 
0.470759 
0.049611 
0.809532 
0.800562 
0.040201 
0.658825 
0.864295 
0.207187 
0.185942 
0.133969 
0.623074 
0.008491 
0.713624 
0.883733 
0.893277 
0.313420 
0.656728 
0.631836 
0.259422 
0.103882 
0.940131 
0.786080 
0.644969 
0.001001 
0.819329 
0.467449 
0.418111 
0.193861 
0.226466 
0.210011 
0.655877 
0.329568 
0.054631 
0.180258 
0.591148 
0.429140 
0.555751 
0.505278 
0.207947 
0.967789 
0.624196 
0.856361 
0.854996 
0.912119 
0.990782 
0.078453 
0.555121 
0.922923 
0.571549 
0.031831 
0.976167 
0.431199 
0.161835 
0.957707 
0.173651 
0.556968 
0.968111 
0.040364 
0.398805 
0.717773 
0.608066 
0.762528 
0.812718 
0.358371 
0.140450 
0.535541 
0.838230 
0.137375 
0.856741 
0.250924 
0.275648 
0.817029 
0.808464 
0.859017 
0.500848 
0.749169 
0.286667 
0.019316 
0.637163 
0.797618 
0.560619 
0.321524 
0.853711 
0.313195 
0.869963 
0.467656 
0.891094 
0.613501 
0.110611 
0.040653 
0.248548 
0.344338 
0.291254 
0.113827 
0.088424 
0.140485 
0.136645 
0.598049 
0.404146 
0.480124 
0.438593 
0.435954 
0.078777 
0.013043 
0.219467 
0.588721 
0.626231 
0.061124 
0.312724 
0.948112 
0.918497 
0.183968 
0.949968 
0.112902 
0.552251 
0.688016 
0.477924 
0.469267 
0.964556 
0.285589 
0.888678 
0.013310 
0.707773 
0.537154 
0.944430 
0.032030 
0.331871 
0.757083 
0.300227 
0.916121 
0.249269 
0.468331 
0.241161 
0.186151 
0.639439 
0.056072 
0.410329 
0.400963 
0.993206 
0.807630 
0.832246 
0.557737 
0.888492 
0.880978 
0.601900 
0.130262 
0.319430 
0.666135 
0.734645 
