0.000001 
0.010652 
0.022930 
0.378844 
0.222830 
0.096210 
0.003453 
0.027723 
0.934880 
0.522408 
0.117031 
0.946327 
0.925682 
0.943836 
0.052642 
0.761285 
0.921963 
0.434312 
0.477231 
0.828701 
0.972285 
0.198411 
0.697662 
0.597211 
0.324069 
0.633138 
0.150066 
0.164216 
0.983708 
0.175125 
0.320399 
0.946650 
0.351532 
0.198524 
0.599203 
0.807445 
0.726782 
0.021091 
0.474671 
0.801882 
0.225931 
0.219923 
0.250940 
0.540805 
0.317291 
0.716780 
0.925487 
0.654851 
0.086402 
0.158265 
0.955923 
0.199393 
0.192932 
0.611004 
0.148210 
0.959637 
0.616300 
0.150158 
0.710206 
0.432226 
0.428050 
0.232859 
0.655660 
0.673363 
0.203833 
0.819914 
0.302268 
0.222674 
0.487470 
0.907144 
0.372491 
0.462356 
0.817463 
0.108330 
0.705539 
0.986203 
0.110768 
0.673717 
0.164302 
0.420911 
0.248388 
0.659346 
0.622276 
0.595941 
0.987665 
0.684346 
0.808592 
0.001564 
0.285730 
0.262173 
0.346783 
0.378230 
0.904012 
0.731753 
0.565509 
0.505586 
0.380903 
0.841929 
0.295980 
0.540808 
0.352072 
0.270711 
0.835539 
0.896038 
0.704005 
0.212889 
0.022198 
0.074194 
0.986160 
0.386234 
0.431442 
0.245994 
0.426298 
0.788617 
0.293712 
0.419886 
0.015913 
0.443598 
0.554812 
0.720266 
0.511503 
0.837848 
0.714469 
0.082457 
0.853131 
0.578632 
0.064466 
0.478224 
0.518605 
0.199332 
0.171309 
0.194291 
0.451872 
0.606016 
0.312197 
0.093812 
0.694184 
0.147545 
0.792418 
0.160994 
0.828473 
0.137818 
0.311413 
0.914895 
0.634276 
0.278237 
0.331470 
0.016709 
0.827104 
0.144039 
0.868302 
0.545550 
0.050487 
0.527927 
0.869548 
0.498806 
0.435322 
0.455248 
0.356342 
0.043909 
0.982347 
0.312633 
0.423684 
0.856585 
0.623706 
0.618622 
0.177632 
0.462979 
0.290625 
0.529508 
0.436041 
0.547591 
0.367433 
0.448310 
0.752229 
0.717512 
0.226418 
0.411072 
0.883850 
0.871463 
0.673214 
0.702361 
0.580530 
0.973583 
0.008859 
0.890281 
0.953051 
0.925212 
0.042686 
0.420934 
0.630237 
0.388029 
0.605946 
0.135878 
0.701178 
0.703047 
0.115417 
0.811100 
0.157371 
0.928566 
0.413144 
0.703023 
0.703249 
0.505025 
0.958683 
0.578019 
0.759352 
0.436434 
0.145581 
0.773576 
0.492766 
0.911347 
0.005944 
0.892615 
0.186593 
0.067947 
0.989218 
0.780365 
0.594780 
0.475337 
0.984762 
0.888351 
0.507859 
0.582241 
0.728861 
0.967778 
0.451640 
0.711208 
0.268852 
0.594011 
0.538732 
0.466313 
0.315423 
0.313646 
0.444394 
0.922861 
0.522362 
0.339028 
0.037884 
0.711814 
0.451522 
0.727106 
0.466491 
0.310754 
0.850537 
0.980120 
0.877301 
0.797766 
0.055697 
0.094535 
0.852848 
0.809853 
0.196319 
0.532094 
0.902921 
0.400697 
0.521977 
0.874650 
0.244860 
0.361419 
0.367456 
0.840951 
0.871523 
0.680921 
0.244887 
0.810606 
0.847269 
0.052814 
0.637194 
0.323745 
0.188427 
0.889309 
0.608829 
0.590730 
0.401264 
0.041981 
0.571685 
0.314383 
0.840541 
0.967812 
0.014160 
0.989731 
0.401385 
0.072243 
0.183921 
0.157830 
0.647213 
0.715171 
0.873563 
0.974757 
0.734182 
0.390770 
0.672136 
0.582258 
0.006541 
0.928502 
0.328471 
0.617888 
0.850435 
0.265942 
0.681715 
0.586467 
0.751902 
0.217594 
0.098103 
0.815742 
0.172842 
0.957509 
0.856695 
0.474673 
0.831669 
0.858753 
0.053780 
0.873342 
0.252911 
0.675955 
0.768590 
0.684599 
0.056972 
0.527564 
0.767172 
0.854635 
0.853500 
0.774385 
0.085987 
0.187145 
0.354193 
0.915596 
0.430125 
0.111762 
0.383845 
0.284993 
0.877961 
0.896959 
0.184548 
0.694760 
0.838289 
0.117839 
0.516227 
0.218872 
0.588225 
0.298230 
0.358450 
0.467403 
0.635983 
0.965003 
0.808592 
0.009077 
0.562007 
0.643283 
0.650909 
0.834777 
0.104831 
0.894584 
0.275637 
0.630135 
0.686083 
0.003923 
0.935697 
0.267540 
0.541298 
0.593880 
0.347724 
0.199446 
0.094264 
0.291914 
0.190746 
0.860730 
0.287964 
0.803811 
0.650477 
0.566209 
0.277924 
0.074913 
0.055916 
0.779268 
0.158883 
0.351595 
0.264930 
0.675140 
0.077437 
0.476457 
0.819326 
0.415482 
0.007198 
0.974522 
0.789590 
0.635555 
0.766880 
0.953317 
0.392911 
0.652123 
0.230319 
0.975345 
0.631040 
0.895380 
0.649133 
0.982532 
0.414912 
0.424450 
0.739039 
0.032198 
0.158325 
0.971582 
0.384311 
0.118015 
0.473224 
0.483678 
0.169083 
0.784324 
0.139925 
0.721977 
0.268104 
0.026654 
0.973127 
0.352486 
0.234434 
0.134059 
0.132804 
0.042438 
0.247092 
0.870131 
0.291676 
0.197341 
0.704330 
0.672314 
0.573997 
0.167587 
0.641385 
0.762501 
0.353131 
0.064838 
0.729114 
0.223844 
0.147748 
0.197076 
0.255743 
0.278155 
0.952808 
0.846101 
0.415968 
0.171400 
0.722828 
0.571123 
0.859073 
0.434862 
0.731882 
0.737029 
0.243360 
0.144810 
0.824832 
0.959207 
0.394564 
0.445376 
0.432782 
0.774895 
0.656331 
0.957430 
0.518316 
0.329061 
0.521126 
0.558342 
0.061277 
0.881847 
0.200137 
0.699588 
0.969524 
0.787157 
0.750202 
0.653193 
0.214298 
0.712586 
0.432753 
0.274023 
0.500966 
0.728020 
0.827173 
0.291401 
0.571119 
0.796994 
0.077127 
0.270466 
0.724182 
0.333632 
0.360544 
0.666937 
0.204273 
0.215473 
0.461325 
0.494304 
0.764232 
0.439206 
0.731449 
0.460626 
0.747127 
0.964211 
0.496329 
0.808335 
0.689219 
0.701387 
0.218433 
0.206793 
0.564881 
0.954427 
0.054129 
0.748785 
0.827377 
0.725854 
0.430228 
0.836138 
0.973169 
0.050027 
0.802878 
0.969610 
0.243112 
0.988006 
0.422492 
0.815640 
0.467296 
0.848104 
0.078066 
0.061974 
0.596990 
0.615990 
0.949880 
0.637648 
0.942262 
0.595992 
0.845357 
0.910549 
0.595851 
0.469521 
0.247278 
0.999403 
0.966274 
0.162551 
0.997128 
0.726219 
0.558181 
0.345801 
0.873184 
0.599521 
0.156565 
0.384995 
0.613073 
0.914938 
0.356705 
0.136847 
0.991946 
0.634436 
0.972488 
0.609652 
0.415691 
0.510969 
0.863820 
0.225073 
0.795815 
0.265863 
0.353525 
0.703055 
0.239488 
0.079655 
0.768543 
0.909108 
0.372158 
0.863004 
0.501550 
0.547382 
0.844604 
0.264498 
0.417787 
0.744180 
0.439213 
0.845244 
0.020066 
0.248512 
0.737129 
0.931961 
0.474904 
0.717939 
0.394371 
0.188174 
0.641500 
0.685088 
0.268477 
0.290262 
0.427272 
0.159551 
0.566665 
0.942272 
0.767766 
0.836731 
0.936160 
0.048947 
0.644848 
0.963499 
0.534640 
0.689080 
0.360066 
0.636808 
0.829815 
0.708715 
0.373217 
0.661866 
0.975487 
0.016408 
0.771677 
0.572864 
0.121640 
0.410134 
0.119015 
0.279437 
0.493794 
0.192675 
0.280565 
0.448501 
0.956392 
0.077205 
0.578957 
0.526982 
0.987450 
0.076101 
0.021360 
0.990635 
0.604858 
0.853339 
0.060396 
0.069504 
0.151541 
0.954695 
0.556843 
0.858286 
0.214974 
0.071653 
0.273859 
0.748972 
0.964037 
0.572124 
0.686862 
0.094661 
0.959346 
0.731683 
0.391209 
0.049702 
0.335940 
0.141534 
0.768610 
0.028654 
0.589677 
0.693133 
0.485621 
0.835159 
0.518290 
0.902758 
0.657805 
0.736442 
0.388591 
0.050425 
0.493258 
0.179342 
0.208396 
0.511931 
0.028161 
0.295032 
0.604512 
0.030183 
0.289892 
0.218762 
0.731435 
0.221069 
0.506970 
0.640904 
0.674441 
0.335965 
0.567485 
0.712730 
0.848315 
0.623106 
0.550029 
0.339337 
0.238397 
0.730506 
0.609646 
0.318667 
0.837010 
0.624641 
0.339387 
0.080373 
0.828830 
0.141418 
0.817160 
0.001945 
0.691824 
0.493289 
0.704343 
0.894762 
0.272549 
0.737660 
0.854085 
0.605690 
0.830084 
0.213964 
0.100962 
0.865587 
0.923929 
0.476624 
0.627287 
0.806188 
0.595906 
0.386154 
0.084563 
0.250344 
0.528375 
0.394164 
0.715990 
0.638714 
0.872685 
0.220149 
0.039849 
0.746339 
0.721478 
0.877297 
0.733230 
0.395096 
0.373048 
0.823860 
0.611213 
0.658868 
0.602189 
0.984466 
0.922535 
0.044358 
0.516519 
0.137456 
0.221175 
0.285833 
0.996309 
0.963728 
0.383100 
0.765643 
0.165149 
0.666179 
0.463468 
0.509408 
0.622348 
0.809091 
0.397129 
0.554129 
0.248241 
0.185501 
0.711284 
0.554043 
0.808815 
0.755505 
0.780426 
0.621780 
0.258510 
0.781956 
0.334612 
0.823054 
0.063549 
0.064535 
0.632520 
0.763903 
0.917092 
0.561966 
0.968603 
0.304345 
0.122372 
0.711558 
0.162116 
0.680020 
0.101950 
0.474301 
0.577962 
0.799910 
0.087448 
0.733527 
0.395253 
0.024364 
0.485736 
0.759397 
0.188110 
0.560905 
0.131141 
0.086036 
0.007897 
0.722035 
0.245735 
0.069460 
0.411949 
0.633715 
0.853895 
0.420819 
0.711039 
0.428545 
0.557627 
0.033227 
0.453686 
0.093458 
0.740540 
0.247500 
0.734139 
0.667238 
0.266697 
0.381431 
0.719145 
0.662937 
0.989614 
0.437209 
0.165090 
0.671815 
0.192871 
0.586407 
0.747137 
0.133276 
0.975629 
0.394505 
0.449369 
0.539250 
0.174776 
0.464592 
0.400495 
0.115386 
0.290067 
0.160663 
0.259846 
0.239261 
0.256959 
0.714378 
0.556745 
0.219022 
0.099096 
0.514498 
0.169127 
0.520027 
0.086624 
0.889079 
0.756455 
0.745272 
0.793520 
0.687544 
0.554414 
0.034097 
0.069101 
0.388228 
0.944315 
0.105562 
0.173782 
0.751420 
0.111604 
0.727865 
0.226595 
0.389005 
0.012239 
0.696558 
0.048411 
0.636196 
0.550928 
0.450053 
0.033627 
0.172702 
0.599956 
0.465697 
0.972258 
0.735129 
0.318292 
0.540164 
0.529510 
0.476519 
0.861032 
0.358160 
0.586793 
0.224381 
0.174424 
0.541173 
0.499387 
0.204861 
0.103120 
0.145958 
0.123837 
0.333300 
0.780539 
0.512435 
0.499681 
0.137665 
0.740231 
0.068432 
0.128986 
0.867697 
0.376497 
0.793143 
0.353429 
0.076336 
0.978685 
0.757832 
0.879973 
0.706044 
0.486321 
0.592479 
0.791284 
0.110132 
0.991490 
0.974190 
0.205436 
0.766026 
0.591467 
0.790939 
0.305181 
0.177882 
0.661427 
0.605536 
0.248994 
0.840662 
0.999334 
0.803980 
0.485634 
0.050729 
0.595127 
0.295753 
0.717039 
0.277230 
0.400419 
0.847334 
0.143019 
0.719545 
0.389522 
0.693154 
0.832713 
0.404525 
0.858724 
0.577459 
0.352017 
0.357397 
0.770276 
0.021753 
0.609560 
0.874585 
0.142031 
0.108616 
0.510295 
0.533562 
0.574564 
0.704057 
0.093927 
0.625622 
0.832130 
0.607461 
0.592451 
0.323925 
0.199575 
0.264070 
0.222912 
0.477087 
0.399255 
0.275165 
0.705506 
0.441010 
0.056908 
0.451368 
0.137462 
0.322385 
0.332509 
0.484336 
0.227234 
0.129014 
0.345841 
0.546126 
0.744697 
0.124588 
0.957938 
0.071214 
0.901615 
0.440985 
0.640662 
0.614105 
0.268401 
0.015119 
0.106988 
0.140011 
0.159321 
0.709048 
0.966496 
0.904456 
0.186706 
0.964840 
0.066005 
0.353516 
0.544555 
0.336203 
0.560670 
0.186072 
0.307016 
0.010717 
0.115436 
0.133304 
0.436571 
0.444076 
0.580425 
0.197420 
0.033991 
0.284830 
0.140211 
0.531751 
0.131185 
0.833462 
0.998202 
0.785910 
0.791984 
0.873400 
0.233203 
0.441608 
0.113221 
0.906873 
0.817294 
0.260447 
0.340576 
0.054747 
0.124813 
0.733066 
0.638703 
0.684829 
0.918620 
0.245301 
0.767223 
0.709478 
0.199948 
0.521307 
0.605297 
0.221419 
0.390279 
0.410847 
0.107690 
0.940986 
0.150097 
0.682909 
0.650617 
0.917853 
0.357892 
0.095310 
0.871606 
0.080464 
0.358314 
0.176742 
0.498460 
0.621277 
0.794730 
0.030195 
0.492556 
0.389786 
0.131253 
0.966235 
0.514583 
0.589034 
0.894778 
0.537809 
0.947914 
0.585270 
0.634611 
0.910061 
0.397667 
0.584139 
0.627436 
0.317012 
0.022947 
0.663199 
0.385286 
0.504381 
0.138696 
0.059760 
0.378997 
0.794449 
0.308789 
0.822641 
0.122671 
0.724817 
0.007689 
0.225206 
0.030455 
0.855898 
0.074356 
0.699272 
0.670485 
0.839250 
0.276677 
0.115121 
0.837028 
0.921503 
0.699229 
0.945849 
0.886984 
0.535501 
0.158056 
0.451283 
0.709400 
0.885259 
0.540579 
0.512064 
0.254958 
0.084204 
0.208809 
0.458969 
0.888117 
0.581252 
0.100863 
0.204636 
0.316840 
0.137122 
0.603039 
0.279228 
0.982587 
0.342478 
0.020026 
0.570615 
0.328534 
0.665769 
0.576428 
0.018136 
0.806529 
0.324651 
0.416319 
0.068303 
0.973909 
0.490816 
0.139373 
0.434166 
0.034168 
0.255829 
0.726120 
0.890530 
0.142365 
0.735525 
0.970761 
0.580850 
0.342613 
0.299205 
0.742203 
0.199253 
0.839887 
0.985772 
0.874460 
0.045573 
0.949768 
0.757034 
0.464073 
0.681912 
0.887857 
0.205537 
0.455050 
0.024602 
0.486732 
0.507452 
0.740922 
0.681347 
0.398251 
0.401271 
0.156598 
0.942593 
0.154327 
0.771723 
0.344004 
0.671444 
0.958135 
0.375163 
0.368106 
0.761382 
0.545755 
0.499982 
0.202664 
0.182122 
0.920402 
0.193513 
0.373500 
0.412073 
0.704463 
0.911109 
0.010598 
0.114844 
0.180823 
0.092901 
0.380053 
0.553663 
0.412292 
0.395105 
0.528175 
0.034359 
0.464304 
0.563133 
0.581601 
0.974498 
0.393873 
0.821911 
0.850579 
0.685346 
0.615853 
0.637744 
0.560434 
0.217531 
0.046168 
0.953175 
0.017091 
0.251927 
0.145082 
0.389398 
0.611848 
0.331023 
0.503167 
0.735891 
0.122178 
0.440801 
0.547384 
0.881795 
0.332067 
0.054278 
0.249607 
0.149125 
0.339298 
0.576082 
0.213646 
0.753650 
0.592603 
0.876777 
0.984539 
0.141695 
0.474843 
0.691189 
0.820406 
0.570350 
0.872043 
0.418444 
0.793863 
0.460016 
0.486201 
0.584772 
0.270954 
0.921224 
0.014498 
0.662009 
0.386408 
0.363583 
0.746784 
0.204653 
0.601892 
0.006441 
0.260084 
0.234333 
0.430908 
0.273962 
0.479037 
0.181333 
0.662227 
0.050425 
0.489094 
0.201239 
0.226365 
0.510061 
0.595990 
0.808745 
0.576776 
0.874154 
0.904204 
0.962141 
0.708329 
0.891559 
0.433406 
0.248541 
0.232852 
0.535462 
0.516012 
0.617295 
0.871188 
0.063036 
0.447491 
0.976254 
0.902823 
0.738291 
0.448860 
0.992557 
0.911688 
0.739753 
0.027729 
0.046977 
0.538148 
0.652061 
0.192167 
0.750824 
0.096262 
0.872680 
0.140625 
0.484384 
0.040660 
0.377487 
0.429398 
0.888938 
0.374750 
0.428660 
0.493080 
0.196697 
0.894259 
0.812432 
0.545584 
0.635320 
0.820684 
0.232855 
0.588564 
0.999905 
0.399406 
0.812333 
0.888742 
0.085570 
0.173975 
0.999926 
0.764404 
0.340159 
0.054153 
0.151772 
0.839626 
0.599499 
0.784171 
0.553960 
0.400632 
0.424360 
0.226014 
0.620843 
0.515017 
0.893478 
0.690906 
0.052277 
0.619839 
0.641154 
0.870721 
0.214910 
0.984296 
0.071263 
0.723532 
0.407958 
0.555994 
0.592310 
0.950907 
0.889908 
0.685538 
0.833711 
0.188566 
0.222287 
0.971172 
0.492434 
0.336389 
0.693315 
0.553456 
0.938120 
0.981721 
0.792021 
0.488897 
0.891014 
0.266567 
0.194196 
0.853492 
0.643544 
0.037245 
0.977369 
0.641287 
0.112921 
0.870448 
0.619868 
0.123509 
0.807680 
0.682127 
0.509227 
0.581640 
0.616104 
0.861745 
0.346224 
0.988394 
0.943469 
0.889948 
0.355381 
0.889923 
0.936882 
0.169778 
0.453488 
0.771273 
0.791002 
0.366703 
0.174239 
0.433698 
0.157530 
0.600473 
0.150940 
0.848809 
0.940987 
0.174343 
0.186977 
0.515905 
0.815962 
0.870794 
0.430869 
0.615827 
0.203357 
0.818579 
0.855333 
0.587896 
0.773197 
0.125372 
0.134594 
0.116701 
0.400985 
0.352045 
0.815216 
0.336269 
0.666286 
0.266327 
0.159671 
0.597553 
0.077531 
0.059638 
0.335414 
0.304898 
0.425084 
0.393444 
0.605474 
0.196879 
0.952726 
0.464661 
0.549445 
0.520374 
0.929392 
0.293280 
0.154135 
0.542610 
0.641843 
0.449138 
0.665604 
0.809610 
0.121582 
0.435000 
0.036763 
0.878713 
0.521957 
0.525962 
0.841785 
0.877499 
0.128129 
0.462223 
0.582894 
0.702135 
0.785156 
0.117836 
0.474676 
0.884755 
0.079570 
0.324680 
0.897186 
0.013082 
0.876115 
0.872221 
0.423974 
0.724493 
0.549477 
0.061763 
0.055887 
0.291443 
0.277011 
0.716258 
0.143557 
0.760465 
0.132394 
0.138484 
0.502659 
0.191210 
0.664301 
0.906530 
0.047702 
0.734566 
0.852659 
0.636143 
0.650160 
0.239864 
0.394675 
0.294418 
0.287534 
0.577106 
0.419199 
0.479406 
0.377759 
0.995998 
0.741403 
0.768593 
0.735486 
0.315670 
0.473369 
0.910329 
0.907213 
0.526129 
0.658479 
0.064376 
0.972376 
0.727402 
0.446104 
0.675376 
0.048442 
0.171708 
0.892544 
0.988618 
0.710254 
0.238155 
0.663322 
0.446517 
0.611645 
0.912402 
0.745004 
0.286314 
0.075352 
0.449362 
0.423122 
0.417076 
0.792821 
0.949837 
0.915117 
0.373661 
0.112647 
0.265178 
0.839191 
0.283769 
0.310553 
0.456617 
0.355216 
0.118120 
0.250757 
0.477658 
0.005466 
0.860937 
0.767653 
0.951335 
0.088383 
0.460014 
0.452117 
0.737705 
0.609776 
0.499900 
0.813179 
0.094753 
0.507105 
0.907741 
0.410937 
0.617091 
0.450345 
0.948141 
0.406002 
0.672791 
0.605488 
0.429620 
0.623470 
0.655732 
0.887068 
0.952480 
0.337675 
0.306077 
0.233085 
0.459127 
0.539182 
0.033919 
0.069677 
0.057073 
0.227005 
0.277102 
0.261113 
0.519096 
0.450618 
0.540584 
0.596244 
0.075408 
0.375049 
0.449628 
0.903374 
0.013125 
0.593144 
0.969758 
0.716777 
0.873629 
0.085467 
0.445537 
0.142491 
0.840208 
0.375824 
0.475305 
0.453390 
0.130225 
0.684508 
0.531534 
0.497277 
0.733823 
0.357422 
0.191256 
0.439378 
0.619841 
0.665181 
0.691731 
0.923249 
0.040202 
0.666682 
0.928234 
0.834930 
0.670675 
0.032276 
0.458097 
0.241286 
0.293800 
0.897324 
0.324945 
0.349506 
0.150766 
0.921043 
0.969821 
0.779363 
0.759125 
0.620062 
0.373948 
0.950314 
0.928936 
0.623368 
0.937914 
0.526411 
0.384706 
0.761569 
0.692370 
0.662319 
0.589269 
0.843612 
0.586505 
0.391254 
0.802583 
0.008084 
0.862319 
0.994001 
0.171359 
0.025483 
0.291124 
0.913654 
0.790808 
0.105494 
0.035609 
0.473966 
0.940808 
0.156480 
0.952793 
0.592456 
0.407792 
0.758513 
0.330703 
0.117725 
0.610803 
0.765895 
0.405273 
0.419812 
0.781295 
0.225981 
0.059630 
0.203305 
0.947034 
0.807246 
0.379217 
0.494506 
0.165814 
0.839604 
0.228240 
0.026114 
0.904291 
0.414324 
0.544919 
0.459092 
0.965384 
0.209443 
0.109875 
0.664001 
0.864227 
0.065398 
0.138030 
0.873514 
0.155328 
0.596225 
0.757931 
0.544673 
0.319733 
0.760773 
0.310139 
0.513751 
0.604901 
0.569537 
0.214926 
0.268143 
0.683764 
0.017358 
0.730943 
0.958161 
0.804080 
0.165048 
0.955459 
0.407585 
0.275661 
0.041912 
0.415269 
0.422345 
0.353738 
0.282969 
0.859927 
0.799318 
0.135937 
0.700543 
0.026291 
0.870219 
0.763746 
0.271450 
0.264987 
0.634277 
0.296449 
0.419903 
0.310294 
0.105961 
0.893401 
0.386328 
0.018371 
0.768683 
0.250663 
0.899917 
0.908140 
0.117220 
0.111609 
0.805643 
0.449134 
0.594697 
0.077250 
0.337363 
0.064804 
0.165592 
0.108484 
0.297734 
0.011627 
0.416348 
0.559862 
0.599307 
0.549892 
0.036858 
0.478814 
0.422743 
0.034085 
0.861257 
0.139188 
0.333774 
0.734008 
0.474258 
0.852308 
0.747731 
0.117579 
0.151946 
0.749768 
0.347567 
0.555965 
0.101714 
0.504657 
0.770286 
0.202018 
0.319434 
0.731971 
0.230519 
0.336395 
0.797234 
0.112207 
0.865588 
0.938173 
0.875399 
0.828973 
0.549428 
0.232278 
0.891873 
0.705765 
0.784129 
0.847833 
0.535235 
0.689771 
0.976512 
0.229615 
0.141390 
0.340025 
0.800691 
0.213357 
0.887996 
0.549714 
0.047968 
0.197522 
0.750196 
0.548703 
0.053289 
0.625929 
0.994841 
0.298636 
0.176869 
0.635349 
0.304338 
0.005086 
0.486265 
0.660757 
0.349143 
0.052130 
0.151935 
0.567343 
0.333263 
0.151510 
0.425789 
0.233120 
0.050612 
0.639059 
0.661749 
0.012047 
0.473808 
0.286471 
0.721017 
0.140955 
0.024264 
0.800922 
0.093592 
0.007980 
0.112405 
0.196874 
0.866158 
0.525186 
0.798976 
0.391265 
0.990979 
0.385720 
0.793635 
0.619976 
0.944298 
0.811016 
0.749125 
0.545119 
0.813889 
0.032885 
0.697618 
0.864874 
0.938619 
0.376324 
0.881272 
0.535510 
0.315765 
0.069252 
0.912248 
0.144067 
0.333180 
0.758627 
0.251020 
0.887113 
0.710683 
0.455515 
0.838480 
0.340565 
0.883553 
0.867235 
0.622248 
0.125718 
0.934278 
0.405378 
0.191366 
0.280406 
0.779897 
0.727542 
0.796864 
0.891574 
0.685438 
0.159933 
0.991042 
0.445661 
0.219359 
0.759972 
0.848964 
0.543513 
0.829648 
0.891582 
0.820224 
0.503720 
0.025901 
0.318233 
0.536721 
0.675079 
0.051345 
0.951667 
0.672349 
0.172636 
0.493002 
0.892480 
0.911092 
0.719120 
0.253000 
0.171809 
0.586037 
0.529830 
0.856686 
0.329651 
0.436455 
0.492132 
0.266835 
0.696432 
0.939188 
0.939216 
0.405386 
0.322199 
0.197610 
0.234068 
0.981797 
0.066772 
0.232292 
0.130287 
0.741405 
0.789059 
0.706802 
0.223588 
0.843464 
0.096655 
0.485485 
0.547801 
0.889714 
0.424478 
0.194299 
0.585335 
0.719917 
0.649756 
0.454511 
0.973883 
0.058550 
0.044258 
0.841011 
0.870081 
0.455773 
0.172340 
0.522288 
0.086323 
0.836438 
0.012732 
0.994106 
0.937551 
0.421209 
0.255394 
0.406226 
0.438809 
0.062991 
0.688239 
0.232351 
0.119306 
0.171692 
0.633624 
0.323973 
0.019380 
0.715840 
0.124806 
0.619756 
0.234606 
0.030974 
0.582010 
0.841237 
0.676123 
0.597525 
0.596577 
0.667943 
0.121549 
0.878341 
0.280044 
0.694566 
0.572673 
0.923434 
0.150698 
0.782126 
0.196277 
0.826062 
0.615977 
0.733372 
0.776276 
0.876629 
0.498743 
0.372501 
0.623618 
0.153588 
0.355994 
0.191507 
0.655130 
0.764802 
0.028034 
0.171793 
0.323353 
0.595509 
0.719652 
0.196623 
0.636898 
0.346002 
0.261336 
0.281075 
0.034623 
0.906857 
0.541657 
0.631087 
0.676733 
0.855750 
0.595479 
0.209483 
0.774365 
0.748365 
0.778503 
0.296198 
0.207555 
0.384270 
0.431423 
0.926146 
0.739972 
0.710310 
0.180121 
0.288427 
0.591886 
0.824223 
0.711563 
0.234752 
0.482232 
0.874945 
0.206175 
0.190692 
0.960118 
0.708531 
0.276965 
0.945196 
0.909131 
0.768517 
0.462746 
0.377487 
0.424663 
0.308576 
0.233530 
0.945330 
0.168901 
0.726390 
0.432266 
0.099278 
0.571259 
0.146118 
0.801927 
0.985950 
0.854530 
0.083778 
0.055117 
0.343717 
0.843365 
0.428167 
0.207506 
0.560373 
0.185390 
0.842668 
0.723284 
0.237693 
0.908658 
0.807589 
0.145412 
0.932988 
0.721021 
0.204051 
0.481912 
0.491029 
0.730956 
0.177448 
0.361366 
0.470570 
0.873506 
0.012810 
0.293103 
0.185014 
0.525771 
0.628340 
0.513990 
0.627678 
0.387256 
0.617351 
0.811902 
0.642095 
0.696008 
0.804811 
0.459225 
0.194569 
0.117640 
0.173796 
0.981077 
0.956459 
0.210439 
0.856067 
0.910820 
0.150602 
0.173776 
0.654662 
0.909929 
0.179267 
0.935014 
0.787649 
0.019818 
0.083968 
0.243916 
0.494731 
