0.000001 
0.013986 
0.058027 
0.266711 
0.607786 
0.055053 
0.280066 
0.068729 
0.131249 
0.902677 
0.296205 
0.318212 
0.197057 
0.935074 
0.780362 
0.535942 
0.574245 
0.343949 
0.756659 
0.163768 
0.447078 
0.047436 
0.262837 
0.501261 
0.690016 
0.100233 
0.621726 
0.341260 
0.553186 
0.390851 
0.027592 
0.743324 
0.047897 
0.003500 
0.819086 
0.378328 
0.554562 
0.525121 
0.705538 
0.983808 
0.860205 
0.458489 
0.817361 
0.394136 
0.246877 
0.263693 
0.889673 
0.731241 
0.971639 
0.332711 
0.867182 
0.726168 
0.706664 
0.902913 
0.258524 
0.006518 
0.548367 
0.406563 
0.111784 
0.754878 
0.228453 
0.615076 
0.582413 
0.613739 
0.111866 
0.129454 
0.736336 
0.600234 
0.139683 
0.654715 
0.789597 
0.763578 
0.462019 
0.145177 
0.991769 
0.658593 
0.964689 
0.531177 
0.500079 
0.825987 
0.355525 
0.309516 
0.027926 
0.355582 
0.269623 
0.557624 
0.994088 
0.633207 
0.311241 
0.031230 
0.878546 
0.719248 
0.397112 
0.264248 
0.220106 
0.319972 
0.769048 
0.388337 
0.779513 
0.269966 
0.310178 
0.162204 
0.168338 
0.248508 
0.671607 
0.697599 
0.547147 
0.899034 
0.067059 
0.061866 
0.783973 
0.229678 
0.198967 
0.041337 
0.747879 
0.605684 
0.724788 
0.504563 
0.186957 
0.186712 
0.073517 
0.599732 
0.689020 
0.360287 
0.342062 
0.027932 
0.447612 
0.022474 
0.720608 
0.260989 
0.443152 
0.052313 
0.228872 
0.648751 
0.565684 
0.450876 
0.865177 
0.037225 
0.641477 
0.302496 
0.043703 
0.524086 
0.315573 
0.833150 
0.746842 
0.166208 
0.466082 
0.431932 
0.473942 
0.549888 
0.975500 
0.222555 
0.477017 
0.217050 
0.966115 
0.499167 
0.503983 
0.434628 
0.790436 
0.860004 
0.091444 
0.893222 
0.383632 
0.704421 
0.208348 
0.706449 
0.290543 
0.150877 
0.791584 
0.158876 
0.229395 
0.433906 
0.653639 
0.714277 
0.848812 
0.990591 
0.860844 
0.213509 
0.440441 
0.494713 
0.634117 
0.599647 
0.260402 
0.583977 
0.902153 
0.491500 
0.648862 
0.431561 
0.243409 
0.974437 
0.356527 
0.145781 
0.143149 
0.903611 
0.982370 
0.692392 
0.031778 
0.093634 
0.704057 
0.083283 
0.734230 
0.208892 
0.843281 
0.029008 
0.539431 
0.218897 
0.008055 
0.379800 
0.294748 
0.836429 
0.868899 
0.592635 
0.422940 
0.349084 
0.059105 
0.374300 
0.852852 
0.887224 
0.578893 
0.446309 
0.118126 
0.337607 
0.152493 
0.957726 
0.501451 
0.885687 
0.741426 
0.142490 
0.821777 
0.604333 
0.024771 
0.332330 
0.463380 
0.035625 
0.741463 
0.770869 
0.990787 
0.155652 
0.043863 
0.213821 
0.696451 
0.247860 
0.789580 
0.479293 
0.483402 
0.537454 
0.984377 
0.421461 
0.491205 
0.682538 
0.418103 
0.063341 
0.570773 
0.980053 
0.747627 
0.370350 
0.472280 
0.617193 
0.164265 
0.802980 
0.682325 
0.841132 
0.901110 
0.958712 
0.065108 
0.276673 
0.044871 
0.153841 
0.608131 
0.855645 
0.827126 
0.509327 
0.263025 
0.668358 
0.086744 
0.905966 
0.570611 
0.259223 
0.767117 
0.935694 
0.212567 
0.619874 
0.222097 
0.789197 
0.042371 
0.124939 
0.850529 
0.844974 
0.482775 
0.005062 
0.085219 
0.269880 
0.865618 
0.443420 
0.560388 
0.441758 
0.625994 
0.086823 
0.240065 
0.765053 
0.253655 
0.185905 
0.504518 
0.433387 
0.939243 
0.859464 
0.013129 
0.662799 
0.656072 
0.604145 
0.859803 
0.713880 
0.182295 
0.839575 
0.736188 
0.113836 
0.242079 
0.621880 
0.935936 
0.276089 
0.223318 
0.305829 
0.065543 
0.586940 
0.705113 
0.838669 
0.515755 
0.290353 
0.968871 
0.815370 
0.925005 
0.552008 
0.594355 
0.322458 
0.549439 
0.426552 
0.054388 
0.096677 
0.856353 
0.728968 
0.759117 
0.478279 
0.435378 
0.404297 
0.023146 
0.012095 
0.273295 
0.266143 
0.071496 
0.627881 
0.795867 
0.138683 
0.842273 
0.075402 
0.278151 
0.880273 
0.753880 
0.465842 
0.401978 
0.036072 
0.257384 
0.849570 
0.716666 
0.012792 
0.003269 
0.946105 
0.193874 
0.438005 
0.544887 
0.912131 
0.183984 
0.220291 
0.428105 
0.160080 
0.463572 
0.258304 
0.319562 
0.885600 
0.272909 
0.786536 
0.305936 
0.869529 
0.178645 
0.487485 
0.152728 
0.896746 
0.601761 
0.799953 
0.811473 
0.425846 
0.199215 
0.206718 
0.315636 
0.892684 
0.332600 
0.014727 
0.520941 
0.460532 
0.168587 
0.450032 
0.680869 
0.369977 
0.201269 
0.728301 
0.554566 
0.587724 
0.876306 
0.070780 
0.602610 
0.063621 
0.271893 
0.704021 
0.485747 
0.955643 
0.498147 
0.364359 
0.783199 
0.224514 
0.409494 
0.365787 
0.778511 
0.426836 
0.836315 
0.948308 
0.219425 
0.876873 
0.606710 
0.979044 
0.789975 
0.104033 
0.485705 
0.240900 
0.809645 
0.708310 
0.559901 
0.256557 
0.961803 
0.016211 
0.458243 
0.682573 
0.007593 
0.621082 
0.519246 
0.966639 
0.308716 
0.595223 
0.919818 
0.386532 
0.448849 
0.806595 
0.442304 
0.801692 
0.041945 
0.964649 
0.848922 
0.824935 
0.687629 
0.988925 
0.858361 
0.479817 
0.288208 
0.916795 
0.572742 
0.075577 
0.223104 
0.708423 
0.458148 
0.089383 
0.254674 
0.312458 
0.487841 
0.138421 
0.444033 
0.863834 
0.466000 
0.055085 
0.820101 
0.439187 
0.409691 
0.679080 
0.301121 
0.939987 
0.369665 
0.958267 
0.590957 
0.215148 
0.984596 
0.112455 
0.027471 
0.708539 
0.406820 
0.420177 
0.912637 
0.691506 
0.136749 
0.348307 
0.988935 
0.031958 
0.119496 
0.369860 
0.235371 
0.882835 
0.809289 
0.719736 
0.606707 
0.931726 
0.512508 
0.714255 
0.487007 
0.130183 
0.982405 
0.276560 
0.143823 
0.230488 
0.808554 
0.362650 
0.066857 
0.666091 
0.984613 
0.392036 
0.951877 
0.197463 
0.765482 
0.464199 
0.791650 
0.266331 
0.221030 
0.853812 
0.023257 
0.876672 
0.230555 
0.944919 
0.254876 
0.692824 
0.289295 
0.189184 
0.609013 
0.689018 
0.317758 
0.565721 
0.068611 
0.142796 
0.965306 
0.896390 
0.620545 
0.492280 
0.755644 
0.107675 
0.698462 
0.057118 
0.985185 
0.000329 
0.526700 
0.250626 
0.276743 
0.211760 
0.043440 
0.094854 
0.214364 
0.823923 
0.667131 
0.474169 
0.361049 
0.142965 
0.812672 
0.579859 
0.682050 
0.207326 
0.533658 
0.181968 
0.329600 
0.581815 
0.565667 
0.165651 
0.102026 
0.756863 
0.596069 
0.133295 
0.295117 
0.030093 
0.769831 
0.554935 
0.798942 
0.816496 
0.855818 
0.730858 
0.527946 
0.194061 
0.581654 
0.854401 
0.924318 
0.017074 
0.967611 
0.640314 
0.759253 
0.769856 
0.962822 
0.153847 
0.699073 
0.324743 
0.960970 
0.023860 
0.018324 
0.974103 
0.745184 
0.313976 
0.994847 
0.390674 
0.061257 
0.553938 
0.029889 
0.347798 
0.446297 
0.905444 
0.798214 
0.577863 
0.140391 
0.551774 
0.669799 
0.303980 
0.993809 
0.941948 
0.324886 
0.355816 
0.192419 
0.980100 
0.538521 
0.921531 
0.168115 
0.506275 
0.957442 
0.723554 
0.776017 
0.515095 
0.199402 
0.349311 
0.867549 
0.898152 
0.247923 
0.838470 
0.173660 
0.708683 
0.828134 
0.449535 
0.331612 
0.410670 
0.131893 
0.722414 
0.605255 
0.519198 
0.162237 
0.723313 
0.724603 
0.400609 
0.037104 
0.604719 
0.513896 
0.047839 
0.037804 
0.371407 
0.237622 
0.714784 
0.375697 
0.331537 
0.148613 
0.742790 
0.074972 
0.060931 
0.072795 
0.460728 
0.449636 
0.036955 
0.100093 
0.264783 
0.210209 
0.987985 
0.069021 
0.042977 
0.308525 
0.373545 
0.178556 
0.989283 
0.873944 
0.369918 
0.207007 
0.167695 
0.454434 
0.674964 
0.126465 
0.495749 
0.054566 
0.089990 
0.456495 
0.318521 
0.381823 
0.299736 
0.660577 
0.323438 
0.017083 
0.111953 
0.591741 
0.388211 
0.654239 
0.788982 
0.418120 
0.342930 
0.626717 
0.224583 
0.564940 
0.947139 
0.570253 
0.239063 
0.927410 
0.987782 
0.651340 
0.069348 
0.531586 
0.364736 
0.119185 
0.140123 
0.054578 
0.294438 
0.618135 
0.996353 
0.699219 
0.778279 
0.531402 
0.269947 
0.000082 
0.371963 
0.574261 
0.612981 
0.368126 
0.096718 
0.545363 
0.921222 
0.984867 
0.659943 
0.664658 
0.914184 
0.690024 
0.225173 
0.490975 
0.824623 
0.443892 
0.487029 
0.492043 
0.763577 
0.444237 
0.291322 
0.256477 
0.605493 
0.517526 
0.055906 
0.614711 
0.445350 
0.994091 
0.687256 
0.711206 
0.241585 
0.316357 
0.009789 
0.529253 
0.154368 
0.459841 
0.540951 
0.758187 
0.853684 
0.868978 
0.916646 
0.065173 
0.368256 
0.277873 
0.206154 
0.835281 
0.566083 
0.159639 
0.057174 
0.919411 
0.534562 
0.378405 
0.858224 
0.169105 
0.150872 
0.712233 
0.497242 
0.147033 
0.180218 
0.926619 
0.687087 
0.863449 
0.981227 
0.474586 
0.362237 
0.112877 
0.132116 
0.476472 
0.073018 
0.212885 
0.953717 
0.118548 
0.439591 
0.197579 
0.718115 
0.353114 
0.785906 
0.722345 
0.450161 
0.857046 
0.372735 
0.550343 
0.608033 
0.214299 
0.722197 
0.961157 
0.157358 
0.723328 
0.966187 
0.709054 
0.062189 
0.216991 
0.972980 
0.880003 
0.211017 
0.567487 
0.759077 
0.815096 
0.317824 
0.676110 
0.386917 
0.914698 
0.328723 
0.846499 
0.111982 
0.088340 
0.723944 
0.323143 
0.057153 
0.564868 
0.741221 
0.701705 
0.548598 
0.280483 
0.080773 
0.544074 
0.246703 
0.340552 
0.657339 
0.899007 
0.606015 
0.302304 
0.830048 
0.609057 
0.413778 
0.374629 
0.396583 
0.364078 
0.052816 
0.680756 
0.463074 
0.887650 
0.735943 
0.991273 
0.317561 
0.251598 
0.602995 
0.535480 
0.815042 
0.413104 
0.039339 
0.167277 
0.418098 
0.968845 
0.383519 
0.801393 
0.005934 
0.738725 
0.759065 
0.600497 
0.551674 
0.978176 
0.200300 
0.437048 
0.467834 
0.883123 
0.641446 
0.780892 
0.444737 
0.696178 
0.660231 
0.495078 
0.773950 
0.783672 
0.169296 
0.364372 
0.996507 
0.286930 
0.432550 
0.875132 
0.349566 
0.159460 
0.037330 
0.406167 
0.442966 
0.931752 
0.955832 
0.672265 
0.750483 
0.366906 
0.582568 
0.219670 
0.986108 
0.522375 
0.553462 
0.041741 
0.542036 
0.006486 
0.016644 
0.729237 
0.286194 
0.064915 
0.022344 
0.527957 
0.371187 
0.544875 
0.714053 
0.094104 
0.605191 
0.451916 
0.354068 
0.825525 
0.606112 
0.932443 
0.572864 
0.130406 
0.732457 
0.396976 
0.967585 
0.193100 
0.426963 
0.970535 
0.776984 
0.768366 
0.933248 
0.101284 
0.273319 
0.668638 
0.796864 
0.898391 
0.254852 
0.292168 
0.475307 
0.485924 
0.932810 
0.735833 
0.140133 
0.210683 
0.947160 
0.921892 
0.231884 
0.274537 
0.138209 
0.883317 
0.905590 
0.246192 
0.756465 
0.906699 
0.891938 
0.802920 
0.672035 
0.891136 
0.321279 
0.730482 
0.207965 
0.273228 
0.149454 
0.865270 
0.593694 
0.219094 
0.310947 
0.088690 
0.608426 
0.823754 
0.831199 
0.967409 
0.238919 
0.515762 
0.407592 
0.404937 
0.783097 
0.503981 
0.405224 
0.602966 
0.050809 
0.942898 
0.286711 
0.753969 
0.957798 
0.713607 
0.589852 
0.649333 
0.333572 
0.344275 
0.222071 
0.341975 
0.578543 
0.570013 
0.206041 
0.926727 
0.497991 
0.734558 
0.718703 
0.235361 
0.709465 
0.984206 
0.550639 
0.588985 
0.071882 
0.128612 
0.581917 
0.275799 
0.356201 
0.665374 
0.938539 
0.032349 
0.686141 
0.967161 
0.080511 
0.148174 
0.364935 
0.454392 
0.968541 
0.262632 
0.048157 
0.376358 
0.453606 
0.762419 
0.977372 
0.694749 
0.647552 
0.410404 
0.658919 
0.456507 
0.517882 
0.043900 
0.834108 
0.855388 
0.503276 
0.564436 
0.479462 
0.312674 
0.105556 
0.086377 
0.737402 
0.511366 
0.523192 
0.282088 
0.052812 
0.617965 
0.135400 
0.666150 
0.985934 
0.599727 
0.608009 
0.812642 
0.071371 
0.540416 
0.773938 
0.575936 
0.761786 
0.332305 
0.046055 
0.046147 
0.598868 
0.169884 
0.243386 
0.594959 
0.483793 
0.110524 
0.574202 
0.618570 
0.308302 
0.640086 
0.918251 
0.048804 
0.249611 
0.218052 
0.792598 
0.192155 
0.545358 
0.834710 
0.966157 
0.198712 
0.746100 
0.705142 
0.315178 
0.193986 
0.320395 
0.882153 
0.348620 
0.255064 
0.863466 
0.272641 
0.284127 
0.326409 
0.950540 
0.720201 
0.421775 
0.779303 
0.740617 
0.555388 
0.408529 
0.139446 
0.666193 
0.712777 
0.645649 
0.429887 
0.109044 
0.697477 
0.499010 
0.854490 
0.421057 
0.698292 
0.196244 
0.267494 
0.764038 
0.181527 
0.916361 
0.278895 
0.381615 
0.798242 
0.048775 
0.769104 
0.324011 
0.648236 
0.908655 
0.768050 
0.616506 
0.614900 
0.620555 
0.663967 
0.300102 
0.821628 
0.106406 
0.372005 
0.292855 
0.018075 
0.781994 
0.975881 
0.634801 
0.096833 
0.480394 
0.981652 
0.622753 
0.611811 
0.700272 
0.478208 
0.236159 
0.132096 
0.130837 
0.969680 
0.415041 
0.587941 
0.519042 
0.545045 
0.566194 
0.015624 
0.585943 
0.943543 
0.120097 
0.464921 
0.934466 
0.564617 
0.524154 
0.458395 
0.244050 
0.747199 
0.175772 
0.203623 
0.290238 
0.022891 
0.733575 
0.195273 
0.948606 
0.217376 
0.434533 
0.187885 
0.787891 
0.078855 
0.316259 
0.365798 
0.964551 
0.211598 
0.330429 
0.520594 
0.629426 
0.755691 
0.904282 
0.272229 
0.344838 
0.688863 
0.713589 
0.287481 
0.686888 
0.521949 
0.396428 
0.759853 
0.853811 
0.009795 
0.631677 
0.589401 
0.066692 
0.895227 
0.083023 
0.372556 
0.541871 
0.219195 
0.017237 
0.694185 
0.169561 
0.808216 
0.678765 
0.011294 
0.812057 
0.243604 
0.251400 
0.280725 
0.139027 
0.622586 
0.808053 
0.945359 
0.649558 
0.119649 
0.933129 
0.097130 
0.471144 
0.524546 
0.047032 
0.462536 
0.843294 
0.247982 
0.835206 
0.300207 
0.580096 
0.674335 
0.553823 
0.097746 
0.824813 
0.626774 
0.195475 
0.353710 
0.809779 
0.953718 
0.145933 
0.690311 
0.060602 
0.534926 
0.505678 
0.924099 
0.331457 
0.797805 
0.715170 
0.863177 
0.424112 
0.045919 
0.762045 
0.690012 
0.023418 
0.578335 
0.075022 
0.902141 
0.280415 
0.943178 
0.000416 
0.990701 
0.709276 
0.808312 
0.305437 
0.482870 
0.600249 
0.380274 
0.257860 
0.852807 
0.127284 
0.259664 
0.169524 
0.190316 
0.638854 
0.215501 
0.925492 
0.737443 
0.204680 
0.061230 
0.090765 
0.492049 
0.869225 
0.072839 
0.207567 
0.574608 
0.430431 
0.247582 
0.111180 
0.609524 
0.267532 
0.413493 
0.581800 
0.312813 
0.442792 
0.005277 
0.688401 
0.952163 
0.999903 
0.377656 
0.268820 
0.061552 
0.496853 
0.613822 
0.512348 
0.027416 
0.775111 
0.289441 
0.640215 
0.087353 
0.141401 
0.531474 
0.478065 
0.830748 
0.387523 
0.101876 
0.227584 
0.002924 
0.138900 
0.497383 
0.510909 
0.853749 
0.958135 
0.372933 
0.879837 
0.413865 
0.830467 
0.661320 
0.799296 
0.774406 
0.443958 
0.594037 
0.986025 
0.113981 
0.670797 
0.085985 
0.157546 
0.878278 
0.216268 
0.815326 
0.186070 
0.280202 
0.362255 
0.411602 
0.797952 
0.176015 
0.289903 
0.405570 
0.406900 
0.764504 
0.026969 
0.262094 
0.011260 
0.243910 
0.389411 
0.838641 
0.033048 
0.434194 
0.499414 
0.651183 
0.440103 
0.806273 
0.023561 
0.983316 
0.585017 
0.372809 
0.796755 
0.053097 
0.406701 
0.424907 
0.405852 
0.159455 
0.954817 
0.603266 
0.096054 
0.383411 
0.990848 
0.185563 
0.759094 
0.096196 
0.760561 
0.752468 
0.723705 
0.315564 
0.685818 
0.547980 
0.896018 
0.377348 
0.088687 
0.567260 
0.934988 
0.347205 
0.467715 
0.883250 
0.790442 
0.952911 
0.576527 
0.684002 
0.019348 
0.184297 
0.472849 
0.173088 
0.093597 
0.078511 
0.530952 
0.712038 
0.221147 
0.823529 
0.059163 
0.357346 
0.919808 
0.204929 
0.246013 
0.740699 
0.924643 
0.470715 
0.312985 
0.341374 
0.472031 
0.431134 
0.073672 
0.206719 
0.320864 
0.759926 
0.076956 
0.393015 
0.409456 
0.725269 
0.594391 
0.931662 
0.450868 
0.744831 
0.380657 
0.698438 
0.639417 
0.681894 
0.588678 
0.910509 
0.930398 
0.206009 
0.393548 
0.354636 
0.366378 
0.719815 
0.934545 
0.895938 
0.022682 
0.212938 
0.842041 
0.183654 
0.666081 
0.822153 
0.930630 
0.096599 
0.538025 
0.583168 
0.309409 
0.239507 
0.392538 
0.386238 
0.498678 
0.287132 
0.831621 
0.051901 
0.297049 
0.498255 
0.176211 
0.570381 
0.390234 
0.666935 
0.177851 
0.143901 
0.537758 
0.091458 
0.142038 
0.232993 
0.908824 
0.613342 
0.442461 
0.440994 
0.793316 
0.258663 
0.350210 
0.985942 
0.731953 
0.938940 
0.764560 
0.965350 
0.642892 
0.089391 
0.394727 
0.181177 
0.045081 
0.682532 
0.313747 
0.138474 
0.329407 
0.339194 
0.829284 
0.768559 
0.179368 
0.635058 
0.425990 
0.607905 
0.065624 
0.943227 
0.809185 
0.974190 
0.207667 
0.254295 
0.938984 
0.506226 
0.143844 
0.581250 
0.069143 
0.081981 
0.848470 
0.228137 
0.297426 
0.837646 
0.310758 
0.903780 
0.831693 
0.260308 
0.994614 
0.471213 
0.673880 
0.897372 
0.126522 
0.449768 
0.247865 
0.867555 
0.990277 
0.579227 
0.068718 
0.944363 
0.911834 
0.196716 
0.211712 
0.248195 
0.408663 
0.401971 
0.925368 
0.655371 
0.812287 
0.110550 
0.020219 
0.825579 
0.500009 
0.652454 
0.790344 
0.313874 
0.275245 
0.039401 
0.215470 
0.405602 
0.945252 
0.854337 
0.850266 
0.428718 
0.471220 
0.789460 
0.447427 
0.905920 
0.794916 
0.154427 
0.456818 
0.745169 
0.053366 
0.918039 
0.489050 
0.470515 
0.937699 
0.907944 
0.809123 
0.930090 
0.014426 
0.459472 
0.342184 
0.094618 
0.236714 
0.453090 
0.084995 
0.507071 
0.338608 
0.982983 
0.998061 
0.412752 
0.114636 
0.693972 
0.588300 
0.563277 
0.994988 
0.756077 
0.384657 
0.928491 
0.152511 
0.253798 
0.575976 
0.435026 
0.475916 
0.727081 
0.047796 
0.302164 
0.477010 
0.115362 
0.895634 
0.919216 
0.262818 
0.189912 
0.853728 
0.609306 
0.602177 
0.795021 
0.918835 
0.861928 
0.431426 
0.973707 
0.095111 
0.523853 
0.396972 
0.914929 
0.206861 
0.714355 
0.172447 
0.319011 
0.610961 
0.417070 
0.699469 
0.967100 
0.054834 
0.594887 
0.265040 
0.520003 
0.691009 
0.785426 
0.663024 
0.439754 
0.942436 
0.519634 
0.496109 
0.101524 
0.315083 
0.597031 
0.297800 
0.127370 
0.706501 
0.165805 
0.679414 
0.912792 
0.296380 
0.253391 
0.734509 
0.888294 
0.549888 
0.962359 
0.370608 
0.815681 
0.143479 
0.449924 
0.866693 
0.516072 
0.620768 
0.251771 
0.510632 
0.191456 
0.793133 
0.192816 
0.657848 
0.446263 
0.339825 
0.430727 
0.225622 
0.036707 
0.930759 
0.270443 
0.342522 
0.761856 
0.511402 
0.134603 
0.277173 
0.451793 
0.283571 
0.977521 
0.195704 
0.205442 
0.869138 
0.601826 
0.891059 
0.020669 
0.386235 
0.448707 
0.418355 
0.291639 
0.570808 
0.578238 
0.443851 
0.796336 
0.019164 
0.082683 
0.652794 
0.517086 
0.670365 
0.824023 
0.348533 
0.789498 
0.097258 
0.620007 
0.460423 
0.333531 
0.653308 
0.145369 
0.214895 
0.734346 
0.148923 
0.956357 
0.498695 
0.568733 
0.692776 
0.486999 
0.987445 
0.996225 
0.546694 
0.282717 
0.621612 
0.430913 
0.362940 
0.932151 
0.658241 
0.055577 
0.081147 
0.836083 
0.051481 
0.239331 
0.430899 
0.119524 
0.843864 
0.821510 
0.119174 
0.954529 
0.767470 
0.869827 
0.188907 
0.954085 
0.301075 
0.162250 
0.933506 
0.434979 
0.692747 
0.003697 
0.134414 
0.100763 
0.525097 
0.307505 
0.234979 
0.284728 
0.430079 
0.341201 
0.567838 
0.651786 
0.561923 
0.233065 
0.119939 
0.822982 
0.854860 
0.631609 
0.457771 
0.754829 
0.410480 
0.943148 
0.492164 
0.795201 
0.944048 
0.610095 
0.868272 
0.054351 
0.475827 
0.226695 
0.069969 
0.961452 
0.118870 
0.841045 
0.448982 
0.042886 
0.786812 
0.955246 
0.813340 
0.809532 
0.808905 
0.259483 
0.134098 
0.785336 
0.137062 
0.596435 
0.283530 
0.292862 
0.138460 
0.096251 
0.696947 
0.591130 
0.122479 
0.510598 
0.621938 
0.919828 
0.549125 
0.146398 
0.507164 
0.898795 
0.041050 
0.919041 
0.316550 
0.263415 
0.207767 
0.932543 
0.244585 
0.733491 
0.784883 
0.523805 
0.582263 
0.094259 
0.204031 
0.152923 
0.168567 
0.105632 
0.360502 
0.957774 
0.302214 
0.306019 
0.255571 
0.389387 
0.434440 
0.632441 
0.441724 
0.054701 
0.354440 
0.073966 
0.140024 
0.376393 
0.041140 
0.435713 
0.024515 
0.018803 
0.016832 
0.895481 
0.345303 
0.509667 
0.978365 
0.374292 
0.718567 
0.961855 
0.902774 
0.927346 
0.897866 
0.435887 
0.960968 
0.996914 
0.133720 
0.424978 
0.612780 
0.996378 
0.118368 
0.416061 
0.730037 
0.736412 
0.882248 
0.950146 
0.095727 
0.891757 
0.766437 
0.509453 
0.382625 
0.784445 
0.164943 
0.203895 
0.855985 
0.537738 
0.766437 
0.509234 
0.699567 
0.627496 
0.322740 
0.286412 
0.725128 
0.220489 
0.758225 
0.488935 
0.528166 
0.889438 
0.779081 
0.019382 
0.757109 
0.723563 
0.926620 
0.696752 
0.312617 
0.153799 
0.907499 
0.329775 
0.527473 
0.232217 
0.874398 
0.004079 
0.558611 
0.578783 
0.597768 
0.681793 
0.894136 
0.743234 
0.532853 
0.655395 
0.229605 
0.968490 
0.407209 
0.967913 
0.714642 
0.994187 
0.303370 
0.738307 
0.718197 
0.733999 
0.313246 
0.725393 
0.679438 
0.308415 
0.531570 
0.102427 
0.498677 
0.272145 
0.936757 
0.067709 
0.982046 
0.248996 
0.869369 
0.479941 
0.364301 
0.814318 
0.240955 
0.737422 
0.855405 
0.792821 
0.936446 
0.853962 
0.532954 
0.362272 
0.700434 
0.200023 
0.790431 
0.773022 
0.180466 
0.095671 
0.946066 
0.529345 
0.695951 
0.852585 
0.388079 
0.450623 
0.614739 
0.916787 
0.435835 
0.085049 
0.419203 
0.541665 
0.760864 
0.836336 
0.303203 
0.931966 
0.555813 
0.555592 
0.842192 
0.713238 
0.389200 
0.285156 
0.615719 
0.393705 
0.993515 
0.014709 
0.211142 
0.668727 
0.287514 
0.243210 
0.622544 
0.089545 
0.987181 
0.547348 
0.285637 
0.704131 
0.330070 
0.493108 
0.670349 
0.561198 
0.046531 
0.051568 
0.708528 
0.230640 
0.373028 
0.481229 
0.018386 
0.013468 
0.358063 
0.967579 
0.108317 
0.478104 
0.498079 
0.220105 
0.300883 
0.948383 
0.466956 
0.131841 
0.850673 
0.268723 
0.420385 
0.417293 
0.444574 
0.955634 
0.336032 
0.690615 
0.174555 
0.745681 
0.668938 
0.845201 
0.296330 
0.423091 
0.890565 
0.719662 
0.357392 
0.686142 
0.990531 
0.852346 
0.385666 
0.894228 
0.297363 
0.780671 
0.737856 
0.138202 
0.755426 
0.446594 
0.899622 
0.954659 
0.957273 
0.879874 
0.046846 
0.343697 
0.508568 
0.504666 
0.923034 
0.425029 
0.468508 
0.206595 
0.248692 
0.762835 
0.967009 
0.514886 
0.693541 
0.339423 
0.685445 
0.278307 
0.500088 
0.976159 
0.302604 
0.864438 
0.606658 
0.093334 
0.658490 
0.249720 
0.050275 
0.972642 
0.198529 
0.669093 
0.439893 
0.282309 
0.766769 
0.086101 
0.107416 
0.334354 
0.481845 
0.367844 
0.348366 
0.990843 
0.104983 
0.446027 
0.383798 
0.498803 
0.380991 
0.319923 
0.944196 
0.094693 
0.512185 
