0.000001 
0.015269 
0.630225 
0.185984 
0.826407 
0.428880 
0.189373 
0.784046 
0.465063 
0.307288 
0.585840 
0.212553 
0.381342 
0.213390 
0.450188 
0.303650 
0.445077 
0.412448 
0.019161 
0.043935 
0.409205 
0.515136 
0.893562 
0.093430 
0.281601 
0.871603 
0.038045 
0.423502 
0.795895 
0.614745 
0.022850 
0.035940 
0.048375 
0.045791 
0.603266 
0.095757 
0.384975 
0.277846 
0.756858 
0.513939 
0.775747 
0.972866 
0.955608 
0.910442 
0.797234 
0.112739 
0.810158 
0.319335 
0.063608 
0.057145 
0.438652 
0.431312 
0.054674 
0.897920 
0.343245 
0.925975 
0.855548 
0.195414 
0.327415 
0.865006 
0.161003 
0.978183 
0.324168 
0.285621 
0.433268 
0.938761 
0.748512 
0.247934 
0.019878 
0.088052 
0.884446 
0.879542 
0.461331 
0.586592 
0.857829 
0.537165 
0.133804 
0.851890 
0.713852 
0.714326 
0.669071 
0.071553 
0.587848 
0.957885 
0.176293 
0.950154 
0.239208 
0.374027 
0.278809 
0.942322 
0.604389 
0.963208 
0.633892 
0.830749 
0.396993 
0.262600 
0.510024 
0.969583 
0.787258 
0.437998 
0.434895 
0.280056 
0.906786 
0.351337 
0.917350 
0.907675 
0.298536 
0.493573 
0.487875 
0.711640 
0.534712 
0.908843 
0.918962 
0.993088 
0.828826 
0.080967 
0.819284 
0.706436 
0.078205 
0.399147 
0.463588 
0.522147 
0.721476 
0.852221 
0.286157 
0.435643 
0.858026 
0.837631 
0.065980 
0.927918 
0.519636 
0.518782 
0.166496 
0.303701 
0.306463 
0.724487 
0.452133 
0.994754 
0.836889 
0.601102 
0.718112 
0.301898 
0.002620 
0.041116 
0.043698 
0.428244 
0.503819 
0.690374 
0.117326 
0.898619 
0.091886 
0.323561 
0.096620 
0.886103 
0.726296 
0.856114 
0.704124 
0.215422 
0.596050 
0.807984 
0.795415 
0.539270 
0.518448 
0.551945 
0.541403 
0.359979 
0.164997 
0.096453 
0.083034 
0.546708 
0.520732 
0.948825 
0.899972 
0.830752 
0.449375 
0.645016 
0.776445 
0.714916 
0.598378 
0.931832 
0.304511 
0.921606 
0.437630 
0.250889 
0.696755 
0.361454 
0.949597 
0.884709 
0.306598 
0.995034 
0.537540 
0.432803 
0.119912 
0.368184 
0.062453 
0.650731 
0.839955 
0.117896 
0.473204 
0.133455 
0.984602 
0.201761 
0.005172 
0.920870 
0.063475 
0.827123 
0.455912 
0.517621 
0.662034 
0.799594 
0.769571 
0.174164 
0.179718 
0.515424 
0.737724 
0.933553 
0.218195 
0.205358 
0.450710 
0.087716 
0.249280 
0.646710 
0.250428 
0.942654 
0.193246 
0.886948 
0.928104 
0.641856 
0.677833 
0.331312 
0.352730 
0.337087 
0.426444 
0.243147 
0.569443 
0.627848 
0.246237 
0.502897 
0.191705 
0.993937 
0.100602 
0.814536 
0.904573 
0.154506 
0.773988 
0.423376 
0.673486 
0.276592 
0.682340 
0.082614 
0.499563 
0.160928 
0.714929 
0.809783 
0.030566 
0.715474 
0.978970 
0.546247 
0.776430 
0.465928 
0.855186 
0.104112 
0.809214 
0.464715 
0.470076 
0.573469 
0.294653 
0.225598 
0.629806 
0.149616 
0.594137 
0.663513 
0.660416 
0.604346 
0.237962 
0.421679 
0.152357 
0.665218 
0.321010 
0.219104 
0.486133 
0.430540 
0.077958 
0.248307 
0.293042 
0.149836 
0.285609 
0.223584 
0.778341 
0.570720 
0.093599 
0.120053 
0.733532 
0.465088 
0.736048 
0.752026 
0.294524 
0.070169 
0.333725 
0.910251 
0.595905 
0.369726 
0.986746 
0.234773 
0.821748 
0.115733 
0.120658 
0.892065 
0.935644 
0.376993 
0.119461 
0.775478 
0.466513 
0.681036 
0.166370 
0.179124 
0.532343 
0.081303 
0.452720 
0.869418 
0.300332 
0.681406 
0.386612 
0.782384 
0.530317 
0.033153 
0.197671 
0.251527 
0.420407 
0.781078 
0.584042 
0.002220 
0.311464 
0.777345 
0.835454 
0.473532 
0.658708 
0.900737 
0.691519 
0.366657 
0.402371 
0.650880 
0.338233 
0.689862 
0.514917 
0.218017 
0.212758 
0.820507 
0.258247 
0.363736 
0.307071 
0.950515 
0.304574 
0.975998 
0.603062 
0.666711 
0.418478 
0.361979 
0.788057 
0.876539 
0.997849 
0.844718 
0.168560 
0.983189 
0.451807 
0.512508 
0.720900 
0.162589 
0.639101 
0.376367 
0.595945 
0.040172 
0.171367 
0.164698 
0.085299 
0.621126 
0.259354 
0.969113 
0.881615 
0.303599 
0.586391 
0.480947 
0.270026 
0.327410 
0.786218 
0.970090 
0.299405 
0.093290 
0.917842 
0.171139 
0.340609 
0.617408 
0.771016 
0.466494 
0.372638 
0.919828 
0.551403 
0.423894 
0.388312 
0.365983 
0.076316 
0.636164 
0.006534 
0.813047 
0.883021 
0.928175 
0.843689 
0.883655 
0.595798 
0.584289 
0.139599 
0.237015 
0.508502 
0.393095 
0.742521 
0.556723 
0.848921 
0.808633 
0.694417 
0.063039 
0.490137 
0.725662 
0.196223 
0.922859 
0.497537 
0.101164 
0.257802 
0.873595 
0.513845 
0.188567 
0.240968 
0.951873 
0.122338 
0.134254 
0.408711 
0.209034 
0.233619 
0.431801 
0.272541 
0.600840 
0.310473 
0.113447 
0.708477 
0.377120 
0.256466 
0.431607 
0.010949 
0.016858 
0.326080 
0.422869 
0.158889 
0.449973 
0.694927 
0.634040 
0.309595 
0.360632 
0.136298 
0.766308 
0.336689 
0.730343 
0.879292 
0.256669 
0.830677 
0.187717 
0.964340 
0.664875 
0.561749 
0.323103 
0.397241 
0.430110 
0.856059 
0.781231 
0.147906 
0.860851 
0.325778 
0.350012 
0.653059 
0.970259 
0.145667 
0.229930 
0.438997 
0.216517 
0.998442 
0.818455 
0.768862 
0.271266 
0.172327 
0.293452 
0.052936 
0.692422 
0.541525 
0.412851 
0.789902 
0.883675 
0.929937 
0.458616 
0.953225 
0.845747 
0.472936 
0.636596 
0.265366 
0.006945 
0.729671 
0.587132 
0.932113 
0.025628 
0.724624 
0.747349 
0.687270 
0.942914 
0.549341 
0.767526 
0.805595 
0.636084 
0.660038 
0.262748 
0.009758 
0.007578 
0.371561 
0.831484 
0.757757 
0.625210 
0.910160 
0.063040 
0.510078 
0.883946 
0.478584 
0.563396 
0.988458 
0.009170 
0.127484 
0.620894 
0.361087 
0.786066 
0.404262 
0.424789 
0.422040 
0.223992 
0.628957 
0.885127 
0.322249 
0.046779 
0.215619 
0.914861 
0.064736 
0.010318 
0.420963 
0.129309 
0.289703 
0.046132 
0.337490 
0.202374 
0.292441 
0.056504 
0.656365 
0.530578 
0.425155 
0.573621 
0.846237 
0.701440 
0.099369 
0.100226 
0.499947 
0.613276 
0.334372 
0.794798 
0.169378 
0.738385 
0.033669 
0.868505 
0.967011 
0.556867 
0.262236 
0.406371 
0.884753 
0.041768 
0.997163 
0.323480 
0.732945 
0.610359 
0.299351 
0.198477 
0.807910 
0.547837 
0.495076 
0.740853 
0.510366 
0.714389 
0.732964 
0.923860 
0.308531 
0.480868 
0.956245 
0.605066 
0.343203 
0.207044 
0.794329 
0.290517 
0.726297 
0.866578 
0.570147 
0.459738 
0.811276 
0.117781 
0.543847 
0.437922 
0.160574 
0.771240 
0.225805 
0.102256 
0.624686 
0.097121 
0.305945 
0.024914 
0.729891 
0.275551 
0.192447 
0.457477 
0.817447 
0.823763 
0.991562 
0.176688 
0.591971 
0.256965 
0.808287 
0.878665 
0.727283 
0.442029 
0.188580 
0.460404 
0.008377 
0.784362 
0.766653 
0.136514 
0.386700 
0.270568 
0.440732 
0.385168 
0.520256 
0.941721 
0.509687 
0.314852 
0.709955 
0.213790 
0.165627 
0.697380 
0.858603 
0.534096 
0.545525 
0.630641 
0.183282 
0.422039 
0.212479 
0.136871 
0.389698 
0.647905 
0.346173 
0.126656 
0.712230 
0.454737 
0.765305 
0.487713 
0.997753 
0.228220 
0.696108 
0.481916 
0.560308 
0.103457 
0.795760 
0.332333 
0.526156 
0.100223 
0.451752 
0.603577 
0.316798 
0.427286 
0.388730 
0.387715 
0.332922 
0.419579 
0.859744 
0.718014 
0.656443 
0.840352 
0.800152 
0.146712 
0.780415 
0.429690 
0.795038 
0.204928 
0.225774 
0.583979 
0.929280 
0.401474 
0.576909 
0.112918 
0.814654 
0.886976 
0.413167 
0.090890 
0.584492 
0.549188 
0.200571 
0.989538 
0.157668 
0.920569 
0.002084 
0.024153 
0.937996 
0.890805 
0.761927 
0.704203 
0.545819 
0.573118 
0.401099 
0.272690 
0.109191 
0.171573 
0.619211 
0.075759 
0.276711 
0.675685 
0.231103 
0.152705 
0.514928 
0.399229 
0.838704 
0.106137 
0.843402 
0.056351 
0.088072 
0.221559 
0.738228 
0.404979 
0.482375 
0.273814 
0.985157 
0.533603 
0.270704 
0.727237 
0.676125 
0.637557 
0.412363 
0.589166 
0.116974 
0.982761 
0.256282 
0.327778 
0.965700 
0.524550 
0.104861 
0.395253 
0.011020 
0.213807 
0.452323 
0.189635 
0.192765 
0.805728 
0.874965 
0.543555 
0.521663 
0.594347 
0.198418 
0.807035 
0.837800 
0.908447 
0.268732 
0.572209 
0.118845 
0.432219 
0.309543 
0.487671 
0.279871 
0.793065 
0.042324 
0.339915 
0.952690 
0.853132 
0.581293 
0.787314 
0.384034 
0.459650 
0.340193 
0.617433 
0.189461 
0.265875 
0.566794 
0.107782 
0.484518 
0.295750 
0.675763 
0.546935 
0.337950 
0.926538 
0.328609 
0.928796 
0.276216 
0.360637 
0.223468 
0.834192 
0.268768 
0.175513 
0.840782 
0.024086 
0.813612 
0.382934 
0.967708 
0.274350 
0.007889 
0.582655 
0.689266 
0.494277 
0.311750 
0.581984 
0.409746 
0.603249 
0.809296 
0.838854 
0.611843 
0.244729 
0.167515 
0.431609 
0.045823 
0.149242 
0.303395 
0.167857 
0.169699 
0.132107 
0.325737 
0.655218 
0.254379 
0.352176 
0.021556 
0.285662 
0.118271 
0.783668 
0.104338 
0.600730 
0.472332 
0.490835 
0.464480 
0.513886 
0.879252 
0.582310 
0.877162 
0.455130 
0.375723 
0.775864 
0.943459 
0.723747 
0.018912 
0.855301 
0.042680 
0.324724 
0.636207 
0.731803 
0.419874 
0.828228 
0.035901 
0.383580 
0.831452 
0.220383 
0.977601 
0.537528 
0.227682 
0.646023 
0.708294 
0.301146 
0.354206 
0.138640 
0.125549 
0.107839 
0.453955 
0.618492 
0.995813 
0.621476 
0.150114 
0.963030 
0.651130 
0.543545 
0.363414 
0.900271 
0.858803 
0.901368 
0.284260 
0.553699 
0.026592 
0.927634 
0.745519 
0.941863 
0.897536 
0.888627 
0.160573 
0.744990 
0.048063 
0.802006 
0.312144 
0.195806 
0.916834 
0.237271 
0.817630 
0.915406 
0.232474 
0.191509 
0.694935 
0.765993 
0.036703 
0.866364 
0.977523 
0.221931 
0.988570 
0.902573 
0.538418 
0.194071 
0.752903 
0.032744 
0.324373 
0.740611 
0.447533 
0.686270 
0.142501 
0.008725 
0.647478 
0.169103 
0.108031 
0.674381 
0.313708 
0.496211 
0.812361 
0.344033 
0.164857 
0.757988 
0.512701 
0.965673 
0.071865 
0.827657 
0.427812 
0.228739 
0.424028 
0.634026 
0.081988 
0.978677 
0.622318 
0.303171 
0.399890 
0.959286 
0.727763 
0.512973 
0.532602 
0.448918 
0.956923 
0.997943 
0.427554 
0.896985 
0.625971 
0.689087 
0.489671 
0.902580 
0.653951 
0.954900 
0.998669 
0.625991 
0.034332 
0.016119 
0.920158 
0.087221 
0.916044 
0.945255 
0.905146 
0.793587 
0.818470 
0.027876 
0.514365 
0.930465 
0.319568 
0.984658 
0.146694 
0.483099 
0.440656 
0.104453 
0.545066 
0.931192 
0.543449 
0.751354 
0.009745 
0.785748 
0.064494 
0.954232 
0.778418 
0.870633 
0.730983 
0.630438 
0.768543 
0.906619 
0.543142 
0.580511 
0.650808 
0.127400 
0.215583 
0.304310 
0.538807 
0.727923 
0.206872 
0.891584 
0.845660 
0.001532 
0.743198 
0.931161 
0.030243 
0.292434 
0.946347 
0.261997 
0.385668 
0.924548 
0.874754 
0.995689 
0.548467 
0.078479 
0.003314 
0.697437 
0.821536 
0.548935 
0.957551 
0.566922 
0.265872 
0.503447 
0.440924 
0.615040 
0.981583 
0.457743 
0.291281 
0.558826 
0.195520 
0.103500 
0.524496 
0.210401 
0.204521 
0.389957 
0.007530 
0.550293 
0.782148 
0.557667 
0.714967 
0.447335 
0.361863 
0.836231 
0.536017 
0.830941 
0.629667 
0.814454 
0.532751 
0.947924 
0.761903 
0.310952 
0.166578 
0.672494 
0.607920 
0.317312 
0.066955 
0.320742 
0.703782 
0.469255 
0.762768 
0.846797 
0.116656 
0.636959 
0.370091 
0.112453 
0.993090 
0.863035 
0.032639 
0.570147 
0.466163 
0.803800 
0.469750 
0.095605 
0.839824 
0.926066 
0.394870 
0.573737 
0.804606 
0.007554 
0.952326 
0.746787 
0.247463 
0.113594 
0.167554 
0.076306 
0.471121 
0.137657 
0.608013 
0.869039 
0.932673 
0.432368 
0.806789 
0.696649 
0.581682 
0.335809 
0.945205 
0.056048 
0.995876 
0.685855 
0.157764 
0.531244 
0.610422 
0.355066 
0.593796 
0.921032 
0.781432 
0.533265 
0.583415 
0.452736 
0.133777 
0.383740 
0.517979 
0.670768 
0.594129 
0.533713 
0.106199 
0.890077 
0.525524 
0.477046 
0.714252 
0.430258 
0.349681 
0.088214 
0.604453 
0.048584 
0.557428 
0.688042 
0.914588 
0.488618 
0.207902 
0.211049 
0.103922 
0.622152 
0.515090 
0.115167 
0.608097 
0.287466 
0.446783 
0.074147 
0.180748 
0.832456 
0.087735 
0.560918 
0.349896 
0.698752 
0.932258 
0.451873 
0.622788 
0.197677 
0.356017 
0.581417 
0.867735 
0.021954 
0.977607 
0.635561 
0.870016 
0.358289 
0.759847 
0.743561 
0.036974 
0.419503 
0.584993 
0.974619 
0.417169 
0.365515 
0.205289 
0.293402 
0.200370 
0.623471 
0.675752 
0.360730 
0.790895 
0.564713 
0.124670 
0.330684 
0.799255 
0.075128 
0.674125 
0.014105 
0.055387 
0.894085 
0.886458 
0.696571 
0.273959 
0.423713 
0.340709 
0.288204 
0.852642 
0.357493 
0.378751 
0.667973 
0.615378 
0.649697 
0.464664 
0.600590 
0.119820 
0.810173 
0.571892 
0.788031 
0.440892 
0.078410 
0.830063 
0.867616 
0.027685 
0.307659 
0.820991 
0.395300 
0.807455 
0.893742 
0.116725 
0.803010 
0.185146 
0.749407 
0.276245 
0.853737 
0.761810 
0.747517 
0.520329 
0.175306 
0.364317 
0.070131 
0.685099 
0.452983 
0.293617 
0.822743 
0.836411 
0.554287 
0.905090 
0.844593 
0.072431 
0.348928 
0.433968 
0.706325 
0.204471 
0.542674 
0.726585 
0.718113 
0.318866 
0.176545 
0.193455 
0.397184 
0.467615 
0.207335 
0.683102 
0.896032 
0.613227 
0.506084 
0.756065 
0.191314 
0.418973 
0.678632 
0.760939 
0.094143 
0.267287 
0.285717 
0.053115 
0.709386 
0.648863 
0.441688 
0.453307 
0.727724 
0.849798 
0.546586 
0.476336 
0.779344 
0.433314 
0.701941 
0.524385 
0.345322 
0.828842 
0.352441 
0.470541 
0.388247 
0.275331 
0.496311 
0.500884 
0.358749 
0.501910 
0.606651 
0.978638 
0.972205 
0.853724 
0.532592 
0.268778 
0.351653 
0.230242 
0.677467 
0.193481 
0.842379 
0.863156 
0.060483 
0.537206 
0.827565 
0.887582 
0.592033 
0.296620 
0.288064 
0.489666 
0.810808 
0.241847 
0.726892 
0.867222 
0.397365 
0.518913 
0.370950 
0.552488 
0.657566 
0.707146 
0.999895 
0.228767 
0.893939 
0.425902 
0.136744 
0.249898 
0.032787 
0.050637 
0.052737 
0.354617 
0.042562 
0.343831 
0.764339 
0.246729 
0.778234 
0.776603 
0.371045 
0.155993 
0.777289 
0.903584 
0.532174 
0.244205 
0.346829 
0.162095 
0.334259 
0.894008 
0.586772 
0.873783 
0.676128 
0.689555 
0.349428 
0.830927 
0.388451 
0.688286 
0.021116 
0.892208 
0.342879 
0.769870 
0.204461 
0.383055 
0.013396 
0.147566 
0.149425 
0.388738 
0.520850 
0.922236 
0.021715 
0.957138 
0.621489 
0.371162 
0.116319 
0.967850 
0.657871 
0.841268 
0.183530 
0.586943 
0.756431 
0.331946 
0.019852 
0.659268 
0.323647 
0.530755 
0.396553 
0.867956 
0.740888 
0.103777 
0.172561 
0.239703 
0.694162 
0.786006 
0.404294 
0.973135 
0.485628 
0.955286 
0.491800 
0.688849 
0.478680 
0.180770 
0.193142 
0.138239 
0.387797 
0.699876 
0.809656 
0.885319 
0.550055 
0.782130 
0.251836 
0.612820 
0.658160 
0.690658 
0.890895 
0.267892 
0.468473 
0.633126 
0.948803 
0.538456 
0.837242 
0.528332 
0.678122 
0.192215 
0.552181 
0.513465 
0.812831 
0.244933 
0.587357 
0.709667 
0.369831 
0.745487 
0.406524 
0.449751 
0.973379 
0.574249 
0.400417 
0.801800 
0.856168 
0.607780 
0.963054 
0.053366 
0.928167 
0.698948 
0.223801 
0.430970 
0.308749 
0.142310 
0.805823 
0.465370 
0.469021 
0.834792 
0.346306 
0.361500 
0.722248 
0.821306 
0.686427 
0.770658 
0.450286 
0.959514 
0.552604 
0.608492 
0.920823 
0.272190 
0.699053 
0.979812 
0.696033 
0.230495 
0.931060 
0.323648 
0.556965 
0.916606 
0.390180 
0.760180 
0.341255 
0.466876 
0.792123 
0.212099 
0.749669 
0.690803 
0.321593 
0.011058 
0.858230 
0.273799 
0.731864 
0.444628 
0.860057 
0.974368 
0.197254 
0.242450 
0.860404 
0.811470 
0.368096 
0.581876 
0.595046 
0.936312 
0.603239 
0.632764 
0.872504 
0.178196 
0.932354 
0.069708 
0.588202 
0.907460 
0.676688 
0.093665 
0.234896 
0.896839 
0.176419 
0.071390 
0.846693 
0.373739 
0.434615 
0.576048 
0.645374 
0.794853 
0.090158 
0.290698 
0.755430 
0.515176 
0.565260 
0.324098 
0.108379 
0.519176 
0.786196 
0.595668 
0.400082 
0.179070 
0.636881 
0.053734 
0.114176 
0.955923 
0.204096 
0.247143 
0.729803 
0.796939 
0.152747 
0.210771 
0.423973 
0.707901 
0.689366 
0.178480 
0.717607 
0.824899 
0.083536 
0.981671 
0.950357 
0.652084 
0.583454 
0.114080 
0.339950 
0.544676 
0.371427 
0.567864 
0.083293 
0.897872 
0.532504 
0.794963 
0.944617 
0.169598 
0.436524 
0.663935 
0.762165 
0.703298 
0.330191 
0.513838 
0.069559 
0.077362 
0.217343 
0.888432 
0.875642 
0.915324 
0.848600 
0.416734 
0.050653 
0.332366 
0.068249 
0.065119 
0.454394 
0.004965 
0.439498 
0.635327 
0.934072 
0.952329 
0.798472 
0.923016 
0.131141 
0.093025 
0.471142 
0.477588 
0.820303 
0.830603 
0.942503 
0.644558 
0.080088 
0.032510 
0.391795 
0.895900 
0.396447 
0.085282 
0.326580 
0.834698 
0.762812 
0.583900 
0.608619 
0.057414 
0.956815 
0.196407 
0.007177 
0.619080 
0.869403 
0.064242 
0.712489 
0.796462 
0.142505 
0.073833 
0.910338 
0.049778 
0.618478 
0.765029 
0.835179 
0.860373 
0.287940 
0.410833 
0.875059 
0.111771 
0.537500 
0.766388 
0.677252 
0.574999 
0.003720 
0.520466 
0.465239 
0.268825 
0.142562 
0.044498 
0.884512 
0.999863 
0.701090 
0.221649 
0.248264 
0.568899 
0.484450 
0.147567 
0.161478 
0.956932 
0.153046 
0.243439 
0.483260 
0.154285 
0.070198 
0.822826 
0.232784 
0.394910 
0.251071 
0.742481 
0.870163 
0.827994 
0.087349 
0.070244 
0.589904 
0.514475 
0.783749 
0.467801 
0.324954 
0.497933 
0.764918 
0.975978 
0.269573 
0.710021 
0.320094 
0.821208 
0.043304 
0.806651 
0.379707 
0.740267 
0.669411 
0.784200 
0.044783 
0.661478 
0.456537 
0.010388 
0.585370 
0.321429 
0.249540 
0.012759 
0.447073 
0.950115 
0.590441 
0.549079 
0.375626 
0.139636 
0.864244 
0.341457 
0.870431 
0.340044 
0.121431 
0.894990 
0.105310 
0.949421 
0.914892 
0.582896 
0.732658 
0.782530 
0.978593 
0.210191 
0.676981 
0.020396 
0.798683 
0.469582 
0.269065 
0.178410 
0.530324 
0.147825 
0.489343 
0.380708 
0.562140 
0.886641 
0.774041 
0.299937 
0.037296 
0.828283 
0.955765 
0.545972 
0.147391 
0.204989 
0.242083 
0.686534 
0.569604 
0.331655 
0.132058 
0.495977 
0.887382 
0.222515 
0.806539 
0.506278 
0.013768 
0.401016 
0.867521 
0.420094 
0.525210 
0.198575 
0.447652 
0.687520 
0.144156 
0.823243 
0.238112 
0.948312 
0.285730 
0.265014 
0.095000 
0.662962 
0.394010 
0.126260 
0.047693 
0.582782 
0.808796 
0.426524 
0.589502 
0.752062 
0.900215 
0.911131 
0.385215 
0.302611 
0.985175 
0.840115 
0.816639 
0.254076 
0.249892 
0.933643 
0.729937 
0.044516 
0.174745 
0.947199 
0.568858 
0.803141 
0.388496 
0.451365 
0.086997 
0.166728 
0.189392 
0.108285 
0.944088 
0.280181 
0.002155 
0.226432 
0.641472 
0.224795 
0.136543 
0.874447 
0.837063 
0.520017 
0.920040 
0.107259 
0.697172 
0.377214 
0.842871 
0.141263 
0.209758 
0.398599 
0.245103 
0.449938 
0.102596 
0.328082 
0.076390 
0.884047 
0.180702 
0.059250 
0.811955 
0.533112 
0.010112 
0.959532 
0.859444 
0.679014 
0.183085 
0.109262 
0.371363 
0.493671 
0.127257 
0.800585 
0.425947 
0.893327 
0.139415 
0.154889 
0.217540 
0.194345 
0.358118 
0.892656 
0.874875 
0.027188 
0.943673 
0.307567 
0.276707 
0.622019 
0.276490 
0.967011 
0.550974 
0.214282 
0.435564 
0.521204 
0.868038 
0.120896 
0.898884 
0.547813 
0.100165 
0.475601 
0.421413 
0.687382 
0.830931 
0.462277 
0.484241 
0.646120 
0.338903 
0.936230 
0.211875 
0.976326 
0.113930 
0.816392 
0.105654 
0.724522 
0.043376 
0.016960 
0.040955 
0.325318 
0.619062 
0.573629 
0.988152 
0.876152 
0.490677 
0.803068 
0.168263 
0.000202 
0.394398 
0.648709 
0.851105 
0.524667 
0.076840 
0.445580 
0.861632 
0.452947 
0.682065 
0.459977 
0.836534 
0.632979 
0.473158 
0.373773 
0.006120 
0.859952 
0.212816 
0.803436 
0.352136 
0.347361 
0.094440 
0.253396 
0.826703 
0.403438 
0.580583 
0.860913 
0.368665 
0.154896 
0.329058 
0.476288 
0.978354 
0.198386 
0.275241 
0.976634 
0.282409 
0.450918 
0.571194 
0.061093 
0.797592 
0.130896 
0.976190 
0.832285 
0.210402 
0.219258 
0.075612 
0.812351 
0.188492 
0.982856 
0.857815 
0.299979 
0.749597 
0.476995 
0.862954 
0.670429 
0.891970 
0.337414 
0.913738 
0.201010 
0.373388 
0.536194 
0.806636 
0.138248 
0.536427 
0.734010 
0.510330 
0.109974 
0.332661 
0.036037 
0.676143 
0.932658 
0.176203 
0.443445 
0.978848 
0.504214 
0.331361 
0.192077 
0.238715 
0.074828 
0.635195 
0.724586 
0.124745 
0.593147 
0.028322 
0.014046 
0.068255 
0.164404 
0.142775 
0.614082 
0.875071 
0.320500 
0.650310 
0.760331 
0.876270 
0.477221 
0.645219 
0.200380 
0.787238 
0.103969 
0.402097 
0.044905 
0.719155 
0.845644 
0.739278 
0.043455 
0.352420 
0.122972 
0.795076 
0.842973 
0.843952 
0.307871 
0.381285 
0.250504 
0.224575 
0.425255 
0.260697 
0.526462 
0.251508 
0.097757 
0.004224 
0.999030 
0.691881 
0.449335 
0.965929 
0.374106 
0.596715 
0.985081 
0.251409 
0.434873 
0.907302 
0.025012 
0.381051 
0.328867 
0.269692 
0.710410 
0.852592 
0.519140 
0.182423 
0.981464 
0.471896 
0.155993 
0.775583 
0.228346 
0.810214 
0.258476 
0.203572 
0.428993 
0.078533 
0.901499 
0.500155 
0.110732 
0.072675 
0.456786 
0.198982 
0.294207 
0.733814 
0.213644 
0.710550 
0.214004 
0.758267 
0.198262 
0.192519 
0.666604 
0.616488 
0.312411 
0.685043 
0.518265 
0.472504 
0.367902 
0.333855 
0.097589 
0.171548 
0.211989 
0.901566 
0.620586 
0.192020 
0.286206 
0.268322 
0.689457 
0.710281 
0.688116 
0.165375 
0.463306 
0.783679 
0.299183 
0.365504 
0.022434 
0.044519 
0.237623 
0.721789 
0.102017 
0.598301 
0.640481 
0.569468 
0.043444 
0.165863 
0.656716 
0.431011 
0.999778 
0.271314 
0.977746 
0.978768 
0.152248 
0.836149 
0.150694 
0.721675 
0.198401 
0.530553 
0.002358 
0.639230 
0.535521 
0.504013 
0.947670 
0.487062 
0.055690 
0.983542 
0.383936 
0.815173 
0.620148 
0.827133 
0.623741 
0.213950 
0.862563 
0.093023 
0.430210 
0.534956 
0.004468 
0.090413 
0.569851 
0.488013 
0.036745 
0.570041 
0.671592 
0.452055 
0.680582 
0.537656 
0.377820 
0.022560 
0.158461 
0.251889 
0.497340 
0.795900 
