0.000001 
0.011184 
0.967499 
0.760005 
0.411039 
0.324382 
0.892677 
0.226757 
0.097680 
0.714564 
0.676148 
0.024469 
0.245996 
0.449480 
0.403546 
0.396676 
0.941576 
0.072470 
0.000708 
0.900965 
0.517557 
0.587458 
0.398206 
0.647623 
0.593751 
0.172487 
0.981223 
0.417829 
0.450197 
0.463081 
0.001359 
0.848467 
0.180999 
0.045328 
0.826790 
0.861013 
0.046709 
0.040514 
0.910584 
0.192424 
0.068960 
0.018568 
0.064359 
0.681713 
0.545488 
0.020043 
0.868127 
0.606012 
0.246487 
0.702543 
0.631899 
0.321038 
0.678692 
0.779666 
0.841875 
0.389655 
0.938789 
0.233340 
0.750833 
0.258377 
0.546424 
0.749269 
0.963217 
0.781216 
0.898073 
0.911578 
0.892683 
0.320501 
0.657307 
0.355113 
0.387428 
0.510438 
0.939130 
0.949893 
0.845125 
0.009026 
0.693084 
0.660354 
0.570013 
0.203881 
0.622297 
0.950922 
0.147122 
0.674945 
0.802625 
0.725151 
0.617544 
0.064831 
0.613746 
0.225309 
0.769693 
0.235481 
0.733897 
0.600789 
0.468121 
0.701309 
0.907649 
0.863421 
0.518704 
0.854382 
0.598906 
0.807381 
0.653920 
0.426479 
0.830289 
0.665847 
0.894725 
0.637784 
0.233815 
0.728823 
0.328090 
0.210526 
0.310198 
0.500319 
0.863861 
0.909637 
0.274606 
0.307790 
0.021915 
0.320544 
0.380557 
0.025191 
0.386463 
0.286430 
0.025073 
0.406220 
0.332198 
0.255241 
0.832540 
0.500254 
0.763998 
0.509656 
0.791862 
0.828800 
0.643739 
0.329212 
0.059507 
0.129935 
0.824662 
0.089685 
0.327617 
0.265204 
0.279213 
0.732832 
0.708582 
0.142984 
0.127605 
0.660453 
0.240215 
0.288635 
0.087291 
0.099625 
0.404956 
0.098022 
0.453038 
0.207784 
0.225625 
0.071675 
0.641597 
0.315023 
0.591311 
0.165873 
0.821047 
0.329949 
0.444728 
0.548134 
0.491430 
0.464803 
0.948055 
0.958609 
0.337328 
0.468411 
0.591522 
0.716117 
0.781731 
0.549835 
0.069472 
0.618973 
0.071287 
0.125878 
0.634109 
0.470003 
0.336942 
0.981815 
0.362718 
0.202213 
0.589941 
0.137493 
0.849374 
0.429474 
0.168706 
0.433867 
0.010946 
0.962652 
0.295359 
0.100407 
0.548075 
0.504087 
0.183602 
0.803028 
0.492566 
0.553725 
0.453301 
0.630919 
0.858896 
0.464356 
0.432854 
0.981384 
0.127138 
0.807083 
0.646702 
0.128078 
0.612412 
0.815244 
0.809435 
0.177881 
0.652896 
0.229347 
0.639193 
0.912018 
0.283045 
0.138467 
0.207002 
0.088187 
0.162044 
0.480496 
0.699775 
0.113384 
0.648192 
0.163734 
0.869837 
0.346334 
0.836693 
0.302131 
0.909654 
0.546487 
0.799012 
0.995202 
0.367477 
0.181618 
0.448365 
0.669386 
0.367829 
0.102916 
0.702732 
0.810868 
0.260590 
0.737699 
0.500801 
0.967738 
0.764672 
0.850316 
0.256091 
0.120031 
0.361701 
0.104773 
0.927190 
0.284258 
0.523075 
0.319227 
0.244008 
0.047553 
0.223663 
0.110240 
0.803044 
0.762936 
0.658154 
0.594762 
0.158377 
0.835880 
0.628407 
0.636166 
0.041893 
0.100774 
0.707866 
0.109471 
0.886068 
0.141259 
0.143374 
0.695079 
0.200760 
0.179519 
0.170888 
0.116264 
0.043955 
0.753519 
0.388588 
0.994106 
0.947334 
0.843444 
0.762047 
0.718891 
0.397856 
0.761974 
0.494009 
0.813247 
0.239813 
0.537812 
0.011221 
0.594438 
0.726062 
0.930978 
0.951850 
0.744997 
0.171337 
0.653707 
0.851573 
0.394034 
0.533591 
0.063415 
0.817380 
0.713562 
0.830162 
0.539313 
0.236157 
0.093269 
0.571870 
0.411677 
0.051736 
0.529676 
0.262519 
0.156704 
0.718333 
0.026154 
0.574486 
0.389736 
0.295475 
0.045839 
0.422225 
0.341446 
0.681495 
0.886301 
0.053348 
0.622156 
0.571432 
0.055704 
0.210812 
0.109766 
0.838125 
0.361329 
0.854940 
0.979553 
0.342561 
0.415076 
0.181352 
0.977215 
0.051784 
0.336496 
0.493099 
0.509369 
0.960433 
0.000659 
0.077005 
0.219222 
0.459137 
0.712317 
0.912868 
0.570614 
0.315291 
0.103831 
0.092222 
0.982112 
0.364363 
0.845708 
0.816828 
0.429202 
0.604390 
0.990436 
0.253857 
0.581665 
0.040802 
0.759818 
0.269033 
0.637803 
0.557608 
0.710194 
0.231480 
0.483784 
0.956344 
0.279776 
0.193723 
0.900704 
0.125509 
0.422281 
0.269865 
0.614689 
0.078857 
0.342548 
0.201228 
0.042828 
0.817391 
0.895579 
0.004501 
0.652291 
0.062275 
0.660909 
0.905666 
0.528316 
0.408456 
0.926186 
0.415200 
0.264520 
0.784898 
0.787209 
0.618061 
0.746982 
0.532871 
0.967065 
0.458942 
0.439236 
0.231413 
0.357609 
0.326320 
0.451939 
0.732990 
0.359076 
0.993392 
0.937230 
0.031431 
0.258371 
0.444595 
0.311107 
0.782370 
0.284350 
0.063547 
0.033605 
0.795181 
0.611670 
0.331770 
0.065844 
0.641898 
0.384021 
0.249011 
0.132163 
0.255791 
0.079810 
0.368448 
0.499253 
0.948981 
0.519528 
0.712284 
0.351162 
0.972022 
0.765712 
0.325213 
0.854826 
0.062351 
0.925212 
0.046114 
0.034485 
0.585368 
0.276787 
0.957996 
0.040002 
0.306720 
0.045793 
0.647243 
0.206588 
0.131281 
0.432937 
0.375965 
0.845607 
0.119445 
0.513710 
0.922113 
0.949824 
0.695407 
0.713334 
0.004437 
0.580024 
0.464535 
0.442532 
0.627042 
0.687420 
0.467215 
0.484453 
0.196936 
0.901845 
0.315304 
0.318078 
0.939173 
0.677808 
0.911724 
0.348832 
0.824554 
0.275571 
0.526015 
0.729546 
0.471884 
0.951036 
0.063987 
0.436168 
0.680559 
0.150062 
0.100400 
0.424583 
0.969327 
0.487223 
0.762596 
0.958327 
0.596724 
0.136302 
0.824552 
0.240908 
0.945151 
0.153574 
0.110450 
0.324942 
0.293751 
0.075563 
0.988728 
0.546281 
0.345564 
0.893882 
0.474216 
0.141705 
0.642719 
0.176745 
0.554567 
0.615680 
0.729285 
0.092991 
0.900881 
0.108193 
0.394106 
0.747390 
0.390516 
0.402405 
0.221172 
0.233780 
0.138480 
0.432730 
0.901073 
0.330747 
0.867601 
0.772436 
0.334236 
0.509013 
0.979897 
0.136774 
0.758839 
0.803612 
0.309134 
0.612166 
0.675298 
0.739490 
0.608179 
0.658012 
0.212704 
0.922564 
0.533200 
0.498304 
0.001486 
0.967065 
0.460249 
0.406046 
0.417502 
0.952181 
0.298448 
0.018123 
0.589441 
0.729484 
0.435892 
0.030944 
0.076278 
0.000905 
0.215808 
0.084650 
0.710463 
0.744282 
0.145494 
0.319202 
0.825595 
0.774323 
0.051928 
0.756887 
0.000998 
0.766916 
0.558882 
0.129268 
0.613928 
0.284277 
0.840340 
0.598082 
0.972559 
0.806601 
0.541934 
0.277735 
0.897696 
0.580828 
0.975854 
0.175377 
0.565594 
0.936770 
0.301608 
0.120383 
0.269655 
0.087211 
0.761598 
0.178544 
0.789718 
0.791884 
0.189807 
0.087293 
0.135908 
0.214142 
0.084296 
0.755049 
0.116697 
0.320412 
0.170516 
0.858424 
0.533160 
0.827577 
0.081504 
0.835347 
0.685293 
0.721033 
0.396274 
0.181526 
0.913348 
0.636846 
0.473566 
0.217941 
0.933389 
0.469817 
0.211833 
0.285320 
0.379539 
0.911285 
0.968206 
0.639597 
0.698897 
0.353705 
0.717373 
0.887054 
0.713894 
0.408204 
0.677830 
0.283813 
0.049894 
0.568387 
0.878793 
0.878783 
0.706141 
0.114072 
0.216270 
0.853010 
0.540520 
0.519829 
0.762640 
0.685850 
0.086434 
0.695842 
0.023515 
0.217764 
0.953194 
0.327008 
0.016800 
0.360235 
0.475972 
0.661682 
0.895842 
0.422925 
0.099814 
0.580552 
0.344788 
0.846150 
0.250713 
0.728808 
0.075283 
0.276893 
0.747081 
0.183758 
0.416558 
0.090001 
0.639413 
0.619705 
0.389413 
0.870619 
0.496450 
0.837541 
0.543853 
0.538116 
0.107338 
0.030574 
0.864794 
0.588430 
0.740189 
0.362297 
0.132051 
0.377502 
0.668345 
0.869147 
0.760842 
0.475838 
0.409605 
0.239615 
0.213437 
0.231103 
0.144151 
0.744126 
0.522612 
0.534110 
0.791546 
0.521011 
0.636585 
0.088936 
0.750587 
0.118893 
0.237208 
0.760280 
0.028690 
0.197840 
0.100036 
0.308393 
0.160960 
0.262008 
0.564250 
0.353798 
0.276996 
0.474399 
0.231290 
0.289193 
0.467367 
0.032546 
0.006924 
0.371435 
0.707956 
0.609700 
0.233139 
0.369865 
0.328513 
0.314052 
0.268228 
0.114956 
0.069600 
0.765002 
0.390485 
0.883251 
0.793533 
0.910337 
0.040629 
0.850804 
0.462407 
0.673175 
0.055472 
0.324651 
0.415677 
0.282205 
0.014273 
0.881505 
0.452459 
0.479513 
0.176509 
0.588923 
0.023814 
0.245713 
0.695195 
0.143383 
0.831603 
0.745937 
0.958759 
0.863789 
0.707953 
0.568001 
0.399804 
0.504709 
0.640610 
0.730211 
0.653684 
0.461241 
0.078388 
0.473752 
0.346736 
0.584182 
0.343103 
0.526973 
0.840424 
0.007212 
0.219777 
0.789257 
0.039536 
0.486064 
0.280235 
0.916933 
0.889261 
0.813952 
0.086815 
0.102320 
0.699982 
0.599985 
0.943583 
0.801140 
0.751708 
0.953998 
0.840447 
0.396386 
0.067830 
0.019508 
0.875996 
0.869712 
0.244735 
0.257519 
0.116172 
0.507028 
0.625759 
0.126626 
0.198500 
0.182786 
0.076351 
0.234404 
0.623522 
0.528270 
0.640455 
0.123036 
0.864933 
0.927074 
0.335891 
0.322254 
0.129872 
0.752316 
0.176567 
0.553186 
0.400078 
0.110644 
0.601999 
0.796402 
0.136073 
0.971967 
0.843930 
0.936063 
0.415583 
0.708463 
0.132757 
0.252107 
0.166632 
0.577880 
0.425404 
0.763405 
0.548817 
0.965834 
0.778293 
0.778637 
0.548674 
0.572210 
0.129630 
0.691291 
0.533677 
0.507552 
0.433124 
0.518824 
0.869805 
0.815495 
0.023137 
0.859942 
0.047156 
0.543075 
0.454281 
0.100018 
0.010326 
0.544299 
0.033312 
0.873976 
0.913561 
0.216385 
0.780191 
0.668548 
0.285577 
0.688425 
0.355925 
0.034394 
0.056228 
0.029126 
0.523330 
0.601276 
0.645573 
0.143091 
0.928993 
0.581613 
0.161619 
0.330850 
0.589559 
0.716583 
0.617226 
0.711039 
0.427473 
0.536950 
0.515298 
0.618618 
0.104346 
0.743131 
0.802388 
0.729672 
0.603630 
0.213771 
0.841647 
0.559102 
0.820685 
0.253235 
0.112965 
0.596164 
0.724349 
0.138220 
0.058463 
0.589751 
0.937698 
0.887767 
0.704705 
0.979569 
0.614386 
0.985534 
0.865402 
0.813597 
0.123474 
0.226956 
0.446709 
0.838715 
0.283201 
0.754321 
0.871160 
0.588656 
0.547538 
0.470860 
0.742376 
0.117729 
0.675699 
0.477235 
0.884604 
0.546706 
0.487228 
0.835554 
0.153588 
0.349537 
0.672832 
0.280739 
0.378443 
0.495063 
0.530464 
0.511545 
0.532118 
0.300118 
0.074983 
0.247684 
0.827495 
0.714926 
0.759084 
0.928774 
0.904197 
0.843415 
0.280083 
0.358821 
0.710904 
0.169550 
0.621995 
0.868634 
0.138257 
0.690818 
0.579957 
0.336521 
0.901126 
0.231954 
0.443906 
0.725287 
0.896927 
0.656401 
0.130203 
0.324331 
0.030986 
0.784744 
0.196101 
0.876389 
0.470542 
0.399095 
0.586706 
0.765288 
0.189967 
0.774140 
0.979343 
0.810489 
0.885136 
0.477024 
0.338077 
0.066471 
0.179870 
0.069623 
0.147187 
0.775294 
0.357949 
0.055425 
0.532842 
0.474575 
0.180548 
0.463126 
0.754561 
0.913660 
0.881601 
0.075374 
0.812951 
0.274146 
0.573529 
0.302000 
0.717386 
0.102036 
0.925396 
0.130799 
0.338304 
0.867058 
0.639783 
0.836950 
0.613701 
0.471755 
0.785300 
0.532639 
0.064595 
0.640102 
0.201824 
0.057482 
0.097250 
0.488282 
0.547911 
0.740353 
0.112937 
0.139996 
0.912830 
0.926410 
0.176874 
0.718551 
0.682564 
0.845267 
0.395818 
0.509258 
0.104253 
0.183445 
0.162740 
0.167433 
0.053440 
0.162096 
0.341240 
0.225715 
0.586719 
0.989701 
0.904504 
0.001149 
0.313225 
0.378254 
0.320845 
0.434349 
0.104969 
0.211612 
0.563968 
0.608193 
0.892240 
0.875628 
0.678647 
0.014349 
0.156186 
0.012014 
0.918339 
0.523496 
0.388880 
0.906491 
0.402356 
0.391631 
0.149001 
0.263565 
0.729298 
0.303278 
0.189711 
0.467595 
0.864501 
0.670292 
0.604893 
0.444198 
0.637249 
0.248908 
0.401901 
0.750051 
0.099574 
0.538632 
0.785639 
0.233108 
0.848731 
0.621814 
0.822463 
0.131894 
0.742919 
0.234260 
0.205142 
0.825583 
0.573475 
0.397671 
0.657504 
0.662662 
0.361302 
0.409283 
0.823282 
0.908699 
0.500614 
0.816552 
0.784268 
0.190203 
0.742924 
0.317861 
0.291795 
0.201635 
0.874184 
0.417301 
0.579532 
0.193252 
0.994208 
0.653490 
0.212797 
0.477891 
0.906300 
0.188379 
0.083553 
0.267389 
0.000389 
0.535582 
0.523820 
0.847616 
0.882966 
0.002480 
0.685645 
0.641751 
0.916845 
0.408215 
0.865999 
0.846854 
0.068656 
0.893509 
0.201482 
0.314500 
0.799849 
0.058460 
0.539756 
0.674307 
0.080969 
0.847662 
0.662456 
0.903104 
0.464525 
0.277591 
0.468156 
0.305255 
0.415685 
0.414924 
0.632084 
0.436559 
0.241396 
0.146325 
0.286391 
0.371524 
0.211683 
0.754163 
0.217324 
0.571613 
0.094440 
0.256276 
0.232609 
0.466196 
0.363832 
0.919257 
0.945646 
0.467314 
0.151274 
0.457366 
0.945340 
0.327151 
0.420466 
0.771881 
0.004946 
0.124799 
0.500865 
0.044067 
0.630525 
0.227856 
0.574134 
0.467123 
0.942760 
0.962663 
0.476242 
0.201767 
0.098282 
0.825936 
0.499993 
0.387742 
0.787736 
0.475061 
0.351833 
0.253130 
0.358911 
0.215547 
0.703934 
0.012003 
0.732447 
0.237952 
0.251267 
0.048558 
0.114933 
0.673038 
0.745277 
0.868809 
0.081066 
0.477613 
0.248366 
0.289925 
0.775600 
0.513523 
0.784138 
0.005206 
0.497079 
0.401589 
0.513364 
0.113225 
0.972709 
0.313168 
0.412418 
0.505485 
0.692748 
0.009488 
0.472378 
0.248702 
0.926195 
0.555261 
0.264776 
0.097744 
0.789970 
0.020541 
0.240581 
0.443323 
0.930038 
0.147421 
0.703301 
0.384592 
0.833003 
0.282154 
0.154429 
0.482411 
0.873736 
0.882769 
0.703971 
0.637917 
0.467054 
0.773594 
0.795568 
0.108370 
0.375859 
0.066219 
0.951008 
0.598866 
0.145419 
0.056261 
0.572722 
0.743481 
0.680140 
0.107786 
0.557100 
0.177198 
0.159521 
0.068259 
0.221310 
0.554032 
0.620380 
0.720180 
0.071084 
0.702554 
0.821735 
0.901627 
0.641387 
0.797266 
0.643985 
0.463679 
0.053000 
0.775913 
0.764453 
0.169261 
0.772816 
0.712790 
0.858652 
0.362329 
0.663493 
0.319468 
0.292143 
0.047706 
0.787331 
0.680426 
0.927225 
0.869349 
0.156579 
0.617509 
0.469221 
0.193455 
0.393474 
0.118704 
0.050413 
0.282940 
0.364362 
0.826573 
0.206936 
0.974190 
0.204818 
0.374540 
0.898647 
0.557578 
0.216569 
0.880106 
0.944902 
0.975224 
0.584578 
0.999923 
0.702670 
0.770086 
0.839372 
0.319532 
0.371658 
0.449438 
0.696238 
0.669073 
0.110583 
0.566797 
0.161627 
0.464501 
0.860367 
0.188671 
0.985528 
0.777152 
0.593498 
0.917861 
0.488068 
0.963340 
0.854930 
0.808108 
0.875773 
0.124888 
0.991562 
0.178112 
0.531848 
0.777133 
0.282611 
0.842302 
0.577855 
0.004150 
0.741958 
0.092350 
0.122484 
0.581740 
0.300433 
0.372207 
0.678824 
0.000586 
0.846167 
0.534356 
0.921326 
0.723370 
0.674975 
0.297299 
0.702589 
0.407539 
0.505069 
0.699754 
0.759640 
0.271706 
0.558776 
0.342524 
0.799970 
0.100430 
0.932522 
0.903316 
0.028239 
0.614808 
0.084802 
0.266876 
0.378939 
0.823541 
0.256943 
0.448790 
0.821905 
0.752413 
0.806870 
0.058296 
0.789139 
0.060975 
0.812457 
0.965547 
0.953032 
0.602273 
0.398934 
0.878524 
0.349843 
0.813512 
0.693041 
0.933879 
0.706366 
0.895453 
0.882452 
0.364877 
0.479610 
0.805490 
0.864147 
0.715576 
0.684171 
0.867990 
0.308425 
0.698022 
0.648106 
0.712670 
0.843150 
0.830362 
0.891684 
0.526944 
0.343794 
0.145328 
0.528452 
0.686485 
0.761719 
0.211937 
0.017069 
0.877459 
0.456532 
0.941547 
0.578986 
0.017015 
0.962979 
0.792139 
0.482070 
0.145671 
0.296392 
0.457894 
0.816913 
0.855363 
0.077835 
0.170273 
0.774147 
0.091502 
0.878531 
0.465008 
0.392064 
0.425357 
0.970570 
0.376265 
0.879880 
0.143979 
0.859185 
0.326222 
0.811453 
0.097217 
0.927491 
0.339239 
0.596596 
0.996385 
0.236366 
0.611292 
0.991480 
0.804451 
0.413887 
0.197798 
0.387406 
0.135094 
0.518348 
0.874245 
0.443448 
0.025087 
0.629467 
0.447605 
0.897056 
0.827553 
0.685701 
0.574788 
0.457334 
0.407911 
0.758777 
0.758596 
0.725972 
0.411520 
0.416433 
0.994115 
0.082824 
0.025632 
0.801385 
0.869975 
0.664270 
0.383408 
0.930405 
0.319225 
0.219191 
0.941227 
0.199187 
0.730672 
0.398134 
0.443356 
0.479676 
0.914744 
0.109474 
0.924707 
0.543319 
0.566850 
0.050781 
0.472611 
0.181022 
0.430158 
0.671371 
0.730311 
0.332346 
0.738344 
0.352735 
0.423248 
0.525954 
0.702139 
0.848745 
0.862365 
0.767919 
0.417077 
0.813373 
0.368069 
0.134693 
0.788907 
0.159413 
0.252001 
0.378353 
0.982516 
0.142914 
0.960161 
0.431672 
0.105514 
0.365756 
0.264021 
0.395719 
0.853645 
0.205936 
0.166772 
0.937882 
0.987730 
0.770286 
0.202848 
0.262440 
0.826135 
0.847433 
0.809723 
0.006908 
0.098936 
0.825248 
0.943592 
0.952846 
0.480193 
0.607563 
0.314604 
0.556516 
0.372698 
0.932349 
0.989668 
0.351242 
0.331830 
0.061789 
0.483128 
0.939297 
0.771549 
0.426959 
0.907047 
0.742446 
0.297993 
0.363378 
0.293454 
0.076399 
0.042711 
0.846281 
0.445947 
0.026080 
0.323316 
0.969697 
0.695037 
0.483849 
0.055049 
0.212164 
0.846879 
0.499474 
0.654133 
0.007653 
0.628312 
0.037967 
0.104790 
0.204744 
0.140377 
0.310221 
0.887505 
0.301316 
0.216137 
0.613933 
0.368559 
0.370781 
0.711797 
0.175830 
0.176981 
0.513411 
0.901207 
0.591832 
0.923822 
0.683650 
0.109250 
0.160505 
0.602583 
0.608666 
0.848730 
0.611037 
0.694929 
0.663365 
0.181687 
0.613774 
0.698343 
0.045146 
0.776760 
0.006520 
0.585386 
0.580301 
0.124958 
0.170002 
0.217486 
0.292027 
0.103448 
0.643850 
0.183865 
0.226852 
0.701163 
0.439674 
0.605770 
0.180797 
0.663131 
0.245493 
0.998605 
0.557598 
0.547797 
0.822376 
0.673348 
0.966107 
0.359600 
0.790607 
0.724917 
0.682634 
0.021859 
0.392274 
0.946581 
0.189136 
0.811616 
0.829935 
0.713901 
0.538380 
0.545860 
0.267137 
0.777538 
0.085847 
0.826939 
0.371885 
0.262977 
0.851191 
0.963208 
0.643065 
0.993037 
0.966431 
0.800554 
0.913226 
0.589750 
0.923548 
0.067446 
0.570283 
0.740130 
0.371221 
0.107325 
0.808736 
0.426189 
0.955572 
0.302200 
0.074953 
0.733914 
0.897855 
0.247945 
0.212524 
0.890707 
0.109452 
0.552539 
0.526880 
0.266964 
0.861057 
0.792171 
0.014834 
0.317524 
0.617490 
0.148324 
0.881065 
0.064053 
0.545994 
0.528144 
0.518382 
0.441008 
0.015452 
0.695704 
0.696070 
0.852637 
0.264453 
0.657526 
0.031902 
0.182609 
0.112779 
0.477856 
0.334193 
0.776066 
0.334500 
0.942745 
0.715334 
0.619061 
0.562375 
0.836813 
0.315699 
0.951787 
0.683781 
0.304953 
0.350044 
0.186935 
0.820477 
0.762721 
0.048679 
0.156097 
0.517412 
0.146937 
0.575116 
0.973187 
0.347163 
0.766543 
0.281273 
0.354021 
0.028942 
0.426960 
0.911540 
0.245137 
0.015448 
0.628554 
0.101848 
0.758972 
0.046321 
0.514629 
0.362084 
0.539802 
0.453508 
0.114694 
0.669145 
0.328241 
0.742028 
0.260075 
0.086626 
0.918233 
0.734716 
0.375098 
0.265261 
0.245504 
0.177383 
0.275292 
0.840172 
0.767340 
0.675353 
0.650800 
0.999768 
0.097334 
0.892716 
0.872456 
0.359816 
0.420461 
0.687982 
0.919857 
0.035745 
0.771451 
0.779282 
0.388047 
0.909570 
0.144369 
0.409653 
0.034915 
0.820392 
0.332734 
0.253257 
0.485257 
0.717208 
0.113921 
0.666345 
0.263180 
0.259285 
0.803047 
0.803484 
0.155434 
0.385936 
0.424710 
0.102937 
0.055951 
0.374323 
0.239991 
0.535453 
0.351760 
0.033735 
0.982291 
0.372717 
0.261479 
0.679811 
0.577462 
0.404478 
0.055191 
0.592750 
0.353588 
0.748352 
0.558010 
0.482093 
0.538813 
0.834104 
0.780043 
0.188990 
0.351999 
0.054642 
0.362479 
0.185470 
0.187857 
0.306772 
0.924867 
0.234682 
0.307588 
0.631398 
0.914578 
0.309692 
0.990990 
0.562173 
0.444606 
0.497571 
0.670172 
0.581151 
0.402940 
0.213036 
0.497796 
0.449651 
0.283650 
0.302713 
0.700144 
0.321018 
0.344076 
0.881534 
0.936324 
0.803265 
0.475554 
0.633329 
0.358267 
0.397408 
0.228593 
0.954503 
0.331894 
0.134228 
0.974700 
0.780992 
0.140477 
0.988735 
0.665391 
0.219162 
0.451280 
0.670573 
0.326292 
0.982576 
0.148759 
0.196694 
0.827680 
0.820468 
0.611108 
0.898648 
0.569795 
0.547057 
0.380014 
0.897758 
0.624881 
0.379868 
0.436569 
0.410493 
0.151776 
0.894982 
0.966275 
0.180614 
0.586343 
0.663302 
0.122685 
0.972585 
0.230986 
0.178496 
0.976331 
0.201100 
0.884277 
0.037732 
0.169691 
0.004866 
0.784377 
0.023890 
0.520534 
0.622430 
0.183104 
0.434291 
0.135704 
0.782702 
0.867235 
0.623954 
0.800955 
0.656238 
0.391107 
0.334623 
0.013508 
0.035623 
0.720050 
0.883480 
0.654625 
0.288891 
0.392702 
0.141488 
0.982381 
0.873995 
0.234614 
0.159530 
0.221718 
0.414260 
0.463190 
0.832166 
0.220172 
0.422809 
0.153389 
0.001103 
0.545552 
0.099691 
0.506001 
0.360209 
0.032186 
0.942944 
0.051653 
0.125844 
0.066384 
0.718851 
0.726870 
0.501245 
0.427316 
0.902837 
0.973481 
0.290932 
0.688095 
0.806802 
0.928004 
0.970238 
0.784739 
0.101755 
0.188353 
0.648383 
0.371754 
0.077659 
0.212296 
0.067118 
0.059979 
0.061170 
0.087628 
0.767592 
0.912658 
0.050830 
0.299679 
0.699859 
0.533792 
0.441362 
0.973659 
0.282280 
0.272252 
0.739420 
0.429527 
0.067118 
0.051182 
0.212696 
0.787246 
0.244843 
0.082284 
0.940705 
0.421530 
0.655917 
0.004632 
0.846547 
0.917324 
0.458277 
0.267203 
0.880368 
0.338650 
0.684101 
0.679274 
0.559935 
0.828055 
0.114168 
0.828048 
0.008176 
0.411784 
0.845297 
0.913047 
0.578601 
0.548786 
0.453364 
0.683926 
0.742139 
0.138036 
0.973504 
0.682109 
0.209822 
0.472016 
0.178898 
0.742298 
0.802790 
0.485762 
0.204631 
0.241339 
0.192079 
0.278496 
0.681405 
0.377048 
0.043207 
0.180613 
0.562692 
0.156107 
0.683402 
0.931886 
0.208394 
0.483835 
0.807501 
0.671925 
0.050538 
0.395801 
0.226413 
0.328590 
0.607101 
0.546972 
0.959473 
0.868446 
0.969666 
0.170373 
0.453608 
0.785460 
0.224621 
0.196818 
0.913541 
0.877151 
0.274764 
0.955857 
0.095609 
0.892519 
0.569994 
0.885504 
0.665076 
0.926415 
0.259755 
0.703727 
0.542926 
0.950164 
0.400862 
0.287042 
0.306739 
0.360797 
0.911678 
0.565201 
0.340440 
0.781476 
0.264256 
0.344365 
0.745434 
0.514748 
0.376482 
0.524941 
0.684967 
0.237550 
0.497314 
0.357373 
0.367617 
0.534091 
0.471338 
0.783947 
0.800433 
0.877439 
0.111836 
0.622744 
0.453781 
0.689254 
0.295542 
0.172696 
0.496038 
0.906946 
0.044790 
0.778678 
0.234914 
0.200088 
0.871096 
0.510809 
0.163355 
0.505887 
0.446208 
0.413793 
0.616558 
0.492690 
0.635797 
0.845694 
0.581599 
0.929442 
