0.000001 
0.014565 
0.791824 
0.181505 
0.547896 
0.479829 
0.483046 
0.550031 
0.367238 
0.170611 
0.463479 
0.697366 
0.633868 
0.426509 
0.338698 
0.492103 
0.772060 
0.009004 
0.326325 
0.536526 
0.393404 
0.941398 
0.084018 
0.085532 
0.542317 
0.716583 
0.614455 
0.146662 
0.943189 
0.174803 
0.915696 
0.107066 
0.450552 
0.425021 
0.331460 
0.848387 
0.843895 
0.340375 
0.679914 
0.320574 
0.895266 
0.739366 
0.526083 
0.871006 
0.995209 
0.476068 
0.268428 
0.472210 
0.439966 
0.513248 
0.161626 
0.446782 
0.058815 
0.498221 
0.601630 
0.592126 
0.869900 
0.408850 
0.538349 
0.036277 
0.710214 
0.559405 
0.917107 
0.819344 
0.720304 
0.140970 
0.290611 
0.294928 
0.853917 
0.789269 
0.247029 
0.815903 
0.888537 
0.649230 
0.614260 
0.859900 
0.333680 
0.163694 
0.206294 
0.178042 
0.350662 
0.567996 
0.304964 
0.529792 
0.215316 
0.807912 
0.580301 
0.113821 
0.991729 
0.991113 
0.632890 
0.975669 
0.064928 
0.239377 
0.202360 
0.062377 
0.371683 
0.882314 
0.051300 
0.199444 
0.049380 
0.922699 
0.794223 
0.502223 
0.867857 
0.072877 
0.849603 
0.277058 
0.513037 
0.611154 
0.671502 
0.926374 
0.572623 
0.080542 
0.662453 
0.844531 
0.035719 
0.327359 
0.930569 
0.075250 
0.725134 
0.333017 
0.008543 
0.582257 
0.999763 
0.016777 
0.974262 
0.426874 
0.474008 
0.647286 
0.941078 
0.689622 
0.481215 
0.773546 
0.985304 
0.001164 
0.556852 
0.018061 
0.558919 
0.754306 
0.616302 
0.192123 
0.015826 
0.987964 
0.710057 
0.930786 
0.714817 
0.926595 
0.276445 
0.207243 
0.125576 
0.560814 
0.598057 
0.543330 
0.748148 
0.123643 
0.069900 
0.811328 
0.983213 
0.860922 
0.518845 
0.233512 
0.639586 
0.513670 
0.248873 
0.806213 
0.014382 
0.711686 
0.301141 
0.272898 
0.592559 
0.141857 
0.191619 
0.535125 
0.851505 
0.249295 
0.895933 
0.939754 
0.438534 
0.448047 
0.326856 
0.464433 
0.730615 
0.445876 
0.846059 
0.713309 
0.577243 
0.721396 
0.503628 
0.483731 
0.060155 
0.019193 
0.583884 
0.332747 
0.481920 
0.624813 
0.237907 
0.494825 
0.526721 
0.593727 
0.761837 
0.193479 
0.806573 
0.077775 
0.166134 
0.212853 
0.417454 
0.149305 
0.362914 
0.490540 
0.507007 
0.269667 
0.288803 
0.911945 
0.060433 
0.699816 
0.810385 
0.140529 
0.862518 
0.333286 
0.530964 
0.903909 
0.001561 
0.243608 
0.325798 
0.678939 
0.923220 
0.550740 
0.293412 
0.371384 
0.855680 
0.407647 
0.324763 
0.287799 
0.041893 
0.096579 
0.203612 
0.105019 
0.049597 
0.578020 
0.781251 
0.479165 
0.329272 
0.076645 
0.175496 
0.559150 
0.636780 
0.356093 
0.857936 
0.338670 
0.028030 
0.107374 
0.635819 
0.208102 
0.570416 
0.989492 
0.383835 
0.121766 
0.525852 
0.992359 
0.577396 
0.301257 
0.225499 
0.955323 
0.113691 
0.813032 
0.633187 
0.978902 
0.410594 
0.854144 
0.600046 
0.969143 
0.381360 
0.517523 
0.008635 
0.126470 
0.589204 
0.747294 
0.773142 
0.197721 
0.092103 
0.973467 
0.059498 
0.984161 
0.801820 
0.184953 
0.510260 
0.942640 
0.945408 
0.479810 
0.174366 
0.568129 
0.537725 
0.550758 
0.590869 
0.728098 
0.147160 
0.323211 
0.209155 
0.269594 
0.066622 
0.707873 
0.222109 
0.977915 
0.813056 
0.036073 
0.281160 
0.461370 
0.245635 
0.391893 
0.550136 
0.144113 
0.115418 
0.829015 
0.247368 
0.509149 
0.263295 
0.207229 
0.900826 
0.190152 
0.880019 
0.487492 
0.271391 
0.272689 
0.089656 
0.853253 
0.628327 
0.285029 
0.489686 
0.153556 
0.807741 
0.706372 
0.991099 
0.405761 
0.617519 
0.642872 
0.753898 
0.764363 
0.647831 
0.089876 
0.549366 
0.190306 
0.476911 
0.435589 
0.940165 
0.348913 
0.185004 
0.357746 
0.643567 
0.423328 
0.867996 
0.407436 
0.782579 
0.811037 
0.095489 
0.881471 
0.883028 
0.053123 
0.844477 
0.122624 
0.945155 
0.213234 
0.823009 
0.304313 
0.583707 
0.360214 
0.114605 
0.167390 
0.331301 
0.170384 
0.638161 
0.578042 
0.153723 
0.625578 
0.097766 
0.153724 
0.633859 
0.264746 
0.584155 
0.885698 
0.932483 
0.242974 
0.658902 
0.171354 
0.938571 
0.563986 
0.916552 
0.481093 
0.725322 
0.493844 
0.043503 
0.148127 
0.569893 
0.188184 
0.801885 
0.288980 
0.888345 
0.407415 
0.426268 
0.290156 
0.651985 
0.916915 
0.589010 
0.498247 
0.044234 
0.448659 
0.617686 
0.449760 
0.123927 
0.835142 
0.224394 
0.395738 
0.166746 
0.506688 
0.913292 
0.695060 
0.873829 
0.451495 
0.269764 
0.924303 
0.758147 
0.171428 
0.193835 
0.778289 
0.698573 
0.917102 
0.729764 
0.138780 
0.482453 
0.581201 
0.241129 
0.647071 
0.316592 
0.961480 
0.589242 
0.393651 
0.084451 
0.374465 
0.630548 
0.621303 
0.241819 
0.257881 
0.202192 
0.237222 
0.992457 
0.228713 
0.985328 
0.414850 
0.381258 
0.804182 
0.887592 
0.764941 
0.360973 
0.876447 
0.447030 
0.237384 
0.707151 
0.083598 
0.025412 
0.092859 
0.689063 
0.082348 
0.018396 
0.174957 
0.508784 
0.127798 
0.895139 
0.597281 
0.501930 
0.938716 
0.995451 
0.550421 
0.920171 
0.313708 
0.488095 
0.407674 
0.781314 
0.544671 
0.278363 
0.452025 
0.180406 
0.089153 
0.397284 
0.151278 
0.537085 
0.789250 
0.922962 
0.230710 
0.538961 
0.323218 
0.321260 
0.416871 
0.357257 
0.412363 
0.580017 
0.349300 
0.680139 
0.094278 
0.522878 
0.002411 
0.529393 
0.512007 
0.297754 
0.355025 
0.899878 
0.254584 
0.791145 
0.777968 
0.309077 
0.655439 
0.969925 
0.522484 
0.381452 
0.059842 
0.765931 
0.000499 
0.394752 
0.588469 
0.403114 
0.139104 
0.925262 
0.878276 
0.184422 
0.588066 
0.628014 
0.032816 
0.532365 
0.466673 
0.373408 
0.875482 
0.232828 
0.140176 
0.936946 
0.259287 
0.828975 
0.588176 
0.475867 
0.893823 
0.482568 
0.514721 
0.914765 
0.453130 
0.748984 
0.173017 
0.894143 
0.860176 
0.970483 
0.910120 
0.379876 
0.576551 
0.095371 
0.908569 
0.311242 
0.041083 
0.484621 
0.026348 
0.837628 
0.018200 
0.889721 
0.549144 
0.459726 
0.622512 
0.557869 
0.099081 
0.255390 
0.347575 
0.694625 
0.556706 
0.564150 
0.674674 
0.239163 
0.619338 
0.221436 
0.676708 
0.430818 
0.751271 
0.618514 
0.365452 
0.151210 
0.389481 
0.008761 
0.247753 
0.985915 
0.280638 
0.680849 
0.028051 
0.446843 
0.087380 
0.588952 
0.519889 
0.768414 
0.738542 
0.681995 
0.282946 
0.473962 
0.881758 
0.703868 
0.910637 
0.077211 
0.678986 
0.711452 
0.379073 
0.083437 
0.319421 
0.507996 
0.882098 
0.423285 
0.147759 
0.379407 
0.691594 
0.615346 
0.124932 
0.724431 
0.508132 
0.169824 
0.234137 
0.139489 
0.399469 
0.882762 
0.575102 
0.736697 
0.669819 
0.640522 
0.250237 
0.726408 
0.739209 
0.879792 
0.656390 
0.945642 
0.400211 
0.346278 
0.897333 
0.479109 
0.380857 
0.064402 
0.411342 
0.418863 
0.837416 
0.443976 
0.897254 
0.154551 
0.530978 
0.152858 
0.087065 
0.293302 
0.527844 
0.471994 
0.795977 
0.992938 
0.301191 
0.110758 
0.502007 
0.225230 
0.440142 
0.464494 
0.746157 
0.657728 
0.437062 
0.695777 
0.921202 
0.646455 
0.965984 
0.290527 
0.882480 
0.834678 
0.429957 
0.281770 
0.714266 
0.667303 
0.366208 
0.862212 
0.199649 
0.502671 
0.393263 
0.575377 
0.369133 
0.018158 
0.186334 
0.721972 
0.186999 
0.900555 
0.635174 
0.361169 
0.167553 
0.060011 
0.609447 
0.967377 
0.698438 
0.647650 
0.059647 
0.485477 
0.410448 
0.401532 
0.551073 
0.884484 
0.520318 
0.986197 
0.016742 
0.378730 
0.321961 
0.198226 
0.582798 
0.083681 
0.428257 
0.715233 
0.920645 
0.283894 
0.414633 
0.733270 
0.068062 
0.912837 
0.058699 
0.560107 
0.715312 
0.245743 
0.209881 
0.462944 
0.704406 
0.954562 
0.330593 
0.276760 
0.503049 
0.748377 
0.969341 
0.713625 
0.887732 
0.109087 
0.427740 
0.026946 
0.875894 
0.147566 
0.143681 
0.840002 
0.906543 
0.273039 
0.970562 
0.241095 
0.090741 
0.084460 
0.512757 
0.903265 
0.167346 
0.589650 
0.254966 
0.211014 
0.515591 
0.532004 
0.396204 
0.008800 
0.896559 
0.468552 
0.961848 
0.776785 
0.432032 
0.163389 
0.086064 
0.473981 
0.191932 
0.809488 
0.060766 
0.299239 
0.310139 
0.501925 
0.851303 
0.849896 
0.194577 
0.256848 
0.836433 
0.932943 
0.966356 
0.541291 
0.483114 
0.693409 
0.117321 
0.818947 
0.037202 
0.261381 
0.038277 
0.315626 
0.721779 
0.941921 
0.861306 
0.978010 
0.422369 
0.756836 
0.136747 
0.312047 
0.574363 
0.312500 
0.193435 
0.059249 
0.797461 
0.925128 
0.629056 
0.539488 
0.174521 
0.166601 
0.056456 
0.851807 
0.314419 
0.442428 
0.881409 
0.841464 
0.478126 
0.865778 
0.128467 
0.150131 
0.248881 
0.937304 
0.272333 
0.100832 
0.690850 
0.124124 
0.158930 
0.139179 
0.175626 
0.749923 
0.957512 
0.909093 
0.120165 
0.609301 
0.521386 
0.930434 
0.805094 
0.216617 
0.675234 
0.658027 
0.453537 
0.603381 
0.020175 
0.080164 
0.314915 
0.779147 
0.117179 
0.431114 
0.726502 
0.321974 
0.424377 
0.498724 
0.055071 
0.582469 
0.557325 
0.965293 
0.685125 
0.889491 
0.682213 
0.953983 
0.588869 
0.114187 
0.134748 
0.711018 
0.073150 
0.426667 
0.995547 
0.151195 
0.133207 
0.803888 
0.951478 
0.487346 
0.817449 
0.862293 
0.552093 
0.021689 
0.526570 
0.070075 
0.744361 
0.479311 
0.778284 
0.618235 
0.681706 
0.441131 
0.095176 
0.626761 
0.965153 
0.328143 
0.100752 
0.338986 
0.338903 
0.940417 
0.584591 
0.225174 
0.491750 
0.846864 
0.248819 
0.893392 
0.235999 
0.440537 
0.101654 
0.498929 
0.506821 
0.140090 
0.484231 
0.478127 
0.880280 
0.867989 
0.286793 
0.127575 
0.154995 
0.003705 
0.274506 
0.627171 
0.860364 
0.144866 
0.768528 
0.654164 
0.528709 
0.019633 
0.973502 
0.654623 
0.249110 
0.786125 
0.399635 
0.663760 
0.818127 
0.265070 
0.031746 
0.552362 
0.550629 
0.419200 
0.491106 
0.026752 
0.625955 
0.423351 
0.255613 
0.079470 
0.647372 
0.376121 
0.458456 
0.273092 
0.861735 
0.185956 
0.357569 
0.657681 
0.652546 
0.347893 
0.043705 
0.557231 
0.378106 
0.821689 
0.130150 
0.435459 
0.758236 
0.665881 
0.466018 
0.370167 
0.399914 
0.353853 
0.205352 
0.355291 
0.379003 
0.909192 
0.784301 
0.752269 
0.392255 
0.625285 
0.168320 
0.946324 
0.866069 
0.020504 
0.606903 
0.223230 
0.833916 
0.622189 
0.138390 
0.916152 
0.771562 
0.642623 
0.562337 
0.202705 
0.861028 
0.297372 
0.932792 
0.437844 
0.838849 
0.538040 
0.843387 
0.809327 
0.360865 
0.050774 
0.364115 
0.672665 
0.473577 
0.404592 
0.978098 
0.901146 
0.558830 
0.251165 
0.337174 
0.878337 
0.212839 
0.179579 
0.189772 
0.494751 
0.278430 
0.579593 
0.224157 
0.414738 
0.497741 
0.525474 
0.643937 
0.648242 
0.999316 
0.501788 
0.548558 
0.618028 
0.196233 
0.087182 
0.264937 
0.790508 
0.075972 
0.854512 
0.780921 
0.937329 
0.684564 
0.459210 
0.934381 
0.143873 
0.074859 
0.157441 
0.109651 
0.912290 
0.857801 
0.053308 
0.941590 
0.308451 
0.128096 
0.912640 
0.736335 
0.585200 
0.455592 
0.136891 
0.722694 
0.317715 
0.841422 
0.772469 
0.892648 
0.730197 
0.419636 
0.823687 
0.701228 
0.541557 
0.942501 
0.609715 
0.473855 
0.077615 
0.481408 
0.016159 
0.590150 
0.642650 
0.020861 
0.607099 
0.510039 
0.232651 
0.166930 
0.599693 
0.041779 
0.185207 
0.781916 
0.662022 
0.597078 
0.097765 
0.130847 
0.148904 
0.630389 
0.949819 
0.607063 
0.914781 
0.731561 
0.337335 
0.587959 
0.831236 
0.587414 
0.662496 
0.569386 
0.671043 
0.225485 
0.729837 
0.378477 
0.068094 
0.464236 
0.422025 
0.977477 
0.451706 
0.828688 
0.760394 
0.944335 
0.439168 
0.103539 
0.183884 
0.532127 
0.464127 
0.580872 
0.712816 
0.299660 
0.385153 
0.267793 
0.795751 
0.193204 
0.178896 
0.704411 
0.028357 
0.600397 
0.879343 
0.115143 
0.210658 
0.535509 
0.297311 
0.903147 
0.194898 
0.647056 
0.068034 
0.452866 
0.319815 
0.124111 
0.929758 
0.449666 
0.540582 
0.556760 
0.467266 
0.346199 
0.559713 
0.092662 
0.364030 
0.253055 
0.097261 
0.666410 
0.347969 
0.317486 
0.989940 
0.922320 
0.423910 
0.661875 
0.137830 
0.504748 
0.292875 
0.352550 
0.312446 
0.280536 
0.965489 
0.970259 
0.139140 
0.527415 
0.264158 
0.702307 
0.670566 
0.206493 
0.533653 
0.098092 
0.639124 
0.759577 
0.212203 
0.499168 
0.516426 
0.579711 
0.202898 
0.113714 
0.191351 
0.038328 
0.184572 
0.099321 
0.289633 
0.868154 
0.058846 
0.022909 
0.026485 
0.128532 
0.233394 
0.657213 
0.781160 
0.954393 
0.479697 
0.269749 
0.663544 
0.182121 
0.913303 
0.888739 
0.039473 
0.416403 
0.484579 
0.315127 
0.341131 
0.384546 
0.058983 
0.326444 
0.543669 
0.443013 
0.726723 
0.038201 
0.038472 
0.596283 
0.731813 
0.580878 
0.823606 
0.348589 
0.734094 
0.919060 
0.648764 
0.779446 
0.142483 
0.713343 
0.148278 
0.113032 
0.734752 
0.973306 
0.356098 
0.938305 
0.100217 
0.339084 
0.985579 
0.622580 
0.699986 
0.671580 
0.251269 
0.078627 
0.483115 
0.708686 
0.879084 
0.760536 
0.322260 
0.223029 
0.446608 
0.146717 
0.865706 
0.928505 
0.381839 
0.574066 
0.323127 
0.801191 
0.621507 
0.669159 
0.549140 
0.396098 
0.220294 
0.486599 
0.273509 
0.857750 
0.209390 
0.221895 
0.386558 
0.884371 
0.621430 
0.367273 
0.764234 
0.473172 
0.605449 
0.787725 
0.288700 
0.174021 
0.779198 
0.981970 
0.962090 
0.847789 
0.785602 
0.605809 
0.831936 
0.344029 
0.097089 
0.772281 
0.726216 
0.514181 
0.840356 
0.860062 
0.068480 
0.939156 
0.396450 
0.128240 
0.337499 
0.352311 
0.293386 
0.943266 
0.475593 
0.285312 
0.245246 
0.854378 
0.536483 
0.661983 
0.945870 
0.233027 
0.478803 
0.247377 
0.666866 
0.012802 
0.165682 
0.618285 
0.515520 
0.345542 
0.530598 
0.753166 
0.453860 
0.020895 
0.187119 
0.907057 
0.898684 
0.186857 
0.512425 
0.326037 
0.708760 
0.124948 
0.997955 
0.622290 
0.820230 
0.597598 
0.821670 
0.804072 
0.045054 
0.218092 
0.466785 
0.251839 
0.654628 
0.333024 
0.134289 
0.999899 
0.310475 
0.148447 
0.945466 
0.444121 
0.339856 
0.966692 
0.196430 
0.400381 
0.209094 
0.236396 
0.105520 
0.471263 
0.524943 
0.711068 
0.916073 
0.441064 
0.955563 
0.146353 
0.762978 
0.365133 
0.797778 
0.253946 
0.078247 
0.091264 
0.876345 
0.723210 
0.987243 
0.590095 
0.722840 
0.779234 
0.580397 
0.735985 
0.697540 
0.550639 
0.587083 
0.108200 
0.516519 
0.129935 
0.813360 
0.149118 
0.233532 
0.974413 
0.963322 
0.555767 
0.776157 
0.862333 
0.223595 
0.963912 
0.463215 
0.251394 
0.173331 
0.177498 
0.206355 
0.210943 
0.313327 
0.091603 
0.573425 
0.551484 
0.791850 
0.615226 
0.109039 
0.615574 
0.956057 
0.444794 
0.647426 
0.289153 
0.788359 
0.945585 
0.444776 
0.344639 
0.355205 
0.929654 
0.689281 
0.745895 
0.251639 
0.293093 
0.011487 
0.069932 
0.347137 
0.323265 
0.112490 
0.624177 
0.544120 
0.023400 
0.282185 
0.685119 
0.796749 
0.959424 
0.030915 
0.584805 
0.822423 
0.468390 
0.232315 
0.526255 
0.764258 
0.884730 
0.651577 
0.049198 
0.864537 
0.271968 
0.966970 
0.870158 
0.742091 
0.328586 
0.546228 
0.446056 
0.861277 
0.487720 
0.106093 
0.105821 
0.540583 
0.575692 
0.657176 
0.155473 
0.034382 
0.856609 
0.026302 
0.053982 
0.271011 
0.884415 
0.370084 
0.009012 
0.458144 
0.027492 
0.053846 
0.985570 
0.482597 
0.015108 
0.914788 
0.835009 
0.003819 
0.179108 
0.268680 
0.704758 
0.865021 
0.405123 
0.904871 
0.165378 
0.500536 
0.508938 
0.713700 
0.164181 
0.396182 
0.633369 
0.028862 
0.081247 
0.515019 
0.932407 
0.959864 
0.433150 
0.945596 
0.625393 
0.973714 
0.214831 
0.657398 
0.891586 
0.885997 
0.947292 
0.133029 
0.813941 
0.912585 
0.808081 
0.414299 
0.130748 
0.479344 
0.331733 
0.444462 
0.067671 
0.343860 
0.263137 
0.544581 
0.772233 
0.925461 
0.225387 
0.081815 
0.071815 
0.988584 
0.130007 
0.026542 
0.084734 
0.125736 
0.248663 
0.278328 
0.857158 
0.256205 
0.039824 
0.318057 
0.579097 
0.887251 
0.022061 
0.773563 
0.269495 
0.401327 
0.097312 
0.521652 
0.402844 
0.600280 
0.900406 
0.127722 
0.626915 
0.556401 
0.437495 
0.978088 
0.728465 
0.309072 
0.575337 
0.680663 
0.902011 
0.097352 
0.187167 
0.718659 
0.498853 
0.214374 
0.989756 
0.821324 
0.995341 
0.698694 
0.947959 
0.338871 
0.408231 
0.146535 
0.818870 
0.741430 
0.207488 
0.243107 
0.906534 
0.114117 
0.964236 
0.919423 
0.741162 
0.712937 
0.327519 
0.615288 
0.140406 
0.796834 
0.381021 
0.817829 
0.246739 
0.949686 
0.374928 
0.416838 
0.804433 
0.109159 
0.642479 
0.138581 
0.133557 
0.693192 
0.479367 
0.714271 
0.748471 
0.544609 
0.245009 
0.860167 
0.831690 
0.218985 
0.475092 
0.875112 
0.001183 
0.886358 
0.022018 
0.054194 
0.842160 
0.182532 
0.811786 
0.688258 
0.550274 
0.447336 
0.371091 
0.919283 
0.394691 
0.579447 
0.762240 
0.967335 
0.998354 
0.329425 
0.652366 
0.313876 
0.315527 
0.064397 
0.316063 
0.077831 
0.098223 
0.837270 
0.988906 
0.545416 
0.809821 
0.653795 
0.332620 
0.341987 
0.773553 
0.097080 
0.623854 
0.112064 
0.459246 
0.540604 
0.929405 
0.507511 
0.738010 
0.727094 
0.271904 
0.886728 
0.235412 
0.561890 
0.685477 
0.815516 
0.385404 
0.481080 
0.506309 
0.540381 
0.184166 
0.282835 
0.611521 
0.834313 
0.305345 
0.938743 
0.457724 
0.961415 
0.504132 
0.942400 
0.917740 
0.450974 
0.518615 
0.368037 
0.599870 
0.022616 
0.114115 
0.936586 
0.196417 
0.187559 
0.302021 
0.060869 
0.032482 
0.931777 
0.367789 
0.426819 
0.547827 
0.333900 
0.851644 
0.574360 
0.273572 
0.924477 
0.678376 
0.471705 
0.940889 
0.526063 
0.539567 
0.501419 
0.346278 
0.893991 
0.312473 
0.737384 
0.220796 
0.919731 
0.923291 
0.749364 
0.568741 
0.837689 
0.040684 
0.775591 
0.362067 
0.264862 
0.531011 
0.699726 
0.290011 
0.215190 
0.705812 
0.582708 
0.569122 
0.235496 
0.973282 
0.947115 
0.168110 
0.432895 
0.659140 
0.168053 
0.472380 
0.289477 
0.238071 
0.258989 
0.831964 
0.815051 
0.567330 
0.122992 
0.125756 
0.577597 
0.680026 
0.193245 
0.862600 
0.714045 
0.953699 
0.817272 
0.892436 
0.170702 
0.981286 
0.478310 
0.952028 
0.739844 
0.552885 
0.341903 
0.369705 
0.637870 
0.674790 
0.203300 
0.868802 
0.955515 
0.348416 
0.827787 
0.624509 
0.123578 
0.970256 
0.094405 
0.657418 
0.224136 
0.058153 
0.373037 
0.635784 
0.626626 
0.707371 
0.780868 
0.054984 
0.114328 
0.515185 
0.718508 
0.965527 
0.616193 
0.347409 
0.901472 
0.035496 
0.580712 
0.029091 
0.939803 
0.275330 
0.468355 
0.647905 
0.336539 
0.203639 
0.562079 
0.856425 
0.928836 
0.948955 
0.085830 
0.545754 
0.482232 
0.874961 
0.469251 
0.701903 
0.877419 
0.774065 
0.714883 
0.039285 
0.266861 
0.127110 
0.332132 
0.144491 
0.463496 
0.970506 
0.302675 
0.052254 
0.228302 
0.068689 
0.447663 
0.866110 
0.704943 
0.981090 
0.175472 
0.163903 
0.715403 
0.776112 
0.108974 
0.527646 
0.151202 
0.260166 
0.609888 
0.381014 
0.709786 
0.367574 
0.818213 
0.709857 
0.565126 
0.072866 
0.658233 
0.915062 
0.451699 
0.698129 
0.447012 
0.936350 
0.237668 
0.480485 
0.506737 
0.733840 
0.642920 
0.558230 
0.165926 
0.718003 
0.481234 
0.103889 
0.063804 
0.346208 
0.720271 
0.590385 
0.607215 
0.460512 
0.817137 
0.614117 
0.468271 
0.227153 
0.755706 
0.147080 
0.969030 
0.488748 
0.391905 
0.751595 
0.058318 
0.152017 
0.942060 
0.208826 
0.737564 
0.238761 
0.863906 
0.669609 
0.119986 
0.606996 
0.784325 
0.150366 
0.193386 
0.245604 
0.865930 
0.684622 
0.444041 
0.991952 
0.739591 
0.314210 
0.922761 
0.838863 
0.771571 
0.799448 
0.316536 
0.022151 
0.292371 
0.887275 
0.436968 
0.117863 
0.930046 
0.279420 
0.219636 
0.423956 
0.426128 
0.934380 
0.120065 
0.936908 
0.606051 
0.895950 
0.234354 
0.783956 
0.943585 
0.835122 
0.888784 
0.792307 
0.299320 
0.671731 
0.788617 
0.287232 
0.506597 
0.374706 
0.681289 
0.423539 
0.422060 
0.558561 
0.737863 
0.257045 
0.156739 
0.313411 
0.501876 
0.025159 
0.852517 
0.252371 
0.607572 
0.459619 
0.820193 
0.983713 
0.260643 
0.633810 
0.446006 
0.021524 
0.746128 
0.166232 
0.863966 
0.681543 
0.692917 
0.863945 
0.329082 
0.888628 
0.178260 
0.020391 
0.716092 
0.351304 
0.366100 
0.043567 
0.237667 
0.471531 
0.027508 
0.321351 
0.947169 
0.072510 
0.676617 
0.898962 
0.859998 
0.988801 
0.775131 
0.619831 
0.507941 
0.966029 
0.056720 
0.300401 
0.840115 
0.819222 
0.661546 
0.599648 
0.288186 
0.543125 
0.301047 
0.699469 
0.972555 
0.736672 
0.251797 
0.944182 
0.858768 
0.305562 
0.575524 
0.831731 
0.909349 
0.423384 
0.820582 
0.529320 
0.284370 
0.411844 
0.859790 
0.498835 
0.918491 
0.072137 
0.406513 
0.268454 
0.900516 
0.976960 
0.770111 
0.248746 
0.666616 
0.819246 
0.061888 
0.152125 
0.767232 
0.873323 
0.943542 
0.118727 
0.445809 
0.703534 
0.300844 
0.289888 
0.140537 
0.011242 
0.945874 
0.298901 
0.632366 
0.177374 
0.125026 
0.314639 
0.145153 
0.592820 
0.519842 
0.983390 
0.840703 
0.690152 
0.381463 
0.256214 
0.180573 
0.893639 
0.385212 
0.251223 
0.308058 
0.535570 
0.319873 
0.104395 
0.563874 
0.038692 
0.304206 
0.784315 
0.981191 
0.872558 
0.080959 
0.684678 
0.388018 
0.422269 
0.075528 
0.399872 
0.643101 
0.601122 
0.057956 
0.067273 
0.652526 
0.005795 
0.395448 
0.292992 
0.322189 
0.032975 
0.205157 
0.068240 
0.902597 
0.940686 
0.104844 
0.110858 
0.190874 
0.027609 
0.023829 
0.493762 
0.653852 
0.298464 
0.288884 
0.270759 
0.651211 
0.895856 
0.646290 
0.188288 
0.556448 
0.219553 
0.023106 
0.345891 
0.382155 
0.874302 
0.396316 
0.882331 
0.333049 
0.559817 
0.840979 
0.327448 
0.414770 
0.032931 
0.474041 
0.202685 
0.520213 
0.221312 
0.587827 
0.600549 
0.423962 
0.522353 
0.191485 
0.287502 
0.040280 
0.979235 
0.999146 
0.647910 
0.425650 
0.892895 
0.884277 
0.046827 
0.016601 
0.018250 
0.735830 
0.099420 
0.951109 
0.288274 
0.023905 
0.776715 
0.248849 
0.412116 
0.429060 
0.205687 
0.973748 
0.778658 
0.902732 
0.210208 
0.958801 
0.564609 
0.390730 
0.002183 
0.684517 
0.679750 
0.559909 
0.387414 
0.273620 
0.737198 
0.088448 
0.550783 
0.005189 
0.207065 
0.137312 
0.802545 
0.373936 
0.749959 
