0.000001 
0.009399 
0.976884 
0.481992 
0.838808 
0.853452 
0.969983 
0.500584 
0.316525 
0.834983 
0.566168 
0.585995 
0.819063 
0.989381 
0.521105 
0.207424 
0.169932 
0.050410 
0.245522 
0.482197 
0.277527 
0.400655 
0.814028 
0.360948 
0.454230 
0.246436 
0.841462 
0.449834 
0.356674 
0.615228 
0.129904 
0.295317 
0.399846 
0.206045 
0.004881 
0.034343 
0.209306 
0.798920 
0.448994 
0.235900 
0.771744 
0.693702 
0.042894 
0.915141 
0.780358 
0.473808 
0.295745 
0.593296 
0.533261 
0.524670 
0.130098 
0.560228 
0.755850 
0.567095 
0.163115 
0.477240 
0.975148 
0.307377 
0.085200 
0.958930 
0.737757 
0.488364 
0.931997 
0.066648 
0.158562 
0.957177 
0.265999 
0.639553 
0.970207 
0.264864 
0.572639 
0.349221 
0.354720 
0.775242 
0.494748 
0.226620 
0.799436 
0.116925 
0.150864 
0.578629 
0.015661 
0.208578 
0.563816 
0.057109 
0.834817 
0.764805 
0.081645 
0.205642 
0.219810 
0.348913 
0.175229 
0.067049 
0.892519 
0.569313 
0.441716 
0.927413 
0.023854 
0.909005 
0.654278 
0.450044 
0.888933 
0.302075 
0.968760 
0.942058 
0.171572 
0.617692 
0.557428 
0.689278 
0.697559 
0.874259 
0.674623 
0.388273 
0.699474 
0.055202 
0.775715 
0.443999 
0.289575 
0.880795 
0.514569 
0.366671 
0.643142 
0.279394 
0.780365 
0.602521 
0.566209 
0.278425 
0.493331 
0.414657 
0.132877 
0.255986 
0.364983 
0.275785 
0.122482 
0.552407 
0.296803 
0.363459 
0.658130 
0.188980 
0.187137 
0.211134 
0.536367 
0.720441 
0.446001 
0.931512 
0.930026 
0.949422 
0.928799 
0.325546 
0.443316 
0.803814 
0.705974 
0.300665 
0.275264 
0.362998 
0.908396 
0.418858 
0.752257 
0.181303 
0.155744 
0.582465 
0.490668 
0.657952 
0.194595 
0.566318 
0.103652 
0.078593 
0.909872 
0.223393 
0.567260 
0.931623 
0.785956 
0.557426 
0.663694 
0.700530 
0.800461 
0.347342 
0.772174 
0.921894 
0.266351 
0.566956 
0.824048 
0.778498 
0.212503 
0.542449 
0.940955 
0.626912 
0.513309 
0.190433 
0.615184 
0.400838 
0.892663 
0.986057 
0.653006 
0.072880 
0.891341 
0.768082 
0.156220 
0.592308 
0.919179 
0.635715 
0.461562 
0.466077 
0.350185 
0.561745 
0.252298 
0.374872 
0.468760 
0.448315 
0.836034 
0.224148 
0.248208 
0.636684 
0.755428 
0.486430 
0.426964 
0.985749 
0.486444 
0.665113 
0.549105 
0.800793 
0.929977 
0.123372 
0.509874 
0.450604 
0.297841 
0.820207 
0.220734 
0.882557 
0.140993 
0.665251 
0.877309 
0.925086 
0.912434 
0.281917 
0.173194 
0.867271 
0.224362 
0.853911 
0.674135 
0.194628 
0.106009 
0.686447 
0.110401 
0.505669 
0.786551 
0.554830 
0.034268 
0.939102 
0.478980 
0.216412 
0.236789 
0.714646 
0.055679 
0.795771 
0.529323 
0.332283 
0.686183 
0.675573 
0.354943 
0.519518 
0.540276 
0.413654 
0.278250 
0.553113 
0.166869 
0.569829 
0.115775 
0.836465 
0.469706 
0.354018 
0.976709 
0.543762 
0.001619 
0.214156 
0.326905 
0.294944 
0.126079 
0.015852 
0.422108 
0.374241 
0.869218 
0.954935 
0.590788 
0.380429 
0.866193 
0.109150 
0.491038 
0.882381 
0.170573 
0.813139 
0.433323 
0.854015 
0.435147 
0.512338 
0.859556 
0.552631 
0.066491 
0.512185 
0.295645 
0.904773 
0.518545 
0.187617 
0.281436 
0.094291 
0.749318 
0.785236 
0.458180 
0.636274 
0.852234 
0.501163 
0.041759 
0.847437 
0.874055 
0.247526 
0.174685 
0.929332 
0.290284 
0.797357 
0.186939 
0.875536 
0.131060 
0.732121 
0.759775 
0.534927 
0.524813 
0.533991 
0.786470 
0.197378 
0.331066 
0.218388 
0.448198 
0.870152 
0.641757 
0.014142 
0.685997 
0.551365 
0.785294 
0.430951 
0.994113 
0.060151 
0.960660 
0.812766 
0.160542 
0.237583 
0.058645 
0.642152 
0.648141 
0.297503 
0.135907 
0.193668 
0.981442 
0.091527 
0.287952 
0.601319 
0.373284 
0.789708 
0.623061 
0.788179 
0.924888 
0.593913 
0.892064 
0.915687 
0.955633 
0.325889 
0.217642 
0.910057 
0.335111 
0.202599 
0.074096 
0.326508 
0.614418 
0.522423 
0.357669 
0.338700 
0.522524 
0.059442 
0.046891 
0.099387 
0.402778 
0.487761 
0.803822 
0.831172 
0.510662 
0.693603 
0.389158 
0.585893 
0.108962 
0.324982 
0.980179 
0.860348 
0.864721 
0.373402 
0.761656 
0.147237 
0.616370 
0.329428 
0.692586 
0.286569 
0.371278 
0.067425 
0.206896 
0.309089 
0.860506 
0.523050 
0.893136 
0.932208 
0.626997 
0.934531 
0.663534 
0.008063 
0.512895 
0.226374 
0.660539 
0.673043 
0.832275 
0.042862 
0.389828 
0.832480 
0.488977 
0.240241 
0.723554 
0.773716 
0.842985 
0.051437 
0.506172 
0.233981 
0.524152 
0.416806 
0.252244 
0.460517 
0.908971 
0.078523 
0.741121 
0.027801 
0.246470 
0.414172 
0.990557 
0.287336 
0.255931 
0.438036 
0.071695 
0.983726 
0.489432 
0.877971 
0.056390 
0.740830 
0.130779 
0.000126 
0.119232 
0.933811 
0.564749 
0.741372 
0.245314 
0.987433 
0.788223 
0.666898 
0.560069 
0.077056 
0.076045 
0.084645 
0.627386 
0.470661 
0.394999 
0.748051 
0.501370 
0.522560 
0.673327 
0.607918 
0.269650 
0.001826 
0.684329 
0.524479 
0.916779 
0.301324 
0.345084 
0.830530 
0.721847 
0.090354 
0.584801 
0.747384 
0.284077 
0.488486 
0.988790 
0.591986 
0.504051 
0.587796 
0.094292 
0.770598 
0.436482 
0.949051 
0.705982 
0.446353 
0.851190 
0.956071 
0.680602 
0.880983 
0.677510 
0.916834 
0.222448 
0.685060 
0.798926 
0.549124 
0.130362 
0.986236 
0.663489 
0.266929 
0.278971 
0.669178 
0.868996 
0.213962 
0.054207 
0.058841 
0.937734 
0.500736 
0.875810 
0.744009 
0.551368 
0.848335 
0.967835 
0.394983 
0.486964 
0.400757 
0.529012 
0.104926 
0.492877 
0.791194 
0.593429 
0.757375 
0.196380 
0.561770 
0.672018 
0.614912 
0.826584 
0.396240 
0.610209 
0.786351 
0.203931 
0.472585 
0.742377 
0.131746 
0.259878 
0.766367 
0.326991 
0.732828 
0.643130 
0.092461 
0.000296 
0.969400 
0.707808 
0.132960 
0.653166 
0.753998 
0.449114 
0.261333 
0.225164 
0.328664 
0.862435 
0.945115 
0.541943 
0.432306 
0.769012 
0.785941 
0.315959 
0.328316 
0.009524 
0.067941 
0.879766 
0.224398 
0.454350 
0.253242 
0.234946 
0.744130 
0.588901 
0.659176 
0.768625 
0.287629 
0.175086 
0.673244 
0.218487 
0.103045 
0.877766 
0.609109 
0.291287 
0.654512 
0.376518 
0.134169 
0.981009 
0.822645 
0.199533 
0.557435 
0.807558 
0.628151 
0.337494 
0.254067 
0.099532 
0.829657 
0.040487 
0.458181 
0.650580 
0.303311 
0.747692 
0.454200 
0.745947 
0.131448 
0.245085 
0.139387 
0.683162 
0.908897 
0.839155 
0.680067 
0.880189 
0.328878 
0.459990 
0.051728 
0.396001 
0.597098 
0.417801 
0.974080 
0.361739 
0.751584 
0.867691 
0.286111 
0.663228 
0.867563 
0.125962 
0.049860 
0.998189 
0.561700 
0.497429 
0.292130 
0.824224 
0.725791 
0.370451 
0.172708 
0.700885 
0.777013 
0.258493 
0.487231 
0.884586 
0.237830 
0.216881 
0.115908 
0.067481 
0.157746 
0.229584 
0.617915 
0.303527 
0.383111 
0.940633 
0.218555 
0.245578 
0.421768 
0.652069 
0.330795 
0.679665 
0.133334 
0.942467 
0.046701 
0.908451 
0.341947 
0.108217 
0.806634 
0.104203 
0.347049 
0.850859 
0.382256 
0.572491 
0.860201 
0.391957 
0.614624 
0.993292 
0.262106 
0.209408 
0.517630 
0.804959 
0.942681 
0.633965 
0.042874 
0.575007 
0.148085 
0.866506 
0.361012 
0.529159 
0.567024 
0.965649 
0.669503 
0.338431 
0.002592 
0.566807 
0.327585 
0.723298 
0.471224 
0.864718 
0.314798 
0.806698 
0.174585 
0.244182 
0.968354 
0.126198 
0.016483 
0.032278 
0.495938 
0.226492 
0.645533 
0.470712 
0.254538 
0.017172 
0.611485 
0.231949 
0.367943 
0.019515 
0.991670 
0.998220 
0.091397 
0.106468 
0.415941 
0.723802 
0.945186 
0.747141 
0.199378 
0.943788 
0.237056 
0.208383 
0.291337 
0.504064 
0.803421 
0.091893 
0.452830 
0.706266 
0.219209 
0.250525 
0.572574 
0.253005 
0.251348 
0.404578 
0.746720 
0.117977 
0.843084 
0.718665 
0.606567 
0.568953 
0.385805 
0.223090 
0.470830 
0.233975 
0.423011 
0.553969 
0.564665 
0.324862 
0.957962 
0.468958 
0.783546 
0.059065 
0.699017 
0.377878 
0.993209 
0.869560 
0.690764 
0.662652 
0.186986 
0.668128 
0.225941 
0.394310 
0.175935 
0.938595 
0.959531 
0.836364 
0.774076 
0.902990 
0.550023 
0.240780 
0.783030 
0.392683 
0.828535 
0.180846 
0.483976 
0.191789 
0.396008 
0.700734 
0.241191 
0.699756 
0.806786 
0.655342 
0.325237 
0.250919 
0.189808 
0.110569 
0.329290 
0.384370 
0.109788 
0.204814 
0.301317 
0.231101 
0.114184 
0.085935 
0.309833 
0.362755 
0.825794 
0.126287 
0.502750 
0.715935 
0.724649 
0.179795 
0.807754 
0.914992 
0.262380 
0.821229 
0.395436 
0.086353 
0.329969 
0.785653 
0.465724 
0.414870 
0.723200 
0.821684 
0.039724 
0.647855 
0.494343 
0.422257 
0.873357 
0.515728 
0.846418 
0.750914 
0.614679 
0.913571 
0.396000 
0.572429 
0.810692 
0.306104 
0.696523 
0.469251 
0.708336 
0.001480 
0.881640 
0.725291 
0.973954 
0.251312 
0.797784 
0.358929 
0.526137 
0.781056 
0.209214 
0.262932 
0.105768 
0.646577 
0.014153 
0.861222 
0.550903 
0.032852 
0.148755 
0.119792 
0.337374 
0.242572 
0.914912 
0.927773 
0.076830 
0.286658 
0.855306 
0.131275 
0.332486 
0.088454 
0.651297 
0.345002 
0.446218 
0.580956 
0.132175 
0.466766 
0.943965 
0.221118 
0.330859 
0.755400 
0.002314 
0.894003 
0.507334 
0.765234 
0.282108 
0.390716 
0.761968 
0.395186 
0.885596 
0.211410 
0.162596 
0.759314 
0.796793 
0.693693 
0.906198 
0.476134 
0.377800 
0.690604 
0.983177 
0.252148 
0.851995 
0.473525 
0.539074 
0.214108 
0.508564 
0.440740 
0.522380 
0.640758 
0.214230 
0.563800 
0.790058 
0.502410 
0.000001 
0.021843 
0.121967 
0.894454 
0.092518 
0.953360 
0.115089 
0.301524 
0.711425 
0.916269 
0.727873 
0.354298 
0.691094 
0.224281 
0.490760 
0.211423 
0.393240 
0.177931 
0.485638 
0.113081 
0.556685 
0.203355 
0.782640 
0.833810 
0.848257 
0.651791 
0.658218 
0.674010 
0.087824 
0.054205 
0.022949 
0.705438 
0.294729 
0.506305 
0.473458 
0.404540 
0.101725 
0.694243 
0.141666 
0.985343 
0.660230 
0.485530 
0.297849 
0.945179 
0.616135 
0.388342 
0.866299 
0.892498 
0.217596 
0.133517 
0.024233 
0.286925 
0.349356 
0.628444 
0.264991 
0.708557 
0.721596 
0.870016 
0.358696 
0.599812 
0.035038 
0.886781 
0.123399 
0.970871 
0.420939 
0.718135 
0.688928 
0.809320 
0.235510 
0.210022 
0.833669 
0.473502 
0.140735 
0.335305 
0.464481 
0.524976 
0.268297 
0.275051 
0.784399 
0.386306 
0.640890 
0.438085 
0.894763 
0.286754 
0.478746 
0.277745 
0.055679 
0.802619 
0.624888 
0.486940 
0.005048 
0.846906 
0.944231 
0.683557 
0.546903 
0.798009 
0.134534 
0.117431 
0.656195 
0.664507 
0.366372 
0.615396 
0.957375 
0.609729 
0.712622 
0.032456 
0.488577 
0.514384 
0.253028 
0.649507 
0.258012 
0.411881 
0.484789 
0.843520 
0.048310 
0.954372 
0.132559 
0.911155 
0.789478 
0.755520 
0.022488 
0.954030 
0.375520 
0.371886 
0.292498 
0.011728 
0.106484 
0.671363 
0.591056 
0.880482 
0.252846 
0.590938 
0.895793 
0.585151 
0.637283 
0.808838 
0.141416 
0.777222 
0.764612 
0.837865 
0.001666 
0.993131 
0.546035 
0.203873 
0.491010 
0.404526 
0.867842 
0.818982 
0.632218 
0.684801 
0.444107 
0.109205 
0.416538 
0.751980 
0.522343 
0.025840 
0.290216 
0.653635 
0.649193 
0.980566 
0.376732 
0.726347 
0.721162 
0.575848 
0.271684 
0.195131 
0.570736 
0.354280 
0.380701 
0.435603 
0.183682 
0.147191 
0.844604 
0.256601 
0.696159 
0.338410 
0.661229 
0.283102 
0.090247 
0.780494 
0.762630 
0.521888 
0.369772 
0.764342 
0.303251 
0.744140 
0.758240 
0.742298 
0.800982 
0.100533 
0.659802 
0.293159 
0.122848 
0.698924 
0.814099 
0.559298 
0.125737 
0.266554 
0.973712 
0.170925 
0.730407 
0.945728 
0.858757 
0.123090 
0.771993 
0.893644 
0.481523 
0.955244 
0.787153 
0.684093 
0.553497 
0.616142 
0.494922 
0.147898 
0.725776 
0.115092 
0.357756 
0.810433 
0.940509 
0.129070 
0.286899 
0.912848 
0.239849 
0.133751 
0.956099 
0.161697 
0.640358 
0.492271 
0.599093 
0.957299 
0.325203 
0.678529 
0.042135 
0.159725 
0.493242 
0.919695 
0.310737 
0.549762 
0.851384 
0.209164 
0.414546 
0.277996 
0.274045 
0.881202 
0.359919 
0.156146 
0.349410 
0.534581 
0.710103 
0.692761 
0.233870 
0.660764 
0.453289 
0.425477 
0.991957 
0.824648 
0.866891 
0.841402 
0.448497 
0.885908 
0.447885 
0.597425 
0.923894 
0.885710 
0.129668 
0.337546 
0.134995 
0.861427 
0.009118 
0.240686 
0.205657 
0.477634 
0.598267 
0.081358 
0.378345 
0.843621 
0.741788 
0.232508 
0.767780 
0.085351 
0.497076 
0.363217 
0.583589 
0.380330 
0.211112 
0.155403 
0.855527 
0.845732 
0.219041 
0.419211 
0.673109 
0.938016 
0.227723 
0.332169 
0.757719 
0.975348 
0.669922 
0.375111 
0.496374 
0.556387 
0.202547 
0.213688 
0.456693 
0.632112 
0.902869 
0.525889 
0.622632 
0.578551 
0.709064 
0.237923 
0.766486 
0.334885 
0.410065 
0.966566 
0.077057 
0.098890 
0.043449 
0.239321 
0.270396 
0.542565 
0.889916 
0.824605 
0.128669 
0.539536 
0.976481 
0.712214 
0.178216 
0.272175 
0.440470 
0.971291 
0.496188 
0.430136 
0.301536 
0.912132 
0.202846 
0.226360 
0.436931 
0.506898 
0.432614 
0.949943 
0.697087 
0.949567 
0.377247 
0.396415 
0.545943 
0.662986 
0.805129 
0.806271 
0.995268 
0.474211 
0.071777 
0.352582 
0.843191 
0.515639 
0.340413 
0.328955 
0.749345 
0.244636 
0.594807 
0.913081 
0.156328 
0.405232 
0.727038 
0.319364 
0.554071 
0.267253 
0.712984 
0.117779 
0.511908 
0.632209 
0.535254 
0.020051 
0.002709 
0.529817 
0.635607 
0.650211 
0.097313 
0.543206 
0.657913 
0.537337 
0.022870 
0.368694 
0.640514 
0.117274 
0.030925 
0.760390 
0.872700 
0.473794 
0.048025 
0.159226 
0.113603 
0.330694 
0.981500 
0.064063 
0.699657 
0.141077 
0.073278 
0.577698 
0.367391 
0.740368 
0.370065 
0.682488 
0.570085 
0.417844 
0.711692 
0.403658 
0.286385 
0.266675 
0.999935 
0.909662 
0.681507 
0.088933 
0.698221 
0.999553 
0.481998 
0.932247 
0.283105 
0.141924 
0.324509 
0.024572 
0.988709 
0.231841 
0.551850 
0.938852 
0.287865 
0.152408 
0.519490 
0.065199 
0.806838 
0.523982 
0.572805 
0.130024 
0.309300 
0.413482 
0.390422 
0.819279 
0.625848 
0.633601 
0.931144 
0.743180 
0.617903 
0.098735 
0.433808 
0.016167 
0.720552 
0.325276 
0.916739 
0.635597 
0.477749 
0.530614 
0.024326 
0.843606 
0.478493 
0.038240 
0.693531 
0.177613 
0.141675 
0.138270 
0.908610 
0.013525 
0.321427 
0.216998 
0.078636 
0.640143 
0.882867 
0.344268 
0.116783 
0.764111 
0.420143 
0.349788 
0.888396 
0.268793 
0.606769 
0.967522 
0.144155 
0.811832 
0.456017 
0.275753 
0.573838 
0.490382 
0.852506 
0.071911 
0.609253 
0.712100 
0.265451 
0.436753 
0.499725 
0.879049 
0.183364 
0.804998 
0.597333 
0.375329 
0.161259 
0.282592 
0.529193 
0.145564 
0.502025 
0.526130 
0.673483 
0.222316 
0.467779 
0.959705 
0.760898 
0.420136 
0.232972 
0.555370 
0.103754 
0.794900 
0.883736 
0.959340 
0.623890 
0.721253 
0.097599 
0.347673 
0.338374 
0.043737 
0.083155 
0.585931 
0.743735 
0.960365 
0.861046 
0.596598 
0.017046 
0.496127 
0.409343 
0.827828 
0.309958 
0.466139 
0.395585 
0.590259 
0.477605 
0.107593 
0.319730 
0.702670 
0.773600 
0.899839 
0.586322 
0.305567 
0.661927 
0.008912 
0.792106 
0.920841 
0.570883 
0.838737 
0.656933 
0.078318 
0.292111 
0.508406 
0.781426 
0.428885 
0.263934 
0.944554 
0.116967 
0.867095 
0.259311 
0.236721 
0.575401 
0.757548 
0.107046 
0.122870 
0.069369 
0.892225 
0.626014 
0.412432 
0.738202 
0.968878 
0.933744 
0.434050 
0.082506 
0.677600 
0.426924 
0.307133 
0.976372 
0.883230 
0.454816 
0.086404 
0.197890 
0.931744 
0.829139 
0.338550 
0.011527 
0.738570 
0.146529 
0.708361 
0.427861 
0.060338 
0.103245 
0.233142 
0.410406 
0.694255 
0.349621 
0.075912 
0.849246 
0.278185 
0.456114 
0.909718 
0.638633 
0.502734 
0.451099 
0.617436 
0.251297 
0.545939 
0.604445 
0.902474 
0.878461 
0.292282 
0.375276 
0.257063 
0.458853 
0.935109 
0.378523 
0.837552 
0.733416 
0.514882 
0.623847 
0.995420 
0.020051 
0.998882 
0.207839 
0.144605 
0.370297 
0.574134 
0.472164 
0.653095 
0.572490 
0.846927 
0.303868 
0.107998 
0.122668 
0.688871 
0.854628 
0.729961 
0.450399 
0.855976 
0.394813 
0.623350 
0.644840 
0.830858 
0.232206 
0.690079 
0.157631 
0.297668 
0.909526 
0.396559 
0.973996 
0.946380 
0.800287 
0.423199 
0.703003 
0.372178 
0.193511 
0.342343 
0.760138 
0.639675 
0.024934 
0.064226 
0.438323 
0.896206 
0.532463 
0.101062 
0.541244 
0.690522 
0.598528 
0.455132 
0.402787 
0.633535 
0.826664 
0.735903 
0.328019 
0.016167 
0.722963 
0.838915 
0.643178 
0.899838 
0.570058 
0.970043 
0.514068 
0.933938 
0.701786 
0.923652 
0.812171 
0.157856 
0.079002 
0.786480 
0.374794 
0.161185 
0.035437 
0.588039 
0.170657 
0.227552 
0.468547 
0.870264 
0.521589 
0.338552 
0.039546 
0.643852 
0.213582 
0.675834 
0.734571 
0.934225 
0.522971 
0.568828 
0.291539 
0.894823 
0.287058 
0.586524 
0.705185 
0.046341 
0.848768 
0.236411 
0.353428 
0.062241 
0.079128 
0.912647 
0.851085 
0.192250 
0.140826 
0.865125 
0.155929 
0.697305 
0.609585 
0.286948 
0.736550 
0.197437 
0.327096 
0.506534 
0.315133 
0.437841 
0.796994 
0.073949 
0.866124 
0.948422 
0.121679 
0.057046 
0.769507 
0.104159 
0.596398 
0.666985 
0.008988 
0.062388 
0.556159 
0.359518 
0.424349 
0.041703 
0.905933 
0.009679 
0.682872 
0.022465 
0.563439 
0.719128 
0.377071 
0.440364 
0.197210 
0.510372 
0.815701 
0.489631 
0.234755 
0.534489 
0.152757 
0.382912 
0.597623 
0.246963 
0.699018 
0.393867 
0.724911 
0.571233 
0.712983 
0.106118 
0.520603 
0.780279 
0.146558 
0.196868 
0.753521 
0.433339 
0.127179 
0.498566 
0.404898 
0.125110 
0.727518 
0.398971 
0.510425 
0.710858 
0.387226 
0.104692 
0.560628 
0.471070 
0.277766 
0.419692 
0.756684 
0.584028 
0.763226 
0.542028 
0.857621 
0.036375 
0.360404 
0.302035 
0.299292 
0.199660 
0.692312 
0.685408 
0.647940 
0.920480 
0.501088 
0.786378 
0.660068 
0.757954 
0.931765 
0.178735 
0.000009 
0.145664 
0.181313 
0.326257 
0.396255 
0.863823 
0.268376 
0.594397 
0.030110 
0.064705 
0.504179 
0.740666 
0.377517 
0.927022 
0.456121 
0.027951 
0.779998 
0.432336 
0.278642 
0.132092 
0.067725 
0.248957 
0.213722 
0.033277 
0.284040 
0.858166 
0.198408 
0.650547 
0.739726 
0.580030 
0.559344 
0.891297 
0.029915 
0.775118 
0.409529 
0.956036 
0.095417 
0.669026 
0.311965 
0.187820 
0.683340 
0.887739 
0.225927 
0.155379 
0.458801 
0.063713 
0.829653 
0.985373 
0.169077 
0.677901 
0.489082 
0.000806 
0.543610 
0.457760 
0.566112 
0.639795 
0.032014 
0.061533 
0.178805 
0.181188 
0.223264 
0.403355 
0.180117 
0.226027 
0.841101 
0.382989 
0.894061 
0.481568 
0.720640 
0.788220 
0.617788 
0.160448 
0.653659 
0.046467 
0.970230 
0.658491 
0.265694 
0.518901 
0.163105 
0.303448 
0.047024 
0.335592 
0.300371 
0.329656 
0.530066 
0.815616 
0.062094 
0.610660 
0.368115 
0.910044 
0.106041 
0.223077 
0.261920 
0.095796 
0.050146 
0.805998 
0.408797 
0.647301 
0.196021 
0.533071 
0.324585 
0.301593 
0.878063 
0.596658 
0.035226 
0.036213 
0.639339 
0.375391 
0.196476 
0.180443 
0.711976 
0.174464 
0.222819 
0.914584 
0.406003 
0.695010 
0.041268 
0.593130 
0.731194 
0.181919 
0.512198 
0.512146 
0.634606 
0.828573 
0.826217 
0.221524 
0.162262 
0.144536 
0.219899 
0.834655 
0.045854 
0.670204 
0.116263 
0.036129 
0.215731 
0.783266 
0.343975 
0.180097 
0.884258 
0.717430 
0.854174 
0.101450 
0.069078 
0.991932 
0.396875 
0.274467 
0.965702 
0.549586 
0.894245 
0.576678 
0.232792 
0.536199 
0.902760 
0.685362 
0.880995 
0.874931 
0.957540 
0.366700 
0.134638 
0.852490 
0.794599 
0.830806 
0.348719 
0.915327 
0.895229 
0.118876 
0.947163 
0.969852 
0.295450 
0.623951 
0.746218 
0.680948 
0.687484 
0.535601 
0.839450 
0.635074 
0.690004 
0.903651 
0.655563 
0.046777 
0.179172 
0.343381 
0.210750 
0.076654 
0.323939 
0.436378 
0.202926 
0.573145 
0.854128 
0.337557 
0.323266 
0.134459 
0.850748 
0.528259 
0.454320 
0.759821 
0.303555 
0.850987 
0.532684 
0.815926 
0.267764 
0.312755 
0.470146 
0.752042 
0.570169 
0.831068 
0.753172 
0.567898 
0.658006 
0.112269 
0.898129 
0.850101 
0.641161 
0.999528 
0.063827 
0.736689 
0.535135 
0.006726 
0.038247 
0.816288 
0.347820 
0.811154 
0.065590 
0.362729 
0.388363 
0.216232 
0.210082 
0.842762 
0.298216 
0.112952 
0.390064 
0.808236 
0.027665 
0.965889 
0.697321 
0.866485 
0.014844 
0.481251 
0.388018 
0.411664 
0.841825 
0.554660 
0.172172 
0.701515 
0.368259 
0.321818 
0.790835 
0.559165 
0.886574 
0.647677 
0.513005 
0.074931 
0.359947 
0.627724 
0.158835 
0.533270 
0.673802 
0.582651 
0.619643 
0.334114 
0.446804 
0.430411 
0.912402 
0.742328 
0.300390 
0.658332 
0.591017 
0.216727 
0.533034 
0.703563 
0.778104 
0.595746 
0.708690 
0.954937 
0.624778 
0.649043 
0.460107 
0.026673 
0.299150 
0.822127 
0.485341 
0.122605 
0.617613 
0.225262 
0.984669 
0.337642 
0.742054 
0.699307 
0.250372 
0.000125 
0.097420 
0.337996 
0.692716 
0.483455 
0.423023 
0.748181 
0.674878 
0.670932 
0.360986 
0.087955 
0.255755 
0.471216 
0.726966 
0.118189 
0.397422 
0.473613 
0.008036 
0.067715 
0.093908 
0.318602 
0.736239 
0.966276 
0.206426 
0.397968 
0.649655 
0.750820 
0.038934 
0.358382 
0.331640 
0.872168 
0.520646 
0.501447 
0.827584 
0.204887 
0.528578 
0.803197 
0.340362 
0.471772 
0.073099 
0.571722 
0.939108 
0.581404 
0.651445 
0.843641 
0.068923 
0.380515 
0.314643 
0.202215 
0.634833 
0.638246 
0.001502 
0.246631 
0.121579 
0.383760 
0.858864 
0.930668 
0.739543 
0.498859 
0.315992 
0.876397 
0.600828 
0.108654 
0.148504 
0.914034 
0.166168 
0.787715 
0.131069 
0.871430 
0.132404 
0.309662 
0.497161 
0.790817 
0.259986 
0.591547 
0.123026 
0.694412 
0.981746 
0.207131 
0.253180 
0.197303 
0.069564 
0.168468 
0.448735 
0.889988 
0.021828 
0.858735 
0.752488 
0.063111 
0.714823 
0.021826 
0.828251 
0.412803 
0.980382 
0.272559 
0.893436 
0.982220 
0.174023 
0.802309 
0.413058 
