0.000001 
0.014690 
0.896428 
0.271190 
0.886298 
0.004105 
0.986393 
0.302745 
0.229074 
0.039354 
0.418566 
0.833399 
0.944530 
0.721955 
0.891851 
0.347489 
0.247263 
0.747394 
0.449496 
0.671176 
0.462880 
0.621174 
0.072381 
0.509159 
0.429301 
0.255253 
0.045316 
0.618100 
0.405892 
0.830793 
0.134746 
0.672199 
0.645720 
0.624269 
0.090892 
0.625697 
0.095642 
0.462592 
0.782482 
0.177173 
0.740685 
0.691988 
0.246887 
0.433572 
0.048902 
0.900365 
0.431402 
0.578366 
0.595280 
0.876608 
0.144208 
0.710698 
0.702523 
0.302612 
0.000139 
0.340366 
0.534015 
0.193128 
0.900850 
0.583607 
0.679243 
0.033854 
0.989473 
0.080016 
0.824831 
0.927244 
0.194238 
0.553240 
0.305644 
0.953497 
0.427014 
0.827217 
0.034812 
0.082539 
0.235339 
0.335858 
0.764813 
0.219373 
0.007637 
0.362270 
0.673934 
0.813073 
0.310810 
0.783675 
0.230600 
0.699866 
0.652995 
0.893413 
0.598321 
0.982439 
0.850045 
0.706787 
0.966077 
0.855621 
0.414739 
0.520194 
0.907388 
0.475606 
0.515470 
0.508520 
0.695693 
0.519562 
0.280901 
0.097621 
0.721100 
0.532397 
0.996080 
0.115550 
0.041897 
0.162352 
0.647183 
0.212146 
0.545306 
0.953883 
0.914253 
0.842120 
0.508353 
0.883640 
0.334593 
0.510609 
0.811971 
0.788862 
0.401953 
0.630251 
0.628455 
0.446798 
0.331376 
0.433231 
0.312581 
0.541621 
0.021710 
0.881473 
0.914154 
0.178907 
0.886843 
0.174199 
0.760458 
0.013918 
0.919447 
0.149292 
0.145513 
0.633861 
0.302367 
0.886302 
0.080482 
0.663667 
0.255084 
0.195711 
0.314824 
0.241265 
0.941809 
0.985302 
0.975579 
0.559823 
0.944263 
0.231638 
0.138207 
0.838722 
0.403273 
0.807067 
0.368013 
0.198980 
0.262494 
0.742697 
0.500878 
0.260215 
0.441158 
0.535644 
0.573477 
0.432686 
0.157568 
0.240874 
0.361993 
0.009903 
0.446682 
0.386312 
0.741357 
0.988671 
0.600284 
0.978498 
0.611772 
0.056820 
0.967418 
0.388990 
0.752849 
0.139645 
0.021217 
0.594874 
0.046379 
0.485740 
0.833912 
0.559391 
0.679178 
0.939047 
0.562903 
0.718310 
0.633826 
0.716704 
0.650540 
0.623012 
0.956995 
0.217174 
0.041880 
0.872103 
0.436772 
0.833168 
0.046513 
0.748116 
0.593868 
0.145483 
0.131463 
0.497133 
0.313854 
0.952564 
0.736396 
0.608036 
0.260662 
0.952054 
0.167085 
0.200740 
0.836442 
0.080407 
0.401360 
0.656772 
0.368899 
0.093696 
0.746310 
0.233605 
0.206198 
0.564260 
0.521822 
0.261770 
0.565062 
0.990972 
0.269013 
0.302138 
0.033412 
0.553530 
0.185972 
0.629739 
0.015802 
0.583231 
0.364881 
0.557154 
0.081895 
0.401679 
0.021083 
0.341960 
0.315608 
0.426482 
0.889636 
0.116895 
0.649883 
0.581734 
0.207776 
0.096333 
0.067415 
0.041674 
0.414844 
0.276549 
0.960114 
0.643987 
0.484826 
0.468104 
0.421493 
0.037110 
0.706337 
0.400537 
0.827343 
0.151117 
0.821218 
0.203697 
0.542081 
0.755180 
0.316071 
0.201174 
0.133764 
0.177147 
0.314985 
0.957078 
0.606597 
0.076947 
0.240558 
0.053343 
0.533593 
0.089821 
0.625878 
0.125919 
0.315708 
0.095972 
0.004452 
0.821804 
0.061424 
0.357750 
0.705567 
0.465685 
0.773358 
0.833781 
0.364634 
0.405711 
0.782939 
0.847758 
0.269155 
0.690245 
0.947935 
0.939124 
0.852626 
0.093494 
0.346081 
0.589244 
0.429127 
0.345245 
0.533390 
0.691596 
0.655190 
0.783811 
0.511126 
0.495953 
0.487830 
0.955355 
0.643631 
0.499743 
0.180764 
0.096635 
0.145774 
0.018569 
0.085099 
0.256851 
0.899592 
0.442893 
0.701306 
0.847856 
0.914720 
0.694042 
0.767374 
0.257212 
0.959198 
0.233052 
0.900042 
0.005748 
0.612122 
0.938853 
0.296701 
0.658571 
0.597899 
0.881198 
0.301049 
0.728904 
0.686176 
0.568289 
0.234943 
0.681761 
0.364267 
0.240363 
0.785724 
0.665514 
0.289330 
0.774698 
0.345558 
0.789987 
0.310078 
0.481053 
0.062218 
0.691668 
0.871369 
0.098399 
0.800169 
0.433204 
0.852687 
0.118114 
0.141767 
0.682421 
0.445749 
0.699200 
0.451105 
0.725706 
0.945058 
0.589967 
0.570370 
0.204436 
0.959845 
0.107502 
0.789769 
0.643541 
0.000375 
0.302849 
0.984614 
0.412150 
0.003993 
0.103141 
0.496322 
0.675999 
0.516759 
0.170994 
0.903353 
0.645575 
0.183999 
0.477011 
0.130632 
0.525859 
0.105200 
0.089226 
0.618792 
0.043101 
0.393352 
0.067240 
0.102309 
0.504675 
0.074482 
0.812768 
0.187097 
0.545298 
0.827503 
0.842050 
0.327377 
0.226022 
0.758290 
0.581653 
0.834147 
0.504523 
0.510500 
0.981070 
0.838704 
0.092879 
0.018389 
0.060935 
0.134748 
0.713859 
0.821367 
0.711399 
0.485544 
0.545702 
0.615391 
0.881084 
0.379370 
0.071941 
0.110970 
0.073547 
0.100236 
0.662110 
0.076247 
0.476648 
0.025531 
0.106537 
0.572726 
0.798117 
0.945439 
0.988540 
0.393671 
0.425282 
0.713601 
0.486724 
0.375898 
0.722241 
0.711486 
0.948183 
0.116777 
0.671635 
0.169639 
0.117301 
0.478437 
0.091116 
0.385023 
0.088337 
0.678660 
0.245500 
0.124758 
0.815205 
0.149985 
0.803852 
0.348448 
0.369231 
0.671768 
0.410978 
0.303683 
0.997423 
0.691847 
0.864775 
0.276995 
0.456986 
0.559711 
0.067351 
0.970823 
0.625443 
0.822734 
0.697164 
0.233961 
0.175197 
0.541446 
0.077743 
0.627085 
0.416157 
0.345282 
0.162818 
0.486670 
0.457623 
0.262021 
0.783428 
0.069555 
0.004044 
0.971344 
0.377774 
0.241206 
0.951844 
0.638942 
0.702769 
0.445986 
0.683636 
0.865200 
0.417657 
0.561821 
0.521602 
0.567966 
0.806729 
0.702661 
0.624899 
0.681864 
0.085200 
0.953060 
0.084416 
0.784372 
0.944398 
0.491220 
0.939173 
0.673714 
0.117461 
0.167249 
0.950535 
0.638306 
0.010360 
0.125211 
0.425637 
0.679016 
0.219603 
0.864582 
0.025796 
0.555186 
0.019186 
0.464148 
0.936126 
0.476095 
0.736445 
0.431941 
0.638234 
0.791137 
0.642423 
0.206124 
0.326864 
0.608290 
0.526699 
0.227304 
0.294134 
0.507899 
0.266047 
0.448487 
0.715989 
0.630966 
0.650275 
0.170880 
0.976219 
0.306774 
0.951883 
0.303127 
0.657160 
0.891654 
0.027081 
0.156803 
0.389005 
0.003176 
0.375799 
0.057447 
0.519344 
0.606467 
0.895315 
0.555962 
0.047360 
0.974718 
0.091324 
0.876852 
0.250970 
0.060422 
0.505660 
0.620937 
0.083695 
0.670045 
0.443660 
0.591469 
0.821070 
0.725665 
0.258372 
0.464435 
0.759400 
0.241861 
0.962434 
0.628494 
0.095142 
0.053283 
0.533727 
0.348159 
0.512335 
0.819665 
0.104525 
0.746164 
0.772463 
0.781036 
0.869800 
0.732136 
0.014155 
0.907655 
0.964600 
0.039229 
0.319987 
0.027811 
0.422226 
0.358280 
0.619277 
0.193349 
0.609782 
0.604483 
0.552642 
0.248673 
0.448818 
0.276335 
0.362544 
0.274298 
0.119556 
0.386012 
0.707170 
0.411053 
0.566468 
0.619540 
0.610583 
0.063561 
0.270752 
0.521700 
0.208537 
0.889418 
0.445905 
0.324203 
0.882937 
0.528797 
0.492556 
0.385231 
0.576260 
0.203938 
0.580206 
0.518502 
0.460532 
0.157842 
0.848648 
0.234762 
0.643346 
0.711852 
0.097338 
0.962308 
0.506468 
0.202341 
0.737434 
0.054257 
0.904942 
0.356473 
0.236514 
0.082922 
0.677278 
0.010043 
0.794749 
0.353510 
0.450122 
0.201251 
0.426853 
0.113580 
0.937529 
0.049174 
0.475097 
0.951630 
0.046138 
0.439593 
0.244358 
0.919474 
0.606125 
0.137745 
0.072123 
0.169218 
0.042717 
0.947147 
0.704960 
0.267472 
0.406216 
0.273853 
0.641030 
0.794863 
0.263520 
0.984243 
0.168922 
0.074248 
0.892336 
0.489034 
0.193672 
0.051519 
0.880882 
0.978006 
0.354601 
0.771128 
0.350262 
0.860555 
0.342854 
0.344906 
0.834103 
0.769666 
0.769883 
0.419342 
0.884567 
0.913122 
0.845589 
0.806696 
0.132158 
0.177833 
0.831902 
0.783833 
0.885289 
0.054529 
0.467073 
0.100862 
0.179717 
0.500523 
0.289776 
0.261019 
0.948344 
0.816538 
0.552420 
0.514767 
0.690859 
0.266353 
0.595154 
0.754699 
0.224474 
0.728929 
0.102805 
0.850903 
0.128664 
0.462884 
0.695384 
0.313688 
0.158824 
0.349852 
0.954199 
0.216320 
0.695151 
0.401138 
0.919313 
0.892785 
0.038898 
0.751760 
0.837681 
0.903644 
0.548921 
0.712876 
0.301052 
0.776684 
0.724373 
0.538781 
0.293998 
0.225746 
0.110100 
0.447745 
0.254821 
0.770071 
0.589460 
0.054881 
0.382509 
0.833425 
0.372813 
0.864335 
0.881898 
0.058658 
0.868796 
0.850947 
0.872029 
0.185078 
0.600096 
0.820519 
0.456568 
0.531287 
0.345936 
0.144858 
0.626370 
0.401780 
0.713637 
0.098637 
0.789402 
0.479963 
0.730701 
0.887408 
0.659719 
0.901998 
0.886392 
0.586088 
0.377199 
0.584547 
0.473490 
0.944888 
0.733694 
0.196898 
0.264075 
0.300948 
0.040372 
0.539922 
0.475631 
0.927630 
0.683057 
0.138776 
0.411460 
0.401925 
0.145251 
0.231724 
0.584981 
0.782701 
0.847529 
0.411804 
0.186754 
0.775206 
0.883203 
0.995392 
0.555165 
0.654266 
0.251700 
0.326768 
0.996394 
0.398466 
0.021960 
0.088913 
0.365984 
0.088908 
0.280465 
0.775497 
0.781109 
0.105506 
0.233506 
0.538477 
0.176985 
0.583715 
0.505158 
0.194441 
0.977958 
0.531744 
0.019621 
0.762292 
0.844334 
0.728280 
0.195015 
0.610199 
0.612199 
0.225069 
0.742956 
0.859642 
0.995179 
0.980064 
0.929567 
0.229311 
0.029205 
0.856810 
0.404233 
0.947184 
0.328518 
0.409205 
0.504657 
0.764463 
0.337904 
0.149075 
0.496272 
0.851695 
0.430761 
0.796040 
0.036858 
0.469062 
0.526659 
0.549853 
0.383192 
0.311210 
0.510628 
0.116416 
0.608821 
0.448987 
0.120383 
0.273991 
0.959146 
0.366947 
0.270717 
0.942768 
0.095273 
0.252524 
0.178346 
0.466117 
0.034006 
0.544446 
0.511720 
0.471498 
0.473362 
0.788262 
0.312331 
0.349919 
0.092372 
0.493774 
0.865947 
0.972523 
0.193115 
0.689334 
0.643344 
0.689805 
0.555389 
0.422115 
0.489046 
0.397033 
0.929406 
0.529574 
0.543034 
0.778497 
0.206626 
0.757570 
0.481358 
0.180663 
0.405114 
0.752085 
0.284677 
0.573436 
0.741062 
0.031692 
0.642946 
0.991184 
0.836366 
0.804427 
0.006532 
0.787463 
0.885991 
0.854377 
0.516408 
0.267556 
0.818218 
0.795438 
0.930839 
0.617064 
0.997425 
0.724803 
0.770401 
0.131007 
0.832691 
0.042548 
0.104485 
0.075702 
0.324766 
0.339899 
0.688949 
0.161209 
0.437540 
0.736518 
0.660900 
0.754030 
0.983671 
0.555339 
0.579880 
0.049975 
0.930285 
0.295459 
0.783319 
0.250198 
0.072124 
0.180120 
0.274856 
0.505361 
0.604594 
0.412234 
0.416363 
0.807003 
0.299581 
0.054756 
0.290724 
0.202637 
0.715928 
0.608976 
0.051286 
0.961092 
0.066042 
0.962611 
0.604455 
0.076008 
0.465837 
0.329091 
0.024651 
0.305018 
0.440891 
0.055384 
0.845890 
0.876758 
0.678997 
0.906446 
0.643065 
0.990039 
0.587458 
0.403716 
0.250225 
0.539898 
0.062179 
0.049358 
0.565096 
0.569607 
0.383842 
0.226029 
0.872266 
0.166461 
0.714454 
0.826394 
0.199779 
0.683700 
0.949450 
0.399751 
0.611947 
0.993579 
0.075503 
0.974485 
0.169702 
0.185045 
0.047336 
0.569618 
0.563872 
0.989770 
0.061492 
0.495446 
0.959216 
0.544557 
0.367086 
0.608782 
0.804673 
0.140436 
0.310236 
0.128385 
0.771359 
0.236743 
0.947693 
0.878592 
0.496618 
0.650995 
0.274086 
0.561759 
0.491362 
0.328148 
0.188932 
0.375245 
0.744068 
0.551453 
0.273055 
0.238326 
0.543441 
0.615629 
0.881423 
0.078250 
0.153906 
0.704801 
0.588209 
0.022899 
0.859063 
0.272168 
0.324342 
0.213591 
0.824417 
0.979479 
0.101267 
0.995725 
0.154830 
0.231691 
0.036862 
0.533708 
0.028789 
0.849815 
0.833282 
0.968591 
0.113507 
0.704946 
0.031382 
0.437299 
0.683703 
0.001151 
0.338379 
0.140705 
0.836350 
0.535873 
0.418870 
0.946437 
0.765364 
0.479393 
0.150888 
0.978595 
0.254324 
0.418568 
0.878808 
0.126777 
0.744034 
0.979917 
0.463000 
0.648462 
0.700257 
0.222583 
0.948923 
0.551062 
0.700228 
0.726172 
0.770097 
0.016686 
0.439660 
0.365837 
0.626826 
0.070769 
0.408398 
0.953408 
0.925823 
0.300998 
0.866751 
0.483435 
0.085996 
0.336410 
0.042888 
0.820301 
0.805441 
0.048514 
0.373447 
0.519913 
0.185841 
0.438011 
0.647459 
0.846382 
0.147337 
0.288920 
0.875518 
0.839176 
0.030312 
0.459284 
0.178257 
0.970694 
0.451137 
0.257508 
0.937762 
0.971610 
0.846834 
0.738218 
0.236556 
0.789174 
0.647280 
0.834318 
0.382654 
0.269015 
0.327096 
0.507418 
0.178903 
0.821243 
0.624459 
0.276647 
0.608512 
0.264463 
0.833392 
0.817540 
0.389804 
0.439894 
0.290448 
0.566069 
0.915637 
0.103553 
0.412281 
0.199399 
0.294245 
0.367672 
0.459105 
0.185595 
0.288188 
0.576825 
0.702763 
0.335986 
0.920023 
0.832397 
0.090053 
0.518299 
0.050238 
0.355885 
0.363134 
0.191677 
0.516247 
0.560165 
0.688090 
0.735121 
0.173403 
0.381092 
0.008180 
0.486627 
0.741165 
0.766743 
0.649813 
0.401878 
0.360063 
0.571591 
0.725427 
0.249565 
0.441668 
0.112476 
0.388588 
0.993621 
0.791991 
0.995914 
0.325739 
0.687322 
0.822386 
0.845208 
0.404397 
0.696870 
0.288853 
0.760683 
0.807406 
0.074587 
0.582592 
0.616357 
0.110438 
0.133736 
0.694049 
0.881937 
0.707355 
0.509904 
0.953683 
0.546863 
0.130318 
0.251214 
0.160578 
0.837490 
0.693181 
0.301309 
0.098053 
0.971785 
0.795458 
0.257590 
0.319719 
0.519627 
0.367811 
0.802563 
0.677036 
0.945418 
0.644477 
0.729428 
0.504108 
0.536501 
0.973433 
0.492149 
0.546823 
0.460803 
0.719590 
0.147686 
0.153304 
0.587090 
0.218755 
0.619314 
0.810716 
0.705124 
0.019114 
0.250998 
0.526662 
0.606313 
0.296796 
0.248005 
0.212679 
0.499267 
0.180391 
0.828848 
0.450450 
0.718262 
0.833697 
0.950934 
0.340425 
0.526774 
0.498478 
0.924760 
0.435541 
0.137774 
0.568722 
0.504951 
0.711621 
0.215318 
0.851709 
0.665763 
0.481204 
0.597867 
0.356573 
0.928496 
0.237341 
0.991883 
0.582064 
0.743806 
0.140003 
0.025701 
0.964391 
0.516831 
0.370753 
0.251661 
0.674652 
0.873273 
0.096205 
0.917018 
0.324390 
0.029701 
0.190351 
0.235661 
0.761074 
0.364941 
0.561903 
0.903136 
0.012943 
0.525019 
0.999899 
0.295949 
0.014312 
0.541988 
0.189476 
0.523864 
0.578442 
0.881622 
0.427467 
0.434964 
0.446381 
0.325664 
0.434477 
0.253260 
0.545231 
0.691278 
0.317505 
0.302306 
0.858520 
0.143530 
0.305941 
0.943809 
0.603792 
0.937597 
0.201130 
0.390596 
0.743399 
0.300406 
0.916501 
0.628034 
0.369490 
0.024936 
0.096423 
0.584784 
0.456501 
0.419105 
0.905476 
0.339337 
0.232073 
0.447973 
0.080546 
0.729360 
0.361082 
0.705618 
0.327337 
0.557682 
0.957334 
0.909558 
0.947481 
0.313517 
0.271825 
0.559023 
0.507342 
0.897006 
0.983847 
0.517526 
0.054239 
0.597162 
0.501416 
0.301613 
0.207834 
0.072899 
0.221082 
0.718172 
0.319655 
0.439666 
0.468425 
0.824153 
0.545332 
0.394328 
0.466356 
0.042837 
0.961827 
0.425460 
0.700722 
0.040476 
0.281642 
0.552693 
0.114058 
0.976666 
0.823626 
0.683581 
0.946040 
0.093666 
0.250361 
0.815509 
0.252535 
0.364050 
0.594754 
0.037091 
0.394777 
0.012729 
0.935072 
0.748015 
0.890263 
0.657449 
0.742954 
0.829667 
0.205451 
0.011680 
0.299562 
0.730792 
0.415522 
0.675930 
0.352368 
0.241950 
0.454727 
0.596248 
0.139952 
0.167188 
0.926720 
0.391012 
0.744532 
0.349554 
0.946708 
0.314097 
0.031088 
0.497780 
0.187170 
0.769311 
0.811417 
0.492020 
0.373409 
0.890885 
0.099195 
0.171450 
0.560406 
0.745210 
0.740654 
0.171981 
0.481630 
0.749150 
0.958187 
0.246809 
0.126185 
0.792931 
0.786897 
0.385515 
0.344123 
0.682163 
0.120514 
0.472120 
0.925399 
0.188949 
0.664069 
0.014602 
0.410263 
0.297524 
0.480455 
0.013253 
0.750146 
0.704934 
0.832811 
0.060538 
0.465469 
0.130003 
0.968032 
0.708230 
0.220347 
0.380277 
0.310461 
0.918281 
0.550654 
0.847200 
0.898127 
0.815007 
0.825719 
0.865263 
0.476635 
0.808397 
0.722143 
0.058667 
0.008857 
0.851204 
0.184875 
0.187839 
0.002577 
0.314117 
0.367019 
0.494260 
0.034415 
0.408924 
0.779549 
0.877174 
0.669471 
0.801127 
0.538823 
0.994622 
0.620078 
0.654148 
0.266205 
0.110681 
0.215391 
0.070548 
0.703200 
0.676056 
0.476162 
0.862292 
0.537379 
0.730647 
0.988565 
0.807827 
0.141955 
0.836041 
0.334405 
0.352568 
0.604464 
0.218487 
0.111271 
0.123981 
0.750302 
0.332575 
0.592878 
0.502623 
0.578061 
0.467827 
0.763168 
0.561767 
0.618118 
0.714165 
0.972730 
0.672782 
0.442245 
0.814435 
0.207659 
0.131280 
0.428030 
0.901772 
0.081070 
0.545812 
0.468652 
0.634703 
0.452850 
0.047230 
0.794488 
0.951992 
0.124221 
0.790470 
0.427259 
0.950328 
0.166975 
0.345194 
0.673789 
0.370173 
0.500232 
0.405221 
0.554372 
0.332682 
0.389452 
0.528042 
0.802192 
0.440210 
0.613585 
0.518825 
0.897949 
0.825381 
0.179875 
0.165817 
0.878141 
0.920309 
0.626721 
0.297540 
0.760201 
0.699953 
0.106783 
0.695250 
0.064945 
0.537694 
0.028231 
0.470443 
0.738762 
0.371102 
0.118605 
0.399080 
0.335792 
0.663800 
0.483337 
0.450911 
0.461711 
0.978975 
0.634740 
0.074201 
0.095306 
0.812227 
0.103265 
0.580734 
0.398191 
0.393430 
0.377930 
0.867227 
0.483588 
0.670725 
0.874784 
0.500991 
0.154220 
0.980502 
0.290431 
0.281353 
0.702442 
0.937537 
0.179131 
0.660069 
0.778005 
0.931578 
0.039571 
0.061647 
0.095327 
0.154748 
0.854563 
0.647660 
0.221214 
0.951575 
0.126720 
0.774856 
0.997922 
0.077926 
0.709375 
0.469412 
0.411744 
0.178874 
0.338849 
0.029811 
0.031403 
0.790331 
0.090251 
0.846024 
0.128530 
0.205251 
0.647327 
0.624421 
0.648518 
0.648711 
0.892514 
0.491104 
0.984599 
0.163428 
0.733085 
0.966002 
0.595129 
0.333194 
0.993818 
0.093091 
0.582650 
0.605798 
0.643766 
0.780989 
0.078327 
0.447159 
0.403527 
0.078464 
0.746648 
0.915675 
0.744994 
0.117859 
0.856001 
0.800407 
0.437683 
0.135058 
0.915295 
0.361518 
0.030951 
0.197821 
0.782755 
0.766462 
0.921199 
0.585660 
0.180446 
0.748384 
0.088255 
0.298778 
0.554997 
0.839192 
0.293145 
0.892823 
0.671793 
0.818074 
0.373271 
0.563863 
0.837109 
0.285396 
0.658031 
0.529743 
0.386824 
0.349197 
0.956498 
0.869506 
0.784744 
0.190607 
0.536862 
0.035606 
0.426702 
0.584105 
0.055939 
0.164646 
0.211109 
0.113266 
0.656076 
0.666677 
0.846731 
0.000404 
0.796850 
0.649802 
0.220087 
0.000320 
0.371167 
0.200163 
0.132175 
0.457688 
0.360131 
0.718944 
0.296706 
0.745404 
0.009658 
0.322248 
0.024263 
0.781403 
0.038349 
0.528306 
0.238976 
0.475384 
0.781948 
0.195913 
0.710372 
0.226029 
0.866897 
0.931539 
0.369203 
0.192403 
0.721454 
0.477698 
0.676843 
0.698555 
0.614613 
0.794252 
0.993078 
0.654854 
0.127475 
0.468577 
0.372654 
0.195285 
0.155394 
0.708814 
0.038356 
0.641671 
0.563838 
0.418476 
0.329109 
0.329347 
0.334186 
0.667295 
0.222320 
0.539977 
0.395801 
0.219996 
0.467603 
0.010737 
0.453864 
0.090339 
0.321913 
0.393080 
0.501305 
0.430555 
0.337285 
0.752917 
0.275393 
0.521957 
0.528020 
0.436223 
0.601699 
0.753114 
0.580006 
0.169160 
0.074869 
0.326577 
0.772791 
0.298908 
0.745802 
0.686075 
0.868566 
0.989652 
0.073492 
0.187266 
0.384509 
0.448597 
0.562809 
0.128986 
0.860575 
0.677110 
0.192300 
0.981809 
0.258150 
0.725825 
0.947231 
0.113081 
0.546315 
0.915785 
0.605588 
0.122385 
0.931667 
0.530870 
0.324102 
0.178260 
0.020086 
0.586118 
0.882696 
0.478745 
0.265645 
0.698259 
0.636791 
0.551784 
0.828791 
0.494146 
0.115929 
0.419378 
0.491314 
0.511686 
0.903797 
0.116823 
0.445006 
0.207712 
0.012819 
0.449873 
0.018448 
0.055980 
0.849133 
0.374522 
0.599140 
0.737964 
0.956494 
0.798208 
0.475494 
0.626122 
0.234160 
0.526073 
0.708515 
0.007651 
0.598368 
0.774389 
0.158827 
0.409340 
0.772926 
0.572374 
0.894804 
0.964909 
0.228088 
0.478913 
0.089611 
0.083741 
0.438383 
0.902935 
0.632765 
0.880471 
0.083664 
0.138572 
0.975543 
0.945249 
0.807911 
0.568107 
0.177947 
0.758637 
0.414207 
0.581534 
0.837256 
0.769416 
0.568148 
0.858560 
0.810845 
0.875447 
0.631606 
0.407291 
0.336095 
0.756152 
0.649797 
0.143482 
0.508449 
0.506273 
0.932671 
0.406455 
0.285172 
0.887427 
0.991096 
0.343486 
0.971339 
0.291324 
0.274798 
0.535455 
0.389585 
0.755865 
0.822814 
0.028805 
0.125538 
0.909558 
0.944092 
0.357654 
0.094720 
0.963516 
0.819128 
0.087679 
0.613528 
0.569103 
0.918895 
0.875138 
0.445017 
0.394324 
0.399840 
0.103176 
0.072194 
0.357988 
0.711972 
0.106351 
0.449449 
0.881465 
0.773905 
0.021743 
0.439469 
0.163835 
0.571563 
0.265299 
0.879925 
0.893565 
0.153920 
0.937166 
0.945139 
0.944915 
0.181480 
0.131447 
0.222584 
0.968246 
0.317861 
0.289768 
0.133348 
0.172406 
0.626917 
0.592817 
0.482823 
0.809652 
0.827529 
0.275028 
0.392430 
0.579262 
0.659538 
0.863528 
0.313212 
0.153825 
0.343232 
0.696130 
0.853786 
0.578312 
0.690341 
0.556778 
0.767619 
0.371894 
0.425163 
0.708774 
0.372300 
0.249749 
0.528498 
0.457649 
0.706136 
0.026754 
0.649168 
0.564430 
0.380998 
0.435761 
0.834998 
0.809067 
0.992788 
0.785842 
0.654875 
0.485085 
0.824731 
0.246641 
0.295763 
0.888773 
0.610915 
0.648004 
0.007179 
0.654509 
0.340970 
0.689535 
0.021636 
0.633746 
0.370741 
0.044811 
0.130911 
0.224607 
0.973218 
0.878933 
0.233096 
0.640495 
0.795885 
0.431655 
0.827834 
0.405033 
0.387189 
0.489039 
0.272061 
0.534005 
0.023789 
0.817728 
0.551250 
0.866338 
0.549138 
0.369559 
0.175655 
0.228952 
0.990911 
0.244048 
0.718789 
0.693601 
0.356303 
0.390259 
0.077819 
0.911729 
0.423316 
0.669684 
0.371423 
0.499320 
0.075344 
0.306460 
0.674649 
0.819498 
0.300063 
0.152849 
0.939334 
0.386013 
0.721782 
0.992103 
0.281604 
0.919336 
0.287015 
0.860362 
0.103050 
0.962126 
0.454927 
0.961055 
0.444284 
0.074570 
0.295239 
0.074927 
0.305428 
0.335492 
0.612160 
0.576451 
0.417226 
0.312959 
0.906846 
0.362496 
0.468041 
0.359698 
0.436930 
0.487880 
0.795789 
0.829010 
0.177267 
0.325180 
0.306425 
0.077998 
0.904681 
0.972720 
0.501392 
0.896223 
0.813484 
0.228420 
0.061548 
0.440809 
0.671721 
0.622635 
0.633821 
0.628924 
0.322708 
0.753718 
0.737115 
0.699839 
0.195646 
0.219688 
0.290108 
0.844680 
0.530992 
0.388815 
0.819839 
0.038161 
0.370671 
0.871434 
0.196486 
0.341072 
0.393539 
0.218097 
0.558126 
