0.000001 
0.010088 
0.552209 
0.975260 
0.200020 
0.736969 
0.238391 
0.640510 
0.056620 
0.613067 
0.819143 
0.334178 
0.527704 
0.114331 
0.563450 
0.912048 
0.783549 
0.111556 
0.922962 
0.222774 
0.159644 
0.139421 
0.250026 
0.190893 
0.332642 
0.709122 
0.211194 
0.542744 
0.901542 
0.223171 
0.834676 
0.403551 
0.473273 
0.301909 
0.181758 
0.809549 
0.093917 
0.471114 
0.013116 
0.447190 
0.921547 
0.433124 
0.507319 
0.509257 
0.075671 
0.807443 
0.692103 
0.177152 
0.387489 
0.523147 
0.534302 
0.011769 
0.796245 
0.491245 
0.354917 
0.092558 
0.627781 
0.120907 
0.078953 
0.969243 
0.067418 
0.097836 
0.330011 
0.500341 
0.233461 
0.781682 
0.735947 
0.060270 
0.954702 
0.668118 
0.062558 
0.411445 
0.159229 
0.158441 
0.910683 
0.844390 
0.670668 
0.923160 
0.558255 
0.591884 
0.793661 
0.056500 
0.595969 
0.453467 
0.418883 
0.170553 
0.481466 
0.993399 
0.056066 
0.301206 
0.369583 
0.588198 
0.848840 
0.458655 
0.609802 
0.945408 
0.470231 
0.172113 
0.707214 
0.149964 
0.443659 
0.584825 
0.145488 
0.216747 
0.864410 
0.145050 
0.863051 
0.300982 
0.606289 
0.905845 
0.540873 
0.460020 
0.549227 
0.858580 
0.160613 
0.430737 
0.389061 
0.940337 
0.236703 
0.261148 
0.120741 
0.286544 
0.944122 
0.866486 
0.024016 
0.643539 
0.957455 
0.949619 
0.245027 
0.174826 
0.308463 
0.330964 
0.503646 
0.781892 
0.255270 
0.315153 
0.777960 
0.166191 
0.170041 
0.883557 
0.947025 
0.649998 
0.521977 
0.872373 
0.967364 
0.480270 
0.900268 
0.805685 
0.154399 
0.990938 
0.695254 
0.135351 
0.851636 
0.453709 
0.487030 
0.512830 
0.127943 
0.331973 
0.466073 
0.286259 
0.161092 
0.468026 
0.120594 
0.825965 
0.989681 
0.575609 
0.257140 
0.755165 
0.065110 
0.310460 
0.893503 
0.102017 
0.600750 
0.811809 
0.073934 
0.600935 
0.922008 
0.190942 
0.155976 
0.484435 
0.891089 
0.536623 
0.014918 
0.729573 
0.928302 
0.971765 
0.455167 
0.994562 
0.600310 
0.411891 
0.648329 
0.457141 
0.177123 
0.907529 
0.836751 
0.282313 
0.833778 
0.312644 
0.600184 
0.296783 
0.034932 
0.096397 
0.144370 
0.430549 
0.240810 
0.286603 
0.928586 
0.741781 
0.106285 
0.326333 
0.682715 
0.387749 
0.893212 
0.209832 
0.644760 
0.480958 
0.462970 
0.128501 
0.724226 
0.071792 
0.610109 
0.094110 
0.708766 
0.223004 
0.034902 
0.601371 
0.247732 
0.638315 
0.161315 
0.226069 
0.541091 
0.122760 
0.234078 
0.149368 
0.422354 
0.497845 
0.288262 
0.820725 
0.924197 
0.979080 
0.396041 
0.258809 
0.806250 
0.648466 
0.771743 
0.688740 
0.647936 
0.861367 
0.996174 
0.699380 
0.475621 
0.767010 
0.133031 
0.850749 
0.534802 
0.419911 
0.445870 
0.735065 
0.244397 
0.582564 
0.145225 
0.798667 
0.204550 
0.873407 
0.359779 
0.802256 
0.518097 
0.655457 
0.261825 
0.487368 
0.193154 
0.333812 
0.385585 
0.521272 
0.017802 
0.205814 
0.121163 
0.380044 
0.402246 
0.550705 
0.698936 
0.024073 
0.586616 
0.260926 
0.390943 
0.585924 
0.626935 
0.890415 
0.207217 
0.702029 
0.998795 
0.749230 
0.315491 
0.450794 
0.490397 
0.109360 
0.010580 
0.820322 
0.150780 
0.153416 
0.458289 
0.456985 
0.540192 
0.012108 
0.491150 
0.752014 
0.101244 
0.612953 
0.904688 
0.086593 
0.376210 
0.953661 
0.172904 
0.991725 
0.917709 
0.939975 
0.153352 
0.385340 
0.415457 
0.584151 
0.830922 
0.299504 
0.761324 
0.566629 
0.333459 
0.443226 
0.298717 
0.542398 
0.085548 
0.809744 
0.362804 
0.648314 
0.221670 
0.599691 
0.010200 
0.430232 
0.914441 
0.008739 
0.881276 
0.597448 
0.305821 
0.929771 
0.669392 
0.463984 
0.176181 
0.069720 
0.786389 
0.838869 
0.870262 
0.490956 
0.499649 
0.600315 
0.487235 
0.962615 
0.669578 
0.601943 
0.857723 
0.756838 
0.180833 
0.264408 
0.899143 
0.888693 
0.271283 
0.456346 
0.799784 
0.970078 
0.105710 
0.664571 
0.441723 
0.039024 
0.884250 
0.596505 
0.463809 
0.243617 
0.465890 
0.205346 
0.258487 
0.388102 
0.826961 
0.740820 
0.954310 
0.086079 
0.730427 
0.290637 
0.729080 
0.649639 
0.483307 
0.945797 
0.012864 
0.211481 
0.355226 
0.276698 
0.469421 
0.552697 
0.174439 
0.790701 
0.318687 
0.169349 
0.245277 
0.363789 
0.199575 
0.256799 
0.024307 
0.519743 
0.313282 
0.334402 
0.292422 
0.736562 
0.391586 
0.385007 
0.807762 
0.048955 
0.794700 
0.517529 
0.109744 
0.463155 
0.254361 
0.048348 
0.593082 
0.931449 
0.861500 
0.226744 
0.889765 
0.281684 
0.265159 
0.525064 
0.751567 
0.579736 
0.616272 
0.676608 
0.753259 
0.020996 
0.884518 
0.085625 
0.092173 
0.144769 
0.136409 
0.632287 
0.839214 
0.662472 
0.161045 
0.686947 
0.517800 
0.659204 
0.247865 
0.872548 
0.911385 
0.655423 
0.687502 
0.849861 
0.607795 
0.211181 
0.327402 
0.639302 
0.742731 
0.076296 
0.313013 
0.811261 
0.869294 
0.219074 
0.968943 
0.018886 
0.411452 
0.271639 
0.435692 
0.669925 
0.436235 
0.806499 
0.833954 
0.260078 
0.125812 
0.527938 
0.050564 
0.836308 
0.830819 
0.574149 
0.729776 
0.350930 
0.077276 
0.774669 
0.870255 
0.368575 
0.643256 
0.199891 
0.575122 
0.081324 
0.804782 
0.965279 
0.450146 
0.598940 
0.388019 
0.442422 
0.785333 
0.083576 
0.667191 
0.476758 
0.877861 
0.207159 
0.729172 
0.194040 
0.229655 
0.810842 
0.819347 
0.768741 
0.228341 
0.731950 
0.880594 
0.150350 
0.927673 
0.406159 
0.309636 
0.053993 
0.463563 
0.108617 
0.527826 
0.178207 
0.130486 
0.080353 
0.492538 
0.094200 
0.212070 
0.264427 
0.216400 
0.036011 
0.244229 
0.756743 
0.585287 
0.918614 
0.153317 
0.803599 
0.080126 
0.684947 
0.907966 
0.177980 
0.306045 
0.693261 
0.640189 
0.662084 
0.641069 
0.449476 
0.347196 
0.324602 
0.583256 
0.791520 
0.076599 
0.394823 
0.796321 
0.761496 
0.464084 
0.858772 
0.378793 
0.374608 
0.030731 
0.498633 
0.526425 
0.621689 
0.725794 
0.421526 
0.588313 
0.781218 
0.927774 
0.097484 
0.414881 
0.897751 
0.508973 
0.305225 
0.921747 
0.802039 
0.868990 
0.109433 
0.235509 
0.194158 
0.206572 
0.861513 
0.456918 
0.416114 
0.634210 
0.165539 
0.209516 
0.341237 
0.161898 
0.027595 
0.783904 
0.071328 
0.817095 
0.920020 
0.776454 
0.857943 
0.451456 
0.619095 
0.135672 
0.242870 
0.916760 
0.991251 
0.949456 
0.503270 
0.462271 
0.385175 
0.640798 
0.886734 
0.342860 
0.444183 
0.390946 
0.623178 
0.746806 
0.571749 
0.381845 
0.674079 
0.244522 
0.681604 
0.711543 
0.901686 
0.628582 
0.579249 
0.432511 
0.215369 
0.714026 
0.630799 
0.831209 
0.128053 
0.183559 
0.070605 
0.660200 
0.985253 
0.139355 
0.141773 
0.782403 
0.840992 
0.557191 
0.706541 
0.827164 
0.148663 
0.584939 
0.067128 
0.216021 
0.661590 
0.346542 
0.333922 
0.225838 
0.659087 
0.275237 
0.904584 
0.345532 
0.348321 
0.238080 
0.405906 
0.059323 
0.038160 
0.347607 
0.229573 
0.427602 
0.699133 
0.328491 
0.945375 
0.917642 
0.815044 
0.437835 
0.698749 
0.880095 
0.752515 
0.513316 
0.294548 
0.462380 
0.218440 
0.315368 
0.388616 
0.467062 
0.907409 
0.828669 
0.448169 
0.375815 
0.320445 
0.715176 
0.967714 
0.374348 
0.666208 
0.951857 
0.862002 
0.661269 
0.953274 
0.671046 
0.264234 
0.973427 
0.380427 
0.844898 
0.194829 
0.488957 
0.895372 
0.510920 
0.025193 
0.424922 
0.663121 
0.069627 
0.212968 
0.350403 
0.220682 
0.009784 
0.441472 
0.826536 
0.590547 
0.321071 
0.240852 
0.007450 
0.216563 
0.769981 
0.076685 
0.852735 
0.918572 
0.432125 
0.727959 
0.805291 
0.533941 
0.939805 
0.307919 
0.191705 
0.988466 
0.155688 
0.646416 
0.308131 
0.750207 
0.721517 
0.539189 
0.147049 
0.448404 
0.332005 
0.014662 
0.427519 
0.316151 
0.549024 
0.440101 
0.770130 
0.582055 
0.597938 
0.538707 
0.053706 
0.643232 
0.801060 
0.409439 
0.434104 
0.994059 
0.146861 
0.290010 
0.205298 
0.442048 
0.497580 
0.835355 
0.817707 
0.208870 
0.482720 
0.083108 
0.802238 
0.207320 
0.421427 
0.930086 
0.949279 
0.538923 
0.683483 
0.290919 
0.482230 
0.836823 
0.485609 
0.637168 
0.875326 
0.599317 
0.726768 
0.790870 
0.159095 
0.915724 
0.573650 
0.338868 
0.347515 
0.676375 
0.832780 
0.533706 
0.999260 
0.557740 
0.934401 
0.481644 
0.982720 
0.571936 
0.532045 
0.080722 
0.698364 
0.404854 
0.385041 
0.382734 
0.604099 
0.095300 
0.708121 
0.387607 
0.518738 
0.434136 
0.523638 
0.782833 
0.079742 
0.225125 
0.669935 
0.589883 
0.156356 
0.877639 
0.479468 
0.412217 
0.134684 
0.630470 
0.308430 
0.777858 
0.465083 
0.642562 
0.533146 
0.588951 
0.494343 
0.429074 
0.442771 
0.647964 
0.330683 
0.791178 
0.328131 
0.889432 
0.687168 
0.239598 
0.928205 
0.336414 
0.108183 
0.240068 
0.820644 
0.566565 
0.250509 
0.296405 
0.679075 
0.206344 
0.017373 
0.989213 
0.705169 
0.779712 
0.619401 
0.274294 
0.060734 
0.747997 
0.577569 
0.196661 
0.287911 
0.922296 
0.023247 
0.716349 
0.678965 
0.369894 
0.806923 
0.955965 
0.910364 
0.480220 
0.065288 
0.302144 
0.133785 
0.525663 
0.824229 
0.817680 
0.755622 
0.734796 
0.712084 
0.997148 
0.058299 
0.838070 
0.435227 
0.856931 
0.446172 
0.813800 
0.535106 
0.521874 
0.140734 
0.310972 
0.513497 
0.348029 
0.325037 
0.901710 
0.040288 
0.124594 
0.050485 
0.505559 
0.934550 
0.978795 
0.613245 
0.806484 
0.570988 
0.590396 
0.786987 
0.883505 
0.071387 
0.807648 
0.131714 
0.719663 
0.370540 
0.669626 
0.407472 
0.384568 
0.434625 
0.745661 
0.332318 
0.273395 
0.955817 
0.422267 
0.038916 
0.066099 
0.921404 
0.035805 
0.772819 
0.776199 
0.577811 
0.276649 
0.646861 
0.799625 
0.299471 
0.203186 
0.949268 
0.339907 
0.809068 
0.003181 
0.468025 
0.098743 
0.572460 
0.339622 
0.024440 
0.771013 
0.421117 
0.716542 
0.920170 
0.297938 
0.439452 
0.862950 
0.601298 
0.018687 
0.075603 
0.657123 
0.268002 
0.306895 
0.991099 
0.394592 
0.913095 
0.394077 
0.260160 
0.505515 
0.193072 
0.957209 
0.809415 
0.834335 
0.670148 
0.178124 
0.733002 
0.561364 
0.850602 
0.067993 
0.761391 
0.693157 
0.882684 
0.273303 
0.398706 
0.058551 
0.070828 
0.411802 
0.150150 
0.572971 
0.917111 
0.888725 
0.802795 
0.582152 
0.224030 
0.276488 
0.927104 
0.839792 
0.382744 
0.778541 
0.941060 
0.395147 
0.240398 
0.367693 
0.815440 
0.101089 
0.998508 
0.917332 
0.595082 
0.547740 
0.861400 
0.542956 
0.455411 
0.085851 
0.899826 
0.383305 
0.215342 
0.259869 
0.624490 
0.809967 
0.119547 
0.233539 
0.087982 
0.708166 
0.144597 
0.248221 
0.847715 
0.540348 
0.628338 
0.469121 
0.521539 
0.501944 
0.176144 
0.457330 
0.349080 
0.989223 
0.873389 
0.052930 
0.600196 
0.500230 
0.359734 
0.056747 
0.754550 
0.714886 
0.084858 
0.211401 
0.016901 
0.051850 
0.448115 
0.462838 
0.911307 
0.331921 
0.595225 
0.945035 
0.201286 
0.009197 
0.577320 
0.018343 
0.288191 
0.619698 
0.266766 
0.541941 
0.405446 
0.331323 
0.548476 
0.228707 
0.871157 
0.541596 
0.610818 
0.016058 
0.879133 
0.588331 
0.074112 
0.597957 
0.871062 
0.937418 
0.178844 
0.837562 
0.902943 
0.754911 
0.790731 
0.815927 
0.291181 
0.873817 
0.241270 
0.033237 
0.609743 
0.956953 
0.510664 
0.731131 
0.112853 
0.713413 
0.336345 
0.943886 
0.889477 
0.439283 
0.021039 
0.599668 
0.614092 
0.039699 
0.217874 
0.808262 
0.465856 
0.635109 
0.283705 
0.228721 
0.119699 
0.787134 
0.369035 
0.368297 
0.968291 
0.075211 
0.069989 
0.304771 
0.287022 
0.979714 
0.054319 
0.943290 
0.869439 
0.661425 
0.571875 
0.504967 
0.982171 
0.345116 
0.372092 
0.742174 
0.711834 
0.797980 
0.641911 
0.602894 
0.834794 
0.390603 
0.865380 
0.448372 
0.781052 
0.148990 
0.079653 
0.722814 
0.333812 
0.370261 
0.970283 
0.542582 
0.168856 
0.962912 
0.657957 
0.288888 
0.333589 
0.636574 
0.895382 
0.689549 
0.243670 
0.360796 
0.893732 
0.949053 
0.737437 
0.096723 
0.628980 
0.270951 
0.872129 
0.877953 
0.749823 
0.274131 
0.314703 
0.215809 
0.093775 
0.083524 
0.780088 
0.931548 
0.525801 
0.132006 
0.628346 
0.608188 
0.816496 
0.852914 
0.930338 
0.198372 
0.034862 
0.925009 
0.620543 
0.470766 
0.158264 
0.948645 
0.869250 
0.479983 
0.066382 
0.674679 
0.327594 
0.864807 
0.805972 
0.964549 
0.167833 
0.771118 
0.175633 
0.857888 
0.521300 
0.484512 
0.198735 
0.133341 
0.063361 
0.910915 
0.743863 
0.110535 
0.763734 
0.069186 
0.802390 
0.770330 
0.942440 
0.583419 
0.529082 
0.284900 
0.313658 
0.650016 
0.815169 
0.540992 
0.453944 
0.431512 
0.426516 
0.454724 
0.539812 
0.620961 
0.497210 
0.600619 
0.606463 
0.829839 
0.110826 
0.653234 
0.907715 
0.960615 
0.064299 
0.675711 
0.678200 
0.511928 
0.980169 
0.705315 
0.232676 
0.587574 
0.361192 
0.561031 
0.253848 
0.422625 
0.061409 
0.104066 
0.039702 
0.274772 
0.087982 
0.716548 
0.021568 
0.501521 
0.062006 
0.134059 
0.133626 
0.853905 
0.585651 
0.028395 
0.232236 
0.188055 
0.644015 
0.953109 
0.900120 
0.310341 
0.909103 
0.301220 
0.604492 
0.694909 
0.342586 
0.842364 
0.618433 
0.005386 
0.514387 
0.296590 
0.788835 
0.957236 
0.258515 
0.867232 
0.570352 
0.898644 
0.515386 
0.096353 
0.411814 
0.362041 
0.827047 
0.175604 
0.382397 
0.942981 
0.683162 
0.909970 
0.859832 
0.197996 
0.715257 
0.317990 
0.457399 
0.496841 
0.400468 
0.660705 
0.470727 
0.513865 
0.521782 
0.593836 
0.604070 
0.610355 
0.232154 
0.815028 
0.180614 
0.577804 
0.155575 
0.757279 
0.585291 
0.981930 
0.294023 
0.650655 
0.559694 
0.771898 
0.287783 
0.768925 
0.321604 
0.201184 
0.305717 
0.193891 
0.719519 
0.959126 
0.035570 
0.829229 
0.857821 
0.390037 
0.354925 
0.227438 
0.550022 
0.223029 
0.455327 
0.679813 
0.610035 
0.864752 
0.884542 
0.494599 
0.730830 
0.056486 
0.357703 
0.917045 
0.770454 
0.025937 
0.915690 
0.999930 
0.829770 
0.943766 
0.869804 
0.797674 
0.511593 
0.346623 
0.700805 
0.432075 
0.884214 
0.979427 
0.235365 
0.786383 
0.737588 
0.639745 
0.202482 
0.108292 
0.059495 
0.936405 
0.158237 
0.481277 
0.827155 
0.996957 
0.856453 
0.413562 
0.741864 
0.501460 
0.041674 
0.421081 
0.112166 
0.177556 
0.188142 
0.100314 
0.978575 
0.916052 
0.092289 
0.105572 
0.350775 
0.478499 
0.125965 
0.100598 
0.757669 
0.151004 
0.926234 
0.222130 
0.336629 
0.716038 
0.450411 
0.051307 
0.314930 
0.020981 
0.634833 
0.635569 
0.015579 
0.829610 
0.263234 
0.177365 
0.974822 
0.841409 
0.567810 
0.179488 
0.651022 
0.718686 
0.960428 
0.918506 
0.324843 
0.630155 
0.008702 
0.254626 
0.498289 
0.743278 
0.272359 
0.529459 
0.620894 
0.360805 
0.050705 
0.202470 
0.913384 
0.242419 
0.341461 
0.935351 
0.445997 
0.867579 
0.397835 
0.409545 
0.215871 
0.149983 
0.765722 
0.496344 
0.060102 
0.128326 
0.768997 
0.534527 
0.796053 
0.262946 
0.332686 
0.453206 
0.034864 
0.963147 
0.604185 
0.535501 
0.160357 
0.123392 
0.857365 
0.728397 
0.174147 
0.886065 
0.086075 
0.670430 
0.921953 
0.258680 
0.637728 
0.289665 
0.404675 
0.368836 
0.034561 
0.868978 
0.920958 
0.542495 
0.706788 
0.994095 
0.760902 
0.481793 
0.487667 
0.214098 
0.349493 
0.935196 
0.844206 
0.576826 
0.720130 
0.218338 
0.608233 
0.577039 
0.300553 
0.388733 
0.442242 
0.756692 
0.721858 
0.275213 
0.507357 
0.145094 
0.600193 
0.450634 
0.804771 
0.785821 
0.288664 
0.568902 
0.540494 
0.089668 
0.051190 
0.350527 
0.299233 
0.210173 
0.369757 
0.504523 
0.511760 
0.158654 
0.491161 
0.935550 
0.793914 
0.313364 
0.708931 
0.011078 
0.188088 
0.196955 
0.229379 
0.171738 
0.400812 
0.447194 
0.986693 
0.353672 
0.166021 
0.312955 
0.830156 
0.423710 
0.291488 
0.047055 
0.850771 
0.906813 
0.805595 
0.633650 
0.751786 
0.269493 
0.369567 
0.316968 
0.275254 
0.200609 
0.630830 
0.364028 
0.220670 
0.793894 
0.971586 
0.453723 
0.726658 
0.936827 
0.251698 
0.281712 
0.733348 
0.378626 
0.573151 
0.947928 
0.817948 
0.253053 
0.056290 
0.066089 
0.754107 
0.284046 
0.953452 
0.670979 
0.145345 
0.805082 
0.021145 
0.387437 
0.659499 
0.207842 
0.208859 
0.295537 
0.093829 
0.989747 
0.672114 
0.227410 
0.083226 
0.783193 
0.131490 
0.951344 
0.240927 
0.263043 
0.955452 
0.287426 
0.776000 
0.233400 
0.759793 
0.846949 
0.673351 
0.006976 
0.249929 
0.561599 
0.795906 
0.793147 
0.426730 
0.059260 
0.978133 
0.474967 
0.777919 
0.477783 
0.106196 
0.839417 
0.081421 
0.443796 
0.871948 
0.827930 
0.026868 
0.568413 
0.313141 
0.962949 
0.290312 
0.279094 
0.732412 
0.649933 
0.422631 
0.153886 
0.354571 
0.272189 
0.684731 
0.265659 
0.938294 
0.900754 
0.967015 
0.628337 
0.465318 
0.594174 
0.277758 
0.272180 
0.532453 
0.934916 
0.125540 
0.945137 
0.914877 
0.339449 
0.118220 
0.923378 
0.207589 
0.952504 
0.732531 
0.650564 
0.032800 
0.275582 
0.711844 
0.962787 
0.564654 
0.139769 
0.089273 
0.403088 
0.707926 
0.113900 
0.314260 
0.772704 
0.842655 
0.509562 
0.203775 
0.838519 
0.989786 
0.337692 
0.595527 
0.026642 
0.766363 
0.255661 
0.897427 
0.056224 
0.955159 
0.359694 
0.375376 
0.943176 
0.959930 
0.545723 
0.962945 
0.211180 
0.300518 
0.806999 
0.238449 
0.613093 
0.257553 
0.686456 
0.271037 
0.318771 
0.585789 
0.348788 
0.081816 
0.076401 
0.069728 
0.914726 
0.795519 
0.286335 
0.435819 
0.816808 
0.093052 
0.924852 
0.986242 
0.772041 
0.696051 
0.524790 
0.146507 
0.350579 
0.177876 
0.563034 
0.912464 
0.778883 
0.691203 
0.049625 
0.049089 
0.040719 
0.363508 
0.480713 
0.336665 
0.328921 
0.174600 
0.504088 
0.206760 
0.023343 
0.328714 
0.699465 
0.911557 
0.531152 
0.063915 
0.225053 
0.470919 
0.737663 
0.909785 
0.760128 
0.473162 
0.426953 
0.805390 
0.198116 
0.740463 
0.956814 
0.179807 
0.015528 
0.980191 
0.072474 
0.064931 
0.300054 
0.014831 
0.270440 
0.286156 
0.426706 
0.641872 
0.936353 
0.287529 
0.507733 
0.468245 
0.793830 
0.902990 
0.547206 
0.887176 
0.765114 
0.278636 
0.032329 
0.355539 
0.547915 
0.800491 
0.849302 
0.211292 
0.180443 
0.709863 
0.659262 
0.209382 
0.079048 
0.558849 
0.576030 
0.339222 
0.299656 
0.321165 
0.814837 
0.966637 
0.269725 
0.273963 
0.494103 
0.391575 
0.202472 
0.951929 
0.066026 
0.697673 
0.787251 
0.324641 
0.241572 
0.092570 
0.818275 
0.750670 
0.512496 
0.513454 
0.621977 
0.564431 
0.395970 
0.067550 
0.307979 
0.206770 
0.176513 
0.654766 
0.651226 
0.153288 
0.318755 
0.314151 
0.935237 
0.532293 
0.247622 
0.784452 
0.279287 
0.970979 
0.249742 
0.416166 
0.495776 
0.502946 
0.021410 
0.841009 
0.843229 
0.149622 
0.690480 
0.893685 
0.161932 
0.587470 
0.602654 
0.809262 
0.271583 
0.489883 
0.459766 
0.288653 
0.396706 
0.446080 
0.261369 
0.830987 
0.405769 
0.759215 
0.134527 
0.988256 
0.625001 
0.398664 
0.345945 
0.292142 
0.036005 
0.138338 
0.050470 
0.245278 
0.382330 
0.812595 
0.285807 
0.566469 
0.645328 
0.027595 
0.783098 
0.522936 
0.989747 
0.679056 
0.901428 
0.305147 
0.605860 
0.696030 
0.168142 
0.969502 
0.416046 
0.491364 
0.360025 
0.942343 
0.955722 
0.826055 
0.512411 
0.093821 
0.851048 
0.559433 
0.389890 
0.885588 
0.082212 
0.736790 
0.226656 
0.400415 
0.772138 
0.327950 
0.863609 
0.679054 
0.865537 
0.072851 
0.399853 
0.326525 
0.897592 
0.822673 
0.669436 
0.217773 
0.106708 
0.440722 
0.215195 
0.782573 
0.705334 
0.546122 
0.675989 
0.354346 
0.498815 
0.581706 
0.738038 
0.198289 
0.635977 
0.860756 
0.725254 
0.346186 
0.342249 
0.183680 
0.114548 
0.200489 
0.626802 
0.666458 
0.166263 
0.382463 
0.060007 
0.545513 
0.435185 
0.158561 
0.934723 
0.884084 
0.807884 
0.102978 
0.755660 
0.378734 
0.378217 
0.691847 
0.873854 
0.860829 
0.959160 
0.593864 
0.077347 
0.963479 
0.197198 
0.305806 
0.680995 
0.477720 
0.037607 
0.064437 
0.997545 
0.730733 
0.431653 
0.797507 
0.696104 
0.416566 
0.219777 
0.799016 
0.067158 
0.725901 
0.216950 
0.277678 
0.931367 
0.478588 
0.631117 
0.184939 
0.262023 
0.827075 
0.655799 
0.014926 
0.863130 
0.620657 
0.376588 
0.319668 
0.667468 
0.138825 
0.228266 
0.474722 
0.650307 
0.711392 
0.370481 
0.677141 
0.705944 
0.806844 
0.635446 
0.933984 
0.461022 
0.404479 
0.084477 
0.807153 
0.828703 
0.017146 
0.173013 
0.827368 
0.579767 
0.145874 
0.707194 
0.809806 
0.416773 
0.710706 
0.834804 
0.554307 
0.241295 
0.444896 
0.365862 
0.041295 
0.048953 
0.755051 
0.147094 
0.213182 
0.941587 
0.255536 
0.801111 
0.265056 
0.802793 
0.545908 
0.072533 
0.068241 
0.918343 
0.594715 
0.382752 
0.914923 
0.118556 
0.573492 
0.677597 
0.369572 
0.398221 
0.900571 
0.895064 
0.336500 
0.553487 
0.454942 
0.211099 
0.945077 
0.909009 
0.708303 
0.455396 
0.832472 
0.363935 
0.660999 
0.417321 
0.920558 
0.820833 
0.740517 
0.874339 
0.012400 
0.405476 
0.828407 
0.039552 
0.745140 
0.575636 
0.719913 
0.584578 
0.007812 
0.292760 
0.420251 
0.158705 
0.348907 
0.082517 
0.870411 
0.991872 
0.399850 
0.281022 
0.136891 
0.733330 
0.077569 
0.709054 
0.077999 
0.923323 
0.295731 
0.353270 
0.400837 
0.865044 
0.789202 
0.121824 
0.496564 
0.755760 
0.061114 
0.135770 
0.878722 
0.682162 
0.104485 
0.082730 
0.445700 
0.873479 
0.556767 
0.586188 
0.062889 
0.982584 
0.281416 
0.762203 
0.337891 
0.940204 
0.015783 
0.256856 
0.976040 
0.304008 
0.454093 
0.942345 
0.985095 
0.487374 
0.299185 
0.407766 
0.326490 
0.313259 
0.948335 
0.664871 
0.481623 
0.639228 
0.509952 
0.770059 
0.385082 
0.077081 
0.505125 
0.643880 
0.689175 
0.964143 
0.358790 
0.185442 
0.722454 
0.280663 
0.098777 
0.145937 
0.771048 
0.004424 
0.359430 
0.940439 
0.950920 
0.114423 
0.110066 
0.883589 
0.484900 
0.716026 
0.253350 
0.061339 
0.928522 
0.669310 
0.088562 
0.462217 
0.479187 
0.694904 
0.259032 
0.544938 
0.776013 
0.456577 
0.691360 
0.688317 
0.540513 
0.397518 
0.090087 
0.085875 
0.302172 
0.609456 
0.129351 
0.004501 
0.655399 
0.282777 
0.636222 
0.989768 
0.036909 
0.335253 
0.602899 
0.924492 
0.945193 
0.857978 
