0.000001 
0.008632 
0.086180 
0.432670 
0.891096 
0.642263 
0.511983 
0.890212 
0.787783 
0.263936 
0.966264 
0.002791 
0.916258 
0.554777 
0.133038 
0.968183 
0.259313 
0.277771 
0.491099 
0.907463 
0.726988 
0.487030 
0.510302 
0.641237 
0.271454 
0.322080 
0.202442 
0.437275 
0.272615 
0.847291 
0.413226 
0.083876 
0.704438 
0.485652 
0.353359 
0.898319 
0.042351 
0.800340 
0.320766 
0.114236 
0.968554 
0.483891 
0.752966 
0.094422 
0.951486 
0.624988 
0.172529 
0.693094 
0.831963 
0.799093 
0.361780 
0.443740 
0.938137 
0.265200 
0.222245 
0.269272 
0.657442 
0.628673 
0.114884 
0.856536 
0.802453 
0.832361 
0.488753 
0.470036 
0.893334 
0.266250 
0.856284 
0.557391 
0.078383 
0.383968 
0.345230 
0.279926 
0.708789 
0.621226 
0.940639 
0.311375 
0.283745 
0.900889 
0.242634 
0.950231 
0.535615 
0.082482 
0.278009 
0.502075 
0.366197 
0.676586 
0.386390 
0.055639 
0.129434 
0.402041 
0.095152 
0.213951 
0.872980 
0.169819 
0.140894 
0.998282 
0.117661 
0.525090 
0.186235 
0.056951 
0.180261 
0.646285 
0.112857 
0.795246 
0.695457 
0.553135 
0.535256 
0.053517 
0.458291 
0.498175 
0.823571 
0.762918 
0.366794 
0.705985 
0.483442 
0.208768 
0.769693 
0.223577 
0.664921 
0.325094 
0.861270 
0.362341 
0.870727 
0.308560 
0.965469 
0.644549 
0.931011 
0.500721 
0.621618 
0.528187 
0.246109 
0.350700 
0.220731 
0.819571 
0.524874 
0.553618 
0.661047 
0.214359 
0.728903 
0.666845 
0.669952 
0.889797 
0.815936 
0.429191 
0.411173 
0.585522 
0.869663 
0.427208 
0.083245 
0.095426 
0.831548 
0.825673 
0.087940 
0.011979 
0.332191 
0.132390 
0.083880 
0.763511 
0.332877 
0.662331 
0.789514 
0.369459 
0.504279 
0.413529 
0.185119 
0.297825 
0.545869 
0.426647 
0.649198 
0.077918 
0.575278 
0.700950 
0.870153 
0.667514 
0.905003 
0.383112 
0.968949 
0.122272 
0.025633 
0.817945 
0.203934 
0.525132 
0.887087 
0.265880 
0.636864 
0.765599 
0.418968 
0.590381 
0.540839 
0.888530 
0.528399 
0.802348 
0.069330 
0.234293 
0.770316 
0.695416 
0.856212 
0.358298 
0.910786 
0.581344 
0.641218 
0.945947 
0.533934 
0.821486 
0.719638 
0.950444 
0.115772 
0.780593 
0.421437 
0.087623 
0.673417 
0.118454 
0.851988 
0.362641 
0.911691 
0.797903 
0.353495 
0.194521 
0.308628 
0.112635 
0.058921 
0.292322 
0.061108 
0.044976 
0.908842 
0.904820 
0.304305 
0.450009 
0.300179 
0.108886 
0.047187 
0.068584 
0.690604 
0.974983 
0.532084 
0.733222 
0.266837 
0.731776 
0.963840 
0.252851 
0.669382 
0.299043 
0.017296 
0.687555 
0.734859 
0.769340 
0.305410 
0.025669 
0.425741 
0.428562 
0.834453 
0.656332 
0.969537 
0.007274 
0.250494 
0.052880 
0.749259 
0.791138 
0.659868 
0.403854 
0.571127 
0.939434 
0.064871 
0.287330 
0.156583 
0.697353 
0.417735 
0.878952 
0.542120 
0.410060 
0.872031 
0.232114 
0.142203 
0.008505 
0.943860 
0.462384 
0.290646 
0.883001 
0.603318 
0.973179 
0.217942 
0.946123 
0.481798 
0.581693 
0.509085 
0.191834 
0.157881 
0.509797 
0.152491 
0.914149 
0.099047 
0.675253 
0.977491 
0.694512 
0.657027 
0.659910 
0.106028 
0.009942 
0.093336 
0.696057 
0.631103 
0.955822 
0.493275 
0.481268 
0.673187 
0.254051 
0.832950 
0.389517 
0.612002 
0.917388 
0.532940 
0.115506 
0.313974 
0.964214 
0.551771 
0.622026 
0.397321 
0.778922 
0.341543 
0.313669 
0.828942 
0.032081 
0.189868 
0.113260 
0.556094 
0.271434 
0.988740 
0.744969 
0.695392 
0.446197 
0.225115 
0.503562 
0.359582 
0.498417 
0.893135 
0.913535 
0.777834 
0.060232 
0.324319 
0.825434 
0.076276 
0.977919 
0.889324 
0.871819 
0.655025 
0.006906 
0.062364 
0.149164 
0.999922 
0.680779 
0.858893 
0.411285 
0.475113 
0.221695 
0.020593 
0.112446 
0.884460 
0.118536 
0.230767 
0.506316 
0.656908 
0.650294 
0.490477 
0.453335 
0.205711 
0.388671 
0.386034 
0.074493 
0.005602 
0.146659 
0.904832 
0.508103 
0.694012 
0.262769 
0.358321 
0.306049 
0.765796 
0.732410 
0.612210 
0.410492 
0.136233 
0.660935 
0.334105 
0.301452 
0.510609 
0.810358 
0.692078 
0.747257 
0.148324 
0.878404 
0.341205 
0.640185 
0.587099 
0.377521 
0.994884 
0.020282 
0.881700 
0.735292 
0.057052 
0.873746 
0.055959 
0.503685 
0.428092 
0.935823 
0.379791 
0.143402 
0.158682 
0.973179 
0.216384 
0.770103 
0.116339 
0.310316 
0.488405 
0.618956 
0.796003 
0.415718 
0.972506 
0.910263 
0.782133 
0.311395 
0.615387 
0.814662 
0.018162 
0.249571 
0.547300 
0.478003 
0.793621 
0.394452 
0.551395 
0.288052 
0.286924 
0.324406 
0.285976 
0.395224 
0.531937 
0.259643 
0.828130 
0.380459 
0.379094 
0.438096 
0.085828 
0.518776 
0.071476 
0.303415 
0.502246 
0.253235 
0.125103 
0.611273 
0.668204 
0.504574 
0.380448 
0.195449 
0.903898 
0.806943 
0.293431 
0.688250 
0.426108 
0.600327 
0.692654 
0.434940 
0.042470 
0.791956 
0.399404 
0.778602 
0.960875 
0.426631 
0.391907 
0.773133 
0.050311 
0.577863 
0.147223 
0.384263 
0.313245 
0.705545 
0.099607 
0.093318 
0.394836 
0.004713 
0.218181 
0.966998 
0.335835 
0.372024 
0.600862 
0.687727 
0.629449 
0.151823 
0.689429 
0.235611 
0.921265 
0.702584 
0.332805 
0.450730 
0.424532 
0.109530 
0.877356 
0.717505 
0.113484 
0.320789 
0.499051 
0.550059 
0.841978 
0.121302 
0.726718 
0.955719 
0.761723 
0.271793 
0.018073 
0.746963 
0.212741 
0.545379 
0.178843 
0.814239 
0.920334 
0.051051 
0.013338 
0.169560 
0.792805 
0.680861 
0.224414 
0.729947 
0.224913 
0.120762 
0.649875 
0.454399 
0.087963 
0.397741 
0.829768 
0.918721 
0.948882 
0.860643 
0.831171 
0.491464 
0.031409 
0.889303 
0.517120 
0.230929 
0.218098 
0.579735 
0.605197 
0.550638 
0.571728 
0.031060 
0.018877 
0.258376 
0.524041 
0.551195 
0.931995 
0.041839 
0.183774 
0.688305 
0.345080 
0.767411 
0.869586 
0.133431 
0.571487 
0.979614 
0.378240 
0.073657 
0.944848 
0.066473 
0.205845 
0.643541 
0.001252 
0.035081 
0.612410 
0.780965 
0.673923 
0.626570 
0.765319 
0.708847 
0.597957 
0.856599 
0.855585 
0.820209 
0.252118 
0.349088 
0.118335 
0.852280 
0.273931 
0.951423 
0.561345 
0.529431 
0.151781 
0.985784 
0.067693 
0.713563 
0.845173 
0.828791 
0.487165 
0.784222 
0.419431 
0.375396 
0.283310 
0.592203 
0.153025 
0.897678 
0.275318 
0.266756 
0.366020 
0.699044 
0.834891 
0.010810 
0.686744 
0.106567 
0.072713 
0.089712 
0.791447 
0.852218 
0.228633 
0.632901 
0.158908 
0.759161 
0.226785 
0.577899 
0.741707 
0.863113 
0.337913 
0.310916 
0.566193 
0.014152 
0.856839 
0.889742 
0.893872 
0.304681 
0.770139 
0.720230 
0.897587 
0.750671 
0.521785 
0.648809 
0.525494 
0.982138 
0.790681 
0.972104 
0.149939 
0.019189 
0.501347 
0.135233 
0.868192 
0.700522 
0.674621 
0.351246 
0.394198 
0.286422 
0.901941 
0.922199 
0.393664 
0.312715 
0.805594 
0.615375 
0.611051 
0.931066 
0.421509 
0.305468 
0.005554 
0.351430 
0.481716 
0.206920 
0.712758 
0.316543 
0.134358 
0.149640 
0.000780 
0.103909 
0.401746 
0.147900 
0.758083 
0.103082 
0.496526 
0.118177 
0.203665 
0.992592 
0.487075 
0.266399 
0.375412 
0.546026 
0.052675 
0.312481 
0.865306 
0.205943 
0.288723 
0.559697 
0.829860 
0.456642 
0.781941 
0.084481 
0.875345 
0.917451 
0.606318 
0.391612 
0.828308 
0.371158 
0.045615 
0.655472 
0.519390 
0.395976 
0.164307 
0.509654 
0.755368 
0.468094 
0.256122 
0.643646 
0.765879 
0.123250 
0.455616 
0.543510 
0.768477 
0.792230 
0.009026 
0.694289 
0.917173 
0.933232 
0.836001 
0.668452 
0.670637 
0.391993 
0.220112 
0.414272 
0.667857 
0.676864 
0.054952 
0.582409 
0.549414 
0.002785 
0.809311 
0.090902 
0.786310 
0.514131 
0.995014 
0.200489 
0.626419 
0.221107 
0.141602 
0.908607 
0.954413 
0.816513 
0.129999 
0.894190 
0.649199 
0.084133 
0.016282 
0.651576 
0.038358 
0.684700 
0.758597 
0.736538 
0.987534 
0.483618 
0.171793 
0.318595 
0.620534 
0.311616 
0.337342 
0.714418 
0.218817 
0.658210 
0.531328 
0.022408 
0.613576 
0.372394 
0.825933 
0.449803 
0.835907 
0.090805 
0.151765 
0.715539 
0.067868 
0.661787 
0.656118 
0.376083 
0.826461 
0.333624 
0.220757 
0.270503 
0.337613 
0.265467 
0.705698 
0.664277 
0.500341 
0.236498 
0.818344 
0.910812 
0.016521 
0.668390 
0.624282 
0.315869 
0.810955 
0.726234 
0.819284 
0.709489 
0.377943 
0.085223 
0.337139 
0.301369 
0.115559 
0.199622 
0.043396 
0.361242 
0.388255 
0.403441 
0.638365 
0.004403 
0.002759 
0.368820 
0.749572 
0.051961 
0.308756 
0.256591 
0.520605 
0.814284 
0.678247 
0.301993 
0.588345 
0.306985 
0.504844 
0.907424 
0.072093 
0.667994 
0.968151 
0.715498 
0.374562 
0.255287 
0.603046 
0.395496 
0.107968 
0.615144 
0.726385 
0.360694 
0.186206 
0.560587 
0.790661 
0.645541 
0.604191 
0.631515 
0.865942 
0.889485 
0.577183 
0.716866 
0.365445 
0.029416 
0.398422 
0.278737 
0.734400 
0.062167 
0.837780 
0.572531 
0.535327 
0.236175 
0.396533 
0.529622 
0.362307 
0.285698 
0.727358 
0.712030 
0.088537 
0.047247 
0.082584 
0.989511 
0.711737 
0.160476 
0.122036 
0.056936 
0.926342 
0.034287 
0.253784 
0.350366 
0.595207 
0.641293 
0.219728 
0.966643 
0.365700 
0.321859 
0.482169 
0.818143 
0.527105 
0.048431 
0.974155 
0.615696 
0.999076 
0.463624 
0.127548 
0.695540 
0.946315 
0.708462 
0.112526 
0.226925 
0.926874 
0.967289 
0.222095 
0.753908 
0.938484 
0.100541 
0.797084 
0.597501 
0.195804 
0.880888 
0.084210 
0.322386 
0.335350 
0.232553 
0.511966 
0.619012 
0.740348 
0.028311 
0.821893 
0.552481 
0.542534 
0.364736 
0.112869 
0.989128 
0.281083 
0.163781 
0.674974 
0.296289 
0.734214 
0.934452 
0.339202 
0.972780 
0.513905 
0.202950 
0.985227 
0.713288 
0.224587 
0.628662 
0.927810 
0.708786 
0.568437 
0.718257 
0.753477 
0.688605 
0.385873 
0.362922 
0.634295 
0.593100 
0.228225 
0.774426 
0.780562 
0.902768 
0.815327 
0.197504 
0.456911 
0.301630 
0.499445 
0.170886 
0.075387 
0.022088 
0.226921 
0.858949 
0.350825 
0.323504 
0.129413 
0.051630 
0.753763 
0.496860 
0.730623 
0.582298 
0.681244 
0.669680 
0.307692 
0.387111 
0.181205 
0.518436 
0.351034 
0.834844 
0.215753 
0.157460 
0.428701 
0.181761 
0.864365 
0.384586 
0.730791 
0.398640 
0.948921 
0.511688 
0.933616 
0.275796 
0.301283 
0.664714 
0.855994 
0.684373 
0.258436 
0.530551 
0.968439 
0.554456 
0.742055 
0.714341 
0.934463 
0.517949 
0.164323 
0.783859 
0.313313 
0.856162 
0.522144 
0.676576 
0.219931 
0.378423 
0.159837 
0.372385 
0.668779 
0.171017 
0.281037 
0.396156 
0.185638 
0.015078 
0.411975 
0.058272 
0.384289 
0.742732 
0.104745 
0.452873 
0.436608 
0.062523 
0.827982 
0.885585 
0.026066 
0.084698 
0.514074 
0.044368 
0.699977 
0.514748 
0.365532 
0.503575 
0.593121 
0.586015 
0.155949 
0.033471 
0.552199 
0.802352 
0.135667 
0.148586 
0.281027 
0.213934 
0.591316 
0.256361 
0.660953 
0.638684 
0.357554 
0.402933 
0.097542 
0.394656 
0.981911 
0.983653 
0.256591 
0.519431 
0.083616 
0.337449 
0.504473 
0.673259 
0.463108 
0.448151 
0.077716 
0.177632 
0.464059 
0.442839 
0.803042 
0.729760 
0.069470 
0.583801 
0.940467 
0.435560 
0.460416 
0.214038 
0.334359 
0.563310 
0.544680 
0.444165 
0.080067 
0.679157 
0.592198 
0.071209 
0.801641 
0.177280 
0.538277 
0.817320 
0.699710 
0.030473 
0.159060 
0.322117 
0.827033 
0.941995 
0.110959 
0.879719 
0.435375 
0.340700 
0.147079 
0.963246 
0.282323 
0.999572 
0.809148 
0.343330 
0.341178 
0.176089 
0.527800 
0.737520 
0.500711 
0.455871 
0.820910 
0.036595 
0.058206 
0.276177 
0.701923 
0.213992 
0.556644 
0.521764 
0.288209 
0.921906 
0.466918 
0.485852 
0.721640 
0.605429 
0.438496 
0.809517 
0.553335 
0.893011 
0.842302 
0.565278 
0.622924 
0.484205 
0.041588 
0.965533 
0.714327 
0.699734 
0.436607 
0.049500 
0.949102 
0.558329 
0.832246 
0.560015 
0.165988 
0.762127 
0.069088 
0.165528 
0.036554 
0.356119 
0.284278 
0.859679 
0.627957 
0.073311 
0.131077 
0.009777 
0.325885 
0.144943 
0.055543 
0.517273 
0.801523 
0.199227 
0.414626 
0.616978 
0.548068 
0.373355 
0.976389 
0.171726 
0.200762 
0.209791 
0.959053 
0.797650 
0.102665 
0.497193 
0.322720 
0.962682 
0.796059 
0.361942 
0.154168 
0.104927 
0.500383 
0.935933 
0.218933 
0.602851 
0.120161 
0.543630 
0.787805 
0.646176 
0.271837 
0.766727 
0.388702 
0.906652 
0.099698 
0.627239 
0.012085 
0.114232 
0.892137 
0.148927 
0.022600 
0.834534 
0.012180 
0.707493 
0.828896 
0.257999 
0.181856 
0.457657 
0.847496 
0.862283 
0.392497 
0.703113 
0.222840 
0.276584 
0.554856 
0.463583 
0.444470 
0.208929 
0.469399 
0.183597 
0.720812 
0.688101 
0.919815 
0.333665 
0.911090 
0.692644 
0.260663 
0.959004 
0.972641 
0.178266 
0.117759 
0.177714 
0.837117 
0.432391 
0.200768 
0.308904 
0.753602 
0.783450 
0.447936 
0.461488 
0.221856 
0.735702 
0.938833 
0.971625 
0.105002 
0.775236 
0.389319 
0.281076 
0.040140 
0.640997 
0.243409 
0.979430 
0.277636 
0.221977 
0.761933 
0.809108 
0.678331 
0.706857 
0.147467 
0.484741 
0.038124 
0.757608 
0.121876 
0.364783 
0.900288 
0.137531 
0.488154 
0.412204 
0.919498 
0.998985 
0.940096 
0.192481 
0.029890 
0.359734 
0.041423 
0.203560 
0.239665 
0.047900 
0.053150 
0.294814 
0.938492 
0.230999 
0.400475 
0.782616 
0.434853 
0.577968 
0.914887 
0.509093 
0.331316 
0.424342 
0.907849 
0.215142 
0.891854 
0.389665 
0.104403 
0.704475 
0.115056 
0.753819 
0.433935 
0.144611 
0.474340 
0.237490 
0.489317 
0.947949 
0.180145 
0.690350 
0.714996 
0.935544 
0.689088 
0.496230 
0.131246 
0.851211 
0.303710 
0.457614 
0.113789 
0.457720 
0.904752 
0.170546 
0.359867 
0.290785 
0.216175 
0.254106 
0.765016 
0.619320 
0.916638 
0.937549 
0.381545 
0.621884 
0.998453 
0.999940 
0.998632 
0.003083 
0.810236 
0.632921 
0.497508 
0.610028 
0.735445 
0.617206 
0.383466 
0.913350 
0.676189 
0.714027 
0.645896 
0.567602 
0.690719 
0.919663 
0.778606 
0.032471 
0.734317 
0.669394 
0.504540 
0.804999 
0.616500 
0.511373 
0.638693 
0.516765 
0.276157 
0.376612 
0.714290 
0.065822 
0.270381 
0.285218 
0.664367 
0.010400 
0.795031 
0.087235 
0.160516 
0.791143 
0.748596 
0.647758 
0.868665 
0.655979 
0.047042 
0.627625 
0.501397 
0.986648 
0.601088 
0.492313 
0.305172 
0.033470 
0.526160 
0.176131 
0.236760 
0.219597 
0.764428 
0.736721 
0.073878 
0.673448 
0.641811 
0.915419 
0.446142 
0.304663 
0.475836 
0.373244 
0.115052 
0.671110 
0.342590 
0.907566 
0.459746 
0.953325 
0.528636 
0.780445 
0.937817 
0.885933 
0.880472 
0.085589 
0.496868 
0.854452 
0.773182 
0.868652 
0.432067 
0.750923 
0.759357 
0.521123 
0.515986 
0.178768 
0.545843 
0.985623 
0.363299 
0.962407 
0.181694 
0.734355 
0.301045 
0.656346 
0.199343 
0.351347 
0.089570 
0.396703 
0.393651 
0.089726 
0.030934 
0.908535 
0.751492 
0.326937 
0.836372 
0.910263 
0.792041 
0.838235 
0.211725 
0.465729 
0.501485 
0.451901 
0.105785 
0.920734 
0.782871 
0.715658 
0.065025 
0.869179 
0.289052 
0.092698 
0.968406 
0.995669 
0.207057 
0.005547 
0.232344 
0.002732 
0.916338 
0.892350 
0.730258 
0.451379 
0.318760 
0.395248 
0.929798 
0.114642 
0.780289 
0.318566 
0.134375 
0.447293 
0.645938 
0.285523 
0.783563 
0.351473 
0.213858 
0.303926 
0.079438 
0.119084 
0.443883 
0.343603 
0.930537 
0.540443 
0.221919 
0.798930 
0.610428 
0.465856 
0.642724 
0.269973 
0.432700 
0.386278 
0.169656 
0.416323 
0.142709 
0.503661 
0.030614 
0.526177 
0.452292 
0.679152 
0.508996 
0.692983 
0.961461 
0.267727 
0.689776 
0.062210 
0.568395 
0.019668 
0.558970 
0.601941 
0.816447 
0.026544 
0.118364 
0.343612 
0.084732 
0.097945 
0.157977 
0.123829 
0.190540 
0.399745 
0.515753 
0.262625 
0.930488 
0.705714 
0.927587 
0.957686 
0.821958 
0.643383 
0.331747 
0.679386 
0.437458 
0.348817 
0.564147 
0.618746 
0.270129 
0.063706 
0.707593 
0.522029 
0.748472 
0.570444 
0.451247 
0.113336 
0.835776 
0.883635 
0.259366 
0.169390 
0.933614 
0.243794 
0.443267 
0.994552 
0.435604 
0.199139 
0.934323 
0.165115 
0.090612 
0.911453 
0.782803 
0.574346 
0.040918 
0.700648 
0.798963 
0.179233 
0.369223 
0.526331 
0.044261 
0.889980 
0.902022 
0.278274 
0.946216 
0.046892 
0.113952 
0.194602 
0.669266 
0.351717 
0.311001 
0.993708 
0.243634 
0.756397 
0.756505 
0.572441 
0.022349 
0.614047 
0.286857 
0.203419 
0.865504 
0.533715 
0.156241 
0.942694 
0.865954 
0.085990 
0.227968 
0.455296 
0.152957 
0.749213 
0.025672 
0.474961 
0.669711 
0.836325 
0.107012 
0.542693 
0.041597 
0.114085 
0.433084 
0.844355 
0.074761 
0.504433 
0.013418 
0.512189 
0.363437 
0.285094 
0.571846 
0.015060 
0.111246 
0.718763 
0.249784 
0.111413 
0.523648 
0.946138 
0.747229 
0.685778 
0.863587 
0.311058 
0.958738 
0.510601 
0.670650 
0.611021 
0.436650 
0.784819 
0.450449 
0.700770 
0.846741 
0.173038 
0.257380 
0.791999 
0.124697 
0.780042 
0.172899 
0.910307 
0.530099 
0.377808 
0.816029 
0.007770 
0.583042 
0.179009 
0.601272 
0.578994 
0.151127 
0.994517 
0.844940 
0.910730 
0.645052 
0.381009 
0.614437 
0.842701 
0.278573 
0.975300 
0.861873 
0.493099 
0.513673 
0.306217 
0.583586 
0.334577 
0.241202 
0.886689 
0.586856 
0.288462 
0.183638 
0.396384 
0.029974 
0.771227 
0.013053 
0.379024 
0.249607 
0.151934 
0.561364 
0.838393 
0.869044 
0.017088 
0.198951 
0.765794 
0.696972 
0.009105 
0.029593 
0.368435 
0.290884 
0.886909 
0.283430 
0.611171 
0.956233 
0.402645 
0.249850 
0.230991 
0.267317 
0.798689 
0.565901 
0.104624 
0.413110 
0.137497 
0.914216 
0.220049 
0.358800 
0.350210 
0.987508 
0.039511 
0.060004 
0.494587 
0.518798 
0.434729 
0.498314 
0.167671 
0.040458 
0.983661 
0.382947 
0.197021 
0.331543 
0.243829 
0.031521 
0.769322 
0.998436 
0.719005 
0.318189 
0.794437 
0.105100 
0.420167 
0.738555 
0.896484 
0.207568 
0.593422 
0.647273 
0.722777 
0.706098 
0.381963 
0.645416 
0.508751 
0.572579 
0.341372 
0.444514 
0.944271 
0.365359 
0.592855 
0.111257 
0.899427 
0.668085 
0.504671 
0.003293 
0.345047 
0.201087 
0.663698 
0.776711 
0.189291 
0.409548 
0.272558 
0.878183 
0.615071 
0.499250 
0.893202 
0.049712 
0.513152 
0.551671 
0.939920 
0.243591 
0.038233 
0.585989 
0.716866 
0.368943 
0.826808 
0.154001 
0.295346 
0.881355 
0.936923 
0.866724 
0.025060 
0.180820 
0.043900 
0.821962 
0.708741 
0.803816 
0.739431 
0.624709 
0.488016 
0.092312 
0.488336 
0.469380 
0.867991 
0.327967 
0.147879 
0.394595 
0.962049 
0.162942 
0.571450 
0.362090 
0.652142 
0.546919 
0.073489 
0.133139 
0.669167 
0.682188 
0.538497 
0.510772 
0.538842 
0.316545 
0.163918 
0.967866 
0.922082 
0.425457 
0.663602 
0.156747 
0.445599 
0.175117 
0.199051 
0.453245 
0.691011 
0.828229 
0.043187 
0.845261 
0.300007 
0.223656 
0.983899 
0.388530 
0.026219 
0.669074 
0.133248 
0.500232 
0.394640 
0.715283 
0.754287 
0.294474 
0.226737 
0.769372 
0.835889 
0.788488 
0.110085 
0.193153 
0.330572 
0.928940 
0.700669 
0.136648 
0.640178 
0.472059 
0.903573 
0.352253 
0.321993 
0.736077 
0.254212 
0.548238 
0.241273 
0.078090 
0.452807 
0.331055 
0.034570 
0.020168 
0.967949 
0.326109 
0.910037 
0.991588 
0.614464 
0.289689 
0.796267 
0.862066 
0.746857 
0.428329 
0.929682 
0.165383 
0.584161 
0.990204 
0.356568 
0.840841 
0.014114 
0.212275 
0.700586 
0.750747 
0.797116 
0.126000 
0.679562 
0.397085 
0.810319 
0.028394 
0.211285 
0.061396 
0.888567 
0.146706 
0.682225 
0.156600 
0.970666 
0.980373 
0.128013 
0.522027 
0.707525 
0.364736 
0.124202 
0.455846 
0.397590 
0.289172 
0.121934 
0.349191 
0.854818 
0.930562 
0.960398 
0.408093 
0.824913 
0.317857 
0.223048 
0.773704 
0.637034 
0.634542 
0.752119 
0.855760 
0.754299 
0.505817 
0.273168 
0.135493 
0.224052 
0.634967 
0.883952 
0.585970 
0.393387 
0.649084 
0.147631 
0.226748 
0.959889 
0.860266 
0.488846 
0.030246 
0.346014 
0.454045 
0.136033 
0.304471 
0.249055 
0.869344 
0.063132 
0.056318 
0.541674 
0.910880 
0.152659 
0.746019 
0.337695 
0.638220 
0.565276 
0.593395 
0.192131 
0.142707 
0.478585 
0.583541 
0.566724 
0.937270 
0.692923 
0.963763 
0.962032 
0.878908 
0.802043 
0.933737 
0.321554 
0.358339 
0.606699 
0.789927 
0.310862 
0.657028 
0.663917 
0.453375 
0.879867 
0.922203 
0.472883 
0.738207 
0.042665 
0.072011 
0.281028 
0.235950 
0.607115 
0.774132 
0.843774 
0.312923 
0.289745 
0.739439 
0.743991 
0.255446 
0.273028 
0.774997 
0.374845 
0.024950 
0.334963 
0.725028 
0.551117 
0.616476 
0.118105 
0.996377 
0.104930 
0.565678 
0.355699 
0.234136 
0.120902 
0.997223 
0.320121 
0.281039 
0.414508 
0.641751 
0.909558 
0.946534 
0.397444 
0.843581 
0.062358 
0.042506 
0.402945 
0.291448 
0.374895 
0.859374 
0.499322 
0.097665 
0.452232 
0.661028 
0.889674 
0.752224 
0.624449 
0.110579 
0.508186 
0.075132 
0.736243 
0.029529 
0.294830 
0.200182 
0.460021 
0.575633 
0.667078 
0.572971 
0.916282 
0.945720 
0.708631 
0.965238 
0.750703 
0.066814 
0.940375 
0.880132 
0.377325 
0.701094 
0.289840 
0.337012 
0.158071 
0.703049 
0.148507 
0.952868 
0.856673 
0.101324 
0.953023 
0.462463 
0.607886 
0.745048 
0.023886 
0.459583 
0.206136 
0.528855 
0.467064 
0.944459 
0.528559 
0.483764 
0.625539 
0.440547 
0.267964 
0.676927 
0.119918 
0.455393 
0.788026 
0.360836 
0.578375 
0.743222 
0.335417 
0.351614 
0.574142 
0.601612 
0.288111 
0.284520 
0.920109 
0.273975 
0.692940 
0.240621 
0.111288 
0.417180 
0.550460 
0.574761 
0.002770 
0.561638 
0.446058 
0.900284 
0.072056 
0.043019 
0.018079 
0.852494 
0.868277 
0.127543 
0.617222 
0.647669 
0.366002 
0.400656 
0.825180 
0.802296 
0.191814 
0.822873 
0.034775 
0.466674 
0.395252 
0.997449 
0.127282 
0.232694 
0.890306 
0.374376 
0.130499 
0.299601 
0.392136 
0.621696 
0.836866 
0.205815 
0.139046 
0.943890 
0.960407 
0.566256 
0.072074 
0.345813 
0.083564 
0.466804 
0.583231 
0.359191 
0.929182 
0.756825 
0.963033 
