0.000001 
0.010386 
0.550645 
0.688263 
0.628725 
0.982124 
0.558840 
0.428206 
0.853479 
0.426331 
0.337473 
0.907257 
0.265526 
0.691014 
0.877191 
0.943590 
0.912157 
0.615233 
0.215493 
0.792569 
0.699649 
0.003888 
0.347389 
0.572005 
0.689229 
0.863464 
0.234488 
0.037410 
0.750463 
0.031147 
0.479919 
0.995742 
0.436799 
0.275123 
0.985410 
0.780661 
0.566818 
0.511380 
0.756715 
0.106611 
0.804416 
0.820601 
0.844230 
0.970352 
0.703193 
0.565149 
0.454167 
0.179271 
0.006360 
0.886126 
0.117935 
0.138570 
0.950052 
0.526673 
0.801377 
0.744628 
0.955055 
0.608567 
0.189892 
0.519151 
0.368863 
0.474654 
0.501881 
0.119436 
0.356713 
0.274083 
0.507061 
0.173761 
0.402552 
0.683160 
0.865023 
0.438315 
0.756630 
0.687549 
0.635746 
0.974791 
0.319610 
0.680399 
0.461446 
0.529426 
0.061434 
0.513557 
0.359853 
0.056440 
0.580185 
0.163944 
0.404116 
0.969930 
0.621722 
0.280605 
0.135328 
0.449604 
0.489070 
0.797234 
0.114203 
0.407724 
0.617530 
0.831183 
0.684619 
0.384020 
0.228655 
0.002376 
0.926348 
0.130817 
0.640863 
0.986410 
0.585934 
0.792400 
0.862332 
0.214939 
0.483118 
0.763728 
0.984348 
0.932767 
0.008638 
0.175010 
0.386566 
0.011502 
0.321260 
0.420127 
0.076977 
0.744177 
0.378472 
0.980470 
0.767160 
0.664838 
0.930600 
0.589716 
0.361638 
0.048871 
0.374965 
0.036609 
0.281876 
0.494624 
0.146426 
0.976112 
0.511522 
0.156350 
0.776295 
0.196649 
0.078900 
0.074126 
0.827513 
0.005926 
0.597123 
0.845864 
0.433402 
0.194837 
0.620549 
0.571741 
0.258807 
0.768512 
0.373252 
0.242880 
0.077804 
0.644317 
0.040171 
0.147035 
0.213715 
0.908352 
0.677866 
0.886013 
0.225003 
0.619903 
0.713194 
0.653866 
0.520733 
0.962067 
0.461910 
0.314957 
0.485398 
0.087181 
0.255388 
0.314407 
0.237479 
0.301351 
0.804891 
0.807121 
0.290132 
0.244255 
0.192766 
0.818540 
0.202325 
0.469467 
0.331929 
0.734315 
0.634606 
0.819072 
0.139342 
0.916663 
0.361002 
0.365110 
0.403446 
0.722491 
0.904088 
0.004367 
0.399088 
0.464607 
0.644255 
0.991335 
0.373432 
0.277672 
0.828223 
0.942078 
0.508576 
0.634850 
0.922602 
0.163959 
0.654802 
0.256823 
0.415797 
0.302981 
0.202709 
0.931301 
0.375172 
0.512980 
0.657378 
0.555874 
0.572574 
0.256996 
0.335620 
0.763293 
0.658287 
0.829268 
0.512269 
0.711420 
0.827572 
0.010120 
0.079182 
0.809149 
0.373179 
0.026302 
0.054788 
0.819403 
0.711764 
0.611048 
0.884037 
0.010940 
0.873087 
0.976912 
0.953100 
0.755966 
0.515822 
0.414674 
0.424440 
0.564746 
0.685656 
0.827800 
0.833144 
0.657934 
0.896935 
0.789621 
0.166433 
0.238125 
0.173532 
0.548659 
0.319371 
0.669846 
0.105753 
0.382515 
0.929181 
0.737651 
0.695452 
0.466262 
0.465808 
0.834441 
0.441827 
0.781840 
0.376603 
0.567678 
0.968437 
0.515880 
0.392297 
0.335708 
0.247963 
0.508236 
0.914494 
0.900945 
0.189124 
0.604178 
0.420860 
0.394836 
0.016633 
0.550232 
0.753904 
0.859986 
0.776526 
0.075703 
0.336678 
0.540413 
0.720249 
0.226710 
0.309275 
0.992400 
0.262806 
0.986129 
0.872800 
0.157926 
0.270042 
0.601693 
0.659542 
0.914211 
0.151928 
0.453892 
0.561486 
0.896759 
0.833476 
0.239247 
0.018247 
0.680302 
0.838813 
0.931348 
0.165588 
0.040356 
0.261288 
0.467297 
0.866950 
0.821060 
0.559590 
0.026508 
0.519498 
0.203601 
0.921083 
0.648500 
0.341738 
0.585850 
0.383552 
0.350475 
0.434075 
0.496920 
0.735020 
0.484339 
0.290268 
0.534360 
0.991106 
0.514289 
0.652027 
0.621875 
0.855277 
0.647644 
0.954867 
0.457569 
0.366395 
0.993566 
0.863299 
0.458897 
0.686996 
0.345368 
0.596460 
0.710240 
0.996148 
0.251837 
0.618744 
0.232265 
0.683887 
0.089045 
0.572691 
0.220577 
0.245900 
0.849394 
0.765836 
0.399764 
0.839405 
0.876315 
0.232982 
0.723269 
0.983923 
0.795877 
0.305017 
0.414884 
0.955314 
0.969405 
0.782370 
0.293467 
0.305070 
0.313805 
0.122585 
0.285501 
0.419223 
0.872822 
0.519293 
0.764334 
0.166235 
0.912083 
0.375864 
0.154438 
0.644956 
0.782058 
0.049706 
0.408561 
0.680671 
0.030395 
0.843228 
0.136872 
0.415423 
0.012615 
0.020867 
0.709640 
0.918140 
0.173582 
0.400959 
0.916038 
0.845039 
0.563769 
0.267436 
0.803531 
0.943401 
0.741984 
0.524154 
0.456869 
0.594181 
0.404161 
0.738996 
0.314012 
0.593196 
0.849191 
0.354955 
0.732474 
0.683491 
0.434471 
0.148340 
0.149643 
0.046329 
0.653836 
0.024721 
0.491668 
0.463405 
0.445546 
0.296193 
0.110829 
0.708747 
0.905246 
0.469166 
0.269685 
0.593726 
0.755709 
0.199391 
0.167606 
0.954722 
0.009387 
0.767810 
0.581519 
0.598231 
0.473828 
0.626003 
0.224881 
0.566647 
0.642937 
0.841983 
0.199973 
0.944565 
0.300417 
0.112849 
0.648063 
0.995814 
0.639446 
0.160875 
0.832850 
0.711833 
0.777122 
0.093706 
0.914710 
0.532193 
0.565915 
0.339149 
0.074469 
0.606582 
0.824069 
0.123085 
0.689777 
0.089180 
0.847613 
0.835608 
0.067324 
0.517841 
0.349803 
0.142291 
0.486178 
0.199026 
0.036452 
0.646104 
0.066795 
0.630411 
0.326033 
0.628539 
0.862619 
0.043402 
0.458437 
0.956046 
0.265938 
0.614354 
0.440725 
0.256894 
0.615908 
0.570491 
0.234025 
0.259830 
0.968891 
0.152530 
0.572918 
0.029288 
0.242038 
0.935046 
0.311186 
0.108618 
0.546391 
0.185841 
0.426310 
0.998466 
0.216426 
0.465390 
0.801900 
0.531535 
0.507475 
0.127561 
0.911157 
0.812378 
0.635088 
0.923661 
0.964316 
0.252457 
0.046465 
0.945045 
0.369889 
0.727767 
0.582776 
0.718135 
0.692786 
0.657449 
0.748933 
0.324537 
0.487917 
0.420380 
0.333731 
0.015610 
0.357609 
0.328574 
0.334822 
0.347323 
0.450314 
0.430356 
0.997476 
0.580280 
0.771410 
0.081960 
0.502661 
0.230968 
0.876265 
0.381567 
0.990373 
0.192132 
0.165325 
0.622793 
0.282922 
0.065606 
0.634586 
0.484972 
0.922704 
0.881064 
0.045521 
0.064512 
0.254741 
0.434869 
0.848189 
0.520098 
0.294053 
0.144421 
0.278748 
0.911675 
0.524606 
0.053933 
0.456670 
0.246021 
0.880705 
0.004135 
0.494324 
0.105195 
0.014484 
0.432916 
0.012274 
0.284592 
0.140123 
0.042079 
0.228590 
0.916436 
0.532092 
0.869941 
0.100458 
0.401150 
0.122994 
0.163722 
0.667408 
0.121444 
0.105035 
0.316468 
0.885058 
0.167132 
0.990014 
0.159301 
0.365940 
0.349864 
0.167131 
0.964922 
0.449152 
0.895277 
0.917541 
0.115368 
0.981771 
0.624112 
0.454995 
0.093264 
0.489943 
0.474111 
0.375223 
0.380095 
0.255078 
0.091941 
0.255291 
0.670298 
0.699710 
0.024501 
0.795728 
0.795257 
0.876982 
0.440593 
0.045099 
0.984677 
0.461596 
0.037542 
0.976400 
0.351161 
0.967631 
0.973013 
0.430627 
0.552102 
0.179930 
0.089109 
0.654084 
0.191379 
0.500084 
0.914072 
0.813331 
0.647417 
0.135161 
0.650839 
0.655265 
0.044780 
0.616476 
0.114255 
0.279785 
0.347112 
0.909813 
0.234218 
0.506216 
0.974951 
0.995782 
0.106290 
0.412134 
0.731486 
0.088896 
0.074608 
0.937056 
0.094320 
0.231086 
0.856861 
0.254999 
0.762445 
0.405068 
0.971796 
0.967200 
0.722813 
0.322909 
0.138122 
0.412069 
0.642948 
0.024094 
0.952765 
0.124807 
0.630337 
0.073696 
0.609370 
0.676988 
0.142542 
0.708943 
0.201846 
0.421674 
0.076684 
0.826345 
0.373150 
0.530979 
0.159714 
0.314167 
0.203564 
0.305359 
0.176094 
0.604225 
0.204021 
0.986683 
0.174409 
0.292983 
0.173050 
0.448884 
0.390137 
0.031326 
0.490120 
0.454431 
0.622637 
0.664813 
0.518565 
0.519784 
0.008240 
0.495376 
0.778217 
0.492326 
0.523966 
0.303875 
0.228548 
0.199219 
0.277649 
0.442610 
0.943719 
0.078746 
0.484200 
0.948047 
0.825889 
0.719516 
0.913358 
0.802585 
0.049305 
0.671849 
0.767233 
0.881604 
0.110522 
0.549158 
0.697648 
0.371271 
0.959663 
0.063092 
0.379408 
0.706839 
0.850958 
0.044099 
0.174888 
0.338710 
0.702319 
0.877049 
0.567958 
0.668868 
0.664523 
0.637149 
0.559790 
0.390313 
0.986993 
0.393502 
0.582385 
0.138209 
0.875858 
0.550078 
0.154320 
0.662889 
0.179522 
0.223833 
0.969400 
0.713960 
0.521661 
0.558949 
0.253002 
0.204163 
0.363254 
0.202232 
0.916332 
0.789410 
0.613731 
0.974576 
0.693575 
0.907774 
0.959620 
0.336804 
0.672668 
0.532940 
0.118715 
0.244467 
0.762397 
0.598325 
0.056594 
0.170588 
0.067215 
0.676077 
0.825195 
0.053030 
0.267933 
0.150581 
0.809052 
0.730659 
0.190704 
0.165819 
0.916217 
0.851648 
0.646613 
0.630432 
0.672811 
0.936394 
0.978840 
0.372097 
0.841960 
0.818633 
0.765838 
0.431093 
0.385171 
0.564420 
0.209460 
0.390520 
0.477546 
0.115476 
0.800478 
0.638397 
0.530977 
0.128221 
0.006107 
0.647748 
0.697229 
0.320730 
0.512459 
0.896486 
0.235062 
0.685672 
0.088770 
0.960690 
0.317403 
0.585584 
0.913153 
0.360501 
0.940853 
0.917516 
0.687312 
0.653986 
0.546620 
0.044679 
0.921981 
0.736206 
0.415871 
0.548399 
0.942474 
0.161827 
0.829315 
0.296237 
0.851658 
0.812697 
0.993834 
0.373353 
0.950844 
0.832386 
0.904991 
0.175761 
0.006790 
0.114866 
0.549038 
0.682757 
0.099252 
0.125070 
0.045278 
0.986903 
0.883278 
0.261558 
0.001606 
0.994502 
0.587343 
0.475971 
0.651477 
0.370567 
0.113585 
0.020042 
0.852075 
0.822009 
0.499971 
0.011122 
0.926295 
0.235746 
0.190184 
0.428131 
0.604946 
0.334526 
0.376028 
0.910361 
0.440909 
0.350979 
0.896611 
0.334172 
0.435830 
0.992236 
0.512573 
0.818149 
0.628949 
0.749668 
0.666212 
0.029863 
0.899136 
0.779516 
0.319139 
0.762101 
0.630444 
0.867116 
0.625061 
0.392175 
0.278923 
0.854163 
0.918352 
0.742524 
0.605419 
0.277038 
0.184948 
0.415538 
0.940790 
0.854194 
0.437264 
0.092492 
0.505096 
0.156735 
0.251090 
0.066469 
0.139979 
0.621516 
0.826860 
0.035571 
0.843340 
0.020453 
0.746433 
0.301113 
0.806767 
0.333435 
0.044472 
0.448411 
0.451232 
0.861327 
0.318998 
0.392261 
0.725118 
0.064345 
0.447814 
0.407152 
0.999384 
0.650284 
0.324355 
0.432244 
0.727142 
0.080970 
0.868653 
0.446804 
0.436578 
0.564179 
0.159322 
0.716694 
0.478915 
0.130855 
0.287885 
0.478431 
0.989130 
0.316106 
0.795383 
0.008791 
0.755630 
0.867601 
0.776811 
0.863860 
0.892388 
0.365321 
0.953660 
0.157024 
0.101553 
0.794511 
0.338857 
0.168627 
0.117151 
0.961931 
0.167641 
0.538514 
0.807618 
0.635608 
0.670810 
0.304772 
0.296414 
0.825060 
0.780706 
0.323448 
0.190124 
0.412449 
0.025415 
0.142627 
0.137858 
0.976592 
0.574585 
0.041820 
0.870250 
0.284512 
0.795873 
0.243126 
0.214055 
0.628426 
0.964161 
0.659057 
0.764222 
0.276245 
0.851624 
0.246608 
0.734080 
0.684794 
0.328152 
0.245336 
0.368084 
0.391625 
0.042954 
0.926535 
0.277182 
0.593990 
0.193644 
0.570620 
0.409951 
0.053379 
0.138594 
0.355458 
0.184099 
0.157067 
0.821461 
0.297953 
0.694419 
0.101012 
0.711485 
0.922685 
0.566663 
0.909495 
0.887509 
0.361642 
0.109408 
0.819756 
0.643776 
0.940647 
0.449205 
0.795732 
0.866218 
0.530107 
0.514049 
0.625845 
0.585218 
0.764538 
0.591078 
0.242788 
0.531673 
0.828118 
0.186350 
0.978873 
0.914895 
0.645256 
0.825754 
0.445737 
0.502844 
0.299539 
0.343778 
0.871898 
0.992747 
0.103344 
0.902060 
0.922963 
0.239976 
0.279703 
0.959919 
0.363016 
0.213280 
0.604933 
0.113188 
0.355842 
0.636244 
0.356528 
0.160737 
0.511862 
0.865381 
0.462772 
0.810583 
0.462783 
0.995895 
0.014531 
0.218714 
0.932354 
0.081362 
0.447968 
0.003785 
0.606734 
0.384082 
0.265124 
0.946273 
0.005982 
0.543738 
0.604415 
0.408333 
0.845593 
0.883449 
0.123246 
0.399227 
0.813746 
0.632131 
0.218029 
0.421080 
0.093352 
0.960714 
0.712947 
0.505397 
0.206137 
0.538168 
0.997032 
0.114793 
0.322216 
0.476777 
0.186971 
0.423640 
0.116977 
0.039650 
0.404464 
0.822865 
0.893509 
0.209598 
0.719186 
0.362568 
0.678647 
0.019381 
0.734983 
0.866236 
0.830374 
0.092829 
0.179637 
0.156180 
0.912369 
0.179220 
0.156533 
0.855400 
0.714025 
0.613995 
0.419578 
0.843426 
0.461725 
0.219346 
0.554827 
0.980462 
0.616808 
0.692390 
0.996755 
0.462032 
0.370240 
0.623942 
0.600843 
0.366533 
0.318624 
0.109400 
0.688015 
0.468188 
0.836258 
0.991535 
0.724825 
0.126235 
0.628083 
0.184270 
0.029446 
0.899701 
0.274068 
0.255287 
0.603117 
0.579336 
0.908416 
0.742995 
0.521291 
0.331327 
0.609607 
0.670370 
0.904329 
0.057777 
0.055709 
0.306262 
0.344630 
0.200634 
0.058338 
0.484168 
0.405789 
0.098700 
0.849163 
0.880317 
0.491774 
0.243121 
0.138570 
0.946460 
0.150829 
0.978534 
0.224217 
0.414893 
0.106301 
0.596413 
0.920246 
0.571812 
0.450614 
0.474428 
0.707321 
0.943619 
0.405484 
0.968170 
0.041372 
0.344984 
0.149692 
0.877239 
0.757728 
0.130568 
0.458874 
0.295466 
0.904440 
0.929007 
0.820090 
0.249562 
0.380622 
0.117729 
0.667075 
0.522592 
0.207539 
0.114261 
0.377732 
0.542531 
0.310421 
0.240619 
0.088192 
0.249168 
0.759154 
0.098221 
0.806653 
0.413079 
0.617396 
0.570504 
0.468362 
0.764283 
0.303448 
0.054780 
0.689540 
0.105245 
0.851937 
0.502398 
0.804170 
0.683308 
0.365595 
0.550853 
0.190704 
0.156599 
0.964702 
0.748578 
0.356758 
0.030626 
0.738890 
0.517836 
0.276204 
0.160931 
0.773728 
0.053186 
0.893351 
0.553916 
0.659225 
0.586614 
0.222632 
0.776546 
0.409083 
0.451839 
0.060322 
0.839919 
0.512722 
0.313735 
0.951917 
0.863151 
0.975129 
0.986089 
0.195921 
0.849243 
0.232542 
0.327734 
0.219479 
0.791063 
0.404205 
0.481124 
0.253235 
0.112268 
0.889301 
0.475476 
0.318358 
0.642179 
0.102383 
0.750727 
0.468807 
0.247325 
0.791901 
0.482701 
0.757477 
0.909486 
0.736679 
0.365388 
0.083639 
0.714414 
0.153576 
0.159208 
0.805362 
0.714908 
0.465885 
0.128617 
0.662012 
0.433523 
0.221068 
0.490824 
0.278447 
0.860662 
0.140743 
0.468674 
0.999928 
0.795271 
0.125196 
0.161544 
0.067893 
0.073611 
0.174530 
0.328137 
0.996403 
0.545657 
0.853142 
0.758208 
0.199015 
0.842342 
0.245882 
0.543594 
0.189840 
0.633010 
0.002800 
0.062048 
0.840694 
0.548980 
0.702841 
0.647412 
0.049494 
0.838210 
0.799409 
0.660436 
0.946295 
0.387001 
0.329416 
0.493921 
0.331355 
0.085779 
0.692476 
0.443342 
0.249103 
0.679968 
0.221077 
0.633170 
0.687738 
0.810262 
0.069342 
0.439188 
0.429609 
0.442751 
0.316666 
0.204573 
0.262284 
0.209396 
0.319505 
0.925852 
0.793949 
0.905875 
0.040258 
0.623205 
0.213626 
0.406198 
0.972498 
0.778498 
0.211932 
0.940191 
0.781766 
0.145453 
0.621301 
0.206413 
0.180927 
0.843714 
0.304025 
0.753475 
0.657354 
0.155485 
0.230871 
0.244318 
0.253521 
0.924194 
0.925274 
0.073747 
0.472219 
0.586593 
0.873709 
0.427337 
0.257003 
0.453008 
0.698577 
0.982515 
0.122597 
0.488063 
0.880255 
0.449771 
0.302008 
0.845973 
0.267896 
0.520840 
0.752466 
0.704014 
0.366489 
0.582828 
0.584248 
0.453649 
0.476035 
0.724433 
0.543632 
0.825231 
0.659878 
0.576488 
0.031658 
0.081631 
0.969481 
0.067053 
0.958315 
0.407498 
0.815660 
0.799072 
0.998019 
0.698885 
0.158366 
0.665719 
0.733817 
0.265251 
0.070725 
0.675498 
0.097237 
0.265426 
0.009394 
0.878804 
0.050431 
0.592911 
0.049999 
0.330964 
0.504061 
0.753395 
0.302352 
0.623610 
0.014623 
0.771028 
0.663406 
0.863387 
0.949735 
0.188722 
0.847587 
0.401440 
0.008527 
0.312592 
0.733735 
0.879796 
0.725317 
0.398942 
0.016284 
0.677990 
0.978393 
0.852663 
0.702792 
0.825964 
0.974788 
0.259198 
0.340212 
0.943964 
0.209058 
0.631128 
0.367598 
0.222461 
0.899690 
0.091228 
0.269480 
0.151579 
0.594954 
0.400215 
0.418484 
0.464967 
0.693811 
0.886974 
0.374935 
0.528795 
0.452493 
0.043293 
0.632616 
0.373912 
0.344717 
0.666427 
0.639141 
0.049356 
0.530347 
0.541828 
0.496211 
0.819443 
0.385731 
0.987674 
0.836358 
0.667051 
0.123737 
0.647242 
0.200226 
0.191059 
0.125810 
0.493408 
0.705843 
0.105627 
0.266437 
0.005098 
0.681846 
0.790083 
0.926145 
0.718927 
0.005198 
0.357409 
0.978222 
0.980784 
0.042971 
0.208590 
0.767529 
0.854197 
0.485748 
0.969089 
0.480067 
0.494303 
0.744126 
0.518628 
0.581376 
0.188437 
0.068094 
0.458061 
0.638710 
0.804878 
0.576752 
0.475338 
0.001596 
0.826133 
0.814907 
0.138675 
0.711189 
0.948988 
0.644609 
0.949214 
0.435421 
0.118430 
0.451701 
0.730929 
0.721882 
0.678256 
0.440371 
0.307977 
0.164687 
0.897826 
0.764949 
0.489467 
0.463853 
0.975210 
0.355250 
0.679655 
0.955519 
0.403921 
0.693781 
0.377454 
0.870313 
0.355504 
0.952954 
0.297836 
0.732708 
0.628263 
0.215055 
0.432518 
0.327537 
0.913605 
0.966276 
0.204900 
0.748099 
0.306617 
0.314045 
0.149322 
0.661341 
0.157940 
0.493548 
0.057847 
0.236333 
0.044679 
0.918694 
0.490335 
0.061636 
0.915344 
0.180234 
0.198969 
0.070576 
0.173056 
0.547167 
0.241680 
0.922962 
0.218477 
0.945398 
0.312099 
0.451104 
0.701679 
0.124048 
0.881628 
0.514465 
0.609017 
0.755143 
0.680530 
0.675088 
0.203575 
0.493184 
0.951471 
0.376352 
0.348537 
0.867613 
0.975922 
0.316728 
0.247390 
0.883327 
0.084947 
0.697683 
0.963634 
0.791772 
0.318718 
0.690593 
0.793505 
0.433852 
0.757011 
0.087578 
0.925075 
0.738227 
0.382290 
0.154327 
0.773985 
0.358425 
0.041382 
0.508023 
0.344895 
0.647311 
0.357276 
0.737658 
0.816644 
0.328911 
0.014222 
0.031733 
0.342498 
0.364840 
0.862485 
0.787819 
0.873281 
0.235373 
0.921967 
0.498230 
0.746347 
0.857367 
0.767913 
0.308439 
0.937336 
0.810592 
0.612212 
0.446884 
0.786947 
0.225683 
0.057218 
0.669106 
0.670826 
0.567824 
0.413011 
0.475544 
0.470290 
0.163065 
0.627336 
0.629044 
0.347413 
0.974124 
0.100783 
0.864918 
0.678266 
0.618068 
0.873457 
0.183528 
0.549072 
0.245074 
0.957792 
0.611864 
0.598607 
0.780144 
0.881857 
0.370188 
0.752648 
0.761964 
0.337224 
0.716737 
0.198394 
0.399719 
0.085154 
0.185059 
0.281266 
0.234105 
0.606952 
0.042213 
0.474218 
0.185525 
0.122795 
0.810944 
0.536656 
0.579442 
0.681769 
0.495797 
0.864431 
0.488769 
0.739631 
0.975522 
0.602783 
0.977378 
0.790419 
0.565474 
0.929862 
0.198132 
0.003217 
0.074976 
0.117289 
0.276407 
0.574653 
0.189236 
0.493831 
0.825194 
0.033064 
0.715035 
0.601404 
0.792565 
0.641437 
0.625820 
0.155003 
0.132324 
0.966517 
0.245036 
0.316632 
0.641646 
0.143796 
0.785387 
0.991466 
0.576767 
0.716554 
0.127764 
0.337768 
0.870623 
0.557699 
0.252271 
0.911105 
0.934048 
0.543738 
0.605167 
0.035960 
0.383704 
0.913861 
0.268901 
0.419309 
0.330029 
0.803143 
0.430484 
0.151598 
0.909551 
0.824685 
0.485621 
0.824320 
0.338454 
0.389387 
0.427373 
0.853819 
0.130118 
0.893632 
0.265625 
0.353820 
0.658735 
0.361554 
0.636485 
0.408028 
0.722139 
0.985819 
0.655124 
0.676865 
0.069447 
0.190393 
0.930471 
0.422829 
0.494235 
0.603315 
0.912939 
0.771586 
0.051958 
0.251733 
0.872266 
0.180228 
0.089423 
0.936155 
0.965361 
0.821271 
0.098658 
0.151231 
0.734984 
0.875956 
0.200307 
0.554639 
0.823101 
0.853089 
0.859678 
0.608634 
0.306512 
0.541536 
0.602602 
0.923576 
0.534712 
0.902386 
0.400287 
0.618697 
0.442467 
0.547997 
0.177955 
0.894628 
0.014814 
0.979612 
0.341949 
0.132933 
0.202969 
0.305811 
0.764166 
0.329794 
0.855366 
0.139389 
0.714976 
0.610006 
0.374790 
0.092853 
0.579009 
0.397971 
0.696355 
0.636802 
0.735891 
0.123720 
0.353746 
0.401632 
0.235871 
0.287213 
0.189238 
0.517397 
0.885474 
0.160690 
0.710583 
0.763556 
0.078675 
0.292776 
0.687482 
0.516481 
0.492634 
0.691272 
0.207732 
0.353290 
0.738271 
0.116779 
0.712669 
0.822262 
0.756005 
0.181079 
0.389742 
0.388037 
0.743260 
0.966371 
0.796556 
0.719612 
0.516597 
0.450024 
0.555162 
0.610024 
0.668584 
0.889882 
0.247199 
0.665273 
0.245680 
0.145698 
0.743739 
0.026326 
0.461524 
0.838253 
0.520358 
0.658404 
0.797365 
0.319854 
0.781792 
0.576247 
0.987312 
0.745768 
0.118789 
0.483530 
0.693478 
0.277330 
0.086830 
0.346848 
0.466635 
0.732671 
0.008305 
0.580705 
0.912525 
0.815987 
0.289661 
0.333290 
0.612671 
0.158417 
0.521125 
0.550986 
0.415756 
0.612844 
0.069013 
0.898384 
0.147889 
0.565218 
0.617369 
0.114571 
0.602976 
0.220633 
0.181363 
0.166597 
0.003182 
0.474083 
0.908991 
0.410980 
0.334824 
0.386282 
0.245424 
0.833650 
0.157833 
0.695588 
0.750239 
0.270060 
0.891222 
0.768476 
0.777501 
0.454908 
0.645073 
0.737625 
0.265292 
0.754812 
0.130484 
0.047240 
0.956157 
0.128081 
0.663362 
0.126245 
0.800083 
0.990240 
0.967612 
0.653650 
0.899644 
0.321325 
0.502647 
0.989219 
0.805527 
0.488769 
0.746448 
0.544936 
0.735019 
0.461643 
0.830682 
0.278926 
0.905723 
0.489300 
0.670387 
0.192488 
0.147599 
0.688067 
0.345469 
0.301545 
0.058916 
0.194062 
0.604178 
0.420156 
0.556436 
0.012154 
0.271720 
0.804852 
0.153659 
0.542511 
0.977878 
0.200001 
0.418052 
0.205062 
0.479236 
0.522394 
0.880910 
0.451259 
0.313112 
0.469356 
0.465090 
0.762634 
0.585892 
0.085804 
0.104667 
0.144030 
0.714607 
0.406466 
0.473169 
0.556636 
0.386540 
0.578305 
0.573149 
0.909938 
0.333524 
0.544819 
0.768550 
0.013918 
0.926217 
0.929478 
0.744117 
0.366225 
0.146028 
0.285998 
0.774075 
0.881647 
0.846475 
0.705066 
0.044121 
0.536427 
0.726833 
0.890178 
0.219894 
0.750490 
0.488480 
0.890569 
0.792745 
0.657258 
0.528641 
0.865463 
0.832809 
0.026548 
0.196855 
0.536089 
0.050509 
0.900118 
0.280601 
0.065508 
0.000996 
0.733991 
0.179407 
0.297678 
0.072823 
0.932509 
0.679043 
0.681382 
0.988696 
0.006622 
0.288920 
0.884495 
0.713019 
0.709617 
0.530985 
0.262279 
0.116881 
0.411312 
0.915338 
0.090740 
0.064361 
0.723717 
0.508797 
0.353808 
0.443385 
0.967775 
0.400440 
0.190998 
0.098834 
0.104848 
0.175465 
0.035316 
0.549544 
0.180668 
0.487307 
0.161936 
0.651771 
0.317122 
0.862589 
0.541067 
0.705505 
0.428441 
0.807220 
0.949220 
0.545350 
0.698202 
0.684056 
0.930682 
0.970499 
0.178987 
0.229050 
0.641790 
0.562004 
0.594243 
0.435129 
0.211829 
0.203104 
0.575075 
0.277375 
