0.000001 
0.013626 
0.007289 
0.508866 
0.509880 
0.547760 
0.207943 
0.904677 
0.903472 
0.655043 
0.300332 
0.677117 
0.303904 
0.710668 
0.190044 
0.076707 
0.208037 
0.471078 
0.402542 
0.526648 
0.372336 
0.843082 
0.671292 
0.408335 
0.889937 
0.176556 
0.383002 
0.110875 
0.472913 
0.254880 
0.772825 
0.868566 
0.986787 
0.930662 
0.635718 
0.518561 
0.455788 
0.423747 
0.910656 
0.396088 
0.054626 
0.094700 
0.620048 
0.151758 
0.592509 
0.293839 
0.546122 
0.676044 
0.275111 
0.788052 
0.792257 
0.467408 
0.731003 
0.965289 
0.612809 
0.480329 
0.889036 
0.026764 
0.819595 
0.931305 
0.442494 
0.001034 
0.374360 
0.864309 
0.436351 
0.743917 
0.013409 
0.357587 
0.965970 
0.057559 
0.397140 
0.731052 
0.791480 
0.399414 
0.956166 
0.290212 
0.600181 
0.246100 
0.196216 
0.796330 
0.926116 
0.229920 
0.261119 
0.625668 
0.600679 
0.618256 
0.035091 
0.766879 
0.942289 
0.056167 
0.004224 
0.992283 
0.306308 
0.117547 
0.609516 
0.128747 
0.853896 
0.432622 
0.070023 
0.881371 
0.202026 
0.446221 
0.644139 
0.036739 
0.468533 
0.626480 
0.251026 
0.988371 
0.546586 
0.477173 
0.853887 
0.283083 
0.777505 
0.530480 
0.773955 
0.862616 
0.990965 
0.155257 
0.400387 
0.310054 
0.073863 
0.414176 
0.057965 
0.222305 
0.284571 
0.791622 
0.795911 
0.879198 
0.684711 
0.939777 
0.836333 
0.250743 
0.234172 
0.733339 
0.223758 
0.703399 
0.029812 
0.049138 
0.854959 
0.291911 
0.147223 
0.379090 
0.366767 
0.250427 
0.931870 
0.934174 
0.662814 
0.908222 
0.488603 
0.952074 
0.503830 
0.877150 
0.266640 
0.419633 
0.777284 
0.813682 
0.557601 
0.605869 
0.832764 
0.264839 
0.150086 
0.492501 
0.467769 
0.795969 
0.858833 
0.401191 
0.813562 
0.531996 
0.258617 
0.574484 
0.354995 
0.399233 
0.913814 
0.474290 
0.387679 
0.721667 
0.055249 
0.572870 
0.225410 
0.469667 
0.689982 
0.521536 
0.454595 
0.372526 
0.045131 
0.515782 
0.747437 
0.170312 
0.433002 
0.468659 
0.756974 
0.467714 
0.869179 
0.285499 
0.374542 
0.923589 
0.768509 
0.330731 
0.598077 
0.874088 
0.798151 
0.515770 
0.541775 
0.620315 
0.636346 
0.060493 
0.699510 
0.658216 
0.630754 
0.078469 
0.823589 
0.063670 
0.100917 
0.107306 
0.490711 
0.388168 
0.933305 
0.054089 
0.078261 
0.327378 
0.239875 
0.580175 
0.003073 
0.644880 
0.502533 
0.068260 
0.250040 
0.429253 
0.447517 
0.424815 
0.859612 
0.501727 
0.522521 
0.014002 
0.338493 
0.054887 
0.480112 
0.241181 
0.526786 
0.690130 
0.022116 
0.698671 
0.562205 
0.972831 
0.377506 
0.740183 
0.254505 
0.462095 
0.425399 
0.680078 
0.065987 
0.035969 
0.530339 
0.405860 
0.290218 
0.688181 
0.256989 
0.222458 
0.858414 
0.360933 
0.207011 
0.230784 
0.780544 
0.609467 
0.305178 
0.132450 
0.084567 
0.316641 
0.784978 
0.126848 
0.941257 
0.709983 
0.675953 
0.735093 
0.702866 
0.066193 
0.504999 
0.523396 
0.709318 
0.502543 
0.233397 
0.697370 
0.701551 
0.965301 
0.813524 
0.898444 
0.143129 
0.568047 
0.168166 
0.358598 
0.948722 
0.165563 
0.609984 
0.998318 
0.730630 
0.696195 
0.950675 
0.993934 
0.043062 
0.748717 
0.694244 
0.158736 
0.869259 
0.635438 
0.801467 
0.263194 
0.495164 
0.220443 
0.992290 
0.411760 
0.457704 
0.635627 
0.980625 
0.359653 
0.688698 
0.949182 
0.904566 
0.041798 
0.498301 
0.951131 
0.652936 
0.895606 
0.451097 
0.593096 
0.168776 
0.613387 
0.202534 
0.996366 
0.915391 
0.983525 
0.106006 
0.645241 
0.563946 
0.243648 
0.993606 
0.535325 
0.214152 
0.249197 
0.256246 
0.720835 
0.078692 
0.576208 
0.328480 
0.763224 
0.507161 
0.856775 
0.814665 
0.074066 
0.823992 
0.836117 
0.615895 
0.349998 
0.419920 
0.591088 
0.418724 
0.501150 
0.835761 
0.641315 
0.586370 
0.117404 
0.208229 
0.704589 
0.028940 
0.399145 
0.426240 
0.823822 
0.972879 
0.173792 
0.920900 
0.562406 
0.361117 
0.295202 
0.463531 
0.573419 
0.447722 
0.863854 
0.799865 
0.325590 
0.187541 
0.995164 
0.727272 
0.259010 
0.177404 
0.629944 
0.475042 
0.022515 
0.406081 
0.998164 
0.135296 
0.924118 
0.647361 
0.189086 
0.968395 
0.817102 
0.040883 
0.114516 
0.670934 
0.385443 
0.143543 
0.522387 
0.752878 
0.624583 
0.365646 
0.411848 
0.925853 
0.809305 
0.983015 
0.537901 
0.494764 
0.502945 
0.004122 
0.274035 
0.711072 
0.991480 
0.807652 
0.212842 
0.240375 
0.975310 
0.036894 
0.072655 
0.115493 
0.099117 
0.857317 
0.918861 
0.299955 
0.338353 
0.692380 
0.825694 
0.440596 
0.104713 
0.908009 
0.907335 
0.575597 
0.064447 
0.163284 
0.306473 
0.885561 
0.631351 
0.107890 
0.315255 
0.483615 
0.117125 
0.527144 
0.717358 
0.640445 
0.958189 
0.284501 
0.612173 
0.788162 
0.645933 
0.192530 
0.851565 
0.249035 
0.532990 
0.963611 
0.406386 
0.134954 
0.173317 
0.943709 
0.909548 
0.768758 
0.516586 
0.268687 
0.824611 
0.234708 
0.745027 
0.672991 
0.962851 
0.641515 
0.950190 
0.847975 
0.909340 
0.283191 
0.584183 
0.371184 
0.484557 
0.952320 
0.643886 
0.788625 
0.414817 
0.835619 
0.252668 
0.595740 
0.595043 
0.894715 
0.479895 
0.590477 
0.147053 
0.520329 
0.164278 
0.027573 
0.422232 
0.447063 
0.783946 
0.780124 
0.536878 
0.316025 
0.425651 
0.922799 
0.490166 
0.214763 
0.518755 
0.721865 
0.378881 
0.856899 
0.893192 
0.879841 
0.485461 
0.138153 
0.938807 
0.530703 
0.529094 
0.482594 
0.958186 
0.240454 
0.317501 
0.241409 
0.362990 
0.778518 
0.549264 
0.481935 
0.882364 
0.883439 
0.954768 
0.785262 
0.897975 
0.270741 
0.337710 
0.886676 
0.363898 
0.039954 
0.499219 
0.371426 
0.556914 
0.061927 
0.806026 
0.880969 
0.453598 
0.620715 
0.354180 
0.704785 
0.328264 
0.126803 
0.183892 
0.666686 
0.993318 
0.703176 
0.284534 
0.166773 
0.950444 
0.105880 
0.516828 
0.336310 
0.353856 
0.255629 
0.354042 
0.387593 
0.277639 
0.281034 
0.346082 
0.606869 
0.652226 
0.968431 
0.413487 
0.483415 
0.751278 
0.728287 
0.314468 
0.271459 
0.416231 
0.602033 
0.369301 
0.833702 
0.037157 
0.492237 
0.030609 
0.446982 
0.421414 
0.708897 
0.428311 
0.621307 
0.313454 
0.223256 
0.257706 
0.261880 
0.410981 
0.362146 
0.584701 
0.063603 
0.981261 
0.048259 
0.082108 
0.982994 
0.186786 
0.314975 
0.781376 
0.583253 
0.737463 
0.545096 
0.428863 
0.899859 
0.938187 
0.112984 
0.921608 
0.460194 
0.474333 
0.106899 
0.649784 
0.917543 
0.144043 
0.936227 
0.162013 
0.949078 
0.152422 
0.756402 
0.845584 
0.735546 
0.322126 
0.969848 
0.243553 
0.396878 
0.327326 
0.371923 
0.907932 
0.617236 
0.886600 
0.083137 
0.275537 
0.955058 
0.653287 
0.796814 
0.047962 
0.095716 
0.706648 
0.634672 
0.932373 
0.389705 
0.773746 
0.342268 
0.504632 
0.347702 
0.819147 
0.410062 
0.918097 
0.463535 
0.635130 
0.623182 
0.811820 
0.256155 
0.195257 
0.680725 
0.941963 
0.575564 
0.511170 
0.230889 
0.543825 
0.073135 
0.184269 
0.007172 
0.543156 
0.821321 
0.937011 
0.347559 
0.421492 
0.019438 
0.694011 
0.243720 
0.195345 
0.162695 
0.411375 
0.976954 
0.665550 
0.903896 
0.779512 
0.253483 
0.291596 
0.857396 
0.251160 
0.240706 
0.543561 
0.621637 
0.858053 
0.300803 
0.603820 
0.406491 
0.893093 
0.216659 
0.390102 
0.451133 
0.199272 
0.165081 
0.512407 
0.031202 
0.417205 
0.961250 
0.730185 
0.214922 
0.189762 
0.332815 
0.630056 
0.349872 
0.294278 
0.927828 
0.013216 
0.125320 
0.254080 
0.326309 
0.268606 
0.460303 
0.304404 
0.114052 
0.864694 
0.912491 
0.238236 
0.038603 
0.792801 
0.601282 
0.748184 
0.735031 
0.670372 
0.943492 
0.272869 
0.104742 
0.391522 
0.311886 
0.872403 
0.469597 
0.523211 
0.605004 
0.301951 
0.893559 
0.039843 
0.642366 
0.241962 
0.660592 
0.566227 
0.582347 
0.500258 
0.836133 
0.893450 
0.206117 
0.207066 
0.159367 
0.476032 
0.669734 
0.226031 
0.899634 
0.154106 
0.066266 
0.725905 
0.286808 
0.383975 
0.464473 
0.389666 
0.111478 
0.614636 
0.182268 
0.373538 
0.055518 
0.083715 
0.002673 
0.931194 
0.573268 
0.910327 
0.866023 
0.242751 
0.907669 
0.188732 
0.018406 
0.345204 
0.850289 
0.810371 
0.911458 
0.882996 
0.521110 
0.300252 
0.339637 
0.285137 
0.294736 
0.634400 
0.352436 
0.396848 
0.828434 
0.495618 
0.846669 
0.964577 
0.639051 
0.529804 
0.416477 
0.723681 
0.903897 
0.798162 
0.708032 
0.899079 
0.820660 
0.835486 
0.020447 
0.650881 
0.356258 
0.621388 
0.673974 
0.489271 
0.175706 
0.083513 
0.601999 
0.789179 
0.726694 
0.548254 
0.509859 
0.191903 
0.316254 
0.286282 
0.540624 
0.261525 
0.445089 
0.605462 
0.004092 
0.782391 
0.638759 
0.620745 
0.865015 
0.307755 
0.443249 
0.679564 
0.434245 
0.351737 
0.642463 
0.882111 
0.640240 
0.506784 
0.514543 
0.931901 
0.455935 
0.892536 
0.848237 
0.316948 
0.945490 
0.855905 
0.200580 
0.140720 
0.073121 
0.948578 
0.746682 
0.488878 
0.572598 
0.651657 
0.391663 
0.672875 
0.008489 
0.682749 
0.967158 
0.030281 
0.938650 
0.889977 
0.837845 
0.668411 
0.982574 
0.115810 
0.422605 
0.729274 
0.903413 
0.661039 
0.080473 
0.511961 
0.526599 
0.542146 
0.840666 
0.081135 
0.636941 
0.072462 
0.861907 
0.078292 
0.857168 
0.427368 
0.771250 
0.406453 
0.257482 
0.506733 
0.659466 
0.639319 
0.040853 
0.613722 
0.830946 
0.712087 
0.038901 
0.812399 
0.992463 
0.333681 
0.170143 
0.593431 
0.796827 
0.278370 
0.568199 
0.727334 
0.294556 
0.599842 
0.548151 
0.767247 
0.119533 
0.990820 
0.706558 
0.120309 
0.028056 
0.537887 
0.266469 
0.545665 
0.996873 
0.449687 
0.890757 
0.952015 
0.516197 
0.729051 
0.164216 
0.983536 
0.281293 
0.697082 
0.856347 
0.630653 
0.381422 
0.564222 
0.872421 
0.782261 
0.457847 
0.037626 
0.374722 
0.944693 
0.459337 
0.074784 
0.887401 
0.552005 
0.547420 
0.490342 
0.184322 
0.901711 
0.049265 
0.998437 
0.729790 
0.577261 
0.018571 
0.124982 
0.573420 
0.464314 
0.723965 
0.683148 
0.663869 
0.654084 
0.188639 
0.461858 
0.452210 
0.285784 
0.178884 
0.499446 
0.185224 
0.052614 
0.291038 
0.473963 
0.888528 
0.484055 
0.509241 
0.809575 
0.522646 
0.111148 
0.072666 
0.301417 
0.910812 
0.017351 
0.611395 
0.718447 
0.932783 
0.284282 
0.935908 
0.806014 
0.669149 
0.383362 
0.162670 
0.988360 
0.359505 
0.197886 
0.864266 
0.710330 
0.509462 
0.530090 
0.219449 
0.280424 
0.089680 
0.256272 
0.166727 
0.181096 
0.678229 
0.002446 
0.111041 
0.268884 
0.129694 
0.774179 
0.628196 
0.082353 
0.099978 
0.324861 
0.938662 
0.096773 
0.460822 
0.027839 
0.895009 
0.424524 
0.981186 
0.789168 
0.545827 
0.709970 
0.470863 
0.787354 
0.065398 
0.139486 
0.339543 
0.697918 
0.905150 
0.852637 
0.271082 
0.070032 
0.029610 
0.659271 
0.366629 
0.936287 
0.180983 
0.774481 
0.698556 
0.627628 
0.541594 
0.564728 
0.390023 
0.119391 
0.597704 
0.607851 
0.147309 
0.825317 
0.103100 
0.802310 
0.431098 
0.459208 
0.911896 
0.235808 
0.220768 
0.455612 
0.469378 
0.842548 
0.698618 
0.674976 
0.323016 
0.935760 
0.326628 
0.629403 
0.372896 
0.259526 
0.860315 
0.308235 
0.510514 
0.200826 
0.288257 
0.734721 
0.455443 
0.632194 
0.289741 
0.679637 
0.663752 
0.675179 
0.727370 
0.900536 
0.307703 
0.557038 
0.129662 
0.221191 
0.562699 
0.277102 
0.257606 
0.590167 
0.939434 
0.065325 
0.916522 
0.981692 
0.299061 
0.318235 
0.578585 
0.270708 
0.784213 
0.271223 
0.444302 
0.385324 
0.134655 
0.139851 
0.467567 
0.391421 
0.605613 
0.529983 
0.419674 
0.456049 
0.822972 
0.695985 
0.414510 
0.669730 
0.157151 
0.235561 
0.071666 
0.486455 
0.841449 
0.227009 
0.344307 
0.776099 
0.901998 
0.879301 
0.412852 
0.798777 
0.047527 
0.786373 
0.567865 
0.111272 
0.145464 
0.821531 
0.469185 
0.587490 
0.948689 
0.621027 
0.605298 
0.246816 
0.230401 
0.350118 
0.427368 
0.770671 
0.672657 
0.342689 
0.566623 
0.234690 
0.436340 
0.559551 
0.377733 
0.563012 
0.544812 
0.659747 
0.375588 
0.501028 
0.775344 
0.213982 
0.395617 
0.131773 
0.708704 
0.195441 
0.781008 
0.400594 
0.778662 
0.963879 
0.914946 
0.503183 
0.998090 
0.901156 
0.730305 
0.244104 
0.649783 
0.902728 
0.143010 
0.575352 
0.937313 
0.420697 
0.662682 
0.700943 
0.754675 
0.827450 
0.948474 
0.000416 
0.988361 
0.379478 
0.882321 
0.169048 
0.185466 
0.131452 
0.313933 
0.277310 
0.743182 
0.654108 
0.592543 
0.864029 
0.731677 
0.301793 
0.230472 
0.545134 
0.063777 
0.902923 
0.419950 
0.104936 
0.663743 
0.524184 
0.968823 
0.007055 
0.570707 
0.878726 
0.750080 
0.589411 
0.225716 
0.611544 
0.227565 
0.684586 
0.839368 
0.250902 
0.916793 
0.546367 
0.793231 
0.833168 
0.057478 
0.032558 
0.196925 
0.714318 
0.538363 
0.258953 
0.223362 
0.042032 
0.430661 
0.112783 
0.547073 
0.654391 
0.349535 
0.636267 
0.736193 
0.190378 
0.681647 
0.441931 
0.534226 
0.739671 
0.644160 
0.402175 
0.362474 
0.105789 
0.001636 
0.488987 
0.407874 
0.131438 
0.084112 
0.670161 
0.392895 
0.392984 
0.882616 
0.127522 
0.266522 
0.439382 
0.691515 
0.288244 
0.525272 
0.241157 
0.122562 
0.894911 
0.762830 
0.878007 
0.667160 
0.949817 
0.570123 
0.056421 
0.274440 
0.508712 
0.926599 
0.343877 
0.536825 
0.421032 
0.290350 
0.920575 
0.095679 
0.084561 
0.222044 
0.887733 
0.125319 
0.237113 
0.152384 
0.116267 
0.106817 
0.265033 
0.410536 
0.871966 
0.133785 
0.523629 
0.624404 
0.360297 
0.506587 
0.215314 
0.782696 
0.765547 
0.553473 
0.221004 
0.415074 
0.146391 
0.397915 
0.762810 
0.546357 
0.621849 
0.418683 
0.812133 
0.511969 
0.659960 
0.946056 
0.355357 
0.479383 
0.990667 
0.136997 
0.502168 
0.933068 
0.067924 
0.594315 
0.646651 
0.261433 
0.906980 
0.615496 
0.645727 
0.730614 
0.426358 
0.790815 
0.233635 
0.703814 
0.999906 
0.419418 
0.154458 
0.971551 
0.853957 
0.459801 
0.878566 
0.057488 
0.197240 
0.015063 
0.161507 
0.454438 
0.747163 
0.562561 
0.954846 
0.102033 
0.867755 
0.354989 
0.305106 
0.908836 
0.809080 
0.202542 
0.130103 
0.633115 
0.767271 
0.519460 
0.571794 
0.138522 
0.142050 
0.433888 
0.352308 
0.246358 
0.532697 
0.043212 
0.256670 
0.846917 
0.128628 
0.845384 
0.363899 
0.053767 
0.663415 
0.014820 
0.074397 
0.396101 
0.268990 
0.914717 
0.649823 
0.578871 
0.087141 
0.585952 
0.098160 
0.780639 
0.203667 
0.026472 
0.914160 
0.281839 
0.871833 
0.895396 
0.926993 
0.968624 
0.670666 
0.880084 
0.574269 
0.740191 
0.383335 
0.705625 
0.444608 
0.519899 
0.947482 
0.323135 
0.931766 
0.197964 
0.188354 
0.667941 
0.084687 
0.335359 
0.378976 
0.452445 
0.238985 
0.625666 
0.570556 
0.329310 
0.710205 
0.422522 
0.321192 
0.282259 
0.929496 
0.041988 
0.694442 
0.484590 
0.510019 
0.895131 
0.468279 
0.364568 
0.296190 
0.065327 
0.948046 
0.815903 
0.877299 
0.760967 
0.565017 
0.238310 
0.279927 
0.738303 
0.650225 
0.328309 
0.881023 
0.348997 
0.595981 
0.647882 
0.949079 
0.162361 
0.809393 
0.464344 
0.221214 
0.936517 
0.048015 
0.990216 
0.555068 
0.033762 
0.431901 
0.955571 
0.276029 
0.212589 
0.989717 
0.171814 
0.674303 
0.013005 
0.573510 
0.985838 
0.985358 
0.913836 
0.836017 
0.932709 
0.044053 
0.405697 
0.541816 
0.300043 
0.824784 
0.138331 
0.922117 
0.025552 
0.455046 
0.950432 
0.903114 
0.635813 
0.113622 
0.646238 
0.322042 
0.559443 
0.555676 
0.250555 
0.069752 
0.322534 
0.835046 
0.612859 
0.318244 
0.719248 
0.399374 
0.278669 
0.590044 
0.869860 
0.738780 
0.667542 
0.375407 
0.461869 
0.626839 
0.288451 
0.000438 
0.359839 
0.820592 
0.688939 
0.997559 
0.982390 
0.029231 
0.286642 
0.591096 
0.547085 
0.852414 
0.518651 
0.962129 
0.501831 
0.267019 
0.786980 
0.764810 
0.169292 
0.297331 
0.243813 
0.771740 
0.635520 
0.190977 
0.745176 
0.175277 
0.882165 
0.553154 
0.863620 
0.852956 
0.635189 
0.623110 
0.605784 
0.414540 
0.170712 
0.154046 
0.043445 
0.183910 
0.982856 
0.856884 
0.646982 
0.832564 
0.897630 
0.463653 
0.614285 
0.293661 
0.552512 
0.077466 
0.972555 
0.736641 
0.725645 
0.921760 
0.024167 
0.174493 
0.699687 
0.643553 
0.193890 
0.706199 
0.081811 
0.995312 
0.206705 
0.087982 
0.721502 
0.284988 
0.799690 
0.387539 
0.375721 
0.734791 
0.633147 
0.307016 
0.023020 
0.892839 
0.944870 
0.434578 
0.954173 
0.784266 
0.151556 
0.209326 
0.138780 
0.477444 
0.397016 
0.653722 
0.110986 
0.345560 
0.827600 
0.480688 
0.920232 
0.334752 
0.171011 
0.189218 
0.194825 
0.423998 
0.131730 
0.986745 
0.229098 
0.456851 
0.301874 
0.599312 
0.635818 
0.190234 
0.269646 
0.942541 
0.285584 
0.814163 
0.642029 
0.589500 
0.729248 
0.467562 
0.321617 
0.420080 
0.286114 
0.719147 
0.705059 
0.925989 
0.105053 
0.620100 
0.025087 
0.631212 
0.780532 
0.397043 
0.106533 
0.492795 
0.402686 
0.948283 
0.794743 
0.241875 
0.195112 
0.246935 
0.241371 
0.721705 
0.703695 
0.004769 
0.148775 
0.467697 
0.586670 
0.165960 
0.289226 
0.029777 
0.469540 
0.560982 
0.428565 
0.894403 
0.235789 
0.906305 
0.267284 
0.247533 
0.280247 
0.111019 
0.894869 
0.070337 
0.151437 
0.197041 
0.668844 
0.259422 
0.109697 
0.672708 
0.200834 
0.422017 
0.847058 
0.506005 
0.421599 
0.814596 
0.911091 
0.703287 
0.152055 
0.582242 
0.736820 
0.741709 
0.902253 
0.158392 
0.093132 
0.275503 
0.383107 
0.871730 
0.159868 
0.896321 
0.466006 
0.169311 
0.614119 
0.498864 
0.408367 
0.416910 
0.010445 
0.556161 
0.400208 
0.289310 
0.433773 
0.427968 
0.866547 
0.051681 
0.607424 
0.981102 
0.381142 
0.845437 
0.267665 
0.642928 
0.699206 
0.556104 
0.436672 
0.146061 
0.840137 
0.175627 
0.760880 
0.110416 
0.756544 
0.230349 
0.483433 
0.064247 
0.792897 
0.215698 
0.231585 
0.245288 
0.560935 
0.636458 
0.954865 
0.421130 
0.926453 
0.895186 
0.388284 
0.894640 
0.213025 
0.305635 
0.802339 
0.906174 
0.066024 
0.666164 
0.216116 
0.257614 
0.716140 
0.171672 
0.288591 
0.349045 
0.403145 
0.666124 
0.548378 
0.585067 
0.225656 
0.601066 
0.120662 
0.970227 
0.603535 
0.607346 
0.658328 
0.521878 
0.211907 
0.515618 
0.988297 
0.312329 
0.310294 
0.116550 
0.864028 
0.720329 
0.572000 
0.602755 
0.502443 
0.551283 
0.412102 
0.205257 
0.751097 
0.683954 
0.219485 
0.890811 
0.853315 
0.670956 
0.749166 
0.230709 
0.524130 
0.059109 
0.449174 
0.274871 
0.763342 
0.484705 
0.430469 
0.900661 
0.413450 
0.851240 
0.786441 
0.708386 
0.850062 
0.997857 
0.987956 
0.573158 
0.071795 
0.666521 
0.218487 
0.111928 
0.173155 
0.221149 
0.859186 
0.345326 
0.895194 
0.529809 
0.492463 
0.824066 
0.075970 
0.832293 
0.345140 
0.773819 
0.576839 
0.933023 
0.309251 
0.584208 
0.777928 
0.634945 
0.516520 
0.149892 
0.234720 
0.942690 
0.791369 
0.530869 
0.309247 
0.519538 
0.881185 
0.068167 
0.690480 
0.894209 
0.974964 
0.213026 
0.332213 
0.504667 
0.941848 
0.641872 
0.943702 
0.801513 
0.021131 
0.140719 
0.062266 
0.505666 
0.722100 
0.341145 
0.624440 
0.955265 
0.140780 
0.087513 
0.824375 
0.263703 
0.049777 
0.599773 
0.389715 
0.938459 
0.686558 
0.974243 
0.098378 
0.438426 
0.625098 
0.019090 
0.850366 
0.107287 
0.169869 
0.996543 
0.893121 
0.691931 
0.285363 
0.095534 
0.645833 
0.521107 
0.246916 
0.909611 
0.834866 
0.594087 
0.825677 
0.145581 
0.787789 
0.365389 
0.090612 
0.914583 
0.397919 
0.816475 
0.500970 
0.807543 
0.382638 
0.997079 
0.915109 
0.244893 
0.921419 
0.290811 
0.668571 
0.664412 
0.775060 
0.431546 
0.994030 
0.654355 
0.748540 
0.717978 
0.047896 
0.988097 
0.952719 
0.347054 
0.931102 
0.039198 
0.793860 
0.400003 
0.854442 
0.603162 
0.341742 
0.662048 
0.035457 
0.923892 
0.851759 
0.518743 
0.521658 
0.510723 
0.717151 
0.164167 
0.161141 
0.290515 
0.689826 
0.900485 
0.449346 
0.150123 
0.115950 
0.767973 
0.315936 
0.928342 
0.639323 
0.102345 
0.106124 
0.621963 
0.326173 
0.991086 
0.174726 
0.622013 
0.173761 
0.402004 
0.475515 
0.972650 
0.332806 
0.462924 
0.360406 
0.342622 
0.454261 
0.768861 
0.251896 
0.616301 
0.170280 
0.893859 
0.093510 
0.617539 
0.977426 
0.599728 
0.625071 
0.565020 
0.290974 
0.397704 
0.206516 
0.906963 
0.319049 
0.257388 
0.912220 
0.676661 
0.633397 
0.497575 
0.747841 
0.962160 
0.030157 
0.856945 
0.679860 
0.400616 
0.154421 
0.356163 
0.037676 
0.213317 
0.218693 
0.569610 
0.436419 
0.896890 
0.028820 
0.378048 
0.844755 
0.794208 
0.245511 
0.296868 
0.462704 
0.666626 
0.978904 
0.432766 
0.500698 
0.229924 
0.324966 
0.710944 
0.828898 
0.286033 
0.350213 
0.035921 
0.732268 
0.234528 
0.704303 
0.216928 
0.916256 
0.516310 
0.624809 
0.168025 
0.993915 
0.726799 
0.306699 
0.683174 
0.106905 
0.745195 
0.494718 
0.728526 
0.339985 
0.127404 
0.280518 
0.673338 
0.796165 
0.148068 
0.576640 
0.595953 
0.174840 
0.542088 
0.865477 
0.078119 
0.946980 
0.890074 
0.465824 
0.106798 
0.956854 
0.847052 
0.401194 
0.867540 
0.748121 
0.668524 
0.884444 
0.850631 
0.560741 
0.380532 
0.604242 
0.494990 
0.298570 
0.069078 
0.987588 
0.393402 
0.913513 
0.414879 
0.863769 
0.371897 
0.466916 
0.462874 
0.526694 
0.148203 
0.841709 
0.604908 
0.689163 
0.770018 
0.695493 
0.151030 
0.364582 
0.522106 
0.035119 
0.251277 
0.210611 
0.736374 
0.236839 
0.554909 
0.347227 
0.849978 
0.583437 
0.821194 
0.801305 
0.526704 
0.307540 
0.819538 
0.973663 
0.347199 
0.378205 
0.485567 
0.932372 
0.371352 
0.317632 
0.447788 
0.970073 
0.008530 
0.359855 
0.090437 
0.980336 
0.513463 
0.780289 
0.310810 
0.780427 
0.642418 
0.123658 
0.313191 
0.795010 
0.730259 
0.458923 
0.121188 
0.798778 
0.068525 
0.702258 
0.856945 
0.669576 
0.559962 
0.289028 
0.689890 
0.981526 
0.500946 
0.402067 
0.541372 
0.840942 
0.710425 
0.107090 
0.864935 
0.956290 
0.366454 
0.996922 
0.270814 
0.572413 
0.551209 
0.170739 
0.602066 
0.924127 
0.810580 
0.409658 
0.117390 
0.965604 
0.901619 
0.508347 
0.786405 
0.109113 
0.870086 
0.542732 
0.688704 
