0.000001 
0.011513 
0.492086 
0.495429 
0.674344 
0.700606 
0.088963 
0.202630 
0.609999 
0.245013 
0.933250 
0.131556 
0.061483 
0.350024 
0.855575 
0.642065 
0.188984 
0.260744 
0.324032 
0.004422 
0.324931 
0.121868 
0.242660 
0.384642 
0.672084 
0.711496 
0.112232 
0.280354 
0.914794 
0.935054 
0.451364 
0.081942 
0.193316 
0.068354 
0.820300 
0.776452 
0.832547 
0.611333 
0.679825 
0.815994 
0.413185 
0.394201 
0.331471 
0.033450 
0.186433 
0.383823 
0.920934 
0.134670 
0.404186 
0.156361 
0.961178 
0.513818 
0.743426 
0.766192 
0.387962 
0.478785 
0.932092 
0.667070 
0.452398 
0.445118 
0.090126 
0.744699 
0.153178 
0.465479 
0.297456 
0.350547 
0.639704 
0.498570 
0.468088 
0.161212 
0.484890 
0.540136 
0.073100 
0.587328 
0.225457 
0.258416 
0.199809 
0.181512 
0.673540 
0.187480 
0.970888 
0.719249 
0.412468 
0.341389 
0.717748 
0.191531 
0.058368 
0.986261 
0.081050 
0.202540 
0.089726 
0.029666 
0.599414 
0.343430 
0.025616 
0.528080 
0.438875 
0.170813 
0.862151 
0.165707 
0.045480 
0.374148 
0.306449 
0.489398 
0.320052 
0.122086 
0.904227 
0.338824 
0.622073 
0.175716 
0.264255 
0.335678 
0.738489 
0.792841 
0.274835 
0.153308 
0.640270 
0.018026 
0.957478 
0.338362 
0.858502 
0.846785 
0.919165 
0.412413 
0.425390 
0.535024 
0.144621 
0.646927 
0.908794 
0.097882 
0.100658 
0.763264 
0.178327 
0.142873 
0.260280 
0.533429 
0.343971 
0.119059 
0.021048 
0.751523 
0.841795 
0.049765 
0.406384 
0.090970 
0.930948 
0.441798 
0.295806 
0.616884 
0.965959 
0.877944 
0.604902 
0.588908 
0.770952 
0.391316 
0.842840 
0.616270 
0.654929 
0.393586 
0.994254 
0.423652 
0.320377 
0.575226 
0.831182 
0.681144 
0.981242 
0.739892 
0.361717 
0.377695 
0.912938 
0.753054 
0.570475 
0.978330 
0.788754 
0.587410 
0.594070 
0.534504 
0.413711 
0.247382 
0.745881 
0.018311 
0.757015 
0.150017 
0.333549 
0.957488 
0.493043 
0.571347 
0.630373 
0.680373 
0.024093 
0.934749 
0.324819 
0.226885 
0.261092 
0.179189 
0.632941 
0.845836 
0.962365 
0.461520 
0.758628 
0.254902 
0.129856 
0.490923 
0.945980 
0.091030 
0.944322 
0.217682 
0.584135 
0.553266 
0.733394 
0.151308 
0.035899 
0.350177 
0.428173 
0.296868 
0.458838 
0.686958 
0.709874 
0.859601 
0.313683 
0.064085 
0.084926 
0.351773 
0.256473 
0.547742 
0.900187 
0.444234 
0.235387 
0.155905 
0.294255 
0.545033 
0.368460 
0.713406 
0.217478 
0.147960 
0.755843 
0.461079 
0.352237 
0.047546 
0.100461 
0.442379 
0.064062 
0.692559 
0.836303 
0.739250 
0.582028 
0.147507 
0.144386 
0.700598 
0.952189 
0.448245 
0.651388 
0.875307 
0.293009 
0.600816 
0.909770 
0.510232 
0.471586 
0.949016 
0.106678 
0.940226 
0.373643 
0.822219 
0.029397 
0.081290 
0.236024 
0.851139 
0.100171 
0.576553 
0.127342 
0.240433 
0.958983 
0.626872 
0.838786 
0.474625 
0.014885 
0.180569 
0.815539 
0.769624 
0.065713 
0.438392 
0.051308 
0.326153 
0.646170 
0.172865 
0.339859 
0.003797 
0.817084 
0.725214 
0.669369 
0.085868 
0.191022 
0.509789 
0.022565 
0.255328 
0.295093 
0.624413 
0.508583 
0.753059 
0.669354 
0.826745 
0.106395 
0.173176 
0.575347 
0.864864 
0.775393 
0.024215 
0.976672 
0.928359 
0.922262 
0.456462 
0.749732 
0.741532 
0.927340 
0.803590 
0.931692 
0.939257 
0.097425 
0.419578 
0.842620 
0.913333 
0.391998 
0.313864 
0.105436 
0.064012 
0.846794 
0.073689 
0.494502 
0.096872 
0.123228 
0.100957 
0.777102 
0.757696 
0.602852 
0.128895 
0.339801 
0.043345 
0.499723 
0.840074 
0.125179 
0.890493 
0.519676 
0.194487 
0.744511 
0.000404 
0.782903 
0.249463 
0.731403 
0.685784 
0.979950 
0.014893 
0.298668 
0.720762 
0.853936 
0.096204 
0.896004 
0.145429 
0.229411 
0.714747 
0.755629 
0.855658 
0.050146 
0.810138 
0.992287 
0.362517 
0.821941 
0.366940 
0.153995 
0.188195 
0.997498 
0.944457 
0.487768 
0.908812 
0.410600 
0.956059 
0.485123 
0.461648 
0.923378 
0.212489 
0.295159 
0.741463 
0.765547 
0.545091 
0.344033 
0.161774 
0.932100 
0.804204 
0.257521 
0.161573 
0.557737 
0.892233 
0.756041 
0.781244 
0.365025 
0.982170 
0.328626 
0.221972 
0.681760 
0.336006 
0.257410 
0.294906 
0.479887 
0.466836 
0.113076 
0.467449 
0.409494 
0.370757 
0.305006 
0.236216 
0.079149 
0.255504 
0.258508 
0.750204 
0.685805 
0.332262 
0.319964 
0.627852 
0.315101 
0.903895 
0.762935 
0.656448 
0.919524 
0.436416 
0.850151 
0.485149 
0.903063 
0.786167 
0.108266 
0.621250 
0.346420 
0.282615 
0.908490 
0.992929 
0.158359 
0.546124 
0.704877 
0.860322 
0.438059 
0.459343 
0.181911 
0.376645 
0.277655 
0.550426 
0.008288 
0.297665 
0.848417 
0.349510 
0.207640 
0.806149 
0.953697 
0.789872 
0.378640 
0.796469 
0.247174 
0.260212 
0.375917 
0.036642 
0.847511 
0.125187 
0.009877 
0.997096 
0.198072 
0.993624 
0.831843 
0.786331 
0.868039 
0.133794 
0.673159 
0.785384 
0.955583 
0.476008 
0.266152 
0.216910 
0.599985 
0.942754 
0.858134 
0.657544 
0.337084 
0.367120 
0.186713 
0.081101 
0.059848 
0.870577 
0.792265 
0.593515 
0.199383 
0.033846 
0.842385 
0.958825 
0.978405 
0.056665 
0.366778 
0.434292 
0.149127 
0.370008 
0.730363 
0.208931 
0.496767 
0.171242 
0.072624 
0.587613 
0.006844 
0.033940 
0.426113 
0.682558 
0.760194 
0.580061 
0.079406 
0.577319 
0.003574 
0.076384 
0.792455 
0.793967 
0.210164 
0.229461 
0.558132 
0.530755 
0.396389 
0.105663 
0.873176 
0.472124 
0.984449 
0.641560 
0.706225 
0.529847 
0.139070 
0.344585 
0.432085 
0.047542 
0.041528 
0.962834 
0.355986 
0.057065 
0.099005 
0.976577 
0.336068 
0.296189 
0.042450 
0.463092 
0.181546 
0.242963 
0.482332 
0.547315 
0.726897 
0.958360 
0.154908 
0.542890 
0.351736 
0.626967 
0.437291 
0.541702 
0.379523 
0.635413 
0.392712 
0.307594 
0.740396 
0.841353 
0.625014 
0.611377 
0.411489 
0.889194 
0.687941 
0.219084 
0.142195 
0.870902 
0.246469 
0.409609 
0.304026 
0.769433 
0.862904 
0.834737 
0.418490 
0.556715 
0.711302 
0.848166 
0.130431 
0.159119 
0.311034 
0.547329 
0.963692 
0.765678 
0.749537 
0.461281 
0.757271 
0.456109 
0.819199 
0.272575 
0.171578 
0.703673 
0.631568 
0.769348 
0.427908 
0.855129 
0.160244 
0.220426 
0.707253 
0.805516 
0.311870 
0.597822 
0.597838 
0.866087 
0.323776 
0.696194 
0.929465 
0.526528 
0.352639 
0.806860 
0.895031 
0.779341 
0.378349 
0.912055 
0.908208 
0.245446 
0.204534 
0.602075 
0.076202 
0.721341 
0.576673 
0.148103 
0.165794 
0.497568 
0.632285 
0.806718 
0.517575 
0.887747 
0.371599 
0.468230 
0.540663 
0.918619 
0.226243 
0.472708 
0.810519 
0.386876 
0.233084 
0.439678 
0.667779 
0.354693 
0.324099 
0.130488 
0.113427 
0.371231 
0.282291 
0.467528 
0.738772 
0.537921 
0.846560 
0.126522 
0.463354 
0.597465 
0.598394 
0.206906 
0.463151 
0.181866 
0.613817 
0.420983 
0.455277 
0.838580 
0.007801 
0.115485 
0.957812 
0.942552 
0.464769 
0.371823 
0.225881 
0.384271 
0.435148 
0.538133 
0.408105 
0.027773 
0.777326 
0.513000 
0.985123 
0.963828 
0.056652 
0.148571 
0.029221 
0.117138 
0.745680 
0.647017 
0.407857 
0.845823 
0.744071 
0.609533 
0.414981 
0.585422 
0.186070 
0.281298 
0.777545 
0.196347 
0.008970 
0.763429 
0.944189 
0.991816 
0.447960 
0.866001 
0.883974 
0.952385 
0.729552 
0.579058 
0.229507 
0.323270 
0.191075 
0.395108 
0.577160 
0.329375 
0.798016 
0.254309 
0.171740 
0.440046 
0.846126 
0.836173 
0.566783 
0.928182 
0.955356 
0.664817 
0.572536 
0.604371 
0.662542 
0.346685 
0.741086 
0.434875 
0.943640 
0.754963 
0.656562 
0.841430 
0.907975 
0.337912 
0.280745 
0.488020 
0.155635 
0.760580 
0.072042 
0.806209 
0.947685 
0.746655 
0.032585 
0.656474 
0.350162 
0.171671 
0.277399 
0.250008 
0.887535 
0.796435 
0.691228 
0.473431 
0.951855 
0.824521 
0.726802 
0.359386 
0.195564 
0.841934 
0.377883 
0.083760 
0.761769 
0.044341 
0.244678 
0.303923 
0.025914 
0.532151 
0.859085 
0.635350 
0.335401 
0.078567 
0.483789 
0.043131 
0.902309 
0.101141 
0.872017 
0.981404 
0.460698 
0.947614 
0.545534 
0.796701 
0.152071 
0.855766 
0.850978 
0.392114 
0.265713 
0.840572 
0.497735 
0.437795 
0.026096 
0.601817 
0.741888 
0.910427 
0.548794 
0.577193 
0.874810 
0.929547 
0.900423 
0.416734 
0.054355 
0.549739 
0.469567 
0.006631 
0.453298 
0.572660 
0.691601 
0.738338 
0.241272 
0.062069 
0.194955 
0.606960 
0.177750 
0.445633 
0.758495 
0.025779 
0.273962 
0.471845 
0.298106 
0.260936 
0.550954 
0.876003 
0.977747 
0.992362 
0.633386 
0.322593 
0.825974 
0.138367 
0.530508 
0.247051 
0.190372 
0.577087 
0.097081 
0.647122 
0.173908 
0.873868 
0.107446 
0.846402 
0.473172 
0.601654 
0.991897 
0.820118 
0.728708 
0.387088 
0.786764 
0.145451 
0.598401 
0.326845 
0.279754 
0.833428 
0.427089 
0.078896 
0.004807 
0.797323 
0.609587 
0.332905 
0.126442 
0.111889 
0.520671 
0.915752 
0.043475 
0.683828 
0.090611 
0.902444 
0.382809 
0.872621 
0.134616 
0.485558 
0.776940 
0.030880 
0.995934 
0.656168 
0.212737 
0.479089 
0.053777 
0.837160 
0.153716 
0.512550 
0.429030 
0.701661 
0.808654 
0.040303 
0.375586 
0.467351 
0.768242 
0.844281 
0.824099 
0.634350 
0.527326 
0.762458 
0.626131 
0.388159 
0.795130 
0.754440 
0.866297 
0.859299 
0.234299 
0.855740 
0.430374 
0.288304 
0.524488 
0.065182 
0.520862 
0.133204 
0.754332 
0.054203 
0.994445 
0.644813 
0.380145 
0.102525 
0.135179 
0.955183 
0.765233 
0.268944 
0.144156 
0.833816 
0.945664 
0.771103 
0.922058 
0.033552 
0.908861 
0.220238 
0.540243 
0.855704 
0.817796 
0.694088 
0.540314 
0.060707 
0.296423 
0.978731 
0.525176 
0.633949 
0.785464 
0.297155 
0.289038 
0.863667 
0.646574 
0.961520 
0.269596 
0.105112 
0.610715 
0.289083 
0.619264 
0.962330 
0.877351 
0.646583 
0.118048 
0.025359 
0.211556 
0.613354 
0.633831 
0.802990 
0.854654 
0.171689 
0.574700 
0.975966 
0.066909 
0.538997 
0.920276 
0.076042 
0.035691 
0.858521 
0.159370 
0.538424 
0.288981 
0.911659 
0.258486 
0.374523 
0.608899 
0.765586 
0.196331 
0.734922 
0.836239 
0.668227 
0.898796 
0.070375 
0.791133 
0.569693 
0.825459 
0.486605 
0.372614 
0.520762 
0.439585 
0.108515 
0.818086 
0.564547 
0.347405 
0.831183 
0.694621 
0.489314 
0.892257 
0.157244 
0.802877 
0.960657 
0.763883 
0.575518 
0.726741 
0.329921 
0.977987 
0.029063 
0.456830 
0.946886 
0.308317 
0.889614 
0.737551 
0.013292 
0.391767 
0.435882 
0.868336 
0.115654 
0.789126 
0.842017 
0.779758 
0.395448 
0.298291 
0.373272 
0.577778 
0.711296 
0.751659 
0.137966 
0.789891 
0.696257 
0.994525 
0.977965 
0.658515 
0.668713 
0.057301 
0.059171 
0.491991 
0.895915 
0.638892 
0.862883 
0.468251 
0.898484 
0.826293 
0.501574 
0.956740 
0.928613 
0.200875 
0.112937 
0.134533 
0.099453 
0.513895 
0.039082 
0.847019 
0.849051 
0.008124 
0.548245 
0.360367 
0.688612 
0.498995 
0.610112 
0.153622 
0.922107 
0.845874 
0.610505 
0.763445 
0.213385 
0.365577 
0.248622 
0.595939 
0.945872 
0.272558 
0.876171 
0.809860 
0.308682 
0.020118 
0.128532 
0.240641 
0.461205 
0.471688 
0.664415 
0.822159 
0.025955 
0.226859 
0.810849 
0.941775 
0.414361 
0.162396 
0.395963 
0.958489 
0.328901 
0.846605 
0.886925 
0.543313 
0.454964 
0.586561 
0.338925 
0.318736 
0.989732 
0.430843 
0.180477 
0.282354 
0.516926 
0.983095 
0.877548 
0.949499 
0.221551 
0.605853 
0.574830 
0.173955 
0.665482 
0.760103 
0.057926 
0.558066 
0.409416 
0.056717 
0.241915 
0.858225 
0.180649 
0.169110 
0.230083 
0.006187 
0.978708 
0.145018 
0.317428 
0.012544 
0.825647 
0.653248 
0.140150 
0.501386 
0.786763 
0.125979 
0.332384 
0.380803 
0.158226 
0.308541 
0.656633 
0.031891 
0.989392 
0.707865 
0.093662 
0.179736 
0.818508 
0.670108 
0.505260 
0.903204 
0.149394 
0.864160 
0.937524 
0.964305 
0.079322 
0.167516 
0.444107 
0.111671 
0.850941 
0.767656 
0.997135 
0.847520 
0.262359 
0.472689 
0.491578 
0.958934 
0.804994 
0.529502 
0.337320 
0.329932 
0.161899 
0.035546 
0.426297 
0.766336 
0.805629 
0.211533 
0.238987 
0.655273 
0.178008 
0.784244 
0.783654 
0.880981 
0.643794 
0.252042 
0.074720 
0.820291 
0.637667 
0.272949 
0.462155 
0.437035 
0.254573 
0.609933 
0.152021 
0.023447 
0.070285 
0.277310 
0.741483 
0.110408 
0.626188 
0.336950 
0.121187 
0.787649 
0.021790 
0.231490 
0.656457 
0.074564 
0.199999 
0.391584 
0.344263 
0.022037 
0.367648 
0.062113 
0.931291 
0.208220 
0.548883 
0.084645 
0.631260 
0.581866 
0.419633 
0.779867 
0.221152 
0.907358 
0.960412 
0.645952 
0.521371 
0.674809 
0.517858 
0.635583 
0.244625 
0.414518 
0.808594 
0.032126 
0.940793 
0.900956 
0.375548 
0.834292 
0.939635 
0.440979 
0.532228 
0.158051 
0.356662 
0.417541 
0.616913 
0.460484 
0.356163 
0.038396 
0.314794 
0.734382 
0.765422 
0.451005 
0.041135 
0.356925 
0.833601 
0.340024 
0.785954 
0.527702 
0.083174 
0.911516 
0.847260 
0.897374 
0.165184 
0.246441 
0.938157 
0.599206 
0.860429 
0.237607 
0.469122 
0.536065 
0.636079 
0.579622 
0.711975 
0.165073 
0.377473 
0.188197 
0.025845 
0.374326 
0.290245 
0.139590 
0.093534 
0.026232 
0.880723 
0.309653 
0.334960 
0.670158 
0.339684 
0.067562 
0.522030 
0.765275 
0.982075 
0.735874 
0.835169 
0.687035 
0.989008 
0.264157 
0.691937 
0.382997 
0.029441 
0.822228 
0.181503 
0.518202 
0.425461 
0.716453 
0.431430 
0.048339 
0.439458 
0.976205 
0.084630 
0.383305 
0.201662 
0.331816 
0.826387 
0.089537 
0.842416 
0.492881 
0.853993 
0.052641 
0.734480 
0.405039 
0.486083 
0.600530 
0.100913 
0.037072 
0.070601 
0.586006 
0.007021 
0.000901 
0.138523 
0.148992 
0.107906 
0.574229 
0.069025 
0.097237 
0.260010 
0.985244 
0.999921 
0.664540 
0.917982 
0.530242 
0.776089 
0.729677 
0.680282 
0.494868 
0.240172 
0.578494 
0.743008 
0.739505 
0.867936 
0.397201 
0.753348 
0.520443 
0.077810 
0.753699 
0.412298 
0.487018 
0.307959 
0.863262 
0.851454 
0.381569 
0.038286 
0.466471 
0.981108 
0.478901 
0.883949 
0.533744 
0.641726 
0.494769 
0.575300 
0.070973 
0.845239 
0.931542 
0.424590 
0.085330 
0.140319 
0.344682 
0.070582 
0.272717 
0.549362 
0.119853 
0.373742 
0.476478 
0.171677 
0.378242 
0.114408 
0.862111 
0.503385 
0.397082 
0.762547 
0.121735 
0.996398 
0.460991 
0.877350 
0.619832 
0.521888 
0.366368 
0.545405 
0.614936 
0.231332 
0.004492 
0.495052 
0.336574 
0.794381 
0.165866 
0.701749 
0.299444 
0.752802 
0.344173 
0.520430 
0.869926 
0.846970 
0.023730 
0.822214 
0.944599 
0.869355 
0.252358 
0.376960 
0.567154 
0.153769 
0.398926 
0.741226 
0.782426 
0.229345 
0.593776 
0.598233 
0.505360 
0.591751 
0.558724 
0.468029 
0.162137 
0.028544 
0.742732 
0.090509 
0.185636 
0.990526 
0.777933 
0.724377 
0.598825 
0.451909 
0.229778 
0.873912 
0.837991 
0.109698 
0.696367 
0.839568 
0.616906 
0.346407 
0.061363 
0.335219 
0.030471 
0.119130 
0.216322 
0.728679 
0.909022 
0.932513 
0.749950 
0.413743 
0.772915 
0.376817 
0.160091 
0.654723 
0.937242 
0.223952 
0.956422 
0.579916 
0.645703 
0.323643 
0.461374 
0.314061 
0.426775 
0.807468 
0.122217 
0.099375 
0.189181 
0.558447 
0.823368 
0.351772 
0.227218 
0.859490 
0.447493 
0.010041 
0.751454 
0.686466 
0.441480 
0.948721 
0.158495 
0.831361 
0.686712 
0.569561 
0.607380 
0.230530 
0.512645 
0.028223 
0.344063 
0.666559 
0.856360 
0.836275 
0.273730 
0.582852 
0.987337 
0.175889 
0.172550 
0.040827 
0.187428 
0.099164 
0.645792 
0.824865 
0.513745 
0.504543 
0.860480 
0.087880 
0.997502 
0.009478 
0.303711 
0.477829 
0.875896 
0.186268 
0.598043 
0.308320 
0.931446 
0.807028 
0.723739 
0.876723 
0.076766 
0.205186 
0.569127 
0.321038 
0.681306 
0.713287 
0.214052 
0.578799 
0.883047 
0.365709 
0.463735 
0.999193 
0.431424 
0.936696 
0.052910 
0.266284 
0.440499 
0.458663 
0.748869 
0.240365 
0.821201 
0.926307 
0.448256 
0.835746 
0.379445 
0.331979 
0.563323 
0.774815 
0.312825 
0.654566 
0.286286 
0.612814 
0.566083 
0.148581 
0.194279 
0.249090 
0.461925 
0.578299 
0.468894 
0.695062 
0.915027 
0.866411 
0.776180 
0.258597 
0.244884 
0.772585 
0.836694 
0.322158 
0.514853 
0.140506 
0.484700 
0.346563 
0.684035 
0.568791 
0.663175 
0.988888 
0.246950 
0.484732 
0.889228 
0.251189 
0.730621 
0.546023 
0.003596 
0.439011 
0.464331 
0.010966 
0.305377 
0.466640 
0.813072 
0.296003 
0.914180 
0.625331 
0.933817 
0.657382 
0.622633 
0.589907 
0.570395 
0.621245 
0.267828 
0.380146 
0.119845 
0.228304 
0.109761 
0.757975 
0.282841 
0.700836 
0.943552 
0.273282 
0.054049 
0.397437 
0.723650 
0.377292 
0.146549 
0.048323 
0.166302 
0.044324 
0.947675 
0.576400 
0.559542 
0.218294 
0.875192 
0.353189 
0.039260 
0.841427 
0.864484 
0.382423 
0.381970 
0.769237 
0.568097 
0.004382 
0.645109 
0.354977 
0.097558 
0.658232 
0.911540 
0.259694 
0.675734 
0.054453 
0.191093 
0.706034 
0.310407 
0.017615 
0.050457 
0.031117 
0.982295 
0.428559 
0.783598 
0.923785 
0.046153 
0.698717 
0.328985 
0.256087 
0.053343 
0.528208 
0.591823 
0.769416 
0.574628 
0.771848 
0.452052 
0.637756 
0.762879 
0.705497 
0.289038 
0.856138 
0.107221 
0.069200 
0.048169 
0.583029 
0.971978 
0.032162 
0.551406 
0.479187 
0.702786 
0.717584 
0.439498 
0.636696 
0.953185 
0.183261 
0.062245 
0.157283 
0.448999 
0.325833 
0.272467 
0.354459 
0.391560 
0.943466 
0.840368 
0.063493 
0.130207 
0.388296 
0.089329 
0.347043 
0.743630 
0.183020 
0.023972 
0.894743 
0.948037 
0.654813 
0.435005 
0.136620 
0.169351 
0.290263 
0.442995 
0.418967 
0.577758 
0.370387 
0.097146 
0.725736 
0.448794 
0.888163 
0.351328 
0.761527 
0.990313 
0.196571 
0.769447 
0.092178 
0.234240 
0.876403 
0.712330 
0.127522 
0.257530 
0.302463 
0.501000 
0.299243 
0.375716 
0.657052 
0.068298 
0.879351 
0.251259 
0.915870 
0.023272 
0.140405 
0.790940 
0.333066 
0.847021 
0.883190 
0.775956 
0.498661 
0.992242 
0.619301 
0.598966 
0.818728 
0.361517 
0.013029 
0.976286 
0.446567 
0.457660 
0.884225 
0.169123 
0.448274 
0.148182 
0.499485 
0.852046 
0.335240 
0.375700 
0.382503 
0.722690 
0.244648 
0.804631 
0.441181 
0.935016 
0.815268 
0.216673 
0.615150 
0.820231 
0.630312 
0.649624 
0.234319 
0.202605 
0.185144 
0.716184 
0.898335 
0.309145 
0.792000 
0.150594 
0.038583 
0.470910 
0.583594 
0.456888 
0.913755 
0.486665 
0.371118 
0.374848 
0.077801 
0.609646 
0.327769 
0.815457 
0.393631 
0.749491 
0.688670 
0.478363 
0.854307 
0.336825 
0.023665 
0.739662 
0.506205 
0.785584 
0.307460 
0.479914 
0.913542 
0.895410 
0.152424 
0.783074 
0.126366 
0.838484 
0.401775 
0.640594 
0.456460 
0.724930 
0.898281 
0.414074 
0.341322 
0.592316 
0.057596 
0.013036 
0.097290 
0.152310 
0.871546 
0.073915 
0.283381 
0.776254 
0.504994 
0.426873 
0.453777 
0.622104 
0.701320 
0.079031 
0.277906 
0.764049 
0.374971 
0.135871 
0.575643 
0.836925 
0.206049 
0.062984 
0.570883 
0.823218 
0.817499 
0.712964 
0.788899 
0.030974 
0.585360 
0.139411 
0.075201 
0.899781 
0.620955 
0.382475 
0.256645 
0.432440 
0.018905 
0.743126 
0.711563 
0.233641 
0.803866 
0.578990 
0.077857 
0.537744 
0.867914 
0.028195 
0.878175 
0.485106 
0.182740 
0.311222 
0.705621 
0.380408 
0.515423 
0.717024 
0.016103 
0.642118 
0.075759 
0.281367 
0.940669 
0.816270 
0.049534 
0.511435 
0.679945 
0.830251 
0.030643 
0.024763 
0.198624 
0.271808 
0.274300 
0.162609 
0.975385 
0.292048 
0.445429 
0.319041 
0.114024 
0.403017 
0.498369 
0.080280 
0.267320 
0.853466 
0.198881 
0.586274 
0.505383 
0.975392 
0.409561 
0.485318 
0.732953 
0.745755 
0.903086 
0.170551 
0.455193 
0.421044 
0.488999 
0.612713 
0.869967 
0.542210 
0.920064 
0.509800 
0.211768 
0.181356 
0.053757 
0.491352 
0.156547 
0.091389 
0.972951 
0.381275 
0.097006 
0.373936 
0.738071 
0.755659 
0.362635 
0.804987 
0.411699 
0.430532 
0.958622 
0.560113 
0.823089 
0.652624 
0.650773 
0.533911 
0.442033 
0.241517 
0.182003 
0.922776 
0.093854 
0.404247 
0.176450 
0.596484 
0.111513 
0.201621 
0.647916 
0.528308 
0.274062 
0.159288 
0.160607 
0.324454 
0.105898 
0.820061 
0.767911 
0.282064 
0.654990 
0.420656 
0.961267 
0.021294 
0.894490 
0.685327 
0.283123 
0.440219 
0.755766 
0.165823 
0.979837 
0.122328 
0.962277 
0.997355 
0.537684 
0.855620 
0.404526 
0.863381 
0.842443 
0.937184 
0.254225 
0.766782 
0.302469 
0.601107 
0.799091 
0.323392 
0.250889 
0.694031 
0.586303 
0.998945 
0.274463 
0.903600 
0.797237 
0.166013 
0.187882 
0.724763 
0.095056 
0.603730 
0.893834 
0.664014 
0.086801 
0.868555 
0.797788 
0.424616 
0.522793 
0.576525 
0.659771 
0.778356 
0.830219 
0.492041 
0.725721 
0.195956 
0.428379 
0.765789 
0.610365 
0.411942 
0.501098 
0.946075 
0.688635 
0.884553 
0.687707 
0.294214 
0.862206 
0.091058 
0.415861 
0.369418 
0.804797 
0.223714 
0.959448 
0.442284 
0.474026 
0.949369 
0.036624 
0.543848 
0.459007 
0.523375 
0.371978 
0.829260 
0.377194 
0.500734 
0.835317 
0.167493 
0.049431 
0.792553 
0.430148 
0.500153 
0.078120 
0.954712 
0.849408 
0.003882 
0.253129 
0.330885 
0.178728 
0.881275 
0.585880 
0.892970 
0.145105 
0.784497 
0.034007 
0.554503 
0.537777 
0.424337 
0.838781 
0.394162 
0.674886 
0.802251 
0.433533 
0.389656 
0.946318 
0.772693 
0.643153 
0.479804 
0.068506 
0.388006 
0.220137 
0.849074 
0.381215 
0.086144 
0.821681 
0.999051 
0.045970 
0.613484 
0.817521 
0.082024 
0.584837 
0.355548 
0.690981 
0.311258 
0.314591 
0.335703 
0.165543 
0.283789 
0.634846 
0.856406 
0.617347 
0.744987 
0.994007 
0.270503 
0.346183 
0.299345 
0.093526 
0.886171 
0.880466 
0.996807 
0.332199 
0.267677 
0.846085 
0.157111 
0.559057 
0.076796 
0.718009 
0.582695 
0.359775 
0.731200 
0.286518 
0.514737 
0.177277 
0.493619 
0.262701 
0.215742 
0.972820 
0.189203 
0.941000 
0.390453 
0.339921 
0.045667 
0.522055 
0.172520 
0.550881 
