0.000001 
0.013954 
0.531876 
0.244289 
0.773185 
0.923984 
0.404229 
0.880551 
0.415790 
0.185492 
0.557433 
0.784204 
0.119391 
0.611212 
0.642073 
0.322095 
0.455445 
0.659352 
0.725866 
0.630105 
0.179709 
0.377492 
0.515746 
0.145354 
0.968270 
0.715566 
0.514010 
0.973400 
0.937510 
0.726853 
0.222830 
0.102041 
0.999105 
0.953688 
0.629228 
0.434000 
0.241625 
0.994567 
0.679896 
0.019658 
0.398850 
0.470333 
0.887160 
0.503495 
0.233454 
0.657619 
0.598929 
0.204702 
0.432810 
0.241871 
0.121536 
0.660189 
0.795737 
0.951815 
0.158896 
0.569458 
0.882338 
0.460494 
0.521159 
0.118045 
0.986196 
0.996464 
0.564321 
0.548571 
0.835734 
0.182886 
0.760429 
0.535656 
0.776752 
0.863658 
0.494601 
0.760750 
0.925450 
0.036850 
0.336499 
0.539603 
0.106906 
0.767258 
0.299743 
0.779929 
0.274707 
0.998246 
0.526465 
0.292111 
0.515802 
0.084636 
0.475914 
0.688309 
0.409593 
0.033398 
0.324257 
0.786468 
0.171825 
0.860187 
0.167011 
0.955518 
0.385122 
0.740014 
0.413470 
0.192696 
0.648600 
0.012988 
0.296668 
0.099658 
0.958296 
0.082719 
0.260528 
0.689411 
0.934844 
0.924067 
0.790052 
0.408235 
0.205797 
0.823001 
0.184929 
0.106286 
0.356629 
0.865493 
0.335951 
0.327872 
0.551808 
0.235770 
0.590667 
0.348289 
0.684888 
0.920427 
0.608334 
0.270885 
0.760965 
0.537405 
0.172994 
0.504351 
0.620637 
0.047411 
0.840299 
0.907617 
0.314276 
0.038261 
0.051345 
0.953749 
0.661401 
0.163652 
0.493938 
0.608565 
0.154235 
0.232988 
0.831015 
0.864652 
0.214348 
0.541383 
0.021441 
0.366433 
0.632636 
0.712927 
0.167086 
0.222169 
0.986906 
0.927779 
0.185421 
0.373468 
0.879152 
0.901855 
0.477905 
0.147165 
0.395347 
0.592948 
0.683849 
0.444887 
0.223500 
0.368929 
0.588142 
0.909152 
0.111046 
0.345582 
0.200018 
0.706337 
0.399488 
0.201279 
0.900004 
0.362100 
0.812888 
0.201550 
0.451202 
0.348199 
0.175456 
0.884916 
0.787869 
0.713191 
0.607721 
0.973934 
0.913087 
0.260732 
0.119325 
0.502036 
0.712124 
0.669018 
0.182798 
0.288164 
0.173102 
0.325962 
0.435441 
0.452968 
0.034455 
0.080426 
0.721772 
0.813819 
0.850790 
0.230097 
0.237010 
0.422694 
0.212785 
0.285769 
0.916677 
0.588930 
0.140114 
0.897245 
0.990283 
0.684343 
0.752751 
0.479446 
0.041756 
0.793482 
0.052544 
0.104435 
0.240675 
0.031998 
0.785653 
0.471773 
0.093580 
0.806114 
0.358236 
0.868799 
0.903306 
0.859831 
0.184683 
0.969479 
0.033337 
0.293524 
0.259770 
0.950892 
0.637813 
0.721844 
0.030678 
0.609166 
0.256802 
0.076821 
0.138301 
0.424994 
0.876787 
0.160585 
0.952702 
0.060961 
0.567257 
0.886645 
0.838287 
0.093640 
0.801386 
0.887216 
0.442017 
0.981932 
0.336646 
0.005449 
0.586278 
0.580516 
0.738158 
0.220654 
0.526584 
0.298432 
0.753944 
0.531402 
0.271833 
0.700689 
0.472845 
0.108943 
0.009885 
0.137290 
0.434471 
0.151760 
0.631656 
0.245855 
0.083944 
0.844004 
0.176832 
0.021902 
0.109428 
0.148722 
0.571625 
0.299155 
0.890201 
0.601022 
0.377697 
0.956461 
0.234693 
0.491672 
0.531713 
0.507361 
0.219445 
0.209181 
0.701195 
0.981024 
0.074576 
0.400934 
0.492756 
0.755305 
0.405524 
0.633701 
0.620263 
0.754768 
0.380961 
0.804807 
0.390056 
0.663597 
0.077802 
0.623930 
0.384232 
0.795170 
0.430121 
0.049699 
0.289185 
0.334788 
0.782415 
0.052766 
0.838200 
0.630954 
0.441084 
0.297340 
0.401562 
0.047398 
0.616395 
0.743036 
0.201613 
0.516637 
0.113450 
0.750387 
0.761976 
0.522967 
0.503063 
0.979505 
0.543300 
0.250000 
0.743428 
0.791142 
0.730431 
0.348552 
0.108712 
0.129023 
0.494284 
0.423354 
0.310843 
0.341641 
0.954130 
0.070102 
0.196851 
0.468070 
0.855592 
0.934263 
0.152305 
0.785448 
0.026707 
0.869231 
0.166153 
0.532615 
0.656864 
0.915954 
0.431354 
0.761559 
0.522483 
0.371551 
0.664540 
0.925198 
0.808083 
0.444196 
0.605099 
0.891675 
0.375237 
0.615309 
0.491763 
0.054294 
0.526355 
0.456851 
0.299096 
0.903397 
0.395928 
0.369438 
0.137277 
0.212030 
0.584745 
0.817189 
0.491805 
0.773522 
0.586010 
0.074750 
0.328919 
0.146981 
0.307234 
0.675578 
0.447028 
0.193133 
0.992497 
0.891106 
0.817566 
0.826899 
0.693824 
0.092088 
0.717286 
0.433079 
0.755150 
0.807052 
0.114971 
0.319214 
0.031217 
0.666631 
0.070558 
0.871803 
0.394626 
0.481618 
0.562084 
0.941975 
0.768398 
0.470732 
0.590422 
0.224426 
0.925098 
0.119661 
0.139471 
0.090915 
0.005464 
0.835274 
0.455246 
0.321484 
0.174601 
0.516242 
0.484945 
0.478409 
0.612369 
0.086985 
0.955173 
0.591441 
0.340821 
0.172372 
0.048987 
0.316390 
0.563411 
0.249311 
0.163649 
0.452873 
0.429791 
0.493110 
0.695746 
0.401320 
0.985802 
0.371246 
0.538213 
0.753200 
0.032808 
0.397235 
0.335223 
0.091915 
0.822305 
0.473707 
0.590865 
0.664603 
0.981085 
0.097232 
0.180635 
0.928997 
0.650743 
0.034902 
0.592661 
0.846174 
0.649591 
0.683718 
0.256134 
0.839517 
0.762103 
0.657648 
0.092468 
0.109160 
0.660033 
0.177840 
0.956295 
0.445438 
0.476280 
0.839726 
0.269545 
0.238169 
0.906847 
0.376333 
0.026850 
0.269907 
0.330364 
0.420356 
0.915631 
0.003892 
0.410086 
0.321226 
0.843465 
0.109671 
0.232827 
0.119452 
0.624883 
0.416393 
0.323426 
0.820531 
0.671941 
0.319679 
0.848797 
0.737838 
0.847976 
0.939628 
0.334431 
0.776780 
0.347194 
0.293766 
0.324371 
0.706551 
0.995079 
0.291908 
0.097127 
0.405708 
0.737099 
0.430933 
0.688783 
0.376422 
0.530225 
0.495169 
0.312309 
0.982847 
0.707032 
0.092953 
0.257460 
0.123554 
0.569358 
0.202745 
0.530394 
0.329779 
0.589184 
0.407677 
0.822363 
0.460369 
0.428278 
0.071967 
0.544567 
0.530085 
0.146296 
0.796718 
0.446734 
0.253489 
0.391359 
0.569581 
0.952202 
0.653937 
0.727536 
0.694385 
0.535776 
0.789349 
0.595105 
0.936835 
0.394075 
0.217154 
0.705369 
0.141826 
0.674734 
0.253445 
0.653606 
0.159982 
0.816505 
0.999252 
0.423901 
0.506686 
0.875029 
0.606814 
0.719409 
0.111000 
0.570740 
0.432841 
0.757018 
0.201827 
0.113706 
0.064720 
0.756916 
0.490459 
0.140187 
0.115732 
0.108519 
0.876956 
0.991790 
0.010638 
0.797475 
0.169780 
0.500313 
0.761860 
0.577644 
0.470442 
0.720620 
0.466510 
0.625468 
0.248074 
0.381336 
0.116406 
0.433917 
0.842497 
0.852642 
0.360842 
0.676924 
0.067050 
0.917634 
0.674075 
0.179195 
0.735686 
0.673919 
0.549034 
0.620451 
0.926920 
0.751100 
0.731578 
0.626926 
0.749196 
0.739368 
0.559595 
0.115815 
0.497199 
0.415933 
0.577739 
0.055446 
0.885013 
0.411966 
0.908836 
0.801762 
0.214710 
0.639126 
0.795242 
0.629904 
0.792621 
0.585078 
0.400012 
0.999911 
0.496030 
0.777866 
0.592050 
0.580099 
0.718288 
0.270041 
0.577236 
0.603954 
0.647580 
0.870266 
0.556275 
0.314029 
0.882334 
0.381236 
0.437978 
0.102947 
0.236310 
0.662650 
0.164641 
0.127743 
0.972746 
0.948184 
0.125472 
0.810118 
0.647152 
0.677598 
0.382838 
0.354772 
0.651592 
0.307037 
0.376967 
0.689308 
0.195567 
0.886794 
0.352485 
0.213467 
0.744325 
0.866146 
0.318734 
0.963663 
0.278471 
0.259149 
0.518764 
0.869259 
0.630045 
0.171931 
0.651127 
0.485223 
0.143817 
0.129410 
0.998020 
0.719914 
0.600403 
0.977219 
0.126722 
0.810818 
0.414059 
0.084382 
0.206731 
0.534868 
0.529205 
0.348886 
0.722223 
0.396796 
0.945260 
0.982377 
0.808481 
0.131790 
0.987378 
0.861464 
0.619715 
0.555841 
0.021684 
0.443627 
0.032596 
0.839157 
0.705213 
0.511102 
0.088779 
0.102864 
0.832862 
0.911867 
0.751449 
0.610136 
0.553432 
0.530014 
0.943759 
0.752495 
0.177768 
0.743419 
0.639796 
0.052684 
0.452831 
0.732461 
0.476186 
0.261538 
0.674566 
0.424948 
0.107745 
0.862909 
0.906927 
0.723048 
0.260207 
0.300119 
0.093164 
0.809966 
0.098659 
0.159182 
0.377377 
0.570964 
0.188841 
0.846153 
0.285634 
0.650419 
0.586230 
0.773782 
0.954494 
0.179647 
0.329636 
0.184367 
0.659976 
0.219407 
0.575683 
0.506471 
0.263824 
0.098298 
0.089669 
0.060378 
0.775890 
0.379881 
0.665427 
0.838494 
0.562607 
0.742140 
0.145831 
0.985141 
0.265010 
0.025353 
0.108185 
0.262248 
0.598736 
0.952048 
0.064982 
0.158756 
0.209409 
0.530786 
0.919981 
0.115227 
0.624836 
0.624600 
0.645400 
0.230085 
0.038095 
0.258270 
0.747917 
0.234016 
0.104571 
0.522250 
0.454148 
0.871601 
0.992832 
0.529700 
0.663949 
0.992933 
0.226519 
0.108721 
0.271628 
0.244321 
0.307930 
0.374897 
0.893474 
0.609465 
0.270054 
0.790857 
0.927881 
0.894849 
0.725617 
0.438020 
0.805020 
0.965133 
0.993683 
0.833376 
0.545542 
0.925515 
0.132526 
0.363764 
0.773500 
0.208075 
0.114961 
0.147911 
0.932110 
0.977339 
0.136471 
0.662511 
0.815956 
0.769059 
0.571161 
0.502244 
0.210292 
0.377260 
0.604870 
0.054930 
0.210743 
0.951393 
0.061639 
0.973196 
0.507564 
0.633511 
0.412351 
0.388475 
0.093473 
0.995483 
0.090949 
0.577509 
0.195285 
0.159456 
0.976926 
0.197518 
0.681089 
0.070034 
0.058294 
0.745264 
0.660135 
0.889021 
0.772908 
0.259899 
0.117074 
0.666815 
0.162921 
0.214192 
0.925137 
0.780394 
0.085697 
0.314636 
0.084202 
0.176526 
0.865593 
0.016163 
0.649458 
0.436009 
0.997992 
0.257799 
0.820165 
0.505365 
0.671032 
0.036518 
0.749943 
0.287973 
0.960659 
0.799289 
0.652471 
0.085218 
0.263118 
0.216969 
0.600422 
0.286674 
0.130865 
0.445257 
0.440275 
0.700949 
0.852959 
0.678993 
0.840110 
0.728772 
0.479328 
0.068940 
0.668611 
0.352162 
0.789731 
0.004839 
0.333022 
0.108110 
0.005998 
0.810672 
0.963756 
0.839057 
0.025643 
0.975615 
0.164214 
0.949953 
0.852644 
0.394644 
0.788631 
0.526437 
0.827554 
0.695773 
0.863921 
0.921383 
0.690631 
0.430211 
0.559069 
0.272393 
0.110411 
0.670908 
0.943872 
0.649998 
0.514503 
0.253785 
0.364281 
0.469394 
0.107556 
0.699662 
0.226791 
0.675133 
0.967187 
0.503636 
0.607152 
0.411074 
0.915124 
0.496464 
0.072081 
0.468288 
0.518411 
0.934492 
0.999145 
0.633690 
0.421489 
0.958024 
0.516987 
0.008756 
0.167760 
0.538183 
0.238640 
0.817851 
0.614117 
0.464999 
0.244357 
0.912681 
0.431325 
0.272325 
0.963808 
0.727256 
0.986143 
0.112420 
0.450386 
0.638192 
0.092782 
0.394049 
0.787619 
0.516943 
0.254928 
0.579544 
0.389154 
0.516583 
0.210310 
0.684249 
0.174610 
0.673693 
0.762167 
0.746280 
0.735723 
0.298267 
0.976083 
0.035030 
0.741195 
0.257464 
0.200667 
0.611185 
0.181984 
0.610144 
0.685369 
0.994046 
0.938280 
0.676419 
0.567856 
0.957382 
0.717936 
0.354081 
0.031641 
0.785301 
0.554209 
0.582739 
0.088370 
0.241588 
0.363988 
0.548768 
0.143244 
0.499071 
0.881247 
0.126559 
0.071722 
0.424351 
0.066904 
0.457610 
0.058817 
0.536296 
0.532969 
0.612019 
0.202792 
0.321460 
0.774791 
0.908335 
0.387061 
0.336419 
0.198046 
0.556951 
0.680954 
0.787379 
0.483928 
0.385782 
0.845358 
0.931023 
0.698705 
0.133044 
0.076023 
0.718496 
0.763505 
0.231267 
0.907227 
0.765616 
0.714797 
0.587235 
0.666413 
0.404867 
0.597206 
0.240632 
0.308779 
0.641726 
0.495160 
0.152190 
0.851239 
0.777746 
0.569904 
0.372549 
0.437561 
0.083555 
0.309502 
0.805227 
0.447821 
0.520180 
0.668121 
0.102347 
0.149560 
0.656687 
0.935711 
0.499318 
0.032894 
0.845497 
0.271381 
0.101182 
0.570567 
0.518223 
0.769336 
0.223789 
0.218077 
0.217836 
0.166336 
0.604934 
0.130978 
0.341234 
0.127142 
0.868278 
0.140668 
0.206093 
0.797794 
0.522274 
0.851313 
0.019736 
0.696118 
0.647944 
0.002946 
0.514762 
0.599658 
0.456508 
0.526335 
0.104712 
0.887856 
0.197530 
0.891893 
0.040357 
0.287647 
0.486568 
0.745675 
0.554705 
0.919645 
0.481048 
0.965765 
0.619967 
0.791378 
0.694174 
0.976735 
0.980191 
0.074837 
0.789343 
0.492862 
0.527171 
0.166146 
0.411830 
0.634180 
0.659016 
0.083868 
0.564784 
0.325360 
0.331989 
0.745365 
0.343767 
0.692620 
0.856634 
0.452228 
0.603488 
0.823856 
0.541895 
0.628679 
0.205850 
0.720248 
0.203113 
0.722844 
0.842353 
0.432659 
0.692908 
0.710854 
0.318409 
0.492921 
0.523030 
0.560460 
0.655448 
0.111566 
0.093373 
0.326573 
0.709930 
0.787394 
0.723854 
0.808216 
0.682115 
0.309467 
0.211135 
0.545860 
0.275778 
0.995256 
0.274122 
0.176685 
0.546915 
0.993919 
0.788447 
0.429856 
0.586297 
0.893994 
0.352724 
0.236229 
0.298968 
0.757360 
0.945193 
0.856460 
0.519203 
0.238928 
0.662099 
0.901155 
0.713252 
0.623263 
0.185786 
0.504090 
0.243200 
0.463285 
0.427094 
0.174479 
0.475814 
0.005123 
0.103648 
0.019175 
0.274985 
0.667787 
0.495458 
0.162756 
0.447813 
0.394700 
0.722763 
0.482216 
0.611995 
0.799569 
0.363077 
0.232986 
0.794888 
0.686222 
0.340180 
0.412374 
0.767874 
0.650829 
0.474688 
0.073394 
0.534877 
0.679761 
0.741316 
0.301806 
0.449384 
0.788606 
0.100244 
0.805763 
0.452348 
0.612337 
0.548703 
0.049180 
0.568591 
0.302047 
0.507317 
0.474069 
0.681776 
0.605914 
0.601110 
0.855652 
0.946987 
0.010553 
0.358535 
0.895128 
0.416985 
0.265905 
0.058908 
0.072362 
0.191572 
0.757396 
0.546884 
0.481612 
0.456373 
0.261070 
0.807311 
0.483400 
0.503346 
0.742696 
0.493467 
0.693930 
0.882917 
0.193969 
0.042903 
0.078337 
0.606316 
0.355987 
0.068296 
0.855731 
0.270215 
0.499007 
0.817174 
0.248883 
0.972116 
0.352415 
0.033306 
0.766637 
0.872796 
0.089391 
0.393632 
0.765887 
0.260336 
0.471513 
0.726333 
0.484188 
0.743160 
0.298133 
0.727787 
0.911554 
0.489077 
0.916766 
0.090841 
0.767810 
0.580995 
0.785200 
0.848271 
0.896444 
0.529476 
0.896382 
0.490948 
0.358046 
0.687114 
0.320141 
0.605778 
0.311952 
0.973385 
0.679482 
0.057516 
0.670962 
0.865841 
0.196055 
0.088274 
0.615276 
0.943150 
0.518421 
0.104480 
0.999904 
0.381288 
0.302354 
0.662421 
0.310515 
0.817821 
0.109410 
0.856118 
0.768340 
0.482974 
0.337718 
0.032317 
0.150598 
0.099394 
0.519524 
0.636947 
0.168413 
0.515190 
0.799542 
0.907786 
0.153699 
0.210875 
0.173448 
0.138911 
0.680668 
0.994370 
0.374789 
0.085574 
0.248866 
0.685021 
0.151732 
0.163271 
0.103848 
0.372226 
0.009559 
0.655975 
0.971478 
0.630281 
0.132012 
0.719625 
0.733411 
0.441369 
0.089403 
0.594628 
0.919362 
0.716221 
0.524201 
0.254525 
0.794011 
0.942994 
0.901792 
0.418081 
0.694508 
0.589431 
0.568034 
0.942860 
0.648752 
0.582706 
0.545565 
0.306753 
0.601262 
0.410218 
0.538726 
0.365744 
0.054845 
0.785256 
0.790198 
0.863860 
0.896818 
0.815709 
0.626272 
0.752999 
0.647809 
0.725410 
0.966110 
0.406057 
0.598917 
0.998110 
0.229817 
0.528181 
0.134004 
0.203423 
0.930096 
0.115081 
0.166965 
0.182233 
0.793964 
0.156154 
0.487185 
0.125804 
0.386194 
0.769683 
0.068318 
0.218280 
0.626713 
0.159953 
0.325886 
0.158389 
0.037463 
0.647216 
0.762450 
0.493341 
0.586508 
0.439629 
0.837651 
0.404580 
0.778784 
0.028295 
0.558089 
0.808256 
0.353939 
0.644739 
0.127598 
0.531835 
0.548204 
0.670770 
0.631023 
0.602846 
0.029688 
0.966799 
0.990281 
0.650650 
0.482573 
0.598534 
0.552938 
0.230525 
0.433247 
0.577362 
0.728069 
0.660971 
0.932736 
0.495330 
0.006099 
0.500299 
0.525300 
0.716460 
0.543973 
0.561733 
0.043991 
0.365102 
0.277504 
0.016404 
0.703243 
0.406444 
0.108703 
0.973380 
0.602291 
0.700312 
0.135670 
0.199590 
0.512792 
0.493819 
0.614226 
0.300447 
0.617970 
0.228448 
0.518913 
0.377610 
0.491145 
0.677695 
0.018408 
0.384814 
0.563035 
0.928907 
0.139776 
0.217985 
0.673552 
0.393055 
0.073969 
0.204247 
0.775483 
0.538414 
0.118695 
0.912465 
0.797886 
0.064953 
0.659347 
0.651609 
0.599571 
0.996413 
0.705041 
0.620198 
0.660594 
0.608951 
0.647132 
0.349712 
0.607204 
0.269799 
0.504315 
0.023626 
0.081856 
0.755111 
0.158253 
0.763872 
0.393609 
0.393931 
0.795417 
0.572971 
0.920164 
0.188462 
0.488871 
0.455703 
0.003253 
0.670570 
0.274504 
0.597031 
0.308342 
0.308771 
0.506870 
0.967532 
0.316883 
0.850816 
0.665478 
0.684164 
0.746767 
0.919624 
0.127186 
0.616212 
0.680930 
0.384313 
0.156301 
0.956084 
0.904914 
0.885529 
0.081650 
0.288265 
0.864240 
0.274299 
0.144671 
0.490774 
0.444649 
0.219326 
0.216532 
0.259569 
0.576756 
0.540437 
0.132918 
0.951203 
0.866704 
0.696556 
0.013701 
0.266106 
0.441324 
0.336717 
0.210929 
0.088710 
0.957083 
0.700678 
0.292698 
0.372136 
0.486579 
0.928553 
0.198200 
0.149209 
0.758680 
0.137802 
0.039274 
0.082925 
0.726013 
0.095850 
0.949091 
0.367882 
0.991709 
0.660104 
0.373678 
0.404172 
0.916248 
0.381837 
0.542533 
0.357379 
0.467348 
0.720126 
0.149959 
0.362578 
0.853339 
0.074350 
0.601380 
0.395831 
0.727880 
0.480827 
0.262515 
0.095525 
0.487443 
0.459351 
0.306405 
0.748241 
0.691515 
0.298074 
0.736734 
0.281441 
0.187127 
0.050561 
0.775568 
0.966045 
0.321244 
0.146102 
0.544400 
0.735031 
0.661403 
0.201187 
0.349169 
0.491690 
0.840268 
0.384659 
0.959272 
0.490632 
0.049530 
0.446945 
0.808570 
0.642396 
0.753556 
0.022727 
0.974929 
0.624170 
0.429033 
0.760225 
0.105922 
0.234929 
0.454523 
0.164589 
0.239833 
0.879144 
0.768775 
0.809355 
0.834266 
0.508504 
0.418843 
0.501844 
0.498233 
0.807855 
0.612844 
0.070140 
0.839826 
0.955055 
0.610837 
0.335851 
0.644694 
0.377401 
0.977152 
0.000045 
0.762374 
0.227481 
0.270040 
0.568001 
0.389364 
0.033299 
0.663110 
0.890935 
0.942189 
0.369686 
0.320870 
0.868220 
0.165330 
0.703859 
0.751331 
0.625533 
0.332652 
0.888017 
0.901956 
0.169199 
0.726258 
0.216684 
0.803757 
0.749388 
0.962971 
0.659153 
0.391974 
0.900036 
0.913350 
0.676995 
0.262419 
0.473244 
0.808566 
0.565745 
0.472459 
0.624202 
0.955536 
0.701847 
0.942762 
0.005254 
0.304885 
0.205930 
0.072300 
0.145242 
0.075885 
0.404544 
0.169525 
0.206102 
0.950572 
0.271436 
0.022808 
0.328961 
0.845359 
0.950221 
0.360899 
0.632900 
0.144797 
0.596529 
0.870389 
0.631711 
0.162378 
0.079700 
0.516470 
0.317832 
0.794774 
0.762861 
0.402593 
0.382023 
0.663353 
0.971166 
0.378811 
0.670781 
0.815248 
0.870841 
0.223367 
0.132254 
0.798282 
0.730937 
0.865794 
0.395104 
0.511035 
0.966603 
0.688649 
0.119344 
0.821351 
0.453880 
0.366163 
0.108181 
0.191450 
0.707904 
0.746303 
0.115889 
0.746326 
0.504609 
0.965188 
0.909752 
0.199940 
0.392900 
0.464807 
0.004898 
0.317564 
0.298783 
0.644320 
0.079968 
0.016687 
0.466778 
0.144273 
0.799268 
0.293476 
0.446876 
0.646988 
0.935418 
0.567242 
0.628797 
0.194319 
0.920695 
0.114139 
0.337812 
0.612664 
0.050007 
0.459684 
0.906063 
0.194129 
0.721071 
0.046364 
0.236361 
0.513831 
0.951404 
0.251374 
0.843794 
0.647390 
0.688659 
0.288488 
0.616029 
0.596104 
0.712815 
0.273716 
0.337385 
0.436150 
0.370564 
0.069812 
0.329193 
0.751508 
0.591821 
0.732812 
0.372393 
0.805756 
0.345385 
0.885386 
0.690764 
0.677827 
0.238757 
0.786848 
0.548547 
0.429984 
0.737797 
0.158105 
0.278217 
0.992095 
0.143602 
0.513518 
0.698369 
0.482586 
0.818353 
0.054794 
0.917209 
0.539502 
0.410759 
0.634736 
0.003106 
0.206039 
0.893480 
0.725467 
0.923149 
0.372942 
0.040136 
0.570842 
0.138676 
0.733322 
0.937853 
0.496461 
0.011787 
0.101168 
0.335009 
0.493875 
0.560348 
0.772118 
0.989765 
0.984246 
0.217477 
0.134686 
0.667755 
0.954452 
0.481613 
0.474311 
0.745681 
0.654710 
0.709502 
0.605855 
0.597151 
0.319727 
0.651861 
0.830280 
0.510087 
0.029665 
0.580662 
0.178889 
0.595264 
0.602364 
0.928574 
0.544603 
0.143250 
0.605846 
0.451291 
0.849969 
0.435471 
0.967771 
0.327083 
0.287309 
0.810149 
0.177161 
0.548148 
0.730862 
0.600356 
0.181677 
0.442095 
0.285422 
0.086799 
0.827466 
0.224400 
0.496675 
0.609600 
0.548529 
0.124043 
0.794121 
0.790456 
0.185910 
0.588017 
0.810049 
0.492426 
0.197722 
0.106785 
0.738358 
0.575083 
0.411809 
0.273157 
0.952387 
0.765960 
0.492849 
0.305466 
0.963683 
0.624263 
0.993243 
0.428715 
0.408037 
0.884896 
0.445661 
0.223405 
0.765008 
0.496916 
0.665632 
0.270310 
0.093481 
0.142291 
0.476779 
0.222143 
0.554460 
0.807295 
0.213343 
0.660429 
0.825448 
0.312014 
0.027636 
0.477234 
0.872442 
0.136983 
0.276557 
0.093249 
0.233301 
0.086962 
0.565498 
0.324969 
0.751829 
0.982303 
0.568236 
0.338503 
0.211970 
0.575058 
0.995603 
0.093584 
0.861353 
0.751944 
0.931163 
0.055937 
0.130993 
0.598620 
0.010380 
0.460509 
0.767557 
0.322229 
0.708555 
0.678567 
0.675257 
0.040634 
0.941386 
0.880767 
0.049174 
0.472099 
0.572657 
0.649299 
0.776593 
0.194506 
0.058106 
0.588037 
0.132558 
0.901599 
0.181839 
0.161421 
0.010677 
0.445233 
0.026354 
0.930410 
0.398679 
0.590816 
0.846458 
0.415326 
0.383666 
0.271794 
0.040300 
0.314282 
0.131856 
0.111753 
0.237797 
0.658328 
0.527044 
0.026847 
0.215130 
0.697384 
0.938706 
0.823357 
0.165997 
0.914741 
0.055957 
0.469311 
0.714126 
0.317248 
0.988411 
0.229695 
0.489936 
0.353224 
0.642548 
0.300288 
0.945140 
0.969192 
0.211699 
0.019156 
0.955293 
0.612217 
0.529257 
0.222168 
0.971699 
0.349857 
0.044280 
0.216262 
0.712409 
0.464156 
0.070216 
0.113020 
0.522430 
0.484652 
0.539312 
0.218877 
0.657833 
0.195318 
0.712185 
0.701676 
0.067792 
0.388006 
0.223409 
0.831869 
0.224240 
0.801899 
0.518387 
0.523991 
0.710619 
0.378935 
0.763419 
0.783655 
0.888705 
0.471591 
0.034495 
0.762400 
0.661555 
0.750384 
0.705986 
0.501630 
0.902588 
0.796461 
0.126484 
0.815981 
0.186243 
0.192958 
0.043943 
0.555574 
0.534850 
0.224298 
0.768197 
0.094475 
0.846306 
0.866458 
0.551437 
0.997277 
0.241285 
0.278703 
0.160931 
0.762278 
0.613402 
0.442765 
0.548773 
0.220756 
0.249324 
0.396359 
0.597465 
0.598441 
0.996132 
0.996783 
0.933766 
0.810420 
0.734738 
0.737545 
0.911768 
0.083580 
0.723642 
0.258824 
0.059050 
0.450561 
0.579255 
0.546651 
0.562472 
0.462045 
0.584323 
0.708599 
0.428826 
0.282242 
0.633636 
0.518983 
0.546447 
0.133653 
0.310143 
