0.000001 
0.008679 
0.875407 
0.966302 
0.642996 
0.838866 
0.825738 
0.172479 
0.860971 
0.339714 
0.574422 
0.303804 
0.032757 
0.540569 
0.340471 
0.288953 
0.437514 
0.304667 
0.537289 
0.207957 
0.128041 
0.991946 
0.630938 
0.175097 
0.854073 
0.399082 
0.364014 
0.989064 
0.196129 
0.343287 
0.620369 
0.545801 
0.277626 
0.060370 
0.638146 
0.314810 
0.011757 
0.596172 
0.859229 
0.060461 
0.160586 
0.966124 
0.648267 
0.430384 
0.471621 
0.534099 
0.608644 
0.482902 
0.140206 
0.435353 
0.980249 
0.042709 
0.804527 
0.691847 
0.871686 
0.424862 
0.656485 
0.547778 
0.500822 
0.311785 
0.165839 
0.260279 
0.515890 
0.567788 
0.807532 
0.186102 
0.820144 
0.154259 
0.622780 
0.070553 
0.787724 
0.284168 
0.013642 
0.283717 
0.423543 
0.489860 
0.070420 
0.546769 
0.543138 
0.519317 
0.156842 
0.049386 
0.030202 
0.597281 
0.496929 
0.886069 
0.163650 
0.472986 
0.481906 
0.398788 
0.426585 
0.613120 
0.710911 
0.275910 
0.220536 
0.544963 
0.193550 
0.997575 
0.235299 
0.672855 
0.672629 
0.870109 
0.920362 
0.518520 
0.765424 
0.475455 
0.965185 
0.867951 
0.656614 
0.704874 
0.814452 
0.495083 
0.856550 
0.033488 
0.827867 
0.957864 
0.821930 
0.182183 
0.941430 
0.613354 
0.643833 
0.908283 
0.518256 
0.326557 
0.451229 
0.805807 
0.189928 
0.128105 
0.061082 
0.613563 
0.151346 
0.672644 
0.133083 
0.721581 
0.612951 
0.868506 
0.987399 
0.212805 
0.614101 
0.189965 
0.743406 
0.430449 
0.548389 
0.766068 
0.300082 
0.485353 
0.322263 
0.278127 
0.472637 
0.608185 
0.762635 
0.609856 
0.854511 
0.768164 
0.530734 
0.047888 
0.859494 
0.523784 
0.240399 
0.392135 
0.607952 
0.856510 
0.362870 
0.749414 
0.404621 
0.468076 
0.955910 
0.985631 
0.501325 
0.762839 
0.037156 
0.488081 
0.184044 
0.220556 
0.878194 
0.809494 
0.160983 
0.640616 
0.836289 
0.516864 
0.935778 
0.622276 
0.600888 
0.119547 
0.226910 
0.675475 
0.710458 
0.667936 
0.994371 
0.389284 
0.693558 
0.629922 
0.105066 
0.836656 
0.675685 
0.230477 
0.629682 
0.066502 
0.707218 
0.217325 
0.589402 
0.079833 
0.747173 
0.744359 
0.446127 
0.058062 
0.851669 
0.005147 
0.508045 
0.708226 
0.157588 
0.578754 
0.111382 
0.002873 
0.290178 
0.013485 
0.647349 
0.998843 
0.547841 
0.562931 
0.173476 
0.608509 
0.211033 
0.824912 
0.300005 
0.185354 
0.237964 
0.456083 
0.392474 
0.306214 
0.546990 
0.263880 
0.030716 
0.238672 
0.367254 
0.435307 
0.203012 
0.024968 
0.639980 
0.147246 
0.757338 
0.588068 
0.655649 
0.492746 
0.574758 
0.960289 
0.574524 
0.020369 
0.347368 
0.211491 
0.532555 
0.659902 
0.974811 
0.647386 
0.614504 
0.967945 
0.255601 
0.886104 
0.743240 
0.635425 
0.589647 
0.192958 
0.037119 
0.854623 
0.647009 
0.281382 
0.195166 
0.162065 
0.823401 
0.896424 
0.204971 
0.945072 
0.827474 
0.347627 
0.559149 
0.615398 
0.994856 
0.544196 
0.306510 
0.507938 
0.910877 
0.109927 
0.549696 
0.732636 
0.408500 
0.656160 
0.076238 
0.328526 
0.541353 
0.520209 
0.160329 
0.645381 
0.923878 
0.622134 
0.200039 
0.061505 
0.715852 
0.326406 
0.901641 
0.872101 
0.399722 
0.133278 
0.010918 
0.498392 
0.473766 
0.592695 
0.422250 
0.751563 
0.524669 
0.116394 
0.237561 
0.690931 
0.470714 
0.287682 
0.079705 
0.600025 
0.615258 
0.637194 
0.311669 
0.225620 
0.990296 
0.911676 
0.530883 
0.547239 
0.452138 
0.083427 
0.160029 
0.609402 
0.224106 
0.554698 
0.810202 
0.056618 
0.580940 
0.856523 
0.574330 
0.768912 
0.104822 
0.735991 
0.793898 
0.043886 
0.599810 
0.008624 
0.946746 
0.955437 
0.026675 
0.331513 
0.730881 
0.913348 
0.640900 
0.610140 
0.621498 
0.514157 
0.443246 
0.632692 
0.654432 
0.031462 
0.786823 
0.139126 
0.293673 
0.756577 
0.793754 
0.625726 
0.580181 
0.098594 
0.063585 
0.665490 
0.893120 
0.674173 
0.826122 
0.627058 
0.968684 
0.672245 
0.428522 
0.165377 
0.490823 
0.270542 
0.007496 
0.979368 
0.232041 
0.905019 
0.646493 
0.610133 
0.508180 
0.978523 
0.033786 
0.837432 
0.717601 
0.721403 
0.627825 
0.856891 
0.761013 
0.338137 
0.067174 
0.996075 
0.032934 
0.529005 
0.992571 
0.136391 
0.321188 
0.212135 
0.350914 
0.818301 
0.189260 
0.890143 
0.635710 
0.375370 
0.840416 
0.868772 
0.447842 
0.886713 
0.977353 
0.366402 
0.111188 
0.744717 
0.451285 
0.739829 
0.304179 
0.334072 
0.743777 
0.653977 
0.397520 
0.118277 
0.884988 
0.992543 
0.667231 
0.156940 
0.695491 
0.110106 
0.553487 
0.461876 
0.753580 
0.411392 
0.273026 
0.740076 
0.453235 
0.514002 
0.838074 
0.517615 
0.555227 
0.703399 
0.023739 
0.975814 
0.505229 
0.379409 
0.719847 
0.466761 
0.860145 
0.451407 
0.797859 
0.612487 
0.065201 
0.841117 
0.659495 
0.124116 
0.017602 
0.829800 
0.454718 
0.445841 
0.246739 
0.944106 
0.588485 
0.670244 
0.786889 
0.246119 
0.524579 
0.595770 
0.103014 
0.354855 
0.043332 
0.277289 
0.404597 
0.066317 
0.595094 
0.742022 
0.155452 
0.689474 
0.986285 
0.499753 
0.342668 
0.218858 
0.353074 
0.113848 
0.440939 
0.865539 
0.111568 
0.117291 
0.306053 
0.839794 
0.422197 
0.860531 
0.947489 
0.450462 
0.920042 
0.140951 
0.967350 
0.258126 
0.331689 
0.704220 
0.829055 
0.925671 
0.757709 
0.820965 
0.955513 
0.304526 
0.163872 
0.189862 
0.013638 
0.211589 
0.171288 
0.831210 
0.150804 
0.563909 
0.615277 
0.956134 
0.739612 
0.653710 
0.900473 
0.242135 
0.555644 
0.709439 
0.547080 
0.770558 
0.764924 
0.086064 
0.480101 
0.054483 
0.692850 
0.725169 
0.923219 
0.536222 
0.290815 
0.723512 
0.059685 
0.124422 
0.155472 
0.020036 
0.747843 
0.001746 
0.348290 
0.708665 
0.532227 
0.137303 
0.649986 
0.307832 
0.735413 
0.094538 
0.895360 
0.323118 
0.644429 
0.919611 
0.894555 
0.786998 
0.068333 
0.467792 
0.182936 
0.613230 
0.550741 
0.310685 
0.675283 
0.476626 
0.648488 
0.142056 
0.530723 
0.869361 
0.351009 
0.410780 
0.972240 
0.438682 
0.929953 
0.721769 
0.779813 
0.319101 
0.124972 
0.402187 
0.549047 
0.835121 
0.876911 
0.249482 
0.046046 
0.899481 
0.580718 
0.126146 
0.139914 
0.536930 
0.188641 
0.494416 
0.649408 
0.603925 
0.163433 
0.811153 
0.055439 
0.758218 
0.368260 
0.347011 
0.210975 
0.852697 
0.281349 
0.625415 
0.342626 
0.511550 
0.625471 
0.282854 
0.935267 
0.026458 
0.675103 
0.460100 
0.907266 
0.427117 
0.551726 
0.860278 
0.692864 
0.957307 
0.465553 
0.545684 
0.312378 
0.132540 
0.608111 
0.514783 
0.961839 
0.630730 
0.673830 
0.056867 
0.757302 
0.971796 
0.975597 
0.862860 
0.087420 
0.269713 
0.071315 
0.586155 
0.502967 
0.374606 
0.009850 
0.555814 
0.571425 
0.943137 
0.302805 
0.238417 
0.073277 
0.570153 
0.564963 
0.336838 
0.231338 
0.094871 
0.493429 
0.066834 
0.286105 
0.561923 
0.242433 
0.570672 
0.282552 
0.859068 
0.353992 
0.551917 
0.067235 
0.011546 
0.060946 
0.319560 
0.847188 
0.685445 
0.275614 
0.251089 
0.047928 
0.526959 
0.592508 
0.284697 
0.909986 
0.129028 
0.571757 
0.515919 
0.047928 
0.519297 
0.817014 
0.547087 
0.891507 
0.549902 
0.210713 
0.459240 
0.439370 
0.488115 
0.752668 
0.098553 
0.382878 
0.034829 
0.364617 
0.120299 
0.862881 
0.432868 
0.216144 
0.734631 
0.944328 
0.316060 
0.014132 
0.512165 
0.965552 
0.035482 
0.352871 
0.701003 
0.757664 
0.052689 
0.548540 
0.308072 
0.773671 
0.094002 
0.885112 
0.076838 
0.416356 
0.699531 
0.022674 
0.082472 
0.107113 
0.242933 
0.968382 
0.592306 
0.880994 
0.862847 
0.863195 
0.712083 
0.978834 
0.259875 
0.721616 
0.193918 
0.181596 
0.081676 
0.729398 
0.991668 
0.968285 
0.959357 
0.916111 
0.079187 
0.889119 
0.426299 
0.801484 
0.541836 
0.635035 
0.036730 
0.312936 
0.523714 
0.061615 
0.565098 
0.601139 
0.349590 
0.559872 
0.773647 
0.685661 
0.901016 
0.369152 
0.345723 
0.568919 
0.827127 
0.529621 
0.340510 
0.952958 
0.366536 
0.371413 
0.331781 
0.245913 
0.063328 
0.351275 
0.871247 
0.040761 
0.068750 
0.482340 
0.687853 
0.750959 
0.363131 
0.135327 
0.444172 
0.201845 
0.407141 
0.811011 
0.667261 
0.659855 
0.182219 
0.552505 
0.952315 
0.551785 
0.851934 
0.451386 
0.440867 
0.647818 
0.884035 
0.974000 
0.014727 
0.519791 
0.124478 
0.094605 
0.028462 
0.364085 
0.182976 
0.285710 
0.935188 
0.697994 
0.187868 
0.501500 
0.716573 
0.450704 
0.981520 
0.413033 
0.838093 
0.826788 
0.824010 
0.136047 
0.538550 
0.412761 
0.268925 
0.829928 
0.591622 
0.391978 
0.968306 
0.317476 
0.822221 
0.067520 
0.801856 
0.789548 
0.935932 
0.209385 
0.126750 
0.281668 
0.990469 
0.811776 
0.515968 
0.877405 
0.551773 
0.647086 
0.581319 
0.227164 
0.939265 
0.234363 
0.936257 
0.668942 
0.914692 
0.220351 
0.442747 
0.245086 
0.159963 
0.496007 
0.395289 
0.630352 
0.325134 
0.523889 
0.009174 
0.195331 
0.921979 
0.703625 
0.824059 
0.963443 
0.581975 
0.251818 
0.302222 
0.449499 
0.737841 
0.901759 
0.867309 
0.854205 
0.620487 
0.523650 
0.981294 
0.614974 
0.864885 
0.119980 
0.501489 
0.523403 
0.835017 
0.130958 
0.010476 
0.077139 
0.476151 
0.668793 
0.397105 
0.144661 
0.322703 
0.670649 
0.595032 
0.704949 
0.083146 
0.428230 
0.257304 
0.513123 
0.060888 
0.336764 
0.989442 
0.547110 
0.285298 
0.005251 
0.248105 
0.899277 
0.155687 
0.638535 
0.849578 
0.855647 
0.860834 
0.042581 
0.655148 
0.074476 
0.715236 
0.963182 
0.191773 
0.129559 
0.496737 
0.657997 
0.956015 
0.746188 
0.189843 
0.691278 
0.301633 
0.543672 
0.490926 
0.001062 
0.853983 
0.894579 
0.197311 
0.199952 
0.588019 
0.833403 
0.001185 
0.924003 
0.718779 
0.515794 
0.949295 
0.792944 
0.005472 
0.972862 
0.889562 
0.863048 
0.243920 
0.564276 
0.787441 
0.522762 
0.054092 
0.117800 
0.856284 
0.557963 
0.680642 
0.543156 
0.826690 
0.171934 
0.692810 
0.055483 
0.497763 
0.900013 
0.516326 
0.896541 
0.160029 
0.610701 
0.059379 
0.985182 
0.946123 
0.495980 
0.928165 
0.665929 
0.265873 
0.532115 
0.263842 
0.397335 
0.017016 
0.984134 
0.338780 
0.883256 
0.876978 
0.366235 
0.304574 
0.978511 
0.826692 
0.216020 
0.645170 
0.380263 
0.073956 
0.977861 
0.913423 
0.898864 
0.204979 
0.087356 
0.184462 
0.252384 
0.818547 
0.323774 
0.672863 
0.815319 
0.067062 
0.116596 
0.627725 
0.177696 
0.539340 
0.682628 
0.929469 
0.588685 
0.025753 
0.824329 
0.494378 
0.016740 
0.352207 
0.540397 
0.451789 
0.217501 
0.535514 
0.375575 
0.281029 
0.248120 
0.148375 
0.740408 
0.044729 
0.765977 
0.771279 
0.893817 
0.378626 
0.561357 
0.720481 
0.120728 
0.067304 
0.176063 
0.094595 
0.857871 
0.234917 
0.253769 
0.088785 
0.207714 
0.044610 
0.756369 
0.287267 
0.092815 
0.949651 
0.786737 
0.694371 
0.286444 
0.258495 
0.520751 
0.260933 
0.495425 
0.615396 
0.957986 
0.869676 
0.649837 
0.807166 
0.044422 
0.593201 
0.922509 
0.600955 
0.243132 
0.317927 
0.397951 
0.357997 
0.863607 
0.650997 
0.302566 
0.227771 
0.139130 
0.355978 
0.928909 
0.167724 
0.939426 
0.940158 
0.232676 
0.585774 
0.107501 
0.771807 
0.764318 
0.886161 
0.700796 
0.283804 
0.900817 
0.036598 
0.108616 
0.511070 
0.555803 
0.379491 
0.110421 
0.837883 
0.302582 
0.489547 
0.815068 
0.842795 
0.858521 
0.166281 
0.686291 
0.488481 
0.899726 
0.691957 
0.715485 
0.149295 
0.203131 
0.015057 
0.068749 
0.468573 
0.312884 
0.641197 
0.597549 
0.997757 
0.294963 
0.450365 
0.284104 
0.928633 
0.542457 
0.079701 
0.528820 
0.884461 
0.139972 
0.512769 
0.109294 
0.899619 
0.899757 
0.219689 
0.308539 
0.616171 
0.981526 
0.509876 
0.486683 
0.687045 
0.160742 
0.597843 
0.939522 
0.542842 
0.540932 
0.443653 
0.481516 
0.846685 
0.226494 
0.682669 
0.617517 
0.601792 
0.312048 
0.592027 
0.193288 
0.594647 
0.232597 
0.253116 
0.116012 
0.808755 
0.737154 
0.346509 
0.768467 
0.620645 
0.174558 
0.803205 
0.471681 
0.544319 
0.374800 
0.262286 
0.240584 
0.497591 
0.013061 
0.514725 
0.983316 
0.592616 
0.096001 
0.489522 
0.402375 
0.723689 
0.034277 
0.086175 
0.337095 
0.551627 
0.190068 
0.476571 
0.736708 
0.858199 
0.755082 
0.670342 
0.435083 
0.446613 
0.227406 
0.020302 
0.219377 
0.064699 
0.404283 
0.792338 
0.831184 
0.716738 
0.215103 
0.232897 
0.302517 
0.403090 
0.739318 
0.711968 
0.047208 
0.418384 
0.772045 
0.754858 
0.899730 
0.764898 
0.647670 
0.390898 
0.822360 
0.405710 
0.768366 
0.924397 
0.332045 
0.683699 
0.935339 
0.237119 
0.255551 
0.047391 
0.496174 
0.191072 
0.348259 
0.191960 
0.275916 
0.318326 
0.109626 
0.482051 
0.830973 
0.161931 
0.567888 
0.495108 
0.284746 
0.728953 
0.506255 
0.623882 
0.583024 
0.877185 
0.846472 
0.659743 
0.308790 
0.826006 
0.683920 
0.635106 
0.227245 
0.315118 
0.182905 
0.085083 
0.986184 
0.796727 
0.588430 
0.745143 
0.625717 
0.430220 
0.703035 
0.910006 
0.470312 
0.540084 
0.197204 
0.404230 
0.900218 
0.970252 
0.021666 
0.145215 
0.628272 
0.363827 
0.834333 
0.629107 
0.393963 
0.338692 
0.400073 
0.019209 
0.846020 
0.059423 
0.726581 
0.652332 
0.743756 
0.313812 
0.239096 
0.488553 
0.115654 
0.797336 
0.825157 
0.409741 
0.519437 
0.171123 
0.061458 
0.927580 
0.840384 
0.333589 
0.630814 
0.083570 
0.564031 
0.677173 
0.244109 
0.739771 
0.324216 
0.093005 
0.134569 
0.695009 
0.013422 
0.581680 
0.287458 
0.304750 
0.926367 
0.455361 
0.249862 
0.427910 
0.889605 
0.584201 
0.661871 
0.061084 
0.645197 
0.827086 
0.829357 
0.996916 
0.166755 
0.645982 
0.022845 
0.958584 
0.928877 
0.642786 
0.305362 
0.224382 
0.192378 
0.288859 
0.857997 
0.348264 
0.271163 
0.438332 
0.044187 
0.648961 
0.086494 
0.697939 
0.253447 
0.678823 
0.974735 
0.376853 
0.769977 
0.999940 
0.993185 
0.452782 
0.908932 
0.412429 
0.691510 
0.214434 
0.992392 
0.127363 
0.593168 
0.367095 
0.758743 
0.200232 
0.294015 
0.505413 
0.481421 
0.248329 
0.658635 
0.674533 
0.877024 
0.147197 
0.934302 
0.811191 
0.688756 
0.927572 
0.706537 
0.774336 
0.268593 
0.249014 
0.178737 
0.037168 
0.687082 
0.795383 
0.997083 
0.975099 
0.482039 
0.636214 
0.844073 
0.329445 
0.986575 
0.372043 
0.929601 
0.800980 
0.075403 
0.291964 
0.044469 
0.397274 
0.983325 
0.736152 
0.499036 
0.291131 
0.045795 
0.674823 
0.745754 
0.884436 
0.716002 
0.847710 
0.457780 
0.904673 
0.832972 
0.762647 
0.807590 
0.156729 
0.136629 
0.326317 
0.412142 
0.863337 
0.106013 
0.757471 
0.815828 
0.623968 
0.036498 
0.417510 
0.088884 
0.868994 
0.176286 
0.831295 
0.574820 
0.995999 
0.759255 
0.806287 
0.271226 
0.496621 
0.715437 
0.356233 
0.215982 
0.016549 
0.133581 
0.098872 
0.740615 
0.516147 
0.878059 
0.534360 
0.994432 
0.417849 
0.784289 
0.548181 
0.281353 
0.705298 
0.948829 
0.975074 
0.067367 
0.238047 
0.851681 
0.210855 
0.847268 
0.038515 
0.317655 
0.832822 
0.234636 
0.523566 
0.570396 
0.640216 
0.115426 
0.967447 
0.887764 
0.656088 
0.866829 
0.794125 
0.850914 
0.315323 
0.639131 
0.882318 
0.119335 
0.657436 
0.526445 
0.968295 
0.139818 
0.914430 
0.826706 
0.443861 
0.973259 
0.562402 
0.296597 
0.897677 
0.253255 
0.461731 
0.314617 
0.764322 
0.964049 
0.764864 
0.067971 
0.386930 
0.136145 
0.190438 
0.699091 
0.617465 
0.737322 
0.174121 
0.450558 
0.534316 
0.256671 
0.876712 
0.892987 
0.434845 
0.444951 
0.298640 
0.241037 
0.113674 
0.512374 
0.477518 
0.644845 
0.907126 
0.067952 
0.063944 
0.703166 
0.114397 
0.666796 
0.846344 
0.510662 
0.689854 
0.382558 
0.650944 
0.415549 
0.129476 
0.098728 
0.325977 
0.688522 
0.990423 
0.043759 
0.449742 
0.815928 
0.297027 
0.132545 
0.678446 
0.644885 
0.586870 
0.519465 
0.652992 
0.843074 
0.547268 
0.929007 
0.812396 
0.947916 
0.620591 
0.264649 
0.956880 
0.285712 
0.962682 
0.790244 
0.629365 
0.739414 
0.327879 
0.654326 
0.249257 
0.264783 
0.206367 
0.402931 
0.066808 
0.845762 
0.719811 
0.864585 
0.079649 
0.666707 
0.339408 
0.435706 
0.907487 
0.134257 
0.450449 
0.700058 
0.876802 
0.412954 
0.520218 
0.310180 
0.199411 
0.498982 
0.396210 
0.094334 
0.473046 
0.479119 
0.549140 
0.389923 
0.436979 
0.314000 
0.398554 
0.504400 
0.450592 
0.103693 
0.762297 
0.919507 
0.148735 
0.784134 
0.944716 
0.841514 
0.328054 
0.606495 
0.355247 
0.637157 
0.705329 
0.467021 
0.223565 
0.451355 
0.921932 
0.903238 
0.717541 
0.718352 
0.350283 
0.211982 
0.784155 
0.290688 
0.600977 
0.616927 
0.694226 
0.863744 
0.946948 
0.359634 
0.360695 
0.200481 
0.485513 
0.014769 
0.223381 
0.371632 
0.013070 
0.675322 
0.138729 
0.613827 
0.596708 
0.873234 
0.444879 
0.079213 
0.338267 
0.248422 
0.235319 
0.014257 
0.614023 
0.885474 
0.156416 
0.890950 
0.203050 
0.655703 
0.401864 
0.135767 
0.830120 
0.832498 
0.795434 
0.865411 
0.961155 
0.136932 
0.409700 
0.836296 
0.632209 
0.539700 
0.733515 
0.186532 
0.043092 
0.247398 
0.019029 
0.818655 
0.138365 
0.498271 
0.442902 
0.852050 
0.397193 
0.628831 
0.754233 
0.397134 
0.630100 
0.085550 
0.846363 
0.828115 
0.125617 
0.245637 
0.417595 
0.520233 
0.551992 
0.322451 
0.436622 
0.309336 
0.003668 
0.655026 
0.016626 
0.432297 
0.610974 
0.643385 
0.377688 
0.806202 
0.840699 
0.625091 
0.907831 
0.909170 
0.422027 
0.999594 
0.177496 
0.169329 
0.905667 
0.544548 
0.217829 
0.051625 
0.655573 
0.223770 
0.906251 
0.357743 
0.583484 
0.607728 
0.085937 
0.350374 
0.728498 
0.861363 
0.933970 
0.237040 
0.924520 
0.415761 
0.699028 
0.563136 
0.624192 
0.803141 
0.398036 
0.795928 
0.169885 
0.261238 
0.632654 
0.019533 
0.291475 
0.816271 
0.064474 
0.617072 
0.130505 
0.393353 
0.083300 
0.017850 
0.006796 
0.224552 
0.051139 
0.491348 
0.080851 
0.857902 
0.758274 
0.317200 
0.172285 
0.600686 
0.722543 
0.776118 
0.207798 
0.455297 
0.179606 
0.635382 
0.861794 
0.178660 
0.742155 
0.392354 
0.293930 
0.077054 
0.045858 
0.743396 
0.257658 
0.457102 
0.511764 
0.222470 
0.050285 
0.141347 
0.627090 
0.497418 
0.102137 
0.612879 
0.650989 
0.179849 
0.715252 
0.247678 
0.721910 
0.138626 
0.887683 
0.279844 
0.341397 
0.865032 
0.601166 
0.794926 
0.323093 
0.227691 
0.795468 
0.422359 
0.584773 
0.278475 
0.329039 
0.151212 
0.424786 
0.375723 
0.783361 
0.956661 
0.593646 
0.405738 
0.246314 
0.805581 
0.393466 
0.988606 
0.497760 
0.855669 
0.223219 
0.636785 
0.448382 
0.951534 
0.436629 
0.430386 
0.498638 
0.602544 
0.958216 
0.743158 
0.252709 
0.282464 
0.378264 
0.483711 
0.735720 
0.251724 
0.720857 
0.450178 
0.148860 
0.890703 
0.050386 
0.836852 
0.973513 
0.834418 
0.066717 
0.307192 
0.969116 
0.925505 
0.967515 
0.021038 
0.590886 
0.028693 
0.250527 
0.612426 
0.043422 
0.793649 
0.851050 
0.597493 
0.058154 
0.394270 
0.497804 
0.583865 
0.025179 
0.178383 
0.091256 
0.746372 
0.275162 
0.649657 
0.787354 
0.057329 
0.524026 
0.310456 
0.829632 
0.622128 
0.105716 
0.768082 
0.160509 
0.675016 
0.990895 
0.975987 
0.418008 
0.455711 
0.130635 
0.579610 
0.506729 
0.586579 
0.627898 
0.088487 
0.205044 
0.169664 
0.545184 
0.912390 
0.545291 
0.705036 
0.538741 
0.615295 
0.268758 
0.016559 
0.308305 
0.679992 
0.629433 
0.880342 
0.906634 
0.798195 
0.265489 
0.072653 
0.076549 
0.567083 
0.965233 
0.675805 
0.250181 
0.797441 
0.598369 
0.794863 
0.261681 
0.072863 
0.601671 
0.291467 
0.692035 
0.033625 
0.138188 
0.518311 
0.246226 
0.325176 
0.231612 
0.708281 
0.073406 
0.736109 
0.779370 
0.865361 
0.113998 
0.960592 
0.667205 
0.711416 
0.775363 
0.521535 
0.436077 
0.154119 
0.282939 
0.349570 
0.220153 
0.112877 
0.125440 
0.274739 
0.541678 
0.984322 
0.503263 
0.346362 
0.310533 
0.125976 
0.278280 
0.060074 
0.658634 
0.660179 
0.636721 
0.367036 
0.769960 
0.716078 
0.117609 
0.647746 
0.668647 
0.944728 
0.041822 
0.906204 
0.569111 
0.046723 
0.281832 
0.746744 
0.526928 
0.087128 
0.363566 
0.451910 
0.255409 
0.660168 
0.445421 
0.188880 
0.509069 
0.930903 
0.688025 
0.628355 
0.757093 
0.454453 
0.999774 
0.207748 
0.627831 
0.952341 
0.995877 
0.700646 
0.764183 
0.625303 
0.459171 
0.285145 
0.426658 
0.835356 
0.835747 
0.403472 
0.152988 
0.271662 
0.830720 
0.908244 
0.859268 
0.713258 
0.727495 
0.006048 
0.655771 
0.545657 
0.857353 
0.525538 
0.714678 
0.596113 
0.874656 
0.343637 
0.499843 
0.862228 
0.464266 
0.926826 
0.164812 
0.994988 
0.762197 
0.247207 
0.811853 
0.816914 
0.877777 
0.802060 
0.223916 
0.348125 
0.936870 
0.977640 
0.200789 
0.660613 
0.930263 
0.931024 
0.726215 
0.488370 
0.028731 
0.873710 
0.440345 
0.872807 
0.269053 
0.975096 
0.441663 
0.032765 
0.676215 
0.153415 
0.440398 
0.761601 
0.226426 
0.537906 
0.585245 
0.211314 
0.557252 
0.728210 
0.033104 
0.378633 
0.690460 
0.567834 
0.586122 
0.959880 
0.704412 
0.045333 
0.905860 
0.787287 
0.927279 
0.782796 
0.457984 
0.337083 
0.360718 
0.588802 
0.995947 
0.884040 
0.066977 
0.683650 
0.111019 
0.888045 
0.369386 
0.263596 
0.254126 
0.095813 
0.327012 
0.086791 
0.702675 
0.854368 
0.369812 
0.433247 
0.574928 
0.819817 
0.667715 
0.292545 
0.804719 
0.909792 
0.869423 
0.398373 
0.455278 
0.854483 
0.292587 
0.505500 
0.934880 
0.525578 
0.389836 
0.966483 
0.678986 
0.714567 
0.731113 
0.814355 
0.862173 
0.549356 
0.027854 
0.147042 
0.335916 
0.739376 
0.699366 
0.249173 
0.852648 
0.448639 
0.267832 
0.447555 
0.054814 
0.256944 
0.463348 
0.482191 
0.178312 
0.896115 
0.005358 
0.053226 
0.563961 
0.500830 
0.456862 
0.481818 
0.916137 
0.513386 
0.474068 
0.653969 
0.252153 
0.935400 
0.271734 
0.024992 
0.048564 
0.209013 
0.888789 
0.876855 
0.302045 
0.476027 
0.585992 
0.771698 
0.922687 
0.597695 
0.456825 
0.862611 
0.909415 
0.531504 
0.992930 
0.175679 
0.639249 
0.859455 
0.853064 
0.451955 
0.016023 
0.291647 
0.704264 
0.560601 
0.025805 
0.698386 
0.766096 
