0.000001 
0.010229 
0.919889 
0.576156 
0.455722 
0.326779 
0.179657 
0.487313 
0.276185 
0.840402 
0.643615 
0.237215 
0.877198 
0.071707 
0.185748 
0.874357 
0.318153 
0.192245 
0.061529 
0.124256 
0.362804 
0.654169 
0.611935 
0.792472 
0.080499 
0.940126 
0.695912 
0.198112 
0.672084 
0.711159 
0.456107 
0.789325 
0.192838 
0.026063 
0.036119 
0.059023 
0.002134 
0.858608 
0.628505 
0.285863 
0.497643 
0.879823 
0.193224 
0.517144 
0.636076 
0.534777 
0.000449 
0.546577 
0.312217 
0.431927 
0.389707 
0.808675 
0.395417 
0.771185 
0.303240 
0.559328 
0.624911 
0.878220 
0.236767 
0.334989 
0.157576 
0.381592 
0.411423 
0.793596 
0.976054 
0.541240 
0.627527 
0.850871 
0.587894 
0.727875 
0.390041 
0.424173 
0.073787 
0.145913 
0.359397 
0.379844 
0.030693 
0.860800 
0.459767 
0.299141 
0.657343 
0.957211 
0.852546 
0.739086 
0.811079 
0.799001 
0.813247 
0.245440 
0.113482 
0.291448 
0.363883 
0.785706 
0.362633 
0.776929 
0.848729 
0.585452 
0.697899 
0.589567 
0.854406 
0.997675 
0.920763 
0.256296 
0.568001 
0.386570 
0.074309 
0.912010 
0.152838 
0.744285 
0.201257 
0.525942 
0.513516 
0.656513 
0.018495 
0.841090 
0.193888 
0.678024 
0.545774 
0.816152 
0.066230 
0.125928 
0.468431 
0.924370 
0.886709 
0.920478 
0.481295 
0.127312 
0.734208 
0.831770 
0.563422 
0.430953 
0.024174 
0.296795 
0.240703 
0.487923 
0.519501 
0.259818 
0.757016 
0.161529 
0.825635 
0.452916 
0.167387 
0.271953 
0.719336 
0.883003 
0.634092 
0.179762 
0.258069 
0.358441 
0.322576 
0.529213 
0.488516 
0.487901 
0.151349 
0.722264 
0.082660 
0.259324 
0.454787 
0.612792 
0.188640 
0.475672 
0.616406 
0.929178 
0.696367 
0.833620 
0.648187 
0.086362 
0.487263 
0.432119 
0.621489 
0.365222 
0.279137 
0.463411 
0.542421 
0.470934 
0.993507 
0.880080 
0.498111 
0.745974 
0.587944 
0.581192 
0.086620 
0.828057 
0.156321 
0.290575 
0.698441 
0.701394 
0.329638 
0.227224 
0.960904 
0.914151 
0.143806 
0.939863 
0.284329 
0.714616 
0.552858 
0.887497 
0.154188 
0.437258 
0.989481 
0.204729 
0.879485 
0.498053 
0.784090 
0.199168 
0.420278 
0.609457 
0.136277 
0.415444 
0.366109 
0.188144 
0.135228 
0.768648 
0.671395 
0.130528 
0.780218 
0.127705 
0.344532 
0.541467 
0.441865 
0.422678 
0.953772 
0.042670 
0.158539 
0.562814 
0.208392 
0.442973 
0.048709 
0.656538 
0.438199 
0.818054 
0.040501 
0.708648 
0.254414 
0.940437 
0.927864 
0.604099 
0.096787 
0.700301 
0.952619 
0.662263 
0.659911 
0.125883 
0.721310 
0.064038 
0.291442 
0.261585 
0.455277 
0.845467 
0.761055 
0.048169 
0.569928 
0.777721 
0.148853 
0.771085 
0.626832 
0.165108 
0.964897 
0.019962 
0.494513 
0.277277 
0.200783 
0.559238 
0.121293 
0.575286 
0.831056 
0.554343 
0.850390 
0.504796 
0.105667 
0.946462 
0.191972 
0.472686 
0.441396 
0.538637 
0.863668 
0.664856 
0.233793 
0.363629 
0.511820 
0.154982 
0.777742 
0.515487 
0.790308 
0.713756 
0.089188 
0.978901 
0.382004 
0.346604 
0.373804 
0.520211 
0.182642 
0.659615 
0.154652 
0.233660 
0.119433 
0.314145 
0.840053 
0.769714 
0.575694 
0.681547 
0.764145 
0.989355 
0.093120 
0.063479 
0.892888 
0.767946 
0.869144 
0.699092 
0.642690 
0.683613 
0.490074 
0.679934 
0.643123 
0.962129 
0.501510 
0.873970 
0.807161 
0.960155 
0.325836 
0.320004 
0.314984 
0.938287 
0.784368 
0.868568 
0.021591 
0.879206 
0.812586 
0.135698 
0.671692 
0.135248 
0.118064 
0.307484 
0.885742 
0.674008 
0.053787 
0.996364 
0.895403 
0.036014 
0.290013 
0.252804 
0.876422 
0.021886 
0.841656 
0.714839 
0.291131 
0.043541 
0.791940 
0.131421 
0.793198 
0.279038 
0.787464 
0.908930 
0.391634 
0.195607 
0.571093 
0.358991 
0.564813 
0.818609 
0.369549 
0.015191 
0.309681 
0.814990 
0.540393 
0.392121 
0.373404 
0.800537 
0.626969 
0.463611 
0.903283 
0.480221 
0.075807 
0.088931 
0.667338 
0.951441 
0.863396 
0.098827 
0.983586 
0.128975 
0.686454 
0.224400 
0.485092 
0.933674 
0.252652 
0.321848 
0.298610 
0.730860 
0.559878 
0.868237 
0.451368 
0.146940 
0.614647 
0.370555 
0.909645 
0.408359 
0.288589 
0.316871 
0.651298 
0.372645 
0.037685 
0.378954 
0.084441 
0.200649 
0.307811 
0.382703 
0.081039 
0.030305 
0.337623 
0.423341 
0.085960 
0.734836 
0.390802 
0.217211 
0.663051 
0.894810 
0.075590 
0.435488 
0.249379 
0.319776 
0.478013 
0.959196 
0.207898 
0.137591 
0.490243 
0.510598 
0.624952 
0.561876 
0.457174 
0.726699 
0.622550 
0.198081 
0.153227 
0.281957 
0.845667 
0.120179 
0.856066 
0.907846 
0.166243 
0.043754 
0.367612 
0.458379 
0.974776 
0.058060 
0.819057 
0.887184 
0.900667 
0.513126 
0.116510 
0.175824 
0.076467 
0.173598 
0.662054 
0.148188 
0.594192 
0.590820 
0.915244 
0.500946 
0.398843 
0.347803 
0.531549 
0.746570 
0.606988 
0.653750 
0.573908 
0.674191 
0.126803 
0.177341 
0.569557 
0.551664 
0.813016 
0.358357 
0.897934 
0.574100 
0.896111 
0.945737 
0.998356 
0.362617 
0.504125 
0.836048 
0.450737 
0.530251 
0.921973 
0.594048 
0.163487 
0.733327 
0.021478 
0.977727 
0.654654 
0.777828 
0.952941 
0.072781 
0.232072 
0.441618 
0.271862 
0.177839 
0.937175 
0.098622 
0.532478 
0.357453 
0.719184 
0.320877 
0.976850 
0.909830 
0.505731 
0.815162 
0.434788 
0.486159 
0.867290 
0.544226 
0.803312 
0.263654 
0.225519 
0.303002 
0.548392 
0.823865 
0.706648 
0.630657 
0.453487 
0.764175 
0.486228 
0.032676 
0.178569 
0.213813 
0.561548 
0.931006 
0.420642 
0.726969 
0.174531 
0.337959 
0.076327 
0.830336 
0.459058 
0.381091 
0.992794 
0.883336 
0.221102 
0.060584 
0.229424 
0.928117 
0.870347 
0.923557 
0.228693 
0.643332 
0.476584 
0.939889 
0.710717 
0.024852 
0.686417 
0.605334 
0.846049 
0.552688 
0.027217 
0.433369 
0.626971 
0.501717 
0.360774 
0.522535 
0.243299 
0.132610 
0.779616 
0.011677 
0.255703 
0.593027 
0.003296 
0.400591 
0.724769 
0.194670 
0.816698 
0.238375 
0.362893 
0.148199 
0.781078 
0.581663 
0.014732 
0.607446 
0.347705 
0.874214 
0.909940 
0.357144 
0.525863 
0.185412 
0.220017 
0.817740 
0.748303 
0.724768 
0.179941 
0.262580 
0.189158 
0.183345 
0.480258 
0.699890 
0.043696 
0.391335 
0.171610 
0.255675 
0.123304 
0.368328 
0.480363 
0.461151 
0.570615 
0.324253 
0.714599 
0.260316 
0.136514 
0.382850 
0.553976 
0.682914 
0.729303 
0.398775 
0.213802 
0.363736 
0.313411 
0.496123 
0.344885 
0.482605 
0.144525 
0.023652 
0.524617 
0.242400 
0.018146 
0.977785 
0.634532 
0.571979 
0.250490 
0.986598 
0.755731 
0.569665 
0.351901 
0.398120 
0.205778 
0.518579 
0.759584 
0.326069 
0.242448 
0.818259 
0.480480 
0.433436 
0.750916 
0.643472 
0.841094 
0.267980 
0.946264 
0.861359 
0.856951 
0.773666 
0.012545 
0.839813 
0.736645 
0.785783 
0.658124 
0.095463 
0.442106 
0.483140 
0.125941 
0.684721 
0.102683 
0.795393 
0.175524 
0.036668 
0.283385 
0.859222 
0.937086 
0.598894 
0.603825 
0.487588 
0.887654 
0.799008 
0.922769 
0.985247 
0.054361 
0.641394 
0.908604 
0.900560 
0.704993 
0.809777 
0.922632 
0.677838 
0.425971 
0.302278 
0.383459 
0.799790 
0.062883 
0.880802 
0.632481 
0.114987 
0.592926 
0.302282 
0.451564 
0.441622 
0.340397 
0.054250 
0.772981 
0.497827 
0.975176 
0.783048 
0.688888 
0.139202 
0.575475 
0.015519 
0.833423 
0.344333 
0.198324 
0.234130 
0.030828 
0.128819 
0.058468 
0.676670 
0.796373 
0.640476 
0.473070 
0.892508 
0.375109 
0.463041 
0.336948 
0.079480 
0.822776 
0.401028 
0.084937 
0.539849 
0.241060 
0.499240 
0.721507 
0.373716 
0.043594 
0.685077 
0.092266 
0.716962 
0.973443 
0.651830 
0.312315 
0.076192 
0.558232 
0.197631 
0.577583 
0.438394 
0.095574 
0.303882 
0.349872 
0.298011 
0.671353 
0.436955 
0.901433 
0.384052 
0.769840 
0.708888 
0.278772 
0.328789 
0.962563 
0.795185 
0.674101 
0.608706 
0.529499 
0.294001 
0.268274 
0.886441 
0.407066 
0.559637 
0.827239 
0.413679 
0.695325 
0.333381 
0.130094 
0.494009 
0.814624 
0.390464 
0.524349 
0.733644 
0.361472 
0.262879 
0.210831 
0.432040 
0.301165 
0.677286 
0.150073 
0.268855 
0.643935 
0.618282 
0.472663 
0.044614 
0.835853 
0.185043 
0.020468 
0.000391 
0.570800 
0.443867 
0.071566 
0.808559 
0.455049 
0.001984 
0.342524 
0.808071 
0.242041 
0.984031 
0.606202 
0.442330 
0.237566 
0.775980 
0.891858 
0.450719 
0.230688 
0.181594 
0.044736 
0.871038 
0.534547 
0.139662 
0.297997 
0.428752 
0.028598 
0.647656 
0.147263 
0.051015 
0.412030 
0.989759 
0.880296 
0.132575 
0.184797 
0.876703 
0.740005 
0.265700 
0.627718 
0.064511 
0.239848 
0.118458 
0.931261 
0.708897 
0.438000 
0.465089 
0.752843 
0.032119 
0.823546 
0.333352 
0.652216 
0.796665 
0.553651 
0.213409 
0.756833 
0.085727 
0.817206 
0.783267 
0.372290 
0.083814 
0.664313 
0.113608 
0.406039 
0.295786 
0.276499 
0.124477 
0.091271 
0.993364 
0.476218 
0.798020 
0.326867 
0.658574 
0.656988 
0.991499 
0.121231 
0.537400 
0.078819 
0.710146 
0.421795 
0.110374 
0.052131 
0.171728 
0.226409 
0.259123 
0.077693 
0.794132 
0.980902 
0.026447 
0.487928 
0.602359 
0.850381 
0.350562 
0.890476 
0.232378 
0.573822 
0.228739 
0.412711 
0.430385 
0.476692 
0.770586 
0.240893 
0.688188 
0.373375 
0.320906 
0.465160 
0.947045 
0.988598 
0.372844 
0.381032 
0.006671 
0.122030 
0.950505 
0.143961 
0.557510 
0.070640 
0.248704 
0.969232 
0.881558 
0.338443 
0.214820 
0.477008 
0.077107 
0.938925 
0.520401 
0.380974 
0.023656 
0.581225 
0.655222 
0.311441 
0.394189 
0.139960 
0.303774 
0.524199 
0.215095 
0.106634 
0.203381 
0.222427 
0.336739 
0.578127 
0.578655 
0.447590 
0.647567 
0.665943 
0.499240 
0.725882 
0.903339 
0.426969 
0.070501 
0.909152 
0.115147 
0.271383 
0.137207 
0.039006 
0.569521 
0.935893 
0.551383 
0.087212 
0.764204 
0.980627 
0.406290 
0.522378 
0.601297 
0.000702 
0.801766 
0.276093 
0.289999 
0.007784 
0.822888 
0.286064 
0.881976 
0.370937 
0.335885 
0.217741 
0.574249 
0.398844 
0.362705 
0.979498 
0.419104 
0.876840 
0.042570 
0.472199 
0.247140 
0.685224 
0.557698 
0.224831 
0.739619 
0.781788 
0.516376 
0.723232 
0.365053 
0.445280 
0.814164 
0.655702 
0.386016 
0.771746 
0.729343 
0.065981 
0.941779 
0.473059 
0.695807 
0.435880 
0.834479 
0.083182 
0.040502 
0.721546 
0.028689 
0.178008 
0.783281 
0.604507 
0.941526 
0.229828 
0.721672 
0.142740 
0.033804 
0.137307 
0.719492 
0.494929 
0.266280 
0.366359 
0.401196 
0.899652 
0.447666 
0.917161 
0.725935 
0.794606 
0.950283 
0.404593 
0.986175 
0.648143 
0.343522 
0.578102 
0.152963 
0.844217 
0.762883 
0.767967 
0.223663 
0.097820 
0.052574 
0.617289 
0.780395 
0.093156 
0.670148 
0.176074 
0.270101 
0.592770 
0.684267 
0.482977 
0.394084 
0.367467 
0.020128 
0.297644 
0.509168 
0.581007 
0.983739 
0.698881 
0.092257 
0.566022 
0.135661 
0.047586 
0.785871 
0.127251 
0.711364 
0.895162 
0.992654 
0.527911 
0.608382 
0.082816 
0.885720 
0.300346 
0.913630 
0.375861 
0.103504 
0.597031 
0.302621 
0.154647 
0.159380 
0.694286 
0.864032 
0.791651 
0.275863 
0.434056 
0.181095 
0.659117 
0.787167 
0.922844 
0.245262 
0.112101 
0.075846 
0.745243 
0.294714 
0.258155 
0.804809 
0.426589 
0.681992 
0.243446 
0.602745 
0.341697 
0.896652 
0.034390 
0.990197 
0.244808 
0.481226 
0.970113 
0.688391 
0.784436 
0.013566 
0.999996 
0.937843 
0.326887 
0.982531 
0.400652 
0.762600 
0.026142 
0.371658 
0.456419 
0.027945 
0.669020 
0.226501 
0.795173 
0.473221 
0.428298 
0.407694 
0.121065 
0.731592 
0.861005 
0.912902 
0.138950 
0.326391 
0.651118 
0.347502 
0.473359 
0.742556 
0.131648 
0.614838 
0.575601 
0.133108 
0.144299 
0.231964 
0.623169 
0.598324 
0.036832 
0.037673 
0.163776 
0.584494 
0.587921 
0.181084 
0.480277 
0.017171 
0.585627 
0.631097 
0.847959 
0.639479 
0.728718 
0.557069 
0.655985 
0.137444 
0.020616 
0.498474 
0.854322 
0.595448 
0.689874 
0.717534 
0.599814 
0.078944 
0.813772 
0.069257 
0.998111 
0.245141 
0.079170 
0.609225 
0.240381 
0.088346 
0.837168 
0.280324 
0.399349 
0.856327 
0.284845 
0.384253 
0.143060 
0.416342 
0.461876 
0.746199 
0.371258 
0.737207 
0.233001 
0.053730 
0.035490 
0.475001 
0.348187 
0.978716 
0.287998 
0.381280 
0.166175 
0.904907 
0.777908 
0.305525 
0.959479 
0.966275 
0.192017 
0.236900 
0.580257 
0.375928 
0.214450 
0.254520 
0.722501 
0.082224 
0.935963 
0.731826 
0.800259 
0.959346 
0.721375 
0.155942 
0.917492 
0.293716 
0.487083 
0.399362 
0.070895 
0.524844 
0.059766 
0.495077 
0.762923 
0.446928 
0.521397 
0.126336 
0.327469 
0.773436 
0.146686 
0.354746 
0.220930 
0.177169 
0.682903 
0.548498 
0.612793 
0.219648 
0.628388 
0.324692 
0.101001 
0.520161 
0.349916 
0.038957 
0.748370 
0.859623 
0.685373 
0.056720 
0.292888 
0.563839 
0.438113 
0.357419 
0.143100 
0.087367 
0.380293 
0.590919 
0.574919 
0.667375 
0.574678 
0.612079 
0.217449 
0.669541 
0.982392 
0.063338 
0.528323 
0.519090 
0.344360 
0.652034 
0.742785 
0.982566 
0.994267 
0.640756 
0.178620 
0.066864 
0.785842 
0.644309 
0.909071 
0.757546 
0.068963 
0.059992 
0.293872 
0.100683 
0.180636 
0.957031 
0.819100 
0.613166 
0.477433 
0.218419 
0.961397 
0.197534 
0.949550 
0.079243 
0.832056 
0.362090 
0.641913 
0.627030 
0.497333 
0.677417 
0.342387 
0.502532 
0.051183 
0.234587 
0.698440 
0.672930 
0.926703 
0.090668 
0.850374 
0.239709 
0.789245 
0.838594 
0.253354 
0.113588 
0.074796 
0.090441 
0.036843 
0.216294 
0.250715 
0.764762 
0.359881 
0.527744 
0.785787 
0.716446 
0.315060 
0.212967 
0.343923 
0.307394 
0.368577 
0.679163 
0.695263 
0.292341 
0.368129 
0.140867 
0.550026 
0.290845 
0.230261 
0.999929 
0.813429 
0.292864 
0.165891 
0.136199 
0.093601 
0.159842 
0.471646 
0.962546 
0.513318 
0.340661 
0.483028 
0.244998 
0.681945 
0.453179 
0.574588 
0.094288 
0.699581 
0.862592 
0.586358 
0.914685 
0.116441 
0.015534 
0.073223 
0.662161 
0.945396 
0.274173 
0.018982 
0.038288 
0.505509 
0.091595 
0.438248 
0.630807 
0.976725 
0.810148 
0.153314 
0.752508 
0.401445 
0.093404 
0.839904 
0.273454 
0.940476 
0.586007 
0.011318 
0.215146 
0.965844 
0.947914 
0.597119 
0.782822 
0.896519 
0.793966 
0.193737 
0.131644 
0.542561 
0.824128 
0.117957 
0.510331 
0.126527 
0.535083 
0.141294 
0.721172 
0.735365 
0.274882 
0.942808 
0.777725 
0.216113 
0.206836 
0.298971 
0.804341 
0.566535 
0.755209 
0.795945 
0.440654 
0.074095 
0.309986 
0.938147 
0.439588 
0.147240 
0.667061 
0.299682 
0.748257 
0.963474 
0.104675 
0.266075 
0.914876 
0.315860 
0.663327 
0.528937 
0.836092 
0.192050 
0.789544 
0.858091 
0.934544 
0.876215 
0.547456 
0.087526 
0.043709 
0.610215 
0.888931 
0.269720 
0.191543 
0.269656 
0.111927 
0.157933 
0.380152 
0.206835 
0.270819 
0.662917 
0.654191 
0.990684 
0.432192 
0.844461 
0.854610 
0.433600 
0.508975 
0.349241 
0.690268 
0.326371 
0.317332 
0.392376 
0.661973 
0.773079 
0.141740 
0.224500 
0.169764 
0.231798 
0.831886 
0.514645 
0.643066 
0.009472 
0.195786 
0.571731 
0.078503 
0.400948 
0.737839 
0.861140 
0.186188 
0.262583 
0.226302 
0.461688 
0.583117 
0.453416 
0.557004 
0.571634 
0.445359 
0.147621 
0.064046 
0.420812 
0.581223 
0.611253 
0.332148 
0.403489 
0.443519 
0.217434 
0.411490 
0.918441 
0.244655 
0.916173 
0.117738 
0.822068 
0.496949 
0.215340 
0.221473 
0.300102 
0.810257 
0.982000 
0.477472 
0.874214 
0.907279 
0.634296 
0.620054 
0.244367 
0.079156 
0.371616 
0.753133 
0.910765 
0.219163 
0.466996 
0.798452 
0.581779 
0.952041 
0.945372 
0.866740 
0.293270 
0.980820 
0.638291 
0.761983 
0.641967 
0.535132 
0.958429 
0.318556 
0.975844 
0.017856 
0.104532 
0.868451 
0.050402 
0.114195 
0.278112 
0.220221 
0.251442 
0.979784 
0.225801 
0.045570 
0.896486 
0.247772 
0.303040 
0.191813 
0.808504 
0.531396 
0.175303 
0.313610 
0.836801 
0.118216 
0.858779 
0.494686 
0.186174 
0.034342 
0.189787 
0.743676 
0.969320 
0.362471 
0.050253 
0.609491 
0.713621 
0.826537 
0.615122 
0.349726 
0.841564 
0.168865 
0.105688 
0.301826 
0.796780 
0.487946 
0.909286 
0.367818 
0.924482 
0.772700 
0.765127 
0.496232 
0.177453 
0.450312 
0.397532 
0.327993 
0.571559 
0.192756 
0.656166 
0.187834 
0.925847 
0.717642 
0.412441 
0.888367 
0.784419 
0.733061 
0.554131 
0.287490 
0.847508 
0.071975 
0.684455 
0.636511 
0.835825 
0.709176 
0.128335 
0.929986 
0.266829 
0.597531 
0.696160 
0.354760 
0.443669 
0.742620 
0.210373 
0.731253 
0.168370 
0.798091 
0.518166 
0.814534 
0.876711 
0.879980 
0.819041 
0.628906 
0.022121 
0.781889 
0.203506 
0.324222 
0.204359 
0.654218 
0.447533 
0.687499 
0.793933 
0.638761 
0.655549 
0.813559 
0.484623 
0.060385 
0.895469 
0.145746 
0.559145 
0.553859 
0.713228 
0.219548 
0.940522 
0.359150 
0.234795 
0.198110 
0.636427 
0.424997 
0.918259 
0.179324 
0.905304 
0.448010 
0.700848 
0.151373 
0.127709 
0.397774 
0.393040 
0.824872 
0.619526 
0.369288 
0.622015 
0.203063 
0.879482 
0.461841 
0.158744 
0.013342 
0.246117 
0.495449 
0.012122 
0.740005 
0.259064 
0.083674 
0.311198 
0.304536 
0.331841 
0.253871 
0.815063 
0.760720 
0.421737 
0.133267 
0.822357 
0.358462 
0.674739 
0.335066 
0.461199 
0.367887 
0.078731 
0.228771 
0.949255 
0.134989 
0.755161 
0.989030 
0.631621 
0.654166 
0.564085 
0.570436 
0.309559 
0.753219 
0.357023 
0.481647 
0.041300 
0.132280 
0.237882 
0.076960 
0.461136 
0.314364 
0.513993 
0.685139 
0.137697 
0.271626 
0.221171 
0.219152 
0.294354 
0.206383 
0.683976 
0.588780 
0.632882 
0.846048 
0.536080 
0.904030 
0.038875 
0.371391 
0.969639 
0.729380 
0.693859 
0.692370 
0.665637 
0.361291 
0.220269 
0.054161 
0.284562 
0.641278 
0.955001 
0.700959 
0.015677 
0.481147 
0.630364 
0.523665 
0.242961 
0.449383 
0.773227 
0.628491 
0.041305 
0.204839 
0.724716 
0.293902 
0.606509 
0.599422 
0.484610 
0.835776 
0.892487 
0.028605 
0.759009 
0.666913 
0.803539 
0.086107 
0.202013 
0.231599 
0.483374 
0.071988 
0.905965 
0.550529 
0.733259 
0.883860 
0.039456 
0.131836 
0.770602 
0.505612 
0.822334 
0.967793 
0.702968 
0.784198 
0.022564 
0.225697 
0.293027 
0.902663 
0.059183 
0.696299 
0.689874 
0.715828 
0.924576 
0.356984 
0.828043 
0.925999 
0.265008 
0.989414 
0.086662 
0.522608 
0.477330 
0.484893 
0.604399 
0.129878 
0.862629 
0.201690 
0.810203 
0.073687 
0.464856 
0.831730 
0.890268 
0.734257 
0.654807 
0.340299 
0.397846 
0.589348 
0.165016 
0.426655 
0.793853 
0.290857 
0.428448 
0.931339 
0.007002 
0.690155 
0.430644 
0.839674 
0.404418 
0.051068 
0.294531 
0.190750 
0.936427 
0.521450 
0.018487 
0.714553 
0.490929 
0.051175 
0.090441 
0.035457 
0.934105 
0.508573 
0.583689 
0.060080 
0.771968 
0.458890 
0.557392 
0.079596 
0.772325 
0.464055 
0.370696 
0.287711 
0.559900 
0.232554 
0.535406 
0.574688 
0.778288 
0.685456 
0.459769 
0.335244 
0.441159 
0.564563 
0.605604 
0.394352 
0.869805 
0.815816 
0.416186 
0.839760 
0.851811 
0.386531 
0.431608 
0.028848 
0.843779 
0.395452 
0.355721 
0.597561 
0.209632 
0.285964 
0.197647 
0.860475 
0.003285 
0.205550 
0.671551 
0.754435 
0.796760 
0.146051 
0.681011 
0.749318 
0.793469 
0.835933 
0.533073 
0.352173 
0.972296 
0.386823 
0.338373 
0.039737 
0.867345 
0.471611 
0.373518 
0.716307 
0.972902 
0.556799 
0.117176 
0.375664 
0.781273 
0.858267 
0.888192 
0.842847 
0.729236 
0.271363 
0.800806 
0.150258 
0.385957 
0.777272 
0.617217 
0.564506 
0.645465 
0.338502 
0.208878 
0.617631 
0.531500 
0.926782 
0.418294 
0.263066 
0.348540 
0.904374 
0.808913 
0.394926 
0.527060 
0.291042 
0.536245 
0.666246 
0.591209 
0.446991 
0.571250 
0.999851 
0.492204 
0.478083 
0.142214 
0.196878 
0.926883 
0.126884 
0.540671 
0.057639 
0.731974 
0.290047 
0.812812 
0.931315 
0.605111 
0.093196 
0.341744 
0.696750 
0.274010 
0.277891 
0.506444 
0.808674 
0.386690 
0.106551 
0.803306 
0.164431 
0.589441 
0.738727 
0.782019 
0.400830 
0.742084 
0.199013 
0.806607 
0.644342 
0.449693 
0.993337 
0.017804 
0.235155 
0.256330 
0.144397 
0.881591 
0.895078 
0.576926 
0.394339 
0.650440 
0.943152 
0.554610 
0.335213 
0.918914 
0.179498 
0.818060 
0.129699 
0.844820 
0.888271 
0.175991 
0.876068 
0.081946 
0.264278 
0.721479 
0.893756 
0.357198 
0.433088 
0.914276 
0.233360 
0.082382 
0.593696 
0.254688 
0.544808 
0.581695 
0.549226 
0.849150 
0.657579 
0.926323 
0.715652 
0.955815 
0.390883 
0.572386 
0.088757 
0.734375 
0.639183 
0.746482 
0.127288 
0.330297 
0.298062 
0.528349 
0.956294 
0.439819 
0.032148 
0.315104 
0.958750 
0.711293 
0.694151 
0.598298 
0.601983 
0.535088 
0.220864 
0.065864 
0.974675 
0.370773 
0.587311 
0.935772 
0.518726 
0.224413 
0.705529 
0.827014 
0.632157 
0.661464 
0.220619 
0.935302 
0.618538 
0.771852 
0.513935 
0.707047 
0.334161 
0.252090 
0.879584 
0.166424 
0.089002 
0.852517 
0.244850 
0.199757 
0.322905 
0.057416 
0.994398 
0.840865 
0.423934 
0.057013 
0.217678 
0.506255 
0.620736 
0.704833 
0.123845 
0.469119 
0.487314 
0.287197 
0.914070 
0.780303 
0.557951 
0.480701 
0.147283 
0.377523 
0.037014 
0.088196 
0.305150 
0.648952 
0.943091 
0.531046 
0.297128 
0.832456 
0.080644 
0.387682 
0.771474 
0.161733 
0.245140 
0.074850 
0.000366 
0.146243 
0.913474 
0.749653 
0.414853 
0.430721 
0.123003 
0.313229 
0.433775 
0.449914 
0.698505 
0.769005 
0.662394 
0.860436 
0.342700 
0.758541 
0.804331 
0.390050 
0.578086 
0.895929 
0.880179 
0.172891 
0.780335 
0.082052 
0.040222 
0.013289 
0.342258 
0.327834 
0.909067 
0.694919 
0.503582 
0.706204 
0.175516 
0.897249 
0.069227 
0.506012 
0.543636 
0.883326 
0.064880 
0.434795 
0.591588 
0.812834 
0.303521 
0.279239 
0.171109 
0.824718 
0.041027 
0.534993 
0.625748 
0.954649 
0.787143 
0.511436 
0.698352 
0.207129 
0.214361 
0.769874 
0.267166 
