0.000000 
0.008069 
0.615460 
0.029087 
0.868286 
0.283022 
0.746921 
0.502999 
0.909523 
0.354594 
0.668376 
0.390642 
0.518280 
0.725272 
0.643846 
0.118946 
0.120899 
0.955015 
0.936830 
0.301536 
0.914347 
0.428040 
0.062666 
0.234919 
0.280026 
0.398064 
0.263570 
0.815802 
0.190450 
0.895337 
0.927503 
0.540776 
0.826179 
0.589036 
0.935914 
0.900423 
0.409487 
0.250363 
0.859211 
0.759544 
0.664170 
0.697091 
0.009345 
0.062873 
0.709866 
0.715651 
0.939145 
0.215394 
0.133050 
0.163976 
0.940159 
0.256116 
0.541450 
0.145441 
0.428952 
0.402194 
0.668924 
0.599422 
0.483631 
0.393553 
0.441822 
0.697338 
0.163104 
0.297015 
0.922962 
0.228017 
0.289962 
0.394987 
0.545615 
0.144942 
0.035297 
0.229015 
0.050555 
0.671336 
0.145783 
0.169563 
0.843646 
0.150332 
0.636587 
0.121204 
0.080888 
0.479637 
0.251702 
0.359600 
0.797416 
0.162793 
0.059264 
0.047474 
0.899770 
0.441073 
0.117952 
0.423920 
0.817808 
0.896721 
0.185187 
0.438104 
0.206988 
0.855274 
0.597469 
0.666108 
0.271849 
0.960399 
0.422807 
0.115955 
0.855863 
0.485296 
0.376110 
0.280305 
0.078421 
0.017786 
0.933003 
0.976944 
0.489723 
0.775948 
0.350343 
0.219619 
0.142841 
0.720316 
0.346812 
0.865977 
0.470507 
0.811037 
0.100380 
0.092589 
0.136354 
0.709456 
0.824000 
0.972116 
0.348040 
0.503682 
0.383262 
0.487373 
0.272505 
0.995446 
0.467946 
0.774960 
0.744823 
0.233004 
0.106526 
0.389408 
0.788505 
0.401977 
0.026500 
0.386669 
0.744261 
0.787555 
0.438461 
0.216184 
0.410540 
0.942325 
0.658500 
0.415475 
0.889090 
0.937761 
0.949673 
0.146414 
0.776500 
0.640236 
0.442608 
0.904681 
0.968259 
0.524853 
0.201189 
0.382909 
0.551095 
0.254812 
0.625377 
0.718833 
0.423684 
0.858870 
0.032740 
0.255376 
0.103471 
0.031012 
0.226707 
0.266536 
0.664539 
0.902142 
0.297759 
0.430917 
0.421810 
0.359393 
0.321474 
0.021869 
0.556307 
0.847083 
0.921084 
0.659731 
0.098464 
0.879488 
0.546491 
0.871461 
0.640507 
0.005944 
0.905889 
0.274682 
0.574574 
0.859841 
0.353600 
0.949560 
0.263006 
0.339321 
0.975055 
0.747010 
0.001765 
0.659028 
0.285005 
0.085939 
0.382141 
0.640380 
0.863366 
0.594856 
0.739256 
0.679858 
0.369858 
0.210914 
0.827247 
0.542657 
0.438074 
0.709091 
0.684268 
0.498082 
0.262015 
0.685739 
0.214883 
0.538413 
0.100397 
0.377116 
0.192642 
0.740944 
0.049546 
0.725032 
0.609259 
0.810704 
0.510044 
0.308207 
0.032737 
0.213474 
0.850153 
0.520117 
0.613901 
0.830747 
0.357055 
0.025267 
0.656065 
0.477960 
0.076045 
0.089270 
0.366218 
0.033406 
0.457227 
0.613489 
0.906249 
0.325929 
0.882375 
0.072093 
0.673151 
0.651553 
0.659405 
0.624998 
0.348896 
0.897150 
0.397898 
0.479816 
0.271476 
0.689004 
0.088563 
0.481595 
0.166750 
0.573682 
0.876758 
0.676618 
0.918959 
0.939047 
0.560399 
0.626218 
0.840123 
0.948662 
0.165024 
0.556072 
0.902718 
0.980465 
0.667030 
0.770376 
0.716108 
0.619928 
0.137602 
0.685041 
0.486145 
0.641421 
0.363660 
0.033713 
0.620846 
0.563048 
0.140884 
0.840768 
0.788137 
0.212375 
0.393680 
0.583531 
0.407677 
0.826339 
0.281566 
0.275782 
0.066234 
0.190323 
0.761352 
0.044961 
0.659995 
0.529308 
0.077480 
0.210414 
0.433098 
0.082598 
0.216570 
0.886046 
0.782084 
0.479663 
0.700028 
0.370256 
0.892692 
0.476950 
0.097692 
0.905504 
0.803566 
0.527514 
0.933264 
0.371771 
0.350815 
0.144178 
0.204074 
0.866883 
0.703290 
0.201149 
0.718787 
0.649007 
0.853987 
0.951133 
0.689368 
0.204010 
0.793872 
0.609460 
0.200266 
0.868400 
0.195223 
0.111623 
0.040161 
0.978956 
0.308177 
0.528453 
0.707632 
0.176823 
0.857517 
0.289725 
0.414535 
0.084254 
0.056100 
0.871451 
0.475903 
0.503184 
0.014752 
0.945107 
0.414036 
0.710234 
0.911231 
0.066835 
0.300998 
0.878334 
0.159361 
0.381873 
0.138605 
0.538399 
0.879897 
0.431473 
0.768295 
0.732127 
0.865399 
0.768916 
0.174241 
0.476171 
0.013106 
0.270557 
0.245206 
0.176607 
0.232492 
0.485475 
0.385795 
0.057500 
0.394308 
0.136568 
0.303520 
0.264760 
0.826201 
0.954872 
0.538283 
0.915604 
0.551254 
0.922109 
0.887417 
0.813085 
0.516495 
0.728285 
0.294073 
0.483983 
0.308762 
0.359789 
0.977880 
0.226063 
0.438887 
0.370785 
0.784175 
0.637295 
0.015000 
0.109831 
0.932619 
0.526387 
0.992433 
0.824552 
0.242411 
0.200406 
0.229795 
0.171275 
0.616251 
0.333915 
0.108129 
0.330753 
0.971191 
0.806600 
0.526281 
0.202159 
0.687052 
0.280564 
0.441379 
0.257005 
0.476361 
0.207337 
0.708796 
0.734591 
0.265500 
0.254467 
0.830906 
0.034323 
0.866448 
0.391497 
0.891039 
0.690921 
0.304607 
0.529667 
0.112347 
0.209625 
0.163411 
0.447423 
0.836735 
0.000869 
0.603379 
0.989652 
0.082790 
0.454159 
0.043632 
0.324953 
0.490287 
0.252499 
0.749579 
0.168394 
0.196430 
0.396969 
0.858618 
0.792475 
0.134062 
0.184748 
0.058737 
0.199615 
0.931057 
0.267831 
0.429460 
0.939448 
0.297439 
0.064243 
0.724338 
0.944674 
0.128962 
0.470133 
0.519935 
0.553986 
0.844027 
0.566210 
0.289938 
0.985417 
0.910086 
0.807221 
0.956593 
0.453946 
0.478416 
0.732480 
0.797420 
0.230053 
0.495015 
0.719613 
0.539004 
0.042712 
0.853200 
0.725351 
0.981185 
0.770032 
0.935935 
0.254958 
0.071290 
0.171459 
0.710187 
0.115399 
0.515310 
0.818206 
0.581019 
0.190058 
0.298052 
0.359761 
0.500800 
0.945573 
0.249656 
0.976043 
0.358917 
0.323215 
0.269285 
0.874420 
0.382312 
0.516837 
0.472794 
0.241343 
0.256843 
0.753693 
0.315446 
0.706890 
0.692097 
0.067880 
0.856891 
0.761639 
0.861160 
0.515600 
0.688086 
0.654313 
0.045740 
0.756140 
0.445568 
0.664901 
0.987567 
0.031081 
0.371611 
0.666488 
0.655912 
0.912641 
0.751385 
0.532367 
0.484627 
0.121094 
0.234092 
0.376231 
0.308219 
0.229320 
0.179636 
0.144636 
0.894131 
0.661370 
0.647589 
0.023725 
0.749225 
0.223186 
0.094120 
0.881227 
0.789704 
0.553782 
0.415678 
0.306576 
0.622945 
0.836478 
0.688970 
0.516690 
0.015415 
0.085858 
0.008543 
0.574721 
0.328873 
0.368852 
0.294185 
0.372025 
0.616311 
0.343321 
0.194355 
0.527183 
0.371956 
0.461045 
0.787338 
0.781535 
0.263910 
0.534507 
0.457633 
0.437449 
0.202949 
0.962852 
0.646751 
0.948971 
0.347935 
0.746279 
0.704472 
0.067879 
0.844032 
0.645053 
0.401616 
0.953433 
0.351515 
0.904370 
0.751436 
0.381410 
0.361573 
0.964473 
0.893653 
0.629981 
0.095547 
0.864510 
0.818446 
0.615223 
0.052947 
0.884247 
0.532713 
0.299298 
0.304635 
0.008664 
0.619594 
0.522159 
0.927435 
0.400654 
0.795816 
0.272515 
0.160645 
0.967579 
0.092100 
0.931807 
0.883852 
0.897031 
0.407168 
0.264949 
0.990511 
0.524148 
0.348521 
0.585042 
0.804081 
0.186570 
0.684377 
0.322221 
0.563524 
0.151815 
0.553031 
0.795040 
0.231710 
0.348085 
0.265391 
0.430031 
0.530961 
0.855245 
0.099595 
0.889715 
0.439277 
0.932257 
0.434999 
0.027317 
0.112602 
0.506333 
0.935253 
0.791729 
0.593761 
0.345277 
0.072510 
0.672132 
0.527810 
0.898149 
0.182275 
0.499504 
0.156218 
0.551376 
0.976547 
0.819880 
0.721372 
0.093425 
0.193641 
0.518402 
0.789829 
0.654669 
0.024914 
0.732450 
0.288408 
0.275387 
0.436070 
0.032333 
0.423417 
0.375151 
0.165450 
0.721896 
0.901542 
0.213466 
0.727819 
0.452951 
0.747110 
0.670534 
0.672367 
0.474225 
0.301669 
0.143571 
0.993925 
0.904614 
0.845245 
0.036094 
0.637902 
0.216829 
0.247432 
0.582207 
0.146352 
0.741745 
0.503114 
0.840539 
0.936139 
0.680732 
0.054992 
0.244301 
0.963233 
0.056094 
0.768268 
0.281704 
0.602616 
0.171413 
0.941849 
0.656124 
0.474014 
0.758804 
0.223021 
0.309858 
0.786944 
0.173912 
0.934750 
0.339900 
0.700203 
0.312548 
0.997993 
0.275408 
0.780188 
0.617340 
0.633829 
0.762802 
0.408112 
0.138359 
0.406272 
0.216202 
0.711487 
0.964893 
0.949955 
0.888998 
0.387670 
0.575353 
0.956300 
0.531372 
0.761194 
0.386163 
0.247993 
0.022436 
0.078713 
0.926219 
0.961441 
0.944443 
0.258361 
0.273166 
0.107396 
0.003392 
0.011860 
0.329979 
0.951587 
0.329908 
0.758911 
0.023297 
0.552651 
0.412393 
0.087808 
0.784070 
0.864654 
0.232137 
0.526775 
0.512339 
0.878182 
0.612567 
0.407158 
0.099499 
0.281670 
0.027636 
0.484732 
0.885643 
0.006882 
0.663383 
0.484262 
0.996201 
0.155704 
0.917897 
0.090926 
0.187623 
0.377293 
0.169120 
0.403304 
0.332052 
0.791304 
0.448388 
0.054694 
0.236215 
0.064138 
0.966027 
0.007500 
0.059251 
0.838244 
0.368542 
0.088390 
0.565325 
0.424595 
0.162921 
0.205951 
0.415846 
0.127990 
0.127108 
0.310735 
0.520178 
0.638545 
0.021046 
0.717048 
0.417838 
0.608321 
0.052553 
0.251289 
0.415732 
0.210263 
0.896729 
0.316216 
0.643753 
0.551293 
0.575783 
0.186558 
0.480805 
0.892813 
0.513489 
0.203233 
0.744419 
0.447644 
0.554198 
0.397935 
0.086579 
0.133115 
0.258423 
0.315991 
0.859977 
0.634548 
0.848688 
0.900528 
0.168370 
0.789795 
0.088110 
0.872893 
0.707571 
0.146708 
0.722304 
0.761613 
0.425521 
0.727699 
0.429036 
0.812020 
0.623004 
0.830951 
0.801096 
0.018166 
0.311728 
0.220414 
0.495472 
0.392969 
0.631851 
0.525252 
0.916394 
0.830505 
0.296461 
0.616955 
0.168724 
0.736764 
0.786422 
0.399832 
0.972765 
0.258030 
0.706505 
0.224823 
0.605874 
0.932527 
0.977025 
0.851128 
0.905733 
0.651744 
0.868718 
0.536556 
0.889737 
0.804847 
0.062341 
0.759599 
0.574979 
0.670262 
0.089926 
0.389276 
0.562654 
0.528878 
0.850447 
0.454549 
0.610872 
0.919127 
0.761431 
0.375248 
0.795534 
0.543948 
0.133654 
0.321593 
0.020794 
0.491239 
0.246819 
0.292628 
0.207071 
0.245285 
0.497870 
0.704961 
0.287179 
0.618367 
0.888054 
0.522062 
0.302767 
0.602751 
0.442586 
0.550279 
0.542598 
0.449048 
0.147265 
0.084097 
0.422261 
0.933456 
0.594404 
0.139687 
0.725277 
0.734295 
0.301163 
0.651608 
0.574590 
0.127793 
0.812852 
0.608976 
0.067573 
0.691229 
0.480717 
0.413536 
0.293076 
0.730075 
0.365684 
0.046566 
0.640471 
0.400935 
0.508714 
0.960855 
0.084775 
0.821320 
0.932660 
0.212549 
0.304933 
0.009965 
0.475427 
0.502412 
0.038538 
0.713912 
0.722573 
0.287704 
0.438395 
0.108393 
0.762779 
0.031390 
0.566927 
0.344088 
0.092102 
0.960514 
0.364459 
0.457353 
0.735851 
0.455175 
0.132807 
0.083800 
0.424302 
0.244259 
0.257623 
0.872190 
0.903630 
0.303110 
0.374026 
0.249092 
0.493340 
0.570980 
0.468657 
0.716692 
0.442718 
0.768585 
0.613270 
0.221571 
0.940657 
0.629869 
0.214033 
0.259476 
0.009753 
0.912958 
0.079703 
0.563139 
0.677662 
0.469310 
0.693598 
0.293630 
0.035651 
0.190399 
0.041472 
0.023279 
0.244519 
0.638136 
0.150668 
0.269726 
0.285749 
0.590012 
0.333190 
0.929571 
0.299388 
0.818561 
0.546865 
0.157514 
0.345028 
0.889073 
0.646698 
0.059331 
0.184481 
0.578094 
0.026676 
0.350468 
0.315404 
0.989438 
0.491520 
0.972389 
0.940647 
0.456218 
0.653590 
0.888587 
0.480626 
0.873494 
0.813276 
0.737194 
0.027324 
0.240657 
0.727622 
0.149534 
0.225188 
0.731300 
0.955484 
0.816520 
0.256630 
0.175602 
0.343312 
0.043267 
0.190183 
0.411211 
0.220248 
0.715819 
0.774443 
0.067594 
0.051148 
0.640518 
0.191093 
0.695343 
0.629789 
0.860745 
0.534377 
0.271071 
0.884046 
0.165613 
0.454394 
0.004894 
0.255657 
0.834879 
0.806221 
0.157424 
0.827840 
0.499615 
0.021359 
0.979357 
0.058906 
0.026069 
0.145556 
0.351915 
0.631354 
0.163403 
0.312786 
0.992165 
0.322511 
0.445159 
0.794867 
0.327908 
0.145626 
0.533908 
0.388884 
0.968398 
0.866260 
0.229730 
0.071545 
0.452412 
0.696461 
0.426192 
0.009621 
0.702165 
0.285308 
0.171725 
0.188397 
0.380086 
0.102644 
0.130442 
0.330430 
0.541679 
0.992227 
0.356429 
0.507738 
0.547166 
0.220886 
0.427059 
0.575136 
0.311998 
0.749549 
0.676546 
0.704134 
0.380496 
0.991077 
0.035440 
0.643997 
0.665842 
0.805606 
0.816990 
0.156011 
0.079771 
0.707558 
0.922271 
0.613153 
0.267788 
0.715688 
0.561631 
0.336450 
0.713561 
0.819519 
0.647921 
0.612919 
0.329090 
0.008427 
0.627183 
0.071058 
0.273661 
0.419407 
0.974365 
0.155508 
0.619888 
0.461615 
0.371666 
0.587651 
0.653576 
0.659063 
0.871913 
0.236210 
0.980858 
0.272423 
0.611267 
0.563198 
0.662071 
0.423840 
0.486629 
0.765873 
0.031540 
0.095815 
0.360344 
0.306231 
0.825742 
0.245280 
0.425476 
0.980421 
0.937949 
0.104646 
0.791108 
0.149589 
0.140067 
0.104120 
0.950832 
0.640992 
0.148381 
0.847606 
0.717814 
0.292075 
0.902136 
0.206668 
0.462601 
0.931465 
0.130508 
0.443598 
0.555900 
0.004019 
0.540643 
0.590217 
0.769115 
0.517784 
0.392333 
0.940827 
0.486666 
0.400537 
0.825394 
0.398208 
0.675492 
0.999815 
0.883039 
0.234343 
0.601961 
0.163860 
0.988959 
0.438616 
0.822968 
0.622401 
0.696226 
0.468491 
0.928611 
0.157995 
0.417396 
0.172973 
0.155381 
0.482202 
0.361700 
0.089567 
0.349268 
0.143117 
0.365869 
0.152484 
0.806309 
0.639864 
0.189518 
0.237323 
0.694747 
0.618399 
0.432143 
0.029094 
0.984766 
0.959923 
0.420931 
0.592913 
0.084317 
0.124165 
0.833399 
0.934223 
0.486688 
0.759642 
0.305265 
0.592811 
0.378146 
0.491736 
0.606344 
0.829513 
0.630630 
0.000145 
0.437797 
0.047940 
0.723784 
0.636342 
0.002945 
0.502153 
0.692282 
0.176334 
0.640972 
0.816692 
0.144607 
0.408654 
0.240834 
0.693848 
0.497392 
0.664721 
0.965899 
0.869532 
0.223975 
0.354353 
0.618754 
0.398310 
0.389600 
0.011560 
0.293890 
0.410286 
0.683998 
0.947972 
0.559669 
0.352311 
0.283885 
0.256391 
0.170731 
0.484052 
0.465820 
0.037926 
0.424318 
0.520217 
0.280033 
0.515851 
0.907281 
0.675901 
0.874936 
0.042260 
0.263257 
0.562250 
0.740168 
0.999944 
0.063998 
0.606689 
0.625887 
0.278822 
0.169474 
0.357152 
0.652079 
0.495321 
0.867048 
0.468417 
0.685541 
0.879566 
0.868466 
0.313869 
0.202295 
0.975678 
0.218262 
0.327722 
0.021832 
0.935762 
0.347399 
0.730693 
0.749421 
0.516977 
0.824563 
0.425916 
0.366925 
0.907785 
0.140918 
0.409667 
0.269957 
0.163246 
0.671770 
0.434019 
0.550931 
0.499492 
0.957835 
0.331522 
0.892840 
0.956336 
0.137438 
0.915970 
0.706709 
0.655559 
0.984534 
0.059143 
0.014254 
0.566251 
0.978815 
0.941530 
0.290545 
0.191833 
0.128830 
0.241527 
0.345535 
0.404859 
0.467061 
0.898753 
0.347876 
0.748683 
0.108769 
0.079880 
0.546316 
0.936369 
0.549971 
0.364383 
0.181514 
0.708704 
0.186762 
0.905601 
0.434291 
0.135665 
0.125013 
0.089209 
0.330704 
0.137119 
0.561442 
0.155884 
0.940300 
0.617026 
0.362159 
0.802540 
0.286399 
0.499799 
0.116031 
0.125394 
0.492987 
0.626634 
0.835504 
0.317536 
0.825319 
0.134288 
0.980396 
0.518307 
0.179984 
0.989337 
0.788165 
0.693564 
0.731509 
0.465556 
0.593738 
0.954397 
0.549219 
0.719921 
0.705621 
0.371243 
0.484673 
0.903191 
0.936798 
0.771683 
0.674552 
0.192122 
0.990085 
0.360179 
0.524152 
0.430502 
0.443373 
0.769831 
0.546702 
0.421189 
0.919697 
0.355879 
0.259724 
0.182882 
0.703125 
0.415972 
0.234582 
0.627392 
0.572889 
0.541588 
0.464770 
0.389393 
0.528216 
0.718219 
0.104695 
0.600581 
0.971479 
0.642936 
0.828615 
0.533431 
0.370674 
0.925992 
0.146407 
0.665773 
0.643609 
0.138509 
0.922614 
0.377384 
0.690285 
0.613959 
0.804895 
0.865545 
0.219720 
0.837985 
0.016001 
0.925967 
0.732651 
0.657527 
0.057041 
0.681985 
0.117074 
0.662080 
0.582559 
0.072972 
0.441807 
0.456216 
0.615390 
0.852643 
0.371048 
0.202200 
0.376391 
0.997406 
0.402553 
0.701974 
0.081866 
0.913509 
0.351548 
0.459988 
0.013629 
0.070049 
0.310389 
0.708958 
0.463168 
0.468420 
0.738392 
0.154249 
0.471207 
0.578210 
0.979449 
0.607063 
0.910555 
0.701155 
0.310461 
0.916888 
0.136928 
0.349453 
0.258403 
0.982439 
0.850984 
0.491321 
0.638716 
0.893636 
0.346808 
0.795297 
0.552742 
0.939372 
0.031039 
0.671668 
0.715943 
0.849527 
0.996742 
0.246275 
0.136496 
0.096420 
0.534006 
0.039332 
0.051775 
0.183420 
0.745500 
0.624872 
0.222503 
0.606263 
0.454279 
0.073573 
0.544140 
0.353915 
0.254516 
0.653481 
0.050470 
0.252627 
0.896313 
0.325993 
0.958281 
0.834905 
0.248004 
0.202489 
0.237067 
0.382261 
0.666376 
0.787507 
0.633402 
0.581607 
0.069072 
0.896505 
0.556624 
0.178773 
0.644643 
0.518660 
0.124886 
0.961673 
0.835299 
0.875123 
0.192280 
0.644531 
0.637170 
0.914465 
0.419796 
0.508984 
0.500180 
0.528050 
0.930615 
0.843776 
0.341317 
0.508840 
0.075547 
0.726670 
0.134983 
0.656956 
0.452865 
0.296038 
0.512310 
0.400790 
0.070565 
0.993714 
0.358752 
0.545722 
0.955189 
0.857232 
0.495644 
0.284719 
0.266117 
0.624540 
0.636338 
0.931522 
0.088299 
0.038111 
0.535230 
0.607163 
0.595158 
0.815439 
0.089247 
0.981834 
0.686479 
0.657433 
0.470910 
0.576151 
0.364451 
0.333094 
0.310389 
0.709475 
0.144662 
0.338371 
0.009301 
0.316887 
0.922513 
0.683155 
0.784521 
0.440626 
0.600286 
0.012292 
0.591941 
0.760601 
0.418687 
0.877921 
0.218616 
0.278298 
0.359064 
0.796754 
0.050303 
0.447711 
0.673807 
0.667755 
0.961551 
0.786387 
0.808338 
0.741350 
0.874594 
0.305484 
0.275321 
0.327449 
0.441567 
0.418318 
0.666664 
0.620736 
0.715234 
0.937566 
0.668592 
0.033339 
0.334855 
0.910829 
0.302598 
0.769160 
0.265625 
0.354141 
0.051784 
0.341372 
0.441141 
0.251484 
0.699465 
0.914648 
0.488578 
0.528018 
0.391855 
0.913978 
0.226542 
0.492409 
0.911691 
0.795242 
0.630647 
0.288711 
0.367583 
0.971774 
0.612798 
0.297153 
0.247104 
0.084198 
0.113257 
0.514113 
0.702738 
0.921791 
0.545661 
0.931930 
0.949121 
0.877793 
0.073220 
0.613661 
0.805723 
0.787991 
0.764115 
0.479718 
0.615431 
0.556108 
0.513597 
0.030980 
0.684848 
0.247774 
0.330057 
0.260258 
0.158076 
0.791652 
0.287806 
0.160721 
0.234816 
0.559219 
0.789972 
0.054563 
0.035346 
0.059659 
0.682161 
0.086602 
0.518884 
0.887538 
0.857927 
0.183630 
0.264447 
0.565941 
0.776705 
0.089129 
0.988935 
0.035644 
0.073794 
0.259967 
0.259583 
0.816204 
0.939066 
0.877750 
0.351989 
0.880333 
0.752862 
0.343734 
0.132118 
0.514861 
0.265869 
0.456990 
0.632614 
0.341848 
0.434399 
0.951422 
0.549551 
0.301985 
0.454561 
0.800035 
0.187466 
0.742069 
0.948937 
0.779662 
0.787482 
0.202028 
0.481800 
0.614923 
0.018533 
0.492032 
0.586341 
0.639487 
0.853196 
0.665589 
0.558634 
0.967792 
0.683527 
0.044333 
0.098943 
0.938770 
0.899209 
0.008044 
0.200357 
0.396342 
0.317602 
0.938675 
0.305416 
0.126716 
0.710124 
0.048876 
0.466307 
0.214134 
0.951592 
0.400314 
0.072854 
0.448775 
0.569238 
0.186461 
0.844648 
0.997437 
0.931646 
0.182604 
0.024067 
0.497028 
0.547866 
0.976820 
0.417864 
0.040368 
0.464609 
0.687496 
0.737615 
0.092837 
0.319651 
0.367210 
0.691583 
0.430080 
0.362411 
0.035244 
0.342209 
0.503780 
0.032278 
0.499334 
0.313892 
0.578243 
0.524869 
0.475519 
0.045459 
0.028849 
0.859236 
0.182583 
0.676232 
0.431572 
0.424926 
0.730357 
0.110764 
0.618291 
0.613686 
0.224019 
0.088154 
0.601770 
0.953319 
0.425969 
0.267740 
0.907200 
0.313503 
0.039851 
0.778983 
0.365592 
0.507096 
0.762930 
0.567243 
0.651815 
0.046954 
0.155947 
0.004177 
0.206258 
0.571631 
0.408223 
0.000816 
0.716792 
0.125936 
0.600681 
0.649914 
0.105444 
0.190408 
0.182073 
0.099643 
0.694133 
0.287756 
0.314088 
0.871508 
0.442280 
0.394651 
0.893121 
0.687447 
0.914210 
0.133685 
0.839308 
0.245480 
0.783302 
0.953046 
0.845383 
0.357247 
0.246647 
0.398891 
0.162208 
0.222246 
0.280793 
0.281066 
0.879708 
0.247878 
0.089910 
0.110376 
0.082036 
0.777616 
0.394345 
0.761277 
0.781308 
0.437183 
0.738381 
0.968530 
0.079494 
0.063915 
0.211819 
0.040519 
0.009064 
0.332412 
0.850730 
0.213178 
0.874507 
0.845154 
0.507894 
0.174776 
0.454801 
0.846722 
0.853128 
0.518752 
0.668849 
0.341904 
0.386446 
0.997198 
0.914575 
0.255933 
0.457923 
0.309215 
0.976850 
0.919417 
0.639521 
0.431682 
0.281200 
0.126024 
0.092293 
0.173881 
0.412590 
0.401751 
0.224317 
0.093047 
0.833448 
0.756414 
0.057483 
0.121160 
0.336224 
0.922170 
0.916506 
0.716848 
0.060310 
0.634132 
0.858120 
0.427394 
0.205348 
0.281410 
0.662283 
0.994950 
0.127056 
0.429548 
0.417536 
0.524108 
0.685392 
0.388253 
0.365131 
0.760892 
0.316351 
0.910363 
0.473192 
0.944355 
0.768565 
0.265967 
0.100684 
0.198880 
0.571615 
0.135106 
0.726623 
0.357864 
0.612282 
0.622397 
0.631189 
0.389472 
0.848383 
0.775398 
0.121653 
0.622135 
0.214620 
0.116404 
0.408567 
0.791602 
0.447004 
0.793065 
0.043842 
0.858246 
0.540122 
0.831257 
0.938137 
0.265396 
0.510690 
0.159405 
0.123695 
0.947854 
0.588864 
0.032652 
0.774071 
0.814771 
0.856075 
0.057588 
0.878743 
0.040383 
0.720586 
0.893932 
0.320888 
0.162702 
0.537685 
0.865317 
0.379845 
0.058375 
0.109956 
0.035791 
0.544657 
0.055061 
0.415853 
0.249353 
0.883589 
0.482466 
0.807774 
0.260095 
0.421148 
0.237911 
0.573003 
0.457686 
0.335290 
0.218005 
0.005414 
0.989886 
0.006446 
0.345791 
0.704651 
0.064792 
0.951557 
0.813054 
0.003382 
0.847819 
0.297939 
0.464034 
0.023143 
0.957615 
0.638752 
0.497496 
0.407927 
0.035141 
0.620971 
0.661109 
0.264978 
0.493121 
0.880902 
0.322312 
0.096514 
0.116067 
0.745516 
0.889630 
0.014338 
0.978707 
0.129592 
0.056448 
0.714454 
0.826237 
0.569023 
0.571594 
0.776447 
0.744406 
0.232763 
0.052686 
0.498208 
0.388557 
0.475844 
0.515003 
0.659008 
0.950311 
0.872429 
0.920537 
0.467488 
0.072458 
0.805252 
0.876244 
0.030241 
0.259063 
0.069219 
0.360903 
0.701506 
0.205047 
0.232784 
0.397446 
0.869314 
0.558605 
0.472806 
0.444578 
0.030125 
0.312700 
0.542072 
0.606511 
0.624247 
0.722474 
0.615858 
0.730705 
0.966282 
0.297548 
0.892435 
0.162421 
0.814306 
0.047879 
0.700189 
0.072107 
0.894066 
0.568699 
0.130835 
0.942272 
0.769707 
0.458102 
0.326280 
