0.000001 
0.013563 
0.954987 
0.464023 
0.840679 
0.285622 
0.456270 
0.528320 
0.472554 
0.220671 
0.822789 
0.609100 
0.148573 
0.062945 
0.913468 
0.649014 
0.970435 
0.101883 
0.340957 
0.459323 
0.837598 
0.503194 
0.177111 
0.696522 
0.446445 
0.407221 
0.167572 
0.375156 
0.241562 
0.926885 
0.163300 
0.585999 
0.889203 
0.831038 
0.256002 
0.629906 
0.829914 
0.362638 
0.859372 
0.467789 
0.131916 
0.118389 
0.759646 
0.370475 
0.565662 
0.081690 
0.964635 
0.622966 
0.197454 
0.606372 
0.300966 
0.335450 
0.909149 
0.063094 
0.413554 
0.606209 
0.556978 
0.134625 
0.638345 
0.657640 
0.957980 
0.763809 
0.338177 
0.733973 
0.884087 
0.850780 
0.061595 
0.228431 
0.240107 
0.475445 
0.807147 
0.725395 
0.718343 
0.182760 
0.645627 
0.052233 
0.884615 
0.718260 
0.795544 
0.704216 
0.764480 
0.607381 
0.258196 
0.498726 
0.093037 
0.672279 
0.998743 
0.877083 
0.138993 
0.060504 
0.895646 
0.126724 
0.855733 
0.309425 
0.503326 
0.399839 
0.086044 
0.135975 
0.337938 
0.726833 
0.878869 
0.147790 
0.900800 
0.739040 
0.041911 
0.396720 
0.677787 
0.569125 
0.282156 
0.201575 
0.866046 
0.640197 
0.791164 
0.093809 
0.648055 
0.863822 
0.254648 
0.877117 
0.698375 
0.592374 
0.030445 
0.686253 
0.861260 
0.198308 
0.970225 
0.576612 
0.117354 
0.376020 
0.765425 
0.492610 
0.296017 
0.154817 
0.017703 
0.530658 
0.772988 
0.616882 
0.928009 
0.051209 
0.674695 
0.594418 
0.382618 
0.658221 
0.723496 
0.801258 
0.746657 
0.067733 
0.392680 
0.773664 
0.969414 
0.935063 
0.595714 
0.164906 
0.577879 
0.411387 
0.179226 
0.259685 
0.523448 
0.592171 
0.622734 
0.291767 
0.725502 
0.509767 
0.656315 
0.681456 
0.232830 
0.174189 
0.600174 
0.120017 
0.122449 
0.994590 
0.072491 
0.349725 
0.828627 
0.736901 
0.090091 
0.153158 
0.132537 
0.548411 
0.144535 
0.204441 
0.047523 
0.725343 
0.836193 
0.900969 
0.591736 
0.302614 
0.025450 
0.733573 
0.161627 
0.467655 
0.870096 
0.697615 
0.821532 
0.482349 
0.834050 
0.876841 
0.070549 
0.719792 
0.536167 
0.359446 
0.200571 
0.003922 
0.924122 
0.723151 
0.001026 
0.250335 
0.384980 
0.358810 
0.515276 
0.250997 
0.511361 
0.449937 
0.088391 
0.586997 
0.652730 
0.434058 
0.208166 
0.648327 
0.425977 
0.393651 
0.087136 
0.491926 
0.803174 
0.938298 
0.980982 
0.360882 
0.338495 
0.087820 
0.991124 
0.828377 
0.526541 
0.574665 
0.402372 
0.662416 
0.224933 
0.452107 
0.565212 
0.516925 
0.958598 
0.164271 
0.904840 
0.646638 
0.044400 
0.232577 
0.924306 
0.818918 
0.562353 
0.469161 
0.196563 
0.636172 
0.135184 
0.031209 
0.523307 
0.219044 
0.471538 
0.134760 
0.915200 
0.762505 
0.413918 
0.718838 
0.515652 
0.559419 
0.150881 
0.853076 
0.651277 
0.020411 
0.047992 
0.605824 
0.076604 
0.478362 
0.830671 
0.092705 
0.095592 
0.616264 
0.549148 
0.528841 
0.232719 
0.308469 
0.438396 
0.122864 
0.976150 
0.145630 
0.611021 
0.430710 
0.947638 
0.946010 
0.585320 
0.476408 
0.983016 
0.550517 
0.533679 
0.538725 
0.348134 
0.094822 
0.673281 
0.827402 
0.137576 
0.238648 
0.965323 
0.180659 
0.336085 
0.588793 
0.845736 
0.279273 
0.734028 
0.811668 
0.709431 
0.404382 
0.442067 
0.813085 
0.518209 
0.535061 
0.771639 
0.928362 
0.984787 
0.311851 
0.280651 
0.897436 
0.204800 
0.068529 
0.771130 
0.389480 
0.996411 
0.681123 
0.640717 
0.530730 
0.974148 
0.510455 
0.210438 
0.838856 
0.659224 
0.574499 
0.602136 
0.099507 
0.418678 
0.728156 
0.111502 
0.014853 
0.630140 
0.762899 
0.047314 
0.201935 
0.918585 
0.651733 
0.678294 
0.090632 
0.256642 
0.388487 
0.302687 
0.263636 
0.932422 
0.212836 
0.129076 
0.376425 
0.573607 
0.609129 
0.632610 
0.280528 
0.835829 
0.783723 
0.025767 
0.070679 
0.909336 
0.205467 
0.282409 
0.454729 
0.630097 
0.040885 
0.160206 
0.588541 
0.609314 
0.743013 
0.817519 
0.036608 
0.271052 
0.577863 
0.144265 
0.662979 
0.694433 
0.335795 
0.713591 
0.326746 
0.611971 
0.393850 
0.444140 
0.653083 
0.372049 
0.032635 
0.495961 
0.619469 
0.420951 
0.925150 
0.994962 
0.325697 
0.990149 
0.436218 
0.523106 
0.850645 
0.791361 
0.404535 
0.026271 
0.538427 
0.350755 
0.139421 
0.251294 
0.500014 
0.740704 
0.010443 
0.519487 
0.014132 
0.522770 
0.199255 
0.880694 
0.823800 
0.600610 
0.447361 
0.798144 
0.410231 
0.754702 
0.282545 
0.739317 
0.694296 
0.034882 
0.261566 
0.140047 
0.766436 
0.489887 
0.538155 
0.771139 
0.539614 
0.285801 
0.458019 
0.926198 
0.604645 
0.268220 
0.967327 
0.872302 
0.781810 
0.873047 
0.294851 
0.566401 
0.507742 
0.615475 
0.282701 
0.350311 
0.673488 
0.304446 
0.825328 
0.281956 
0.835383 
0.279526 
0.990673 
0.241573 
0.110093 
0.331383 
0.550987 
0.430141 
0.379299 
0.871595 
0.897327 
0.374071 
0.012202 
0.085373 
0.867921 
0.149770 
0.186176 
0.058181 
0.853889 
0.317488 
0.017622 
0.171476 
0.999935 
0.907392 
0.535548 
0.963390 
0.689683 
0.497054 
0.983833 
0.289309 
0.412337 
0.145967 
0.263569 
0.808970 
0.357961 
0.251891 
0.525938 
0.434978 
0.674809 
0.519087 
0.287016 
0.874661 
0.422589 
0.453050 
0.408718 
0.326797 
0.482717 
0.025084 
0.581076 
0.149461 
0.989349 
0.993787 
0.585872 
0.750139 
0.580472 
0.987367 
0.669099 
0.552421 
0.532627 
0.860091 
0.557698 
0.234755 
0.529535 
0.889337 
0.084743 
0.272089 
0.005301 
0.097853 
0.614625 
0.003545 
0.576608 
0.052380 
0.349303 
0.730040 
0.779215 
0.262412 
0.355653 
0.453299 
0.595779 
0.254227 
0.796459 
0.093762 
0.856488 
0.000391 
0.576756 
0.544124 
0.087216 
0.841310 
0.890916 
0.629925 
0.143477 
0.424120 
0.186606 
0.285325 
0.451283 
0.718189 
0.602195 
0.085356 
0.576162 
0.552566 
0.975370 
0.039913 
0.824046 
0.737981 
0.241374 
0.773696 
0.509222 
0.490924 
0.961602 
0.640455 
0.132545 
0.683345 
0.987541 
0.595801 
0.634448 
0.165283 
0.911525 
0.997197 
0.898319 
0.051947 
0.065669 
0.692891 
0.419298 
0.141187 
0.927853 
0.429665 
0.382565 
0.768880 
0.558478 
0.346076 
0.497566 
0.595477 
0.184501 
0.905745 
0.856177 
0.767282 
0.703177 
0.289833 
0.217855 
0.495247 
0.612019 
0.200248 
0.571679 
0.203061 
0.847042 
0.237709 
0.174684 
0.908546 
0.925918 
0.909622 
0.012188 
0.845753 
0.575462 
0.781620 
0.695087 
0.323673 
0.980481 
0.952473 
0.216586 
0.153419 
0.507540 
0.224285 
0.564485 
0.297388 
0.195375 
0.662174 
0.153014 
0.708616 
0.716970 
0.108988 
0.754783 
0.640890 
0.437827 
0.554016 
0.351779 
0.343291 
0.696426 
0.830026 
0.250147 
0.222352 
0.070159 
0.160183 
0.191337 
0.803490 
0.261701 
0.406023 
0.033775 
0.654428 
0.969501 
0.402155 
0.011790 
0.160578 
0.838359 
0.293876 
0.173500 
0.008217 
0.108949 
0.099927 
0.479543 
0.673703 
0.921528 
0.118723 
0.371294 
0.332253 
0.182572 
0.481982 
0.663670 
0.300829 
0.034083 
0.827932 
0.051286 
0.966312 
0.801746 
0.951361 
0.524093 
0.431755 
0.511615 
0.707850 
0.827417 
0.395721 
0.881053 
0.851270 
0.296610 
0.130644 
0.738595 
0.565357 
0.953094 
0.646678 
0.722148 
0.141955 
0.833998 
0.003043 
0.139579 
0.896779 
0.166238 
0.962923 
0.845336 
0.566611 
0.036213 
0.638032 
0.408580 
0.010388 
0.585871 
0.739847 
0.608280 
0.366368 
0.544176 
0.963503 
0.601297 
0.996421 
0.850596 
0.959981 
0.408377 
0.584105 
0.052214 
0.552659 
0.542976 
0.795803 
0.058871 
0.442105 
0.453493 
0.860799 
0.451760 
0.735983 
0.673098 
0.758126 
0.831662 
0.743838 
0.684436 
0.320396 
0.893024 
0.054608 
0.790857 
0.928499 
0.286334 
0.418437 
0.671381 
0.893631 
0.262909 
0.710208 
0.463688 
0.209958 
0.766254 
0.429190 
0.397657 
0.419762 
0.939272 
0.338430 
0.994226 
0.952912 
0.585496 
0.426307 
0.943047 
0.797348 
0.024103 
0.100316 
0.006727 
0.057476 
0.004633 
0.870097 
0.714528 
0.074692 
0.345450 
0.976985 
0.186841 
0.241351 
0.383207 
0.562820 
0.318979 
0.071920 
0.751912 
0.382902 
0.439264 
0.711357 
0.780929 
0.067098 
0.712629 
0.151057 
0.812219 
0.957437 
0.637128 
0.204222 
0.365522 
0.325995 
0.000708 
0.901255 
0.384456 
0.544854 
0.368261 
0.360010 
0.695241 
0.913137 
0.099218 
0.551796 
0.033834 
0.652658 
0.219765 
0.594185 
0.460167 
0.023408 
0.425697 
0.693540 
0.331542 
0.226893 
0.383747 
0.639405 
0.479551 
0.810703 
0.490509 
0.989888 
0.041853 
0.422744 
0.063128 
0.997988 
0.190539 
0.384413 
0.833226 
0.031798 
0.434879 
0.014695 
0.986541 
0.797282 
0.925977 
0.901724 
0.268364 
0.398816 
0.900785 
0.487704 
0.837382 
0.887403 
0.587451 
0.282063 
0.626847 
0.410770 
0.804529 
0.715420 
0.063504 
0.308093 
0.110683 
0.242697 
0.005891 
0.010169 
0.906366 
0.301054 
0.810893 
0.676045 
0.289644 
0.053725 
0.951341 
0.180703 
0.079763 
0.572498 
0.974661 
0.132108 
0.342462 
0.751472 
0.982953 
0.487508 
0.545142 
0.201443 
0.652616 
0.517568 
0.760757 
0.039449 
0.016272 
0.483622 
0.237425 
0.394486 
0.126766 
0.551623 
0.123395 
0.906154 
0.734969 
0.617725 
0.110987 
0.357033 
0.661998 
0.198090 
0.301325 
0.371522 
0.165179 
0.156626 
0.410500 
0.272529 
0.391515 
0.200791 
0.693500 
0.652049 
0.984588 
0.974069 
0.176301 
0.095231 
0.555187 
0.029885 
0.276304 
0.848602 
0.450826 
0.029259 
0.749149 
0.948224 
0.799205 
0.240610 
0.931313 
0.574204 
0.650470 
0.456327 
0.487379 
0.376189 
0.608064 
0.727255 
0.971907 
0.845184 
0.004305 
0.353602 
0.989178 
0.107289 
0.213462 
0.662023 
0.614766 
0.373166 
0.798875 
0.698202 
0.684346 
0.797580 
0.927896 
0.149042 
0.941438 
0.743280 
0.302654 
0.712237 
0.569096 
0.795466 
0.392681 
0.793480 
0.023093 
0.127738 
0.897848 
0.131551 
0.982539 
0.528355 
0.064690 
0.238184 
0.165861 
0.619431 
0.784988 
0.296023 
0.262086 
0.874627 
0.857204 
0.031697 
0.724638 
0.982617 
0.844719 
0.194504 
0.030956 
0.283450 
0.937695 
0.844292 
0.012292 
0.592004 
0.812903 
0.463530 
0.547122 
0.480754 
0.029972 
0.735421 
0.227672 
0.484675 
0.925254 
0.741823 
0.823086 
0.609274 
0.062964 
0.236031 
0.978952 
0.243789 
0.367070 
0.342647 
0.862187 
0.781455 
0.912499 
0.378477 
0.064228 
0.484569 
0.152996 
0.404312 
0.264691 
0.662850 
0.520354 
0.585165 
0.866744 
0.365249 
0.733857 
0.940440 
0.967246 
0.502249 
0.302768 
0.627764 
0.837357 
0.464889 
0.388420 
0.173139 
0.940825 
0.438691 
0.073896 
0.964769 
0.872899 
0.812327 
0.780002 
0.499541 
0.793629 
0.514994 
0.496408 
0.121224 
0.416255 
0.005396 
0.695364 
0.976403 
0.406306 
0.782886 
0.968113 
0.079457 
0.430057 
0.966357 
0.565475 
0.934879 
0.513854 
0.346229 
0.069710 
0.621088 
0.629246 
0.730252 
0.341520 
0.922828 
0.963340 
0.857896 
0.660930 
0.250191 
0.953288 
0.910345 
0.163644 
0.361758 
0.066861 
0.735949 
0.090910 
0.925142 
0.862955 
0.677824 
0.195180 
0.384443 
0.338113 
0.666049 
0.289819 
0.993356 
0.333794 
0.073352 
0.821214 
0.143473 
0.358801 
0.372226 
0.003306 
0.557282 
0.242826 
0.168826 
0.450989 
0.771235 
0.144763 
0.028460 
0.331575 
0.775005 
0.501202 
0.702540 
0.582890 
0.631408 
0.078165 
0.712540 
0.653434 
0.267231 
0.345403 
0.182483 
0.996740 
0.211463 
0.056415 
0.163947 
0.458219 
0.290660 
0.121314 
0.928967 
0.155240 
0.114459 
0.708502 
0.789022 
0.090256 
0.939714 
0.767392 
0.556563 
0.148056 
0.381020 
0.808938 
0.819812 
0.582040 
0.348378 
0.193257 
0.066798 
0.666475 
0.452160 
0.457864 
0.322427 
0.034832 
0.422368 
0.737638 
0.474553 
0.812192 
0.505589 
0.434467 
0.086551 
0.658805 
0.542310 
0.611045 
0.827382 
0.808892 
0.046160 
0.808607 
0.251069 
0.710416 
0.959845 
0.112989 
0.997758 
0.322872 
0.514117 
0.772683 
0.475004 
0.390426 
0.888159 
0.289922 
0.716042 
0.510955 
0.627636 
0.677702 
0.138402 
0.122181 
0.503835 
0.952730 
0.527060 
0.300230 
0.961608 
0.746894 
0.046464 
0.915727 
0.629335 
0.230230 
0.479382 
0.972064 
0.471674 
0.428317 
0.721704 
0.680200 
0.128329 
0.821598 
0.600001 
0.219423 
0.850483 
0.061289 
0.077897 
0.221730 
0.612909 
0.155329 
0.606454 
0.677820 
0.120829 
0.775456 
0.087552 
0.489796 
0.001064 
0.881086 
0.409940 
0.858541 
0.505359 
0.560962 
0.089065 
0.916691 
0.832518 
0.122232 
0.357293 
0.016989 
0.531840 
0.638466 
0.696081 
0.027204 
0.214817 
0.434237 
0.223095 
0.555840 
0.997430 
0.808021 
0.411702 
0.482398 
0.659544 
0.956583 
0.297513 
0.301106 
0.693300 
0.298583 
0.278511 
0.938799 
0.391824 
0.391043 
0.266152 
0.211596 
0.285827 
0.886740 
0.434694 
0.908590 
0.663796 
0.423826 
0.237570 
0.838841 
0.403372 
0.472667 
0.108548 
0.368045 
0.724920 
0.733395 
0.175953 
0.248394 
0.751337 
0.717438 
0.980899 
0.961316 
0.830455 
0.454868 
0.963983 
0.661612 
0.712128 
0.727082 
0.061648 
0.124049 
0.898431 
0.926096 
0.893644 
0.476976 
0.531789 
0.780461 
0.208366 
0.015732 
0.400855 
0.162000 
0.727498 
0.054564 
0.058520 
0.543049 
0.029520 
0.149643 
0.042674 
0.225689 
0.157036 
0.302056 
0.661105 
0.191606 
0.326357 
0.081007 
0.477325 
0.403664 
0.373696 
0.702239 
0.532910 
0.610533 
0.232808 
0.797616 
0.527959 
0.414334 
0.712701 
0.366195 
0.632281 
0.750971 
0.573910 
0.711037 
0.406710 
0.567198 
0.894379 
0.819818 
0.672865 
0.844410 
0.993021 
0.701579 
0.430266 
0.473518 
0.410635 
0.547467 
0.269622 
0.533425 
0.279247 
0.301551 
0.165033 
0.714932 
0.856742 
0.257294 
0.347408 
0.879761 
0.149672 
0.531548 
0.733625 
0.043487 
0.882547 
0.966590 
0.477180 
0.968309 
0.365546 
0.727316 
0.995409 
0.830966 
0.045920 
0.783254 
0.157417 
0.713841 
0.520192 
0.874236 
0.281536 
0.771325 
0.666561 
0.893676 
0.008449 
0.999906 
0.426681 
0.221525 
0.173290 
0.481280 
0.867798 
0.072691 
0.714892 
0.183697 
0.402127 
0.556515 
0.344366 
0.765556 
0.698402 
0.037765 
0.714430 
0.429534 
0.181618 
0.449022 
0.718560 
0.838676 
0.629527 
0.455180 
0.203440 
0.212338 
0.762335 
0.561699 
0.481941 
0.978847 
0.481291 
0.057180 
0.024088 
0.852478 
0.599590 
0.303738 
0.930906 
0.729990 
0.933975 
0.312830 
0.736461 
0.697701 
0.266906 
0.881063 
0.024953 
0.383205 
0.523954 
0.102323 
0.735890 
0.095357 
0.660801 
0.087945 
0.087793 
0.538745 
0.681146 
0.027707 
0.679740 
0.390515 
0.383528 
0.952027 
0.713743 
0.874362 
0.398154 
0.771515 
0.859133 
0.445904 
0.309505 
0.854971 
0.502002 
0.147608 
0.848359 
0.370908 
0.854148 
0.672267 
0.799852 
0.107273 
0.940940 
0.384702 
0.681842 
0.716922 
0.310901 
0.320375 
0.543764 
0.049274 
0.147748 
0.207712 
0.015597 
0.145788 
0.258337 
0.876776 
0.981502 
0.105034 
0.299978 
0.734938 
0.106718 
0.614186 
0.618731 
0.018934 
0.226858 
0.799172 
0.687395 
0.051220 
0.856400 
0.507245 
0.271383 
0.138334 
0.980447 
0.376687 
0.981512 
0.269865 
0.617334 
0.538629 
0.737147 
0.224973 
0.118155 
0.825596 
0.796660 
0.460776 
0.254477 
0.988474 
0.284612 
0.468400 
0.394603 
0.093830 
0.996219 
0.453865 
0.113012 
0.386885 
0.381699 
0.210737 
0.857242 
0.662048 
0.041170 
0.946477 
0.443645 
0.333340 
0.441742 
0.350929 
0.059721 
0.735411 
0.047517 
0.616329 
0.646342 
0.074436 
0.054048 
0.387764 
0.142943 
0.449114 
0.254986 
0.548018 
0.532748 
0.897178 
0.870885 
0.966043 
0.279122 
0.209727 
0.876556 
0.280021 
0.308131 
0.762846 
0.155045 
0.841784 
0.867012 
0.867493 
0.951091 
0.991717 
0.794037 
0.379846 
0.078051 
0.795956 
0.627571 
0.591089 
0.431896 
0.879248 
0.519519 
0.549487 
0.233630 
0.625715 
0.384318 
0.233908 
0.284791 
0.487289 
0.860237 
0.001576 
0.487556 
0.358654 
0.896832 
0.047832 
0.905531 
0.251250 
0.752072 
0.068904 
0.076617 
0.702329 
0.047555 
0.250210 
0.286417 
0.816297 
0.504183 
0.804623 
0.304322 
0.733715 
0.544999 
0.801816 
0.114469 
0.880940 
0.961108 
0.342320 
0.378070 
0.227934 
0.884315 
0.682085 
0.807327 
0.746648 
0.908388 
0.283313 
0.649304 
0.852728 
0.794109 
0.586680 
0.336520 
0.892244 
0.936564 
0.831865 
0.157387 
0.206113 
0.137724 
0.734564 
0.812877 
0.029566 
0.908307 
0.921243 
0.338807 
0.324874 
0.159749 
0.907750 
0.555568 
0.435416 
0.036699 
0.802579 
0.944549 
0.038555 
0.989995 
0.849588 
0.021050 
0.780449 
0.005460 
0.767036 
0.577271 
0.198679 
0.204101 
0.318699 
0.379800 
0.296400 
0.590903 
0.301622 
0.367813 
0.836827 
0.549473 
0.985519 
0.614755 
0.184394 
0.107425 
0.497831 
0.043164 
0.451814 
0.632322 
0.432898 
0.724467 
0.113971 
0.510004 
0.642128 
0.246202 
0.911318 
0.513375 
0.298843 
0.654430 
0.004594 
0.217597 
0.146055 
0.747770 
0.766651 
0.106867 
0.121559 
0.037608 
0.074032 
0.262873 
0.102858 
0.736715 
0.970140 
0.140066 
0.093265 
0.507920 
0.616410 
0.000649 
0.899448 
0.021422 
0.041192 
0.316774 
0.022553 
0.043554 
0.014083 
0.700000 
0.894663 
0.604382 
0.852731 
0.846475 
0.706021 
0.091731 
0.720276 
0.682150 
0.887781 
0.932914 
0.489933 
0.309976 
0.764730 
0.825278 
0.444511 
0.897438 
0.243235 
0.050607 
0.548868 
0.820278 
0.416314 
0.989687 
0.676827 
0.435354 
0.998797 
0.787267 
0.589141 
0.692660 
0.530039 
0.358134 
0.152226 
0.457157 
0.433304 
0.533948 
0.065763 
0.277081 
0.903761 
0.503690 
0.511607 
0.575560 
0.444184 
0.398960 
0.317873 
0.486656 
0.229484 
0.935496 
0.888286 
0.418209 
0.839074 
0.311062 
0.027211 
0.334709 
0.461614 
0.341026 
0.617211 
0.458740 
0.043797 
0.088178 
0.010995 
0.801185 
0.517056 
0.165838 
0.240510 
0.251437 
0.908744 
0.257299 
0.416061 
0.729239 
0.319558 
0.810506 
0.167832 
0.753469 
0.557920 
0.967886 
0.265252 
0.094392 
0.445769 
0.047732 
0.223425 
0.097520 
0.011383 
0.313350 
0.479815 
0.242330 
0.842281 
0.214343 
0.468504 
0.141558 
0.169672 
0.682608 
0.584412 
0.219143 
0.142702 
0.398662 
0.319648 
0.325174 
0.202123 
0.073895 
0.952552 
0.542412 
0.312419 
0.827146 
0.849884 
0.998339 
0.078348 
0.788584 
0.739535 
0.360645 
0.358653 
0.886407 
0.839498 
0.439241 
0.329274 
0.106111 
0.415268 
0.413188 
0.454526 
0.224742 
0.239273 
0.461650 
0.953689 
0.658342 
0.754572 
0.093424 
0.173057 
0.574020 
0.547832 
0.404822 
0.847080 
0.869790 
0.561067 
0.861182 
0.886523 
0.790017 
0.812954 
0.310093 
0.726590 
0.797245 
0.297442 
0.101958 
0.604939 
0.206721 
0.363948 
0.875450 
0.684254 
0.261992 
0.293098 
0.095590 
0.575003 
0.081929 
0.977583 
0.229224 
0.559593 
0.085566 
0.103647 
0.001362 
0.894979 
0.910074 
0.607758 
0.584524 
0.096705 
0.321153 
0.626668 
0.403597 
0.250964 
0.948841 
0.171414 
0.955858 
0.108765 
0.007541 
0.742540 
0.876376 
0.246802 
0.996807 
0.341755 
0.875316 
0.440184 
0.168922 
0.067854 
0.425963 
0.159486 
0.476515 
0.780686 
0.991226 
0.542555 
0.722127 
0.785965 
0.706166 
0.539357 
0.979678 
0.446218 
0.588689 
0.091510 
0.004825 
0.090295 
0.595149 
0.662536 
0.235480 
0.720654 
0.038852 
0.983915 
0.665286 
0.465484 
0.384478 
0.919213 
0.215281 
0.229387 
0.307001 
0.768404 
0.573977 
0.836923 
0.169836 
0.437638 
0.385057 
0.649057 
0.703492 
0.588809 
0.113460 
0.923929 
0.480890 
0.315381 
0.611088 
0.560228 
0.744298 
0.417320 
0.889660 
0.509645 
0.610705 
0.123618 
0.647347 
0.954608 
0.096262 
0.881649 
0.882930 
0.408083 
0.653711 
0.928741 
0.356625 
0.802068 
0.353716 
0.902341 
0.651139 
0.690078 
0.145421 
0.098719 
0.165223 
0.902354 
0.857105 
0.370049 
0.410686 
0.394241 
0.000610 
0.251260 
0.930270 
0.052803 
0.454198 
0.707183 
0.624783 
0.731924 
0.445284 
0.887035 
0.404048 
0.827171 
0.263124 
0.325090 
0.794965 
0.974200 
0.382437 
0.624642 
0.361434 
0.622322 
0.369022 
0.158840 
0.622467 
0.809973 
0.216508 
0.855196 
0.282318 
0.924650 
0.597902 
0.933580 
0.683465 
0.995325 
0.431509 
0.379409 
0.728777 
0.551378 
0.005817 
0.771208 
0.685277 
0.444918 
0.743109 
0.425759 
0.736694 
0.608710 
0.593472 
0.483881 
0.586178 
0.892619 
0.246465 
0.332027 
0.369932 
0.453874 
0.264147 
0.513112 
0.876076 
0.203435 
0.125363 
0.982895 
0.519754 
0.503025 
0.336538 
0.187853 
0.250360 
0.800490 
0.831520 
0.357437 
0.445151 
0.656763 
0.212098 
0.734110 
0.193680 
0.178212 
0.214596 
0.716962 
0.982936 
0.207167 
0.861571 
0.418802 
0.804891 
0.795124 
0.642703 
0.901296 
0.082114 
0.086365 
0.537892 
0.350070 
0.632318 
0.372925 
0.750396 
0.910387 
0.874043 
0.046788 
0.361957 
0.408423 
0.373050 
0.850485 
0.102768 
0.228175 
0.929937 
0.458608 
0.821687 
0.090142 
0.014286 
0.103829 
0.046407 
0.959901 
0.050807 
0.907836 
0.997420 
0.642126 
0.205207 
0.916383 
0.652698 
0.889452 
0.019640 
0.096376 
0.797897 
0.252668 
0.593196 
0.845262 
0.322986 
0.418602 
0.441125 
0.985317 
0.230828 
0.533245 
0.256241 
0.647040 
0.808888 
0.973625 
0.716386 
0.300943 
0.940993 
0.273089 
0.799250 
0.988255 
0.604676 
0.795028 
0.038923 
0.177750 
0.439490 
0.501331 
0.875601 
0.233608 
0.249564 
0.415144 
0.330912 
0.642151 
0.628324 
0.243824 
0.943231 
0.891534 
0.014797 
0.686867 
0.170983 
0.715856 
0.394785 
0.147296 
0.595801 
0.625925 
0.920632 
0.057329 
0.527204 
0.714798 
0.605393 
0.834082 
0.409214 
0.665512 
0.260623 
0.294091 
0.785236 
0.461303 
0.119851 
0.338758 
0.502565 
0.615887 
0.212152 
0.644857 
0.114548 
0.213951 
0.871798 
0.307613 
0.044490 
0.742112 
0.669808 
0.462253 
0.082498 
0.548379 
0.606504 
0.507658 
0.204044 
0.363374 
0.219690 
0.332746 
0.462549 
0.068788 
0.114734 
0.335749 
0.927808 
0.669740 
0.326412 
0.003305 
0.547969 
0.712858 
0.998492 
0.657332 
0.778222 
0.583331 
0.045367 
0.482562 
0.412282 
0.216656 
0.335067 
0.477407 
0.782646 
0.937353 
0.093194 
0.310204 
0.599464 
0.184561 
0.917859 
0.454477 
0.403153 
0.796887 
0.281742 
0.238791 
0.352060 
0.076069 
0.490747 
0.991675 
0.075224 
0.291694 
0.507234 
0.074589 
0.620651 
0.284621 
