0.000001 
0.011982 
0.384354 
0.831748 
0.193352 
0.666640 
0.226514 
0.025307 
0.341882 
0.002797 
0.014824 
0.141681 
0.226466 
0.207945 
0.929901 
0.849763 
0.970996 
0.529707 
0.785923 
0.009361 
0.335466 
0.171027 
0.449023 
0.723240 
0.498273 
0.481509 
0.727958 
0.798248 
0.149931 
0.895015 
0.522800 
0.701191 
0.925199 
0.815533 
0.668170 
0.941365 
0.526600 
0.569647 
0.064454 
0.278237 
0.333505 
0.216534 
0.284488 
0.393074 
0.387783 
0.474938 
0.282087 
0.032753 
0.486614 
0.518959 
0.145862 
0.503505 
0.407332 
0.032658 
0.882373 
0.034683 
0.922524 
0.858113 
0.311775 
0.997604 
0.723985 
0.023884 
0.424552 
0.442996 
0.439433 
0.549073 
0.278305 
0.467241 
0.912062 
0.027067 
0.909834 
0.582562 
0.121629 
0.212236 
0.054504 
0.043260 
0.066558 
0.640309 
0.678579 
0.878335 
0.183161 
0.388287 
0.934390 
0.293451 
0.025066 
0.286359 
0.830973 
0.159731 
0.605770 
0.170013 
0.404059 
0.021359 
0.978723 
0.404345 
0.822038 
0.994895 
0.197769 
0.895660 
0.352789 
0.324744 
0.969156 
0.612387 
0.381491 
0.722141 
0.019715 
0.345285 
0.203515 
0.483168 
0.605298 
0.242707 
0.173062 
0.657323 
0.636049 
0.067872 
0.719084 
0.644265 
0.162647 
0.604077 
0.722569 
0.220961 
0.684138 
0.306205 
0.394454 
0.592389 
0.282986 
0.147601 
0.733797 
0.920765 
0.303442 
0.951636 
0.153030 
0.982704 
0.301848 
0.162976 
0.141053 
0.682311 
0.607491 
0.103521 
0.873028 
0.982720 
0.576335 
0.456282 
0.730913 
0.459738 
0.820042 
0.440104 
0.821808 
0.126070 
0.859880 
0.005528 
0.915775 
0.430739 
0.436661 
0.953164 
0.828272 
0.771251 
0.411078 
0.996315 
0.069478 
0.721694 
0.504757 
0.445732 
0.417090 
0.039994 
0.176262 
0.442403 
0.462127 
0.967539 
0.434200 
0.602260 
0.189257 
0.849642 
0.927656 
0.117827 
0.325983 
0.798318 
0.334053 
0.430824 
0.852443 
0.007501 
0.075452 
0.121466 
0.471559 
0.494163 
0.393507 
0.670110 
0.545276 
0.455915 
0.559406 
0.942285 
0.976409 
0.502625 
0.618445 
0.202814 
0.686630 
0.196448 
0.697063 
0.543567 
0.722950 
0.614721 
0.611699 
0.829778 
0.078379 
0.319760 
0.209216 
0.293862 
0.943107 
0.798810 
0.599474 
0.357344 
0.877608 
0.953176 
0.022116 
0.699187 
0.243699 
0.842783 
0.648415 
0.902821 
0.705811 
0.567039 
0.230470 
0.513640 
0.755718 
0.347106 
0.811819 
0.249573 
0.571977 
0.216649 
0.217202 
0.518318 
0.366494 
0.666366 
0.618598 
0.784858 
0.107543 
0.481925 
0.713987 
0.979465 
0.861866 
0.386324 
0.943630 
0.582806 
0.219836 
0.791157 
0.981023 
0.056990 
0.835524 
0.647597 
0.168458 
0.277541 
0.632410 
0.911010 
0.345749 
0.001937 
0.549870 
0.660887 
0.535009 
0.898670 
0.940397 
0.255939 
0.558836 
0.357455 
0.751874 
0.754218 
0.140280 
0.691431 
0.874481 
0.407684 
0.940150 
0.104081 
0.288377 
0.756452 
0.691490 
0.865840 
0.167770 
0.710707 
0.857642 
0.381573 
0.097625 
0.785981 
0.980661 
0.964201 
0.325143 
0.682295 
0.334006 
0.647052 
0.000649 
0.912510 
0.557991 
0.146475 
0.803844 
0.211072 
0.486436 
0.531548 
0.725212 
0.640365 
0.606826 
0.917698 
0.752400 
0.587183 
0.792583 
0.947745 
0.751772 
0.036103 
0.781187 
0.410654 
0.869670 
0.548822 
0.048935 
0.446528 
0.795948 
0.495775 
0.494737 
0.038270 
0.211026 
0.719241 
0.276790 
0.002293 
0.543882 
0.032844 
0.005540 
0.109806 
0.515583 
0.403808 
0.807235 
0.193622 
0.207398 
0.741204 
0.410376 
0.185972 
0.627970 
0.288262 
0.816428 
0.709951 
0.151758 
0.597118 
0.769596 
0.597657 
0.820972 
0.075014 
0.755013 
0.501536 
0.318727 
0.836586 
0.499405 
0.495533 
0.416572 
0.327625 
0.389737 
0.308498 
0.924719 
0.749481 
0.535265 
0.206178 
0.234387 
0.335590 
0.253045 
0.920651 
0.384682 
0.358268 
0.418609 
0.564461 
0.889321 
0.815101 
0.400674 
0.135136 
0.224858 
0.184995 
0.202698 
0.748446 
0.126290 
0.550232 
0.755696 
0.982139 
0.810145 
0.106583 
0.340375 
0.682067 
0.493466 
0.686730 
0.868152 
0.037073 
0.084782 
0.932478 
0.163865 
0.074940 
0.512757 
0.903038 
0.352750 
0.677096 
0.954112 
0.760764 
0.165774 
0.167710 
0.709128 
0.309204 
0.790465 
0.346992 
0.898773 
0.678790 
0.429441 
0.613002 
0.724758 
0.010648 
0.968685 
0.690434 
0.122341 
0.192146 
0.393730 
0.421602 
0.868645 
0.311056 
0.913643 
0.589866 
0.872783 
0.868961 
0.631829 
0.141987 
0.379371 
0.082272 
0.740850 
0.472572 
0.518410 
0.914863 
0.102373 
0.575542 
0.126958 
0.777793 
0.367348 
0.020859 
0.575050 
0.862797 
0.028857 
0.994640 
0.917856 
0.403911 
0.537504 
0.830900 
0.943240 
0.029670 
0.656757 
0.120804 
0.345812 
0.057597 
0.024423 
0.484772 
0.558054 
0.207488 
0.250245 
0.868997 
0.226171 
0.253157 
0.803143 
0.431940 
0.617627 
0.452141 
0.133610 
0.580327 
0.550728 
0.088752 
0.658224 
0.776504 
0.706697 
0.461504 
0.505077 
0.825179 
0.784233 
0.602599 
0.885790 
0.470271 
0.839890 
0.037450 
0.418475 
0.307516 
0.416589 
0.619102 
0.251581 
0.317512 
0.431582 
0.599704 
0.232242 
0.288820 
0.193037 
0.371632 
0.020568 
0.688523 
0.008627 
0.000654 
0.987722 
0.636135 
0.513621 
0.431612 
0.104223 
0.684217 
0.630310 
0.615141 
0.678825 
0.005556 
0.372663 
0.343736 
0.164160 
0.030565 
0.714058 
0.170630 
0.781684 
0.760757 
0.035058 
0.223573 
0.589036 
0.934701 
0.512066 
0.290662 
0.159593 
0.280289 
0.820871 
0.372254 
0.473060 
0.718402 
0.185474 
0.267044 
0.206113 
0.139517 
0.856717 
0.846496 
0.060446 
0.912005 
0.062897 
0.112024 
0.784894 
0.718626 
0.952423 
0.377544 
0.381765 
0.327763 
0.719592 
0.187264 
0.339899 
0.683204 
0.612472 
0.823234 
0.087321 
0.609748 
0.037987 
0.452923 
0.268637 
0.976319 
0.985389 
0.439760 
0.043842 
0.854755 
0.874269 
0.831283 
0.380178 
0.651208 
0.854892 
0.177506 
0.350032 
0.981657 
0.715832 
0.990725 
0.114369 
0.204227 
0.436914 
0.213699 
0.632457 
0.707758 
0.287195 
0.890552 
0.509250 
0.963958 
0.237055 
0.181734 
0.405169 
0.667942 
0.099722 
0.019450 
0.896800 
0.519348 
0.684848 
0.246263 
0.943263 
0.428431 
0.638601 
0.967575 
0.028683 
0.081110 
0.213926 
0.455012 
0.394243 
0.038662 
0.787986 
0.683347 
0.009744 
0.768506 
0.286747 
0.355707 
0.372177 
0.184409 
0.363895 
0.991148 
0.229572 
0.416637 
0.414692 
0.725434 
0.376540 
0.510743 
0.053224 
0.528328 
0.609281 
0.185830 
0.247767 
0.226905 
0.592210 
0.279930 
0.782913 
0.415617 
0.278645 
0.186775 
0.122250 
0.663343 
0.802194 
0.477965 
0.151875 
0.558900 
0.426185 
0.894534 
0.438990 
0.109045 
0.721535 
0.846170 
0.585251 
0.311562 
0.424780 
0.276782 
0.882644 
0.594177 
0.338678 
0.162323 
0.164281 
0.067542 
0.185716 
0.323443 
0.110170 
0.622405 
0.761443 
0.572880 
0.387760 
0.089544 
0.966785 
0.759873 
0.178168 
0.461887 
0.938650 
0.885469 
0.072079 
0.439745 
0.800098 
0.241881 
0.302114 
0.631575 
0.877336 
0.386309 
0.697365 
0.614764 
0.342768 
0.906106 
0.927131 
0.287233 
0.529630 
0.490416 
0.427752 
0.230877 
0.356039 
0.955447 
0.190168 
0.155907 
0.326061 
0.114604 
0.148490 
0.667542 
0.383531 
0.998093 
0.945164 
0.367288 
0.012830 
0.639475 
0.652904 
0.350515 
0.107229 
0.193616 
0.104388 
0.440836 
0.133125 
0.432935 
0.345591 
0.347451 
0.615190 
0.492548 
0.252464 
0.169222 
0.115252 
0.039368 
0.655086 
0.036895 
0.092972 
0.587592 
0.650533 
0.513059 
0.982610 
0.718002 
0.466176 
0.025185 
0.279164 
0.903354 
0.676106 
0.312911 
0.093373 
0.324796 
0.850852 
0.264985 
0.610274 
0.870053 
0.978380 
0.630339 
0.108844 
0.345576 
0.100490 
0.940285 
0.366606 
0.547552 
0.699046 
0.858127 
0.546503 
0.078946 
0.838809 
0.858641 
0.179536 
0.466913 
0.401562 
0.059662 
0.736109 
0.776576 
0.906370 
0.362898 
0.222495 
0.469301 
0.542987 
0.980435 
0.166831 
0.927261 
0.468755 
0.372697 
0.917925 
0.565525 
0.770634 
0.039637 
0.171770 
0.941348 
0.236070 
0.623876 
0.483683 
0.268040 
0.948118 
0.013619 
0.894245 
0.577054 
0.546606 
0.805255 
0.917966 
0.258190 
0.391035 
0.133072 
0.543046 
0.972928 
0.999897 
0.260589 
0.726585 
0.717142 
0.008180 
0.481485 
0.320839 
0.334046 
0.316676 
0.373803 
0.503877 
0.663278 
0.711308 
0.951827 
0.348435 
0.151611 
0.132031 
0.049389 
0.078115 
0.871620 
0.312711 
0.742177 
0.764678 
0.941125 
0.489047 
0.408584 
0.079181 
0.803029 
0.510629 
0.142940 
0.390385 
0.195424 
0.485680 
0.822158 
0.011828 
0.801151 
0.943243 
0.078287 
0.769497 
0.941065 
0.480431 
0.607675 
0.198889 
0.725928 
0.665675 
0.996761 
0.562515 
0.183902 
0.840674 
0.209887 
0.565094 
0.535617 
0.115228 
0.632115 
0.954743 
0.358349 
0.774708 
0.511626 
0.890314 
0.499410 
0.578203 
0.850228 
0.786643 
0.111080 
0.928827 
0.790604 
0.681763 
0.383270 
0.614113 
0.395446 
0.268034 
0.848183 
0.407602 
0.569886 
0.073519 
0.641751 
0.915405 
0.205262 
0.834620 
0.455229 
0.039484 
0.605018 
0.545273 
0.403392 
0.809310 
0.074967 
0.975373 
0.101695 
0.183345 
0.486394 
0.825515 
0.438268 
0.973039 
0.861125 
0.919677 
0.006283 
0.598266 
0.048745 
0.260382 
0.236244 
0.546688 
0.191430 
0.364851 
0.050435 
0.667801 
0.735094 
0.718292 
0.327173 
0.803089 
0.522806 
0.793543 
0.071099 
0.958335 
0.739727 
0.594767 
0.244999 
0.696119 
0.668113 
0.975826 
0.709677 
0.541048 
0.397679 
0.784158 
0.338688 
0.322231 
0.744368 
0.595486 
0.325211 
0.823638 
0.884265 
0.838004 
0.325338 
0.957044 
0.033010 
0.803991 
0.682099 
0.043824 
0.555530 
0.790014 
0.773000 
0.809684 
0.361420 
0.388322 
0.520695 
0.315312 
0.442173 
0.602342 
0.555796 
0.268216 
0.906149 
0.641412 
0.215006 
0.604965 
0.653356 
0.962442 
0.759977 
0.929983 
0.222696 
0.855943 
0.837748 
0.026666 
0.169217 
0.031768 
0.925782 
0.613115 
0.615938 
0.064851 
0.949951 
0.825612 
0.063124 
0.927848 
0.348881 
0.649516 
0.410744 
0.371817 
0.122651 
0.400845 
0.000949 
0.942893 
0.208244 
0.956105 
0.258838 
0.287384 
0.065530 
0.364531 
0.664250 
0.046623 
0.596306 
0.111001 
0.586714 
0.901467 
0.947481 
0.306747 
0.491638 
0.960420 
0.774978 
0.053346 
0.584151 
0.823933 
0.836259 
0.005771 
0.992061 
0.572316 
0.912673 
0.287875 
0.316206 
0.473858 
0.128988 
0.895449 
0.809494 
0.169615 
0.726797 
0.268960 
0.407960 
0.578041 
0.134259 
0.491099 
0.907330 
0.490846 
0.641739 
0.713249 
0.584194 
0.549148 
0.522322 
0.661741 
0.889236 
0.382836 
0.327755 
0.583147 
0.957465 
0.116712 
0.576804 
0.348455 
0.488779 
0.911482 
0.282274 
0.184448 
0.016975 
0.293418 
0.471288 
0.935545 
0.709585 
0.993697 
0.061585 
0.055907 
0.621105 
0.911723 
0.323639 
0.404414 
0.982039 
0.131240 
0.751808 
0.642263 
0.514417 
0.798464 
0.781038 
0.904127 
0.656875 
0.099098 
0.547134 
0.681704 
0.394220 
0.657674 
0.528459 
0.816262 
0.921322 
0.659389 
0.353556 
0.223790 
0.237760 
0.035373 
0.513721 
0.110016 
0.040580 
0.023588 
0.444351 
0.213040 
0.571129 
0.958726 
0.305519 
0.854449 
0.729159 
0.968594 
0.152130 
0.843931 
0.943647 
0.875700 
0.890020 
0.564735 
0.503560 
0.338083 
0.164113 
0.245315 
0.001622 
0.266233 
0.579347 
0.092758 
0.984057 
0.049050 
0.376534 
0.409117 
0.035045 
0.993219 
0.037318 
0.203252 
0.062733 
0.352563 
0.533862 
0.616100 
0.795659 
0.641141 
0.657054 
0.101755 
0.203395 
0.464012 
0.645184 
0.603212 
0.190927 
0.906675 
0.479731 
0.839156 
0.695320 
0.247338 
0.003651 
0.369097 
0.415074 
0.147456 
0.287055 
0.525134 
0.922775 
0.078193 
0.197133 
0.210200 
0.837570 
0.044271 
0.064289 
0.511639 
0.120010 
0.001954 
0.838804 
0.772950 
0.972294 
0.344240 
0.641268 
0.791179 
0.351977 
0.685073 
0.016585 
0.746550 
0.269977 
0.505055 
0.453129 
0.740860 
0.636793 
0.575818 
0.781339 
0.958091 
0.630484 
0.547564 
0.914975 
0.985702 
0.697343 
0.236085 
0.886889 
0.942592 
0.140498 
0.344451 
0.189399 
0.236661 
0.558427 
0.474281 
0.240269 
0.207427 
0.229006 
0.897635 
0.554494 
0.373392 
0.604635 
0.104594 
0.906791 
0.431831 
0.783501 
0.308414 
0.515143 
0.004610 
0.483106 
0.565518 
0.658325 
0.472377 
0.235397 
0.311955 
0.026213 
0.559552 
0.393441 
0.559353 
0.044694 
0.170562 
0.639433 
0.952115 
0.193889 
0.695469 
0.743503 
0.060415 
0.397374 
0.664100 
0.528458 
0.786820 
0.076163 
0.072167 
0.911760 
0.953443 
0.513301 
0.053527 
0.624656 
0.596937 
0.725905 
0.288773 
0.399960 
0.121408 
0.510849 
0.836055 
0.573391 
0.990466 
0.768582 
0.558915 
0.691632 
0.261695 
0.304703 
0.145570 
0.587927 
0.284893 
0.197499 
0.366164 
0.120977 
0.255734 
0.122606 
0.639269 
0.190322 
0.744596 
0.422557 
0.909000 
0.559375 
0.422825 
0.418796 
0.710575 
0.633239 
0.842965 
0.708556 
0.704136 
0.409211 
0.603222 
0.351367 
0.431332 
0.388836 
0.166860 
0.423687 
0.910657 
0.418284 
0.095793 
0.991394 
0.351822 
0.079643 
0.560761 
0.712370 
0.806459 
0.160651 
0.064164 
0.399944 
0.857088 
0.085130 
0.777508 
0.582486 
0.842557 
0.859982 
0.721092 
0.393549 
0.384180 
0.921529 
0.129907 
0.338793 
0.092259 
0.593610 
0.806364 
0.556347 
0.527586 
0.131763 
0.542496 
0.727434 
0.990780 
0.047742 
0.400841 
0.927639 
0.828432 
0.453191 
0.780319 
0.828125 
0.296686 
0.398610 
0.438728 
0.694816 
0.778267 
0.332346 
0.737843 
0.934317 
0.064507 
0.172345 
0.605036 
0.835357 
0.851510 
0.320577 
0.942107 
0.993028 
0.823936 
0.892045 
0.607125 
0.946798 
0.830456 
0.477541 
0.028955 
0.650230 
0.421560 
0.153768 
0.386411 
0.412303 
0.569516 
0.847784 
0.698964 
0.482494 
0.281019 
0.087069 
0.363771 
0.894088 
0.942315 
0.481765 
0.029143 
0.809704 
0.700482 
0.999917 
0.610068 
0.414977 
0.517199 
0.571171 
0.669705 
0.724345 
0.064339 
0.341743 
0.675509 
0.280452 
0.565046 
0.729986 
0.878392 
0.131459 
0.427463 
0.364464 
0.553985 
0.832922 
0.914089 
0.085986 
0.160880 
0.913376 
0.104135 
0.200282 
0.144913 
0.556816 
0.403261 
0.607972 
0.178221 
0.355189 
0.661788 
0.676944 
0.398137 
0.492224 
0.801625 
0.914376 
0.920897 
0.523337 
0.724479 
0.313434 
0.882073 
0.999370 
0.403464 
0.017130 
0.907198 
0.277932 
0.200604 
0.552794 
0.800743 
0.080002 
0.593428 
0.749462 
0.211676 
0.644789 
0.976735 
0.987235 
0.458847 
0.834133 
0.277980 
0.017685 
0.229413 
0.751985 
0.612425 
0.025781 
0.307474 
0.716654 
0.800095 
0.200801 
0.860264 
0.459239 
0.422794 
0.891080 
0.380596 
0.677574 
0.981869 
0.279272 
0.724120 
0.284829 
0.113093 
0.753315 
0.958744 
0.610755 
0.959725 
0.092330 
0.782389 
0.607156 
0.471157 
0.730724 
0.278523 
0.129144 
0.522370 
0.468084 
0.096010 
0.643577 
0.592197 
0.058851 
0.103473 
0.076476 
0.329718 
0.577852 
0.963155 
0.747024 
0.231672 
0.713093 
0.946950 
0.392215 
0.952507 
0.785437 
0.846012 
0.924778 
0.750474 
0.218369 
0.126887 
0.586260 
0.265255 
0.132976 
0.927065 
0.181970 
0.368575 
0.640000 
0.480172 
0.243308 
0.282869 
0.173611 
0.878258 
0.879585 
0.191218 
0.800715 
0.610177 
0.248468 
0.006366 
0.985607 
0.094760 
0.637821 
0.851879 
0.531028 
0.991594 
0.728744 
0.004471 
0.145182 
0.071293 
0.214058 
0.670368 
0.875168 
0.947978 
0.670279 
0.375870 
0.253904 
0.358706 
0.770098 
0.034233 
0.347381 
0.432970 
0.920422 
0.534915 
0.314894 
0.427437 
0.940518 
0.283539 
0.448224 
0.295092 
0.617502 
0.360716 
0.553560 
0.681287 
0.393275 
0.765433 
0.632780 
0.137802 
0.046138 
0.441566 
0.391880 
0.332016 
0.185958 
0.395088 
0.249838 
0.024461 
0.116626 
0.129842 
0.247570 
0.909996 
0.299142 
0.677120 
0.353202 
0.267195 
0.747969 
0.113888 
0.108865 
0.694992 
0.736580 
0.695500 
0.260396 
0.473633 
0.350878 
0.212063 
0.140652 
0.946281 
0.137841 
0.692393 
0.042884 
0.745755 
0.908009 
0.907820 
0.730940 
0.911977 
0.599592 
0.338041 
0.461031 
0.548117 
0.197503 
0.431632 
0.434575 
0.894254 
0.730960 
0.237210 
0.783916 
0.272810 
0.125913 
0.223435 
0.265450 
0.417703 
0.336749 
0.735695 
0.828943 
0.049542 
0.650673 
0.868734 
0.804538 
0.875141 
0.486684 
0.701508 
0.242575 
0.956478 
0.524966 
0.096696 
0.177508 
0.382104 
0.023513 
0.186442 
0.538966 
0.394508 
0.498972 
0.225751 
0.201308 
0.389128 
0.079245 
0.878709 
0.458845 
0.805238 
0.640467 
0.322835 
0.893126 
0.775345 
0.215109 
0.337058 
0.938939 
0.754323 
0.913923 
0.311131 
0.175018 
0.535181 
0.782561 
0.510723 
0.727482 
0.794048 
0.560166 
0.708689 
0.942579 
0.926611 
0.548239 
0.251549 
0.787205 
0.562595 
0.538678 
0.557953 
0.513580 
0.737531 
0.675482 
0.826218 
0.243360 
0.152691 
0.283385 
0.853767 
0.255247 
0.941984 
0.924683 
0.148823 
0.273101 
0.008910 
0.754062 
0.515653 
0.573412 
0.340446 
0.875392 
0.717713 
0.608232 
0.547017 
0.721597 
0.886717 
0.060336 
0.061569 
0.794420 
0.812065 
0.382303 
0.364082 
0.118245 
0.336665 
0.323568 
0.202753 
0.670048 
0.490070 
0.610553 
0.560631 
0.520948 
0.568090 
0.892410 
0.733975 
0.909632 
0.190121 
0.357367 
0.262462 
0.192370 
0.158229 
0.360775 
0.539831 
0.941811 
0.020372 
0.396408 
0.427272 
0.155504 
0.561629 
0.294321 
0.645647 
0.396069 
0.734261 
0.726880 
0.671790 
0.767258 
0.298412 
0.418505 
0.821802 
0.027724 
0.956034 
0.069050 
0.518217 
0.677634 
0.995525 
0.790517 
0.214240 
0.732615 
0.060148 
0.909209 
0.083347 
0.811154 
0.071616 
0.646826 
0.204461 
0.376834 
0.440854 
0.441335 
0.522570 
0.838784 
0.448297 
0.521766 
0.324265 
0.916496 
0.540637 
0.487010 
0.180303 
0.350400 
0.173043 
0.339268 
0.071876 
0.023183 
0.636373 
0.516504 
0.880274 
0.757919 
0.339340 
0.294324 
0.699540 
0.165278 
0.832510 
0.991688 
0.306986 
0.520215 
0.247640 
0.080946 
0.456853 
0.323005 
0.751340 
0.770188 
0.545591 
0.741187 
0.132344 
0.306048 
0.748899 
0.742325 
0.260319 
0.184857 
0.891767 
0.928052 
0.764779 
0.632529 
0.909669 
0.808396 
0.711092 
0.327310 
0.094142 
0.237218 
0.917535 
0.017467 
0.575579 
0.757137 
0.200494 
0.707891 
0.529481 
0.993006 
0.456480 
0.061354 
0.181642 
0.864454 
0.875892 
0.124784 
0.237179 
0.272909 
0.776009 
0.387611 
0.580371 
0.294218 
0.915550 
0.652622 
0.621737 
0.528717 
0.146287 
0.649528 
0.615552 
0.584195 
0.558328 
0.816147 
0.986784 
0.885840 
0.318806 
0.166881 
0.766482 
0.265778 
0.931396 
0.971571 
0.196392 
0.764184 
0.633833 
0.835360 
0.894946 
0.355301 
0.551645 
0.501260 
0.682104 
0.115530 
0.704745 
0.645976 
0.925509 
0.023113 
0.465485 
0.411095 
0.279231 
0.028982 
0.098486 
0.248376 
0.448597 
0.572717 
0.655825 
0.456912 
0.328177 
0.675622 
0.184139 
0.816634 
0.168557 
0.936481 
0.434287 
0.059945 
0.496912 
0.607716 
0.890677 
0.614097 
0.131314 
0.999222 
0.924164 
0.424300 
0.208391 
0.419940 
0.932999 
0.910075 
0.630861 
0.884075 
0.643616 
0.256343 
0.355553 
0.771115 
0.126671 
0.957485 
0.454404 
0.169287 
0.206897 
0.324671 
0.752242 
0.933246 
0.065548 
0.671778 
0.574737 
0.600362 
0.283185 
0.487207 
0.486451 
0.779010 
0.818535 
0.125047 
0.665347 
0.484978 
0.022913 
0.090904 
0.816066 
0.620801 
0.806449 
0.988291 
0.207455 
0.703933 
0.005233 
0.952260 
0.639348 
0.518903 
0.204898 
0.715236 
0.979445 
0.527297 
0.277418 
0.571711 
0.748316 
0.953204 
0.504901 
0.870725 
0.269209 
0.593471 
0.460989 
0.838148 
0.747052 
0.694829 
0.987857 
0.914312 
0.848372 
0.584850 
0.571125 
0.899355 
0.459858 
0.832475 
0.409258 
0.396331 
0.127742 
0.963472 
0.075905 
0.733165 
0.309711 
0.317975 
0.210962 
0.634968 
0.900082 
0.685351 
0.695956 
0.927005 
0.180907 
0.501631 
0.918843 
0.000447 
0.518738 
0.432305 
0.743796 
0.971188 
0.755611 
0.557591 
0.433485 
0.581442 
0.302012 
0.922280 
0.761330 
0.672731 
0.591253 
0.184579 
0.218556 
0.267836 
0.515237 
0.593606 
0.731771 
0.869688 
0.853260 
0.737356 
0.737956 
0.827430 
0.608543 
0.788126 
0.026797 
0.369648 
0.670131 
0.895749 
0.849606 
0.321340 
0.753842 
0.826067 
0.713948 
0.323404 
0.443700 
0.258980 
0.679021 
0.303595 
0.528124 
0.182114 
0.788402 
0.677178 
0.334136 
0.818948 
0.052237 
0.945472 
0.556101 
0.382529 
0.167642 
0.562518 
0.234014 
0.077132 
0.350765 
0.301889 
0.844238 
0.110898 
0.858792 
0.725525 
0.893236 
0.613320 
0.075428 
0.713344 
0.170521 
0.943426 
0.165077 
0.456981 
0.480587 
0.220313 
0.801016 
0.672609 
0.545964 
0.019790 
0.612891 
0.852910 
0.854783 
0.332565 
0.421081 
0.116635 
0.285633 
0.638781 
0.989539 
0.188668 
0.941748 
0.954765 
0.737325 
0.229023 
0.188142 
0.105652 
0.687347 
0.238882 
0.891679 
0.452828 
0.680940 
0.562927 
0.111702 
0.380747 
0.218225 
0.699421 
0.168200 
0.940496 
0.914808 
0.176873 
0.705942 
0.775187 
0.565093 
0.510455 
0.221239 
0.361004 
0.394568 
0.511681 
0.820924 
0.263184 
0.340249 
0.561465 
0.540542 
0.891049 
0.863007 
0.557493 
0.779491 
0.911447 
0.695641 
0.638000 
0.864444 
0.714129 
0.370240 
0.630775 
0.433332 
0.009979 
0.720189 
0.215198 
0.839385 
0.538138 
0.485156 
0.017297 
0.711723 
0.923548 
0.078575 
0.617017 
0.210899 
0.571708 
0.702336 
0.168699 
0.323633 
0.301200 
0.261689 
0.208251 
0.073869 
0.507936 
0.880667 
0.374065 
0.913152 
0.343126 
0.926963 
0.473700 
0.484019 
0.910719 
0.457226 
0.605631 
0.842310 
0.698185 
0.397642 
0.173787 
0.838128 
0.418759 
0.079230 
0.611407 
0.917229 
0.861064 
0.903861 
0.190609 
0.561077 
0.013522 
0.269569 
0.647613 
0.437771 
0.624369 
0.767152 
0.520700 
0.399156 
0.606497 
0.402158 
0.074660 
0.803630 
0.615912 
0.630386 
0.892718 
0.907361 
0.018351 
0.420198 
0.267571 
0.061736 
0.593716 
0.590439 
0.515919 
0.050017 
0.639886 
0.563635 
0.006672 
0.140359 
0.012005 
0.771626 
0.716119 
0.811510 
0.051118 
0.147723 
0.782724 
0.250626 
0.265582 
0.638874 
0.550250 
0.059766 
0.488284 
0.588123 
0.581508 
