0.000000 
0.008319 
0.824669 
0.208457 
0.545090 
0.331573 
0.753615 
0.008427 
0.633194 
0.092079 
0.578548 
0.662708 
0.139604 
0.316163 
0.750153 
0.829718 
0.071306 
0.431795 
0.183172 
0.570837 
0.053298 
0.787591 
0.039393 
0.082171 
0.053994 
0.475405 
0.125291 
0.758679 
0.115857 
0.207316 
0.365602 
0.671043 
0.216516 
0.987532 
0.454778 
0.455043 
0.912982 
0.494798 
0.064347 
0.472741 
0.355007 
0.602335 
0.450954 
0.188006 
0.817253 
0.564245 
0.265094 
0.427705 
0.443678 
0.890695 
0.905324 
0.783949 
0.828866 
0.754223 
0.225971 
0.898673 
0.997154 
0.167978 
0.208633 
0.488212 
0.379880 
0.646237 
0.307837 
0.818357 
0.132016 
0.800565 
0.097216 
0.911611 
0.449067 
0.473398 
0.395267 
0.251642 
0.343103 
0.537954 
0.387941 
0.121479 
0.705912 
0.261691 
0.239275 
0.489661 
0.727433 
0.969790 
0.263394 
0.867366 
0.827985 
0.946701 
0.204653 
0.606659 
0.112954 
0.423725 
0.552263 
0.886156 
0.620106 
0.129209 
0.609945 
0.353738 
0.278398 
0.041859 
0.525810 
0.284260 
0.564476 
0.154126 
0.396163 
0.306751 
0.562349 
0.404336 
0.669064 
0.957288 
0.136141 
0.120181 
0.884367 
0.548488 
0.435088 
0.522631 
0.853943 
0.214797 
0.088108 
0.832876 
0.154860 
0.736696 
0.644179 
0.722728 
0.887201 
0.188576 
0.393739 
0.569497 
0.538227 
0.984829 
0.025185 
0.292351 
0.544527 
0.871074 
0.138383 
0.806168 
0.271025 
0.121030 
0.152033 
0.224718 
0.827583 
0.179380 
0.846926 
0.285452 
0.599583 
0.183345 
0.485111 
0.253318 
0.518995 
0.754417 
0.487298 
0.010370 
0.290966 
0.264452 
0.644135 
0.970747 
0.341903 
0.362403 
0.913113 
0.695025 
0.282727 
0.796970 
0.666595 
0.455789 
0.447007 
0.840962 
0.055106 
0.162818 
0.478929 
0.366750 
0.968357 
0.178447 
0.162757 
0.453409 
0.444219 
0.980569 
0.417061 
0.540570 
0.355388 
0.999977 
0.621259 
0.491818 
0.991643 
0.544166 
0.795080 
0.908096 
0.369888 
0.699757 
0.809032 
0.406687 
0.183964 
0.883507 
0.094006 
0.951855 
0.831095 
0.218544 
0.067856 
0.461675 
0.366413 
0.303600 
0.601238 
0.008131 
0.653322 
0.386711 
0.445668 
0.335666 
0.543042 
0.899657 
0.543124 
0.283563 
0.844050 
0.950266 
0.112278 
0.049788 
0.789359 
0.761095 
0.721784 
0.027353 
0.727802 
0.165708 
0.047209 
0.443999 
0.295225 
0.851078 
0.061612 
0.512066 
0.301087 
0.367927 
0.746578 
0.742846 
0.018214 
0.126696 
0.381831 
0.433277 
0.089856 
0.217050 
0.964284 
0.719325 
0.692337 
0.110497 
0.122903 
0.623555 
0.083003 
0.038878 
0.428273 
0.986284 
0.468862 
0.163018 
0.844652 
0.061003 
0.281562 
0.209031 
0.180439 
0.632530 
0.934377 
0.073193 
0.157094 
0.285776 
0.040310 
0.491369 
0.437389 
0.193379 
0.114332 
0.582609 
0.916553 
0.505378 
0.887079 
0.137159 
0.234862 
0.324865 
0.000248 
0.167628 
0.319102 
0.145727 
0.240401 
0.414362 
0.175271 
0.775625 
0.929244 
0.808368 
0.248710 
0.074786 
0.931706 
0.187424 
0.029149 
0.908739 
0.179653 
0.429664 
0.368837 
0.051599 
0.226743 
0.873745 
0.023832 
0.541064 
0.668244 
0.177032 
0.370281 
0.315942 
0.040533 
0.233516 
0.704638 
0.855765 
0.840311 
0.106109 
0.375659 
0.700442 
0.335991 
0.996424 
0.904284 
0.309208 
0.860887 
0.924010 
0.835462 
0.612677 
0.269043 
0.807761 
0.032215 
0.435371 
0.277745 
0.057112 
0.874035 
0.900662 
0.419914 
0.501453 
0.916437 
0.553395 
0.915800 
0.858145 
0.846809 
0.315414 
0.170627 
0.722853 
0.991203 
0.149851 
0.550531 
0.777713 
0.018497 
0.877686 
0.264586 
0.888510 
0.193790 
0.035754 
0.919385 
0.106553 
0.839847 
0.314364 
0.510691 
0.176193 
0.272251 
0.721271 
0.393397 
0.818376 
0.441526 
0.725473 
0.020893 
0.148378 
0.795005 
0.652339 
0.868704 
0.314600 
0.478065 
0.837909 
0.744599 
0.480746 
0.892455 
0.484946 
0.486556 
0.543207 
0.672125 
0.409960 
0.202135 
0.277334 
0.145817 
0.747157 
0.463948 
0.578716 
0.474973 
0.876093 
0.487798 
0.419358 
0.146672 
0.113647 
0.067829 
0.999614 
0.506939 
0.120983 
0.356099 
0.963201 
0.521921 
0.919614 
0.951648 
0.355162 
0.209158 
0.320505 
0.719933 
0.920494 
0.741217 
0.628794 
0.142563 
0.061302 
0.296144 
0.284490 
0.422923 
0.072907 
0.353637 
0.573690 
0.006997 
0.596951 
0.947125 
0.335892 
0.339997 
0.326037 
0.709582 
0.936416 
0.336513 
0.780553 
0.760789 
0.588312 
0.761354 
0.084868 
0.371176 
0.360846 
0.734503 
0.790558 
0.905989 
0.963096 
0.747761 
0.618420 
0.781160 
0.956756 
0.204109 
0.462556 
0.175884 
0.077827 
0.038978 
0.096213 
0.056617 
0.563918 
0.761833 
0.132754 
0.204875 
0.336080 
0.499760 
0.471858 
0.513127 
0.130127 
0.051576 
0.829727 
0.224828 
0.677047 
0.137172 
0.451825 
0.815428 
0.890990 
0.866585 
0.692457 
0.132291 
0.411251 
0.902043 
0.630233 
0.332086 
0.373836 
0.069035 
0.270035 
0.482834 
0.995153 
0.536183 
0.632374 
0.317857 
0.228323 
0.430173 
0.915021 
0.764731 
0.837237 
0.434251 
0.462370 
0.060637 
0.118946 
0.118504 
0.704452 
0.721601 
0.954596 
0.887572 
0.426529 
0.667014 
0.502315 
0.415326 
0.382038 
0.911934 
0.874393 
0.915054 
0.316271 
0.568243 
0.452517 
0.454467 
0.233391 
0.610725 
0.446698 
0.658779 
0.097914 
0.632358 
0.045977 
0.737101 
0.456885 
0.868089 
0.963671 
0.414063 
0.151329 
0.380971 
0.982794 
0.822434 
0.639835 
0.699103 
0.816443 
0.954048 
0.683832 
0.171512 
0.608560 
0.075025 
0.939034 
0.349549 
0.866667 
0.077138 
0.455458 
0.882881 
0.576633 
0.473713 
0.686127 
0.742560 
0.209067 
0.786638 
0.023449 
0.100213 
0.277811 
0.176235 
0.988512 
0.928104 
0.636879 
0.019799 
0.766327 
0.651246 
0.497124 
0.168401 
0.322771 
0.811483 
0.595334 
0.781555 
0.595576 
0.842893 
0.499977 
0.112740 
0.812936 
0.015250 
0.303497 
0.877942 
0.571022 
0.161823 
0.755512 
0.894895 
0.493470 
0.741953 
0.998786 
0.588226 
0.320113 
0.138106 
0.139883 
0.021752 
0.582199 
0.018477 
0.545824 
0.667755 
0.956033 
0.052246 
0.106586 
0.393007 
0.273692 
0.939258 
0.108867 
0.727824 
0.537601 
0.459826 
0.297699 
0.432194 
0.884665 
0.564228 
0.978140 
0.594703 
0.174539 
0.483608 
0.994564 
0.645382 
0.938013 
0.179379 
0.823251 
0.383643 
0.893483 
0.766696 
0.864217 
0.901780 
0.209031 
0.188649 
0.615670 
0.564360 
0.197182 
0.029926 
0.973963 
0.390112 
0.620457 
0.019319 
0.686226 
0.408012 
0.450384 
0.599201 
0.771522 
0.968334 
0.792662 
0.270566 
0.400262 
0.203266 
0.285135 
0.261889 
0.570303 
0.076899 
0.442245 
0.804339 
0.523913 
0.400415 
0.769360 
0.632036 
0.623720 
0.858257 
0.733167 
0.342339 
0.699014 
0.329550 
0.747368 
0.006695 
0.526199 
0.824961 
0.114010 
0.167623 
0.236315 
0.739004 
0.447303 
0.813266 
0.563433 
0.625352 
0.291294 
0.777393 
0.651329 
0.893333 
0.246731 
0.801040 
0.077718 
0.204954 
0.662478 
0.261019 
0.950653 
0.620185 
0.455990 
0.816556 
0.857194 
0.859313 
0.473316 
0.019790 
0.616913 
0.463333 
0.235918 
0.078733 
0.263442 
0.661657 
0.466566 
0.575245 
0.147892 
0.620816 
0.061816 
0.934780 
0.853513 
0.999088 
0.667423 
0.371551 
0.658130 
0.195750 
0.967324 
0.809738 
0.268731 
0.564101 
0.845697 
0.625105 
0.148006 
0.540813 
0.438154 
0.054843 
0.738477 
0.588839 
0.610849 
0.544979 
0.465931 
0.907215 
0.567328 
0.073396 
0.570792 
0.306671 
0.214140 
0.047261 
0.318236 
0.592312 
0.987988 
0.115948 
0.743554 
0.918037 
0.439736 
0.650911 
0.868564 
0.953462 
0.842760 
0.268256 
0.586299 
0.932891 
0.095531 
0.594680 
0.790124 
0.610530 
0.172349 
0.668202 
0.476845 
0.342065 
0.085792 
0.906480 
0.212621 
0.521033 
0.009175 
0.208416 
0.853161 
0.075724 
0.687080 
0.750264 
0.681734 
0.910416 
0.364029 
0.233090 
0.544363 
0.117233 
0.331483 
0.228264 
0.425056 
0.911504 
0.640018 
0.776744 
0.736252 
0.190948 
0.261710 
0.559952 
0.118992 
0.899905 
0.700296 
0.868180 
0.501067 
0.434090 
0.749610 
0.695586 
0.713377 
0.727077 
0.990154 
0.526355 
0.443813 
0.157141 
0.064930 
0.284809 
0.779220 
0.351272 
0.835699 
0.596127 
0.109377 
0.293441 
0.859061 
0.238334 
0.686484 
0.731783 
0.079897 
0.826712 
0.540705 
0.621849 
0.422659 
0.633329 
0.359472 
0.654227 
0.591812 
0.586623 
0.378048 
0.853943 
0.219571 
0.326159 
0.752123 
0.931441 
0.724710 
0.209283 
0.419944 
0.994678 
0.559383 
0.556405 
0.505764 
0.382214 
0.873690 
0.114173 
0.903948 
0.661645 
0.272198 
0.834277 
0.689715 
0.044790 
0.787474 
0.083388 
0.500470 
0.393844 
0.341184 
0.273480 
0.384036 
0.490150 
0.942953 
0.211373 
0.549025 
0.459800 
0.850743 
0.440651 
0.020320 
0.513844 
0.173978 
0.054531 
0.503552 
0.198492 
0.056124 
0.268788 
0.517869 
0.829787 
0.223300 
0.004983 
0.752967 
0.118355 
0.194042 
0.266063 
0.724632 
0.895306 
0.409155 
0.661530 
0.330085 
0.732149 
0.229013 
0.014553 
0.597511 
0.361301 
0.378956 
0.114353 
0.938075 
0.231353 
0.343507 
0.317421 
0.892315 
0.142146 
0.044289 
0.356823 
0.131084 
0.135743 
0.426585 
0.612604 
0.029417 
0.405959 
0.949627 
0.382325 
0.742244 
0.892630 
0.430228 
0.839292 
0.982898 
0.558972 
0.638881 
0.674807 
0.483664 
0.946987 
0.004972 
0.572092 
0.148533 
0.399441 
0.402864 
0.941008 
0.529551 
0.161029 
0.419058 
0.110849 
0.044631 
0.112500 
0.782778 
0.157397 
0.365254 
0.827109 
0.213185 
0.004660 
0.318571 
0.224402 
0.526470 
0.373960 
0.137990 
0.205095 
0.038994 
0.368078 
0.284764 
0.025995 
0.891466 
0.868280 
0.190131 
0.524914 
0.223430 
0.191107 
0.940254 
0.841793 
0.018092 
0.072955 
0.156231 
0.773864 
0.332788 
0.167979 
0.227322 
0.600450 
0.765390 
0.902752 
0.556000 
0.692894 
0.474560 
0.929509 
0.257033 
0.958247 
0.252028 
0.839694 
0.740513 
0.809842 
0.009488 
0.462015 
0.092670 
0.504748 
0.302486 
0.880954 
0.195782 
0.502898 
0.203656 
0.852140 
0.909929 
0.173287 
0.440144 
0.505183 
0.611117 
0.049798 
0.959098 
0.552644 
0.290012 
0.231415 
0.383647 
0.952541 
0.350846 
0.661979 
0.875675 
0.470605 
0.454669 
0.614344 
0.277513 
0.167860 
0.222519 
0.880639 
0.906056 
0.084959 
0.900465 
0.107724 
0.525670 
0.943636 
0.689714 
0.026022 
0.359859 
0.141825 
0.657453 
0.818009 
0.277055 
0.460491 
0.466445 
0.537368 
0.549389 
0.573391 
0.988565 
0.804900 
0.946822 
0.239650 
0.799256 
0.097621 
0.713728 
0.623801 
0.215866 
0.067125 
0.175159 
0.902798 
0.331155 
0.721583 
0.648091 
0.473175 
0.655296 
0.551897 
0.738997 
0.316712 
0.973733 
0.533027 
0.589251 
0.537170 
0.224410 
0.664863 
0.356667 
0.506903 
0.515378 
0.962053 
0.223370 
0.174712 
0.390783 
0.889810 
0.042759 
0.657367 
0.364621 
0.183645 
0.529738 
0.302346 
0.530312 
0.952651 
0.199982 
0.095183 
0.745150 
0.737274 
0.369852 
0.101298 
0.508986 
0.534514 
0.584326 
0.771163 
0.941905 
0.591187 
0.082791 
0.460279 
0.906182 
0.208315 
0.154690 
0.876479 
0.975662 
0.957284 
0.068638 
0.606758 
0.788463 
0.691100 
0.317665 
0.999649 
0.094128 
0.006614 
0.156608 
0.106649 
0.449442 
0.770487 
0.568069 
0.538275 
0.780599 
0.524408 
0.730301 
0.172641 
0.578239 
0.470531 
0.208656 
0.877707 
0.620983 
0.856307 
0.948953 
0.045462 
0.073842 
0.069980 
0.157581 
0.455840 
0.310420 
0.221288 
0.189856 
0.904022 
0.893328 
0.163145 
0.977463 
0.212877 
0.821545 
0.708382 
0.776909 
0.514152 
0.345009 
0.570375 
0.296427 
0.055006 
0.492459 
0.763419 
0.789650 
0.646651 
0.265268 
0.360496 
0.862104 
0.384291 
0.786560 
0.716359 
0.842677 
0.877346 
0.559053 
0.999425 
0.335436 
0.668480 
0.144570 
0.794291 
0.656002 
0.431661 
0.920686 
0.969351 
0.888732 
0.914204 
0.022566 
0.265792 
0.161116 
0.868729 
0.723809 
0.062856 
0.417786 
0.725397 
0.748521 
0.392471 
0.259749 
0.607142 
0.235082 
0.024882 
0.199584 
0.406565 
0.131420 
0.783188 
0.042207 
0.368257 
0.295412 
0.982338 
0.146808 
0.401029 
0.091018 
0.744710 
0.346396 
0.870392 
0.681651 
0.505004 
0.597261 
0.162962 
0.905573 
0.973342 
0.954557 
0.238351 
0.972389 
0.938722 
0.097922 
0.774681 
0.060654 
0.419885 
0.009534 
0.240301 
0.736474 
0.920409 
0.306205 
0.386111 
0.373107 
0.807713 
0.226561 
0.803922 
0.510273 
0.153881 
0.281848 
0.023062 
0.600077 
0.488634 
0.465124 
0.331994 
0.828442 
0.617388 
0.443115 
0.427785 
0.776454 
0.855251 
0.202457 
0.690865 
0.360027 
0.970940 
0.594800 
0.807903 
0.419993 
0.825307 
0.927915 
0.460461 
0.961566 
0.034655 
0.450054 
0.053381 
0.174079 
0.747790 
0.098630 
0.676765 
0.388116 
0.058904 
0.994709 
0.073638 
0.641389 
0.820275 
0.365083 
0.943326 
0.484388 
0.111591 
0.504461 
0.480433 
0.635083 
0.844223 
0.855766 
0.858437 
0.747626 
0.357585 
0.934148 
0.224913 
0.105900 
0.859616 
0.559892 
0.111363 
0.672757 
0.026274 
0.580995 
0.784785 
0.876769 
0.849362 
0.221019 
0.659718 
0.886111 
0.864682 
0.707284 
0.317431 
0.067055 
0.986342 
0.444317 
0.638319 
0.225194 
0.837496 
0.791731 
0.625137 
0.680270 
0.294246 
0.400511 
0.391665 
0.705527 
0.784142 
0.068153 
0.455509 
0.735196 
0.436375 
0.160116 
0.061444 
0.693016 
0.521336 
0.086478 
0.427710 
0.516698 
0.138258 
0.702980 
0.989680 
0.547191 
0.643431 
0.152241 
0.706481 
0.832620 
0.852697 
0.283016 
0.642963 
0.286559 
0.204028 
0.104892 
0.921161 
0.955770 
0.624642 
0.365238 
0.549687 
0.593209 
0.062804 
0.547345 
0.224138 
0.080192 
0.783449 
0.420372 
0.185398 
0.979911 
0.369937 
0.532623 
0.797371 
0.413864 
0.813703 
0.907377 
0.292696 
0.345824 
0.256535 
0.583460 
0.216457 
0.985757 
0.617896 
0.973802 
0.696096 
0.288409 
0.288497 
0.761865 
0.671248 
0.662388 
0.760274 
0.922087 
0.521628 
0.999943 
0.034946 
0.338420 
0.818931 
0.769533 
0.537489 
0.580652 
0.022464 
0.549492 
0.318789 
0.888387 
0.125829 
0.805993 
0.325102 
0.982195 
0.752706 
0.728560 
0.911748 
0.752055 
0.782937 
0.817376 
0.639462 
0.430384 
0.468123 
0.736708 
0.853065 
0.466293 
0.993250 
0.560597 
0.951305 
0.590180 
0.159034 
0.884122 
0.446257 
0.245744 
0.214976 
0.094044 
0.603471 
0.535798 
0.162065 
0.819190 
0.129094 
0.689308 
0.191301 
0.198700 
0.547584 
0.249145 
0.386180 
0.533390 
0.679418 
0.982392 
0.061930 
0.851521 
0.510132 
0.787336 
0.753932 
0.330131 
0.514536 
0.798618 
0.367403 
0.933899 
0.036490 
0.290895 
0.070547 
0.686091 
0.134451 
0.722928 
0.253103 
0.908198 
0.085866 
0.149034 
0.809556 
0.200012 
0.597370 
0.998864 
0.908378 
0.114217 
0.643853 
0.244136 
0.199358 
0.617749 
0.504340 
0.446266 
0.385491 
0.953721 
0.182677 
0.260227 
0.627590 
0.897296 
0.847857 
0.937479 
0.205930 
0.067651 
0.011795 
0.246324 
0.966366 
0.705786 
0.144345 
0.006070 
0.025794 
0.520743 
0.121381 
0.045125 
0.416896 
0.767484 
0.097066 
0.388585 
0.954615 
0.207655 
0.058988 
0.413481 
0.375411 
0.529802 
0.374840 
0.942648 
0.083583 
0.779460 
0.386329 
0.036208 
0.543302 
0.275193 
0.163568 
0.084675 
0.125205 
0.326289 
0.938333 
0.565643 
0.759807 
0.078484 
0.087275 
0.834828 
0.955432 
0.947551 
0.484474 
0.561073 
0.960514 
0.364130 
0.932766 
0.000428 
0.191870 
0.756583 
0.887514 
0.448428 
0.731941 
0.727174 
0.615089 
0.796542 
0.487623 
0.473481 
0.797064 
0.247952 
0.323572 
0.280383 
0.393368 
0.339261 
0.961211 
0.078859 
0.377117 
0.203638 
0.551537 
0.675024 
0.128467 
0.147227 
0.448361 
0.607730 
0.113134 
0.444187 
0.456992 
0.670572 
0.300120 
0.120212 
0.404562 
0.470652 
0.254038 
0.620949 
0.293912 
0.775034 
0.002614 
0.934013 
0.949067 
0.969410 
0.876764 
0.770730 
0.660861 
0.093046 
0.828235 
0.152248 
0.824339 
0.660172 
0.513244 
0.095352 
0.584792 
0.592946 
0.648904 
0.128663 
0.445737 
0.496090 
0.782427 
0.256385 
0.056834 
0.214621 
0.141566 
0.302556 
0.062712 
0.007178 
0.639733 
0.997626 
0.106687 
0.090187 
0.769202 
0.975797 
0.224575 
0.434326 
0.712993 
0.273031 
0.827011 
0.574985 
0.777921 
0.523740 
0.496088 
0.753869 
0.274996 
0.853014 
0.600290 
0.073917 
0.320485 
0.396908 
0.829826 
0.887148 
0.303249 
0.707606 
0.739845 
0.576654 
0.822166 
0.143069 
0.558320 
0.688890 
0.182349 
0.743301 
0.667661 
0.371601 
0.490112 
0.320318 
0.591100 
0.612012 
0.089904 
0.020404 
0.923623 
0.338832 
0.752429 
0.069116 
0.626502 
0.612275 
0.509596 
0.777048 
0.849963 
0.324032 
0.001206 
0.262900 
0.568081 
0.737456 
0.417307 
0.679858 
0.376159 
0.098833 
0.089532 
0.756013 
0.315700 
0.971236 
0.555184 
0.984179 
0.095622 
0.113520 
0.934055 
0.668592 
0.027501 
0.207665 
0.229259 
0.149600 
0.324801 
0.922072 
0.258858 
0.618706 
0.586253 
0.160240 
0.158935 
0.214852 
0.014500 
0.697783 
0.645638 
0.235511 
0.236537 
0.483695 
0.464333 
0.047382 
0.350705 
0.298204 
0.912136 
0.261958 
0.731274 
0.523930 
0.691344 
0.423559 
0.748678 
0.025074 
0.414774 
0.103001 
0.131858 
0.137134 
0.814844 
0.086388 
0.929422 
0.790998 
0.299772 
0.263075 
0.496982 
0.781601 
0.375059 
0.611979 
0.523252 
0.289929 
0.831481 
0.693331 
0.806138 
0.767148 
0.455154 
0.770180 
0.411924 
0.207303 
0.149046 
0.020445 
0.617251 
0.138382 
0.785319 
0.854358 
0.188452 
0.308082 
0.932797 
0.520310 
0.852523 
0.351320 
0.639827 
0.577708 
0.533811 
0.759895 
0.561636 
0.418893 
0.332621 
0.365983 
0.068411 
0.782998 
0.845158 
0.576414 
0.788111 
0.779397 
0.328627 
0.230291 
0.506429 
0.544464 
0.802501 
0.626479 
0.233502 
0.475263 
0.746270 
0.559528 
0.988043 
0.033465 
0.444610 
0.552379 
0.829302 
0.085222 
0.329814 
0.182000 
0.868977 
0.903098 
0.373262 
0.415443 
0.354494 
0.986066 
0.816929 
0.131852 
0.044814 
0.195095 
0.966008 
0.692466 
0.268665 
0.457210 
0.324782 
0.608782 
0.801198 
0.737658 
0.821472 
0.487727 
0.222706 
0.018865 
0.059884 
0.462658 
0.889013 
0.647349 
0.999163 
0.940890 
0.542749 
0.978131 
0.451966 
0.188359 
0.753742 
0.133458 
0.036506 
0.560372 
0.179669 
0.688545 
0.375794 
0.964447 
0.455807 
0.748424 
0.755797 
0.682879 
0.155349 
0.943544 
0.141893 
0.797661 
0.295288 
0.905235 
0.280910 
0.259729 
0.263306 
0.385436 
0.016262 
0.323338 
0.343523 
0.597487 
0.972064 
0.478601 
0.839259 
0.432414 
0.585567 
0.627334 
0.600478 
0.234487 
0.014698 
0.027802 
0.264502 
0.477236 
0.905219 
0.017240 
0.751646 
0.920001 
0.462491 
0.088034 
0.588351 
0.410403 
0.645176 
0.476151 
0.674936 
0.654269 
0.294839 
0.363057 
0.892930 
0.477993 
0.634973 
0.991948 
0.675908 
0.991228 
0.562254 
0.802740 
0.644561 
0.128548 
0.514494 
0.099950 
0.857517 
0.291181 
0.880563 
0.626844 
0.365024 
0.966157 
0.202312 
0.253483 
0.283590 
0.294239 
0.266915 
0.041621 
0.522677 
0.626390 
0.731411 
0.822198 
0.683597 
0.215658 
0.570468 
0.853711 
0.312553 
0.083864 
0.508019 
0.281783 
0.926587 
0.155958 
0.182994 
0.581641 
0.642033 
0.646437 
0.666657 
0.496281 
0.001327 
0.301732 
0.214195 
0.968730 
0.445874 
0.807342 
0.995871 
0.597714 
0.779193 
0.904105 
0.292636 
0.330438 
0.675439 
0.104564 
0.406991 
0.297142 
0.072021 
0.452339 
0.466594 
0.052012 
0.166870 
0.585834 
0.110552 
0.049349 
0.409226 
0.863018 
0.748245 
0.750002 
0.279965 
0.375306 
0.773877 
0.556693 
0.332560 
0.339985 
0.122074 
0.703285 
0.106114 
0.455425 
0.333579 
0.465435 
0.558569 
0.867968 
0.941235 
0.339615 
0.913204 
0.224430 
0.002673 
0.922217 
0.699425 
0.231022 
0.794321 
0.158729 
0.761482 
0.228557 
0.360575 
0.192227 
0.757538 
0.933488 
0.140880 
0.765744 
0.866899 
0.979757 
0.773516 
0.476793 
0.464917 
0.856648 
0.684390 
0.540436 
0.100133 
0.939408 
0.636009 
0.411153 
0.251743 
0.046074 
0.371427 
0.572419 
0.638285 
0.660169 
0.466881 
0.865495 
0.378863 
0.549565 
0.535790 
0.014444 
0.753430 
0.901507 
0.630519 
0.135669 
0.190527 
0.192033 
0.502856 
0.497373 
0.355986 
0.063233 
0.750782 
0.393571 
0.752372 
0.116772 
0.582289 
0.534249 
0.126943 
0.528531 
0.020334 
0.746952 
0.026998 
0.759053 
0.397731 
0.670658 
0.755488 
0.492682 
0.503461 
0.673234 
0.051206 
0.614361 
0.569609 
0.421189 
0.924354 
0.620863 
0.844891 
0.079711 
0.699631 
0.696687 
0.226129 
0.551898 
0.754250 
0.683861 
0.648506 
0.442134 
0.952596 
0.288625 
0.914367 
0.772196 
0.305362 
0.223357 
0.960927 
0.304562 
0.774829 
0.555756 
0.587510 
0.275487 
0.112909 
0.661132 
0.641724 
0.459166 
0.209902 
0.822362 
0.445789 
0.373379 
0.379251 
0.079371 
0.984722 
0.225332 
0.152598 
0.721766 
0.724285 
0.058494 
0.105211 
0.279501 
0.565498 
0.319694 
0.095359 
0.704316 
0.438047 
0.253385 
0.633478 
0.866986 
0.440783 
0.247806 
0.878341 
0.271544 
0.844528 
0.985294 
0.829390 
0.565478 
0.992450 
0.105824 
0.578979 
0.900081 
0.656887 
0.293020 
0.790449 
0.070377 
0.827189 
0.564283 
0.899178 
0.487763 
0.831277 
0.265733 
0.174132 
0.638266 
0.336627 
0.694719 
0.141476 
0.782409 
0.951970 
0.763027 
0.190009 
0.486035 
0.788090 
0.426201 
0.159786 
0.517706 
0.084625 
0.291807 
0.393381 
0.549994 
0.747695 
0.507764 
0.990569 
0.494273 
0.246588 
0.398360 
0.239834 
0.882251 
0.989277 
0.784668 
0.918368 
0.017097 
0.345640 
0.178557 
0.007526 
0.488528 
0.685924 
0.320465 
0.048126 
0.848297 
0.335965 
0.560120 
0.935671 
0.823706 
0.033332 
0.216059 
0.298743 
0.969413 
0.918807 
0.391728 
0.772652 
0.961555 
0.853835 
0.400996 
0.548017 
0.521431 
0.693536 
0.265589 
0.757952 
0.897697 
0.594743 
0.850041 
0.641640 
0.045528 
0.196919 
0.611041 
0.765710 
0.291121 
0.876221 
0.645567 
0.045238 
0.312028 
0.248269 
0.659020 
0.142080 
0.942852 
0.517747 
0.771671 
0.468077 
0.962195 
0.610475 
0.252398 
0.058895 
0.849248 
0.312308 
0.960870 
0.348923 
0.353208 
0.367889 
0.113151 
0.731963 
0.101462 
0.278269 
0.865471 
0.971532 
0.533843 
0.301191 
0.109678 
0.349792 
0.951696 
0.146424 
0.942615 
