0.000001 
0.013720 
0.585743 
0.576130 
0.013681 
0.940967 
0.835454 
0.469212 
0.049849 
0.806599 
0.516647 
0.279142 
0.536900 
0.682252 
0.604910 
0.718246 
0.564439 
0.524870 
0.494920 
0.127636 
0.174442 
0.852913 
0.912565 
0.476055 
0.055175 
0.330559 
0.706147 
0.214453 
0.319941 
0.246873 
0.187112 
0.792416 
0.133164 
0.080098 
0.205293 
0.351544 
0.394598 
0.015410 
0.987582 
0.288537 
0.438690 
0.059166 
0.410652 
0.823683 
0.632779 
0.112062 
0.418353 
0.255661 
0.891596 
0.060572 
0.029194 
0.665346 
0.463784 
0.818582 
0.911691 
0.791509 
0.887122 
0.864972 
0.591470 
0.841802 
0.169266 
0.856871 
0.428634 
0.059812 
0.264746 
0.583622 
0.941129 
0.551321 
0.054765 
0.430730 
0.282129 
0.739537 
0.401185 
0.724396 
0.921976 
0.647181 
0.173531 
0.537859 
0.797223 
0.934502 
0.168570 
0.163727 
0.765503 
0.816080 
0.862143 
0.037222 
0.589612 
0.601574 
0.647233 
0.049662 
0.667091 
0.790622 
0.982170 
0.329730 
0.768800 
0.222110 
0.005675 
0.377591 
0.168151 
0.113178 
0.186761 
0.893869 
0.259147 
0.483287 
0.608465 
0.471120 
0.110883 
0.617239 
0.943231 
0.890572 
0.835649 
0.747412 
0.757017 
0.185486 
0.462805 
0.360808 
0.095441 
0.072467 
0.953406 
0.886573 
0.638990 
0.506060 
0.353023 
0.258300 
0.256091 
0.114138 
0.313746 
0.133966 
0.563641 
0.110528 
0.646808 
0.894631 
0.058877 
0.537359 
0.399913 
0.333176 
0.682516 
0.046030 
0.625355 
0.338150 
0.294131 
0.460393 
0.831673 
0.924181 
0.709688 
0.733835 
0.568014 
0.610059 
0.267387 
0.977591 
0.366005 
0.445517 
0.799782 
0.932003 
0.174370 
0.644678 
0.108831 
0.126414 
0.647809 
0.724447 
0.786962 
0.466602 
0.184951 
0.467740 
0.297837 
0.741693 
0.633644 
0.649965 
0.962869 
0.944326 
0.278751 
0.973496 
0.541595 
0.580373 
0.334062 
0.574430 
0.439318 
0.609558 
0.846723 
0.867505 
0.153669 
0.715826 
0.882197 
0.079861 
0.225224 
0.335535 
0.330417 
0.325420 
0.340065 
0.470166 
0.087292 
0.122862 
0.940649 
0.490223 
0.185280 
0.993712 
0.315449 
0.747141 
0.190941 
0.146052 
0.694519 
0.783541 
0.968255 
0.466061 
0.089324 
0.275729 
0.171304 
0.107325 
0.803970 
0.319676 
0.791931 
0.984270 
0.619705 
0.387770 
0.247684 
0.819332 
0.521013 
0.662733 
0.556686 
0.227969 
0.468984 
0.212549 
0.302922 
0.204753 
0.284859 
0.629328 
0.117358 
0.441401 
0.632107 
0.819472 
0.859219 
0.892319 
0.202745 
0.541382 
0.008833 
0.459056 
0.352462 
0.827565 
0.879067 
0.478919 
0.198029 
0.276720 
0.838911 
0.583213 
0.057305 
0.122080 
0.792732 
0.451495 
0.268653 
0.245937 
0.462191 
0.043109 
0.540887 
0.686084 
0.018238 
0.518312 
0.269674 
0.412389 
0.025158 
0.824076 
0.244049 
0.737831 
0.725040 
0.744052 
0.286030 
0.300508 
0.639429 
0.882867 
0.347540 
0.099578 
0.607136 
0.135899 
0.046493 
0.413336 
0.933443 
0.372221 
0.913420 
0.845785 
0.115700 
0.572060 
0.619267 
0.024980 
0.837346 
0.267187 
0.612354 
0.827095 
0.979842 
0.205506 
0.945890 
0.570719 
0.071286 
0.105819 
0.502758 
0.853562 
0.816654 
0.499385 
0.170323 
0.626861 
0.659672 
0.100805 
0.231482 
0.513649 
0.904544 
0.669685 
0.402626 
0.940482 
0.673764 
0.944536 
0.817624 
0.809774 
0.866947 
0.786476 
0.294104 
0.006589 
0.744565 
0.905179 
0.340439 
0.758341 
0.438554 
0.775033 
0.975644 
0.654795 
0.133127 
0.461056 
0.960864 
0.237374 
0.545114 
0.725232 
0.972821 
0.200528 
0.276180 
0.751354 
0.006662 
0.959859 
0.355997 
0.246080 
0.868126 
0.600714 
0.195404 
0.157739 
0.125759 
0.637618 
0.443323 
0.930461 
0.250461 
0.505989 
0.151699 
0.602434 
0.105950 
0.694838 
0.141105 
0.555742 
0.356186 
0.413083 
0.686401 
0.339183 
0.640488 
0.682496 
0.712181 
0.617926 
0.481922 
0.655454 
0.208347 
0.689662 
0.141987 
0.377461 
0.987051 
0.373152 
0.561940 
0.523204 
0.488822 
0.623486 
0.932551 
0.378635 
0.712726 
0.792841 
0.283264 
0.819505 
0.427202 
0.984218 
0.747793 
0.157406 
0.525554 
0.984085 
0.521394 
0.076662 
0.457128 
0.946456 
0.094299 
0.881090 
0.486975 
0.584990 
0.928545 
0.054211 
0.116983 
0.131962 
0.892675 
0.187640 
0.671815 
0.199164 
0.342789 
0.253816 
0.887982 
0.320488 
0.437691 
0.273240 
0.346482 
0.329087 
0.957681 
0.736165 
0.726149 
0.386206 
0.956640 
0.243001 
0.118216 
0.861064 
0.903720 
0.822929 
0.960181 
0.757820 
0.679759 
0.706348 
0.590968 
0.404804 
0.539817 
0.696228 
0.496118 
0.257003 
0.444782 
0.452362 
0.841321 
0.081308 
0.549697 
0.754150 
0.005879 
0.815190 
0.905450 
0.905662 
0.460156 
0.845859 
0.359435 
0.031201 
0.394649 
0.869345 
0.075646 
0.385242 
0.754584 
0.292440 
0.047472 
0.861758 
0.562036 
0.142902 
0.760229 
0.167336 
0.411953 
0.689486 
0.192174 
0.864345 
0.051879 
0.927879 
0.860789 
0.273163 
0.043658 
0.759646 
0.362116 
0.083304 
0.095206 
0.126294 
0.627557 
0.349043 
0.362722 
0.273448 
0.846889 
0.657136 
0.482875 
0.676869 
0.135219 
0.633964 
0.037599 
0.918538 
0.870098 
0.736317 
0.275894 
0.950667 
0.858952 
0.410830 
0.823726 
0.355419 
0.522192 
0.480172 
0.256942 
0.421696 
0.438082 
0.846788 
0.960113 
0.618121 
0.752436 
0.192514 
0.582807 
0.241390 
0.046226 
0.918081 
0.179454 
0.076496 
0.661196 
0.729331 
0.870971 
0.414711 
0.055245 
0.510470 
0.474625 
0.028433 
0.872480 
0.768352 
0.693002 
0.285801 
0.456743 
0.485538 
0.440977 
0.508248 
0.126268 
0.181955 
0.113537 
0.218098 
0.569537 
0.211459 
0.996903 
0.950606 
0.835349 
0.715057 
0.959241 
0.963315 
0.427978 
0.027152 
0.338632 
0.384241 
0.940459 
0.297620 
0.106900 
0.670234 
0.625783 
0.540750 
0.389021 
0.282804 
0.089432 
0.080004 
0.629907 
0.847093 
0.088083 
0.413054 
0.204829 
0.556002 
0.733803 
0.022579 
0.478528 
0.621273 
0.732597 
0.751695 
0.741903 
0.166389 
0.492155 
0.649255 
0.027374 
0.082047 
0.960612 
0.010908 
0.324920 
0.938692 
0.600728 
0.442076 
0.965746 
0.294304 
0.372476 
0.201112 
0.086095 
0.002675 
0.964135 
0.215818 
0.253128 
0.324428 
0.660053 
0.506884 
0.199522 
0.359999 
0.503777 
0.972688 
0.970616 
0.134969 
0.416138 
0.035123 
0.320274 
0.847751 
0.152894 
0.696402 
0.430874 
0.691414 
0.595315 
0.454781 
0.498307 
0.053875 
0.481019 
0.482276 
0.610029 
0.761389 
0.664974 
0.215109 
0.338537 
0.799581 
0.563729 
0.598798 
0.004139 
0.558305 
0.426613 
0.087993 
0.897744 
0.384440 
0.275940 
0.729860 
0.761140 
0.476708 
0.030860 
0.661575 
0.098783 
0.242163 
0.028153 
0.171861 
0.462802 
0.313623 
0.054116 
0.527980 
0.751760 
0.832899 
0.534056 
0.874069 
0.477645 
0.780270 
0.992621 
0.980113 
0.752439 
0.243894 
0.128386 
0.790330 
0.084342 
0.534994 
0.646512 
0.924401 
0.408063 
0.310236 
0.129833 
0.105850 
0.023728 
0.797968 
0.440531 
0.004067 
0.354249 
0.864059 
0.231595 
0.409548 
0.276033 
0.280961 
0.103834 
0.139908 
0.441856 
0.267591 
0.400962 
0.967606 
0.547525 
0.247237 
0.313156 
0.206858 
0.665480 
0.718960 
0.563773 
0.340887 
0.285673 
0.299350 
0.173472 
0.544677 
0.388833 
0.107904 
0.549529 
0.935765 
0.406840 
0.760193 
0.571843 
0.964728 
0.191731 
0.420936 
0.670785 
0.885310 
0.397120 
0.402211 
0.968235 
0.130592 
0.853573 
0.009198 
0.592049 
0.572460 
0.337407 
0.799246 
0.934707 
0.623130 
0.943414 
0.954720 
0.984311 
0.320737 
0.622067 
0.083209 
0.487599 
0.080770 
0.493930 
0.484095 
0.177253 
0.085944 
0.459317 
0.734509 
0.887448 
0.343807 
0.356984 
0.836394 
0.276819 
0.495887 
0.369105 
0.549304 
0.152060 
0.673935 
0.833546 
0.413664 
0.447198 
0.059345 
0.418959 
0.450227 
0.962129 
0.508420 
0.021837 
0.006661 
0.948222 
0.759306 
0.660966 
0.855380 
0.375832 
0.603094 
0.202395 
0.653925 
0.523862 
0.554987 
0.662871 
0.878316 
0.860519 
0.742970 
0.104983 
0.441762 
0.695704 
0.693902 
0.416669 
0.961779 
0.611439 
0.455378 
0.530915 
0.081420 
0.432330 
0.169088 
0.866133 
0.104425 
0.064410 
0.537933 
0.042587 
0.753502 
0.109859 
0.407320 
0.819389 
0.477646 
0.789654 
0.706429 
0.950894 
0.673947 
0.031812 
0.660451 
0.196825 
0.043137 
0.011385 
0.343294 
0.743392 
0.188293 
0.637686 
0.581794 
0.206351 
0.134260 
0.506079 
0.670656 
0.719432 
0.498092 
0.429742 
0.672077 
0.592543 
0.869390 
0.835062 
0.891438 
0.405813 
0.490691 
0.050820 
0.128485 
0.442281 
0.422974 
0.928376 
0.223108 
0.769038 
0.218317 
0.252603 
0.499946 
0.594712 
0.326739 
0.498974 
0.251265 
0.014498 
0.662479 
0.278676 
0.699903 
0.265792 
0.170687 
0.739444 
0.829118 
0.991967 
0.992117 
0.512482 
0.284087 
0.644020 
0.039254 
0.736554 
0.258123 
0.271106 
0.470202 
0.688256 
0.515000 
0.606525 
0.857903 
0.783139 
0.212752 
0.730394 
0.732155 
0.324056 
0.409453 
0.668543 
0.208503 
0.304287 
0.154712 
0.247895 
0.364474 
0.719059 
0.227949 
0.141544 
0.934568 
0.287452 
0.200534 
0.369180 
0.814891 
0.864705 
0.099377 
0.229079 
0.138091 
0.899301 
0.550144 
0.274595 
0.113422 
0.280946 
0.862367 
0.804531 
0.750850 
0.535071 
0.933386 
0.419830 
0.079981 
0.234128 
0.981146 
0.126940 
0.475883 
0.165633 
0.789950 
0.687561 
0.833847 
0.459285 
0.201525 
0.032538 
0.865760 
0.824350 
0.854759 
0.937271 
0.710478 
0.003022 
0.784770 
0.631154 
0.798956 
0.059192 
0.842628 
0.051899 
0.268537 
0.306093 
0.506022 
0.707950 
0.519188 
0.998619 
0.794314 
0.039737 
0.860951 
0.005239 
0.043970 
0.999149 
0.702069 
0.667144 
0.681724 
0.743190 
0.796110 
0.214171 
0.566995 
0.479671 
0.830548 
0.025949 
0.122650 
0.385200 
0.056910 
0.487854 
0.366630 
0.954398 
0.559424 
0.245196 
0.014961 
0.451015 
0.213151 
0.425970 
0.282978 
0.011274 
0.477065 
0.031658 
0.076794 
0.679128 
0.102964 
0.512534 
0.157345 
0.498883 
0.725499 
0.459624 
0.893706 
0.518157 
0.661435 
0.734499 
0.728667 
0.705161 
0.636208 
0.742518 
0.495106 
0.251915 
0.927931 
0.741928 
0.586578 
0.624463 
0.343398 
0.494307 
0.822256 
0.660367 
0.789308 
0.892704 
0.683425 
0.327619 
0.285114 
0.911346 
0.992772 
0.514518 
0.502836 
0.159775 
0.341957 
0.272054 
0.418691 
0.946018 
0.728911 
0.800207 
0.073862 
0.404487 
0.214184 
0.782916 
0.475708 
0.225782 
0.724439 
0.637963 
0.250192 
0.970827 
0.686528 
0.475171 
0.196704 
0.998240 
0.423485 
0.517895 
0.260973 
0.166200 
0.324604 
0.623335 
0.396533 
0.531454 
0.142149 
0.097343 
0.051489 
0.379564 
0.324987 
0.055687 
0.936928 
0.944870 
0.429874 
0.899962 
0.665467 
0.502827 
0.016216 
0.544309 
0.203629 
0.399322 
0.396582 
0.360556 
0.860811 
0.658361 
0.070515 
0.142393 
0.204309 
0.821195 
0.828439 
0.568215 
0.991192 
0.959545 
0.077675 
0.478698 
0.481889 
0.109541 
0.053011 
0.951622 
0.919335 
0.264350 
0.926927 
0.870037 
0.711344 
0.561008 
0.855251 
0.203075 
0.082350 
0.052847 
0.204301 
0.683412 
0.105678 
0.136518 
0.455619 
0.592331 
0.301199 
0.258230 
0.068549 
0.096316 
0.784578 
0.397548 
0.594105 
0.119431 
0.284922 
0.677952 
0.339440 
0.976101 
0.328683 
0.170544 
0.324758 
0.212267 
0.570700 
0.749615 
0.771189 
0.368410 
0.874490 
0.550429 
0.057868 
0.589552 
0.608133 
0.898095 
0.288089 
0.912595 
0.981341 
0.397853 
0.721371 
0.075964 
0.732835 
0.762929 
0.541385 
0.050963 
0.526969 
0.775911 
0.741225 
0.765106 
0.136219 
0.439198 
0.605491 
0.491464 
0.035072 
0.448988 
0.140410 
0.879190 
0.553166 
0.052634 
0.622078 
0.259325 
0.482446 
0.467335 
0.497849 
0.345238 
0.415823 
0.730943 
0.952040 
0.941529 
0.281686 
0.291056 
0.783605 
0.049578 
0.253022 
0.543060 
0.212556 
0.423894 
0.384344 
0.676324 
0.984417 
0.100547 
0.893544 
0.800740 
0.031400 
0.743764 
0.440411 
0.994357 
0.160245 
0.240188 
0.840168 
0.708955 
0.403453 
0.835097 
0.469784 
0.653743 
0.457186 
0.919619 
0.029028 
0.869273 
0.878979 
0.994359 
0.189610 
0.769969 
0.871337 
0.564250 
0.346128 
0.369964 
0.981184 
0.754161 
0.177300 
0.887364 
0.928822 
0.719501 
0.660957 
0.708918 
0.777664 
0.205095 
0.023826 
0.447844 
0.921649 
0.162039 
0.388560 
0.525377 
0.017664 
0.885092 
0.746996 
0.756275 
0.713227 
0.212864 
0.607251 
0.072205 
0.547582 
0.214889 
0.645282 
0.248894 
0.167791 
0.060194 
0.677571 
0.937236 
0.119266 
0.506968 
0.603126 
0.741538 
0.029075 
0.663298 
0.045275 
0.932322 
0.538744 
0.670041 
0.375586 
0.475788 
0.565978 
0.386818 
0.248941 
0.957432 
0.565329 
0.476554 
0.442296 
0.669685 
0.394072 
0.169679 
0.797146 
0.639942 
0.503034 
0.487383 
0.447182 
0.787340 
0.823132 
0.387254 
0.576794 
0.183084 
0.095316 
0.971024 
0.004987 
0.812721 
0.409368 
0.240677 
0.059820 
0.402490 
0.648694 
0.594799 
0.793643 
0.758143 
0.112410 
0.267374 
0.758554 
0.017928 
0.319364 
0.558540 
0.375330 
0.163623 
0.007004 
0.722000 
0.657904 
0.397730 
0.651805 
0.880957 
0.239461 
0.615293 
0.236960 
0.578526 
0.283881 
0.184506 
0.996147 
0.249168 
0.764358 
0.570850 
0.284192 
0.415417 
0.907609 
0.178363 
0.753032 
0.209320 
0.035558 
0.625556 
0.718422 
0.517132 
0.443892 
0.492852 
0.356157 
0.933937 
0.679935 
0.670147 
0.162111 
0.606687 
0.592875 
0.452432 
0.026225 
0.770895 
0.439872 
0.925473 
0.432856 
0.017041 
0.413301 
0.344931 
0.256703 
0.415612 
0.190465 
0.150516 
0.717085 
0.052306 
0.113730 
0.464812 
0.100184 
0.790135 
0.793581 
0.709676 
0.521083 
0.844781 
0.234981 
0.322201 
0.233009 
0.179484 
0.584670 
0.541318 
0.938507 
0.482687 
0.524204 
0.294173 
0.164446 
0.839556 
0.423360 
0.416906 
0.941746 
0.917457 
0.696689 
0.258452 
0.802963 
0.404231 
0.908906 
0.977197 
0.743574 
0.246861 
0.999905 
0.408523 
0.053857 
0.168942 
0.412974 
0.847807 
0.087379 
0.571382 
0.217554 
0.434466 
0.068996 
0.619547 
0.719573 
0.858799 
0.830468 
0.683437 
0.525086 
0.115047 
0.589230 
0.194250 
0.764685 
0.062066 
0.142487 
0.777628 
0.599670 
0.655149 
0.086935 
0.123394 
0.886854 
0.362783 
0.295001 
0.079762 
0.553026 
0.708644 
0.186067 
0.220933 
0.226585 
0.212497 
0.440503 
0.529726 
0.111985 
0.136691 
0.364399 
0.452823 
0.597668 
0.000861 
0.471074 
0.343344 
0.574818 
0.973678 
0.613484 
0.819908 
0.201050 
0.044460 
0.243838 
0.184988 
0.093810 
0.663199 
0.389442 
0.350947 
0.365122 
0.602980 
0.278400 
0.061777 
0.289481 
0.299805 
0.829062 
0.046745 
0.647292 
0.035299 
0.273054 
0.213688 
0.462484 
0.970075 
0.050808 
0.926987 
0.870388 
0.608349 
0.522080 
0.597813 
0.445827 
0.007628 
0.201603 
0.334681 
0.991413 
0.682252 
0.605058 
0.217464 
0.920940 
0.239223 
0.617498 
0.287860 
0.068290 
0.751343 
0.819196 
0.235220 
0.341715 
0.199470 
0.494489 
0.871324 
0.335712 
0.311176 
0.938950 
0.938681 
0.418061 
0.350100 
0.137526 
0.400225 
0.585155 
0.693703 
0.064753 
0.300184 
0.186023 
0.483627 
0.314640 
0.146304 
0.928875 
0.593824 
0.404960 
0.157487 
0.877152 
0.297022 
0.049327 
0.037145 
0.293494 
0.760017 
0.605430 
0.459964 
0.617670 
0.178733 
0.970323 
0.222834 
0.170326 
0.666306 
0.610124 
0.351629 
0.828147 
0.660526 
0.458843 
0.774551 
0.880799 
0.594367 
0.525959 
0.795007 
0.676139 
0.875118 
0.110385 
0.233116 
0.983078 
0.599485 
0.543424 
0.320059 
0.225316 
0.887652 
0.773024 
0.217313 
0.375578 
0.335923 
0.854166 
0.964105 
0.712434 
0.874133 
0.545710 
0.742218 
0.450941 
0.963616 
0.497329 
0.604052 
0.307161 
0.458241 
0.664846 
0.074503 
0.175027 
0.676697 
0.248847 
0.366159 
0.039168 
0.291235 
0.780173 
0.369440 
0.174389 
0.964221 
0.665183 
0.736114 
0.874045 
0.077984 
0.671580 
0.251238 
0.552476 
0.460693 
0.874085 
0.748015 
0.884699 
0.134081 
0.507570 
0.729423 
0.407945 
0.331698 
0.850839 
0.057978 
0.435777 
0.109281 
0.682390 
0.936910 
0.638366 
0.015477 
0.128729 
0.550350 
0.739508 
0.917602 
0.136004 
0.824723 
0.114180 
0.018699 
0.268695 
0.957432 
0.562511 
0.122950 
0.424380 
0.555637 
0.597867 
0.344372 
0.861085 
0.248644 
0.956328 
0.997941 
0.386434 
0.797446 
0.675608 
0.941294 
0.330606 
0.491015 
0.481537 
0.199677 
0.975353 
0.749516 
0.114417 
0.002501 
0.028229 
0.445352 
0.028613 
0.900439 
0.686282 
0.347317 
0.352641 
0.838760 
0.043055 
0.626634 
0.836287 
0.471315 
0.385851 
0.999301 
0.257120 
0.414225 
0.884446 
0.875809 
0.717806 
0.162854 
0.081716 
0.407193 
0.690273 
0.411608 
0.895382 
0.689940 
0.820559 
0.141062 
0.826238 
0.587415 
0.685396 
0.448954 
0.572216 
0.235771 
0.606774 
0.053057 
0.720642 
0.822398 
0.043309 
0.888890 
0.578785 
0.640993 
0.164997 
0.102330 
0.867913 
0.006305 
0.966981 
0.057020 
0.338321 
0.161259 
0.276777 
0.796616 
0.730810 
0.724977 
0.680073 
0.986807 
0.268166 
0.071294 
0.242475 
0.284077 
0.478093 
0.306607 
0.148118 
0.416676 
0.072905 
0.316493 
0.295347 
0.904138 
0.843424 
0.433817 
0.155594 
0.066248 
0.434091 
0.768839 
0.883931 
0.235654 
0.630452 
0.999257 
0.509076 
0.032435 
0.127750 
0.096200 
0.825254 
0.043824 
0.557299 
0.517555 
0.539803 
0.464614 
0.766816 
0.873098 
0.152778 
0.738738 
0.963161 
0.842936 
0.227266 
0.656316 
0.704317 
0.454709 
0.297335 
0.317209 
0.333117 
0.702232 
0.411914 
0.036329 
0.574526 
0.066576 
0.946469 
0.305313 
0.402934 
0.117672 
0.709847 
0.398800 
0.631792 
0.533925 
0.682459 
0.082369 
0.377501 
0.654829 
0.703387 
0.830451 
0.387060 
0.320586 
0.097100 
0.967385 
0.831737 
0.999258 
0.529495 
0.214524 
0.502036 
0.714394 
0.814976 
0.308342 
0.296702 
0.675601 
0.824126 
0.078379 
0.323736 
0.030412 
0.141366 
0.937374 
0.444567 
0.830741 
0.256009 
0.740884 
0.035750 
0.846107 
0.518243 
0.107216 
0.973178 
0.211047 
0.061331 
0.793509 
0.510926 
0.141149 
0.288791 
0.711574 
0.429981 
0.692357 
0.449707 
0.233716 
0.069429 
0.897021 
0.236482 
0.557327 
0.994040 
0.823420 
0.227840 
0.304148 
0.808046 
0.825960 
0.909062 
0.604853 
0.766716 
0.200156 
0.029798 
0.811881 
0.286911 
0.116569 
0.168474 
0.540288 
0.619033 
0.092887 
0.147978 
0.063631 
0.447673 
0.042743 
0.381284 
0.237606 
0.450300 
0.187684 
0.405279 
0.526055 
0.406769 
0.568230 
0.235171 
0.518553 
0.317989 
0.437911 
0.967748 
0.943215 
0.621877 
0.880306 
0.305491 
0.380688 
0.220691 
0.156020 
0.225044 
0.311981 
0.468262 
0.076902 
0.493249 
0.036104 
0.803797 
0.423324 
0.813446 
0.589053 
0.213484 
0.019617 
0.707844 
0.735942 
0.982053 
0.366047 
0.148528 
0.313140 
0.935674 
0.881121 
0.994546 
0.336702 
0.956111 
0.349866 
0.203398 
0.511033 
0.924215 
0.279988 
0.760919 
0.772237 
0.986522 
0.483210 
0.314539 
0.460144 
0.638570 
0.449579 
0.068637 
0.587255 
0.996295 
0.722637 
0.361536 
0.343693 
0.447836 
0.771430 
0.425733 
0.300006 
0.194745 
0.083309 
0.182470 
0.772632 
0.626899 
0.298014 
0.717419 
0.668376 
0.394359 
0.998729 
0.637800 
0.502659 
0.183384 
0.126513 
0.301208 
0.397570 
0.967329 
0.893472 
0.591526 
0.785443 
0.943458 
0.701779 
0.792341 
0.871162 
0.611760 
0.847089 
0.017771 
0.677566 
0.846614 
0.043217 
0.352942 
0.893249 
0.829696 
0.700656 
0.933687 
0.470718 
0.359239 
0.729702 
0.099486 
0.053414 
0.728045 
0.255510 
0.354546 
0.850403 
0.718714 
0.428030 
0.906734 
0.476028 
0.599587 
0.252836 
0.409131 
0.272974 
0.873517 
0.194718 
0.625913 
0.719518 
0.930787 
0.737239 
0.782358 
0.085693 
0.239871 
0.503711 
0.878883 
0.380882 
0.490744 
0.932351 
0.018790 
0.803352 
0.939234 
0.698930 
0.910019 
0.686430 
0.824566 
0.482571 
0.568973 
0.734712 
0.309223 
0.111698 
0.315507 
0.719223 
0.973455 
0.860700 
0.792805 
0.671031 
0.012952 
0.689663 
0.160348 
0.965112 
0.637137 
0.366361 
0.433879 
0.201455 
0.855491 
0.240112 
0.561919 
0.168169 
0.408600 
0.343650 
0.727966 
0.925677 
0.848198 
0.660871 
0.264248 
0.217351 
0.018671 
0.795975 
0.943491 
0.245445 
0.196332 
0.750473 
0.201824 
0.056003 
0.236608 
0.678876 
0.863036 
0.047345 
0.729651 
0.248564 
0.607398 
0.539390 
0.519917 
0.236658 
0.512869 
0.792816 
0.861689 
0.405009 
0.990917 
0.336212 
0.707783 
0.701875 
0.420257 
0.257246 
0.541198 
0.909129 
0.734222 
0.064159 
0.314965 
0.619785 
0.722541 
0.754376 
0.795822 
0.383712 
0.049539 
0.607996 
0.593175 
0.488716 
0.855971 
0.306939 
0.717065 
0.708283 
0.107177 
0.321665 
0.216335 
0.940680 
0.004627 
0.769481 
0.664724 
0.012670 
0.939354 
0.721381 
0.247542 
0.435765 
0.898407 
0.528227 
0.907108 
0.769211 
0.135033 
0.492413 
0.980211 
0.408577 
0.955243 
0.770616 
0.744747 
0.959451 
0.488413 
0.757749 
0.487138 
0.320502 
0.673946 
0.004451 
0.804343 
0.600619 
0.602276 
0.457123 
0.861979 
0.275414 
0.877243 
0.817451 
0.895429 
0.483088 
0.254623 
0.451229 
0.806558 
0.817556 
0.666216 
0.091495 
0.759218 
0.171428 
0.188927 
0.304096 
0.934036 
0.343469 
0.684706 
0.851371 
0.985478 
0.933023 
0.322282 
0.594625 
0.860789 
0.287414 
0.573970 
0.716937 
0.564006 
0.252444 
0.819884 
0.794540 
0.840206 
0.347798 
0.438486 
0.630731 
0.704102 
0.845031 
0.438688 
0.030506 
0.719272 
0.796993 
0.055996 
0.118438 
0.589812 
0.978276 
0.889003 
0.477134 
0.183809 
0.280738 
0.361030 
0.823485 
0.308622 
0.015001 
0.125014 
0.115928 
0.400712 
0.773689 
0.392992 
0.023232 
0.466962 
0.227346 
0.006302 
0.920469 
0.327945 
0.775891 
0.403525 
0.041085 
0.522172 
0.144656 
0.231964 
0.621533 
0.106927 
0.115320 
0.179795 
0.815423 
0.822024 
0.755596 
0.298358 
0.507328 
0.666355 
0.433693 
0.073075 
0.176201 
0.413908 
0.555236 
0.849728 
0.385764 
0.528523 
0.886745 
0.528446 
0.599754 
0.059951 
0.593756 
0.256307 
0.750934 
0.950830 
0.593110 
0.400194 
0.054245 
0.696306 
0.822116 
0.309834 
0.387706 
0.168263 
0.996054 
0.679370 
0.177888 
0.766535 
0.158031 
0.028471 
0.511933 
0.063332 
0.425852 
0.294830 
