0.000000 
0.008226 
0.246215 
0.141194 
0.041289 
0.938367 
0.126105 
0.443892 
0.486817 
0.940523 
0.362234 
0.060683 
0.906607 
0.344579 
0.335288 
0.188178 
0.714903 
0.378003 
0.090794 
0.969849 
0.251192 
0.777759 
0.798121 
0.014452 
0.888756 
0.321402 
0.802145 
0.655100 
0.268829 
0.215324 
0.951315 
0.747193 
0.070140 
0.838096 
0.885204 
0.622061 
0.974172 
0.903135 
0.987421 
0.580292 
0.970943 
0.637869 
0.660351 
0.516081 
0.776983 
0.746022 
0.392863 
0.848089 
0.827192 
0.618175 
0.668387 
0.586012 
0.096085 
0.900930 
0.927089 
0.587493 
0.999068 
0.329770 
0.436757 
0.577715 
0.653108 
0.790400 
0.253562 
0.622854 
0.303621 
0.960860 
0.169496 
0.717877 
0.360273 
0.100227 
0.510278 
0.243157 
0.733398 
0.212972 
0.422132 
0.764511 
0.132562 
0.969931 
0.638267 
0.351490 
0.484979 
0.035983 
0.759010 
0.676954 
0.566522 
0.527735 
0.650132 
0.771965 
0.408010 
0.430231 
0.889397 
0.087817 
0.944244 
0.917026 
0.450661 
0.260375 
0.126620 
0.096890 
0.427682 
0.052453 
0.579741 
0.706478 
0.781154 
0.860202 
0.422417 
0.559696 
0.809206 
0.328419 
0.739496 
0.706783 
0.902605 
0.084159 
0.455576 
0.867625 
0.165093 
0.716605 
0.983633 
0.915666 
0.601842 
0.160176 
0.079052 
0.630844 
0.592143 
0.152581 
0.422220 
0.246982 
0.020392 
0.730062 
0.146256 
0.121600 
0.734053 
0.227186 
0.313679 
0.002148 
0.094871 
0.491254 
0.499329 
0.227825 
0.057186 
0.133141 
0.700018 
0.204149 
0.134677 
0.509592 
0.707292 
0.453657 
0.613795 
0.052580 
0.708513 
0.984853 
0.428791 
0.696086 
0.110993 
0.458377 
0.944817 
0.531407 
0.361883 
0.174479 
0.467682 
0.337361 
0.029719 
0.481688 
0.729825 
0.169192 
0.616102 
0.822316 
0.658847 
0.248781 
0.264105 
0.808606 
0.239000 
0.879147 
0.816438 
0.874485 
0.470678 
0.687807 
0.971319 
0.963289 
0.999946 
0.093980 
0.527956 
0.349876 
0.367478 
0.200761 
0.189795 
0.880004 
0.226052 
0.251578 
0.276901 
0.881999 
0.763688 
0.296707 
0.759625 
0.013819 
0.257119 
0.391552 
0.819473 
0.887190 
0.008374 
0.736167 
0.756954 
0.118940 
0.019188 
0.489920 
0.090063 
0.684421 
0.071329 
0.834454 
0.670834 
0.709058 
0.143936 
0.129188 
0.270571 
0.480631 
0.964812 
0.596188 
0.140094 
0.557064 
0.568783 
0.543408 
0.066116 
0.218704 
0.761763 
0.952194 
0.518760 
0.806859 
0.879260 
0.730698 
0.833625 
0.732039 
0.382224 
0.042685 
0.409632 
0.689671 
0.293944 
0.315156 
0.819987 
0.524113 
0.770621 
0.834766 
0.907090 
0.460829 
0.151566 
0.375902 
0.789063 
0.781121 
0.306424 
0.071603 
0.438308 
0.643172 
0.784234 
0.625390 
0.923829 
0.792969 
0.429075 
0.455645 
0.027625 
0.301438 
0.270645 
0.730236 
0.077294 
0.075562 
0.972058 
0.370792 
0.906228 
0.969101 
0.680000 
0.758639 
0.437686 
0.194898 
0.653223 
0.719811 
0.869860 
0.736119 
0.944694 
0.469597 
0.520824 
0.485979 
0.842328 
0.005268 
0.545836 
0.859814 
0.893354 
0.606853 
0.380824 
0.501013 
0.532124 
0.414140 
0.449019 
0.661623 
0.901267 
0.600808 
0.775470 
0.321788 
0.284257 
0.512752 
0.820884 
0.600588 
0.088029 
0.503677 
0.303073 
0.751195 
0.340374 
0.666195 
0.734832 
0.319136 
0.725685 
0.585115 
0.035552 
0.525997 
0.426219 
0.461829 
0.955564 
0.160824 
0.976348 
0.479374 
0.841872 
0.340568 
0.933782 
0.076760 
0.097206 
0.742264 
0.234407 
0.685436 
0.123712 
0.234159 
0.504230 
0.586548 
0.113197 
0.505850 
0.821030 
0.043738 
0.107816 
0.061502 
0.656106 
0.166931 
0.610611 
0.536994 
0.254632 
0.598850 
0.872318 
0.045143 
0.725004 
0.147127 
0.767390 
0.526979 
0.935217 
0.192902 
0.111439 
0.959655 
0.916316 
0.519729 
0.084627 
0.326383 
0.527329 
0.814307 
0.063978 
0.273419 
0.352254 
0.337387 
0.470907 
0.529881 
0.713048 
0.194429 
0.770809 
0.989567 
0.657953 
0.210600 
0.561095 
0.316536 
0.018113 
0.418873 
0.994929 
0.773500 
0.209969 
0.947106 
0.004398 
0.925442 
0.907010 
0.124594 
0.047308 
0.101217 
0.158789 
0.766842 
0.309746 
0.909054 
0.470874 
0.971321 
0.992646 
0.398189 
0.369544 
0.924600 
0.759784 
0.683386 
0.665116 
0.611348 
0.920822 
0.259104 
0.767871 
0.607713 
0.833013 
0.443674 
0.831300 
0.665050 
0.495159 
0.133015 
0.583658 
0.544706 
0.877081 
0.092818 
0.987554 
0.824245 
0.090946 
0.529033 
0.450226 
0.940090 
0.098009 
0.237249 
0.447889 
0.675681 
0.170238 
0.183327 
0.172338 
0.477153 
0.507899 
0.260545 
0.977422 
0.525448 
0.199924 
0.114907 
0.242572 
0.903853 
0.064878 
0.406510 
0.214021 
0.055200 
0.741944 
0.858443 
0.852609 
0.805475 
0.623940 
0.557782 
0.645623 
0.978141 
0.616374 
0.402675 
0.754745 
0.996780 
0.877863 
0.236000 
0.445921 
0.599652 
0.355391 
0.058112 
0.683949 
0.128152 
0.844823 
0.939205 
0.223916 
0.355505 
0.977004 
0.513459 
0.707863 
0.060118 
0.408776 
0.294097 
0.895643 
0.064880 
0.444131 
0.516169 
0.249984 
0.473128 
0.870553 
0.389418 
0.948945 
0.926634 
0.935605 
0.714373 
0.472628 
0.450875 
0.853094 
0.942880 
0.986859 
0.146692 
0.451089 
0.451102 
0.678685 
0.666027 
0.913191 
0.000377 
0.338874 
0.453053 
0.463448 
0.170550 
0.430735 
0.365456 
0.222368 
0.331051 
0.972350 
0.294753 
0.905638 
0.057560 
0.410500 
0.266056 
0.609765 
0.315189 
0.389841 
0.053543 
0.905341 
0.068171 
0.755180 
0.317104 
0.564162 
0.873667 
0.718965 
0.640261 
0.859690 
0.816486 
0.687089 
0.907683 
0.432805 
0.155867 
0.652782 
0.313303 
0.689437 
0.372643 
0.016398 
0.596171 
0.837965 
0.672290 
0.180925 
0.813716 
0.119683 
0.518275 
0.651399 
0.058664 
0.960310 
0.922304 
0.165061 
0.181070 
0.247403 
0.110284 
0.549265 
0.496422 
0.358809 
0.508890 
0.916162 
0.937418 
0.191429 
0.350325 
0.916301 
0.264323 
0.480449 
0.902299 
0.938924 
0.488282 
0.549891 
0.019413 
0.281084 
0.178479 
0.702941 
0.323084 
0.079162 
0.471324 
0.544554 
0.322569 
0.421843 
0.921600 
0.338486 
0.930189 
0.688533 
0.181582 
0.854234 
0.109737 
0.345400 
0.136801 
0.210671 
0.743197 
0.915595 
0.401582 
0.393449 
0.691235 
0.587962 
0.875847 
0.352806 
0.612832 
0.875138 
0.444297 
0.292847 
0.884150 
0.907363 
0.057608 
0.213743 
0.383867 
0.650798 
0.954179 
0.889718 
0.491714 
0.235437 
0.990658 
0.983201 
0.653093 
0.532881 
0.134181 
0.185332 
0.879680 
0.787680 
0.536429 
0.761825 
0.995629 
0.531289 
0.375230 
0.490799 
0.857091 
0.129224 
0.861407 
0.662871 
0.877401 
0.470598 
0.337148 
0.442917 
0.107995 
0.077479 
0.189682 
0.989497 
0.484099 
0.252370 
0.585635 
0.759199 
0.858475 
0.387393 
0.914077 
0.891211 
0.579947 
0.163722 
0.678302 
0.222045 
0.907643 
0.757452 
0.497052 
0.958320 
0.476119 
0.138987 
0.946537 
0.442375 
0.002023 
0.992512 
0.152914 
0.019655 
0.336137 
0.458037 
0.221714 
0.339987 
0.169580 
0.137659 
0.630420 
0.461726 
0.230710 
0.547696 
0.119389 
0.576800 
0.270419 
0.925494 
0.770815 
0.081809 
0.962324 
0.774928 
0.211549 
0.511196 
0.671083 
0.886719 
0.094482 
0.960939 
0.500440 
0.902591 
0.845760 
0.683011 
0.373905 
0.223424 
0.093786 
0.267858 
0.889612 
0.703702 
0.112358 
0.398749 
0.774061 
0.650034 
0.117173 
0.321161 
0.752117 
0.822803 
0.848673 
0.651806 
0.897463 
0.652656 
0.186918 
0.530088 
0.184630 
0.068805 
0.401602 
0.721835 
0.885288 
0.031676 
0.376732 
0.733321 
0.921332 
0.820190 
0.928952 
0.890740 
0.663371 
0.271033 
0.249163 
0.688701 
0.995053 
0.847542 
0.644591 
0.646725 
0.499909 
0.972727 
0.624102 
0.277203 
0.949331 
0.403839 
0.319064 
0.501891 
0.284259 
0.542531 
0.322168 
0.678839 
0.251781 
0.683016 
0.442777 
0.755960 
0.420622 
0.389019 
0.241301 
0.544541 
0.104981 
0.408257 
0.582433 
0.947518 
0.935455 
0.185235 
0.247162 
0.057376 
0.311062 
0.013507 
0.012042 
0.396695 
0.244645 
0.741778 
0.061205 
0.668674 
0.396059 
0.562989 
0.153924 
0.004919 
0.667771 
0.220189 
0.715672 
0.297421 
0.752260 
0.233489 
0.249715 
0.958753 
0.769748 
0.149891 
0.214450 
0.259819 
0.773584 
0.627027 
0.442102 
0.415246 
0.035629 
0.808551 
0.312789 
0.039609 
0.704583 
0.924623 
0.131967 
0.962901 
0.476213 
0.718371 
0.666797 
0.863210 
0.974595 
0.019324 
0.773592 
0.764341 
0.272595 
0.510624 
0.052193 
0.209731 
0.951713 
0.437400 
0.386040 
0.180063 
0.318826 
0.506851 
0.636461 
0.005369 
0.234477 
0.847597 
0.564487 
0.335267 
0.838269 
0.791933 
0.019653 
0.302046 
0.479431 
0.804930 
0.460013 
0.435494 
0.351443 
0.704071 
0.327019 
0.215566 
0.025441 
0.584340 
0.999083 
0.585371 
0.329380 
0.891932 
0.707767 
0.435607 
0.241629 
0.052975 
0.346409 
0.102178 
0.304784 
0.512226 
0.979568 
0.597465 
0.600836 
0.246696 
0.212012 
0.280707 
0.837195 
0.736249 
0.133197 
0.644371 
0.948280 
0.739669 
0.610460 
0.000460 
0.725957 
0.158321 
0.905911 
0.650731 
0.833756 
0.939968 
0.033788 
0.882551 
0.032950 
0.786086 
0.745836 
0.260014 
0.060722 
0.550349 
0.722267 
0.139855 
0.537480 
0.418482 
0.427956 
0.651611 
0.629406 
0.418461 
0.072529 
0.994500 
0.569303 
0.281370 
0.981209 
0.182013 
0.085103 
0.319118 
0.414234 
0.038836 
0.721755 
0.543997 
0.954006 
0.981009 
0.815062 
0.739417 
0.375878 
0.375580 
0.376698 
0.166042 
0.667834 
0.279621 
0.591439 
0.323070 
0.844668 
0.336116 
0.097891 
0.247317 
0.649876 
0.466460 
0.787695 
0.785542 
0.609622 
0.913034 
0.364988 
0.356397 
0.961700 
0.287225 
0.393162 
0.866005 
0.937749 
0.748527 
0.493721 
0.964115 
0.873195 
0.791839 
0.434633 
0.874577 
0.022765 
0.604263 
0.840790 
0.164202 
0.734633 
0.985017 
0.181020 
0.406202 
0.034201 
0.822419 
0.404292 
0.937831 
0.118666 
0.419678 
0.521055 
0.375841 
0.753791 
0.962506 
0.834404 
0.832153 
0.988143 
0.722004 
0.722401 
0.400642 
0.595265 
0.616694 
0.774264 
0.057948 
0.931642 
0.102658 
0.365561 
0.988662 
0.436768 
0.759490 
0.749776 
0.479613 
0.861526 
0.674710 
0.849683 
0.619116 
0.481410 
0.056199 
0.537474 
0.319478 
0.474936 
0.244285 
0.705237 
0.912908 
0.238822 
0.880105 
0.930635 
0.181836 
0.116075 
0.880732 
0.467996 
0.607490 
0.077036 
0.749153 
0.014310 
0.504288 
0.571951 
0.773027 
0.260757 
0.541840 
0.701066 
0.821048 
0.355040 
0.154877 
0.018797 
0.923753 
0.516566 
0.931206 
0.783648 
0.777610 
0.292689 
0.216947 
0.223778 
0.030620 
0.624734 
0.907659 
0.016974 
0.290107 
0.830804 
0.314494 
0.700579 
0.633155 
0.441849 
0.156034 
0.461330 
0.569343 
0.948544 
0.183035 
0.268914 
0.632899 
0.127806 
0.027991 
0.451235 
0.902274 
0.524705 
0.719306 
0.382609 
0.502531 
0.042277 
0.544584 
0.819583 
0.729079 
0.637586 
0.915114 
0.313601 
0.691661 
0.749935 
0.158079 
0.827989 
0.017757 
0.436232 
0.747379 
0.197502 
0.417474 
0.482716 
0.004226 
0.032871 
0.461277 
0.686748 
0.169100 
0.059640 
0.376236 
0.406001 
0.662445 
0.712532 
0.519384 
0.287995 
0.337444 
0.423024 
0.759498 
0.878519 
0.276228 
0.569077 
0.469380 
0.870738 
0.497731 
0.365347 
0.380792 
0.963350 
0.017617 
0.084110 
0.643606 
0.085180 
0.624126 
0.682718 
0.448286 
0.338003 
0.816999 
0.303530 
0.435539 
0.112276 
0.018608 
0.742811 
0.429491 
0.459659 
0.482680 
0.394404 
0.739957 
0.450177 
0.127118 
0.478728 
0.978801 
0.706786 
0.946128 
0.565799 
0.376773 
0.421008 
0.883700 
0.348640 
0.598744 
0.082357 
0.169155 
0.987370 
0.734105 
0.105289 
0.590433 
0.408087 
0.722372 
0.909757 
0.282117 
0.539675 
0.320690 
0.831283 
0.373557 
0.370239 
0.612790 
0.159495 
0.628949 
0.742186 
0.916087 
0.671174 
0.429610 
0.454037 
0.994156 
0.787448 
0.635774 
0.459752 
0.058652 
0.764189 
0.716871 
0.451292 
0.867414 
0.633201 
0.212034 
0.658227 
0.825482 
0.870175 
0.039611 
0.737602 
0.882551 
0.030821 
0.007808 
0.221188 
0.507178 
0.148033 
0.993451 
0.926131 
0.488652 
0.768857 
0.182014 
0.115391 
0.370358 
0.606831 
0.014847 
0.530964 
0.916048 
0.016671 
0.187463 
0.692152 
0.000924 
0.528918 
0.516940 
0.212588 
0.960110 
0.564361 
0.219369 
0.939556 
0.115051 
0.663236 
0.015575 
0.768612 
0.057713 
0.989484 
0.255694 
0.453561 
0.999912 
0.513749 
0.579418 
0.282499 
0.963997 
0.903314 
0.993639 
0.086247 
0.553673 
0.574642 
0.014982 
0.804978 
0.272695 
0.187877 
0.652495 
0.475120 
0.344185 
0.718516 
0.091344 
0.217675 
0.458569 
0.160993 
0.801605 
0.568592 
0.318342 
0.368992 
0.644350 
0.591350 
0.827303 
0.474136 
0.802543 
0.343328 
0.305670 
0.389144 
0.346453 
0.841872 
0.335755 
0.038042 
0.379486 
0.027375 
0.090413 
0.574508 
0.752997 
0.621912 
0.466869 
0.668099 
0.732770 
0.672128 
0.462162 
0.559182 
0.164833 
0.342197 
0.304630 
0.921721 
0.366306 
0.502635 
0.783119 
0.889414 
0.378215 
0.653874 
0.652506 
0.663806 
0.588719 
0.607228 
0.687374 
0.703001 
0.345592 
0.359645 
0.551064 
0.725640 
0.829370 
0.220578 
0.253664 
0.334880 
0.326315 
0.380695 
0.344504 
0.083828 
0.901241 
0.157068 
0.845958 
0.011230 
0.739078 
0.675925 
0.272938 
0.264938 
0.816312 
0.756059 
0.085259 
0.950406 
0.470911 
0.593001 
0.565309 
0.151353 
0.784123 
0.757337 
0.563790 
0.625430 
0.605036 
0.842049 
0.316318 
0.363128 
0.087970 
0.509016 
0.034040 
0.115192 
0.036458 
0.745225 
0.992882 
0.371817 
0.129953 
0.125601 
0.980714 
0.863466 
0.280076 
0.245026 
0.151465 
0.668165 
0.849077 
0.433002 
0.471688 
0.662098 
0.886974 
0.366780 
0.466419 
0.111747 
0.129856 
0.489154 
0.218440 
0.324227 
0.289392 
0.812287 
0.099359 
0.921182 
0.309968 
0.630320 
0.795304 
0.678708 
0.040073 
0.498700 
0.645541 
0.604629 
0.997631 
0.179840 
0.573893 
0.412148 
0.978580 
0.999943 
0.045840 
0.439021 
0.621539 
0.210516 
0.149484 
0.371840 
0.508570 
0.529178 
0.899386 
0.980898 
0.960721 
0.833583 
0.028863 
0.106573 
0.171302 
0.071229 
0.151691 
0.467930 
0.497523 
0.861771 
0.779938 
0.418000 
0.323609 
0.904309 
0.717377 
0.951152 
0.008378 
0.815792 
0.022410 
0.647488 
0.325630 
0.863794 
0.780824 
0.316347 
0.840959 
0.996087 
0.236357 
0.459195 
0.686105 
0.370620 
0.007223 
0.399306 
0.134579 
0.870022 
0.461440 
0.427894 
0.621708 
0.045713 
0.291692 
0.467069 
0.022660 
0.854138 
0.492144 
0.457658 
0.850783 
0.108154 
0.746733 
0.336169 
0.985080 
0.239443 
0.313595 
0.586764 
0.748961 
0.779945 
0.540271 
0.338474 
0.726257 
0.208388 
0.373702 
0.807746 
0.793831 
0.925882 
0.295236 
0.032743 
0.316750 
0.622805 
0.487949 
0.961042 
0.227211 
0.742478 
0.826022 
0.954868 
0.473332 
0.283500 
0.782685 
0.584664 
0.452113 
0.670797 
0.093225 
0.830000 
0.813201 
0.467640 
0.625021 
0.723317 
0.796472 
0.312118 
0.760778 
0.388881 
0.915437 
0.750048 
0.048515 
0.386102 
0.216517 
0.999647 
0.075274 
0.132082 
0.903387 
0.218481 
0.013167 
0.297807 
0.237589 
0.153172 
0.355557 
0.849222 
0.873797 
0.898601 
0.782721 
0.186316 
0.419577 
0.829941 
0.822116 
0.311376 
0.300650 
0.022511 
0.350130 
0.634516 
0.312848 
0.034325 
0.894380 
0.849863 
0.646434 
0.613242 
0.750877 
0.995003 
0.014582 
0.077799 
0.572283 
0.366369 
0.555649 
0.797901 
0.318699 
0.377515 
0.887366 
0.954149 
0.375784 
0.799780 
0.900744 
0.812445 
0.757021 
0.260204 
0.254068 
0.124819 
0.828250 
0.401283 
0.356757 
0.021524 
0.760442 
0.748847 
0.866101 
0.552634 
0.124195 
0.340297 
0.373685 
0.532196 
0.611387 
0.573698 
0.141391 
0.363848 
0.201718 
0.275958 
0.018998 
0.293185 
0.559731 
0.401334 
0.214394 
0.326962 
0.258464 
0.006253 
0.098278 
0.757150 
0.414373 
0.372566 
0.711726 
0.983811 
0.919544 
0.777998 
0.816914 
0.879436 
0.688071 
0.412244 
0.581953 
0.883525 
0.396988 
0.174248 
0.579933 
0.941101 
0.085918 
0.028655 
0.604641 
0.193384 
0.202997 
0.774211 
0.169248 
0.552723 
0.607112 
0.725781 
0.203319 
0.183242 
0.749230 
0.303446 
0.014138 
0.613807 
0.246807 
0.081802 
0.842134 
0.749115 
0.380616 
0.021120 
0.964618 
0.330495 
0.630311 
0.635482 
0.545536 
0.823788 
0.404356 
0.005786 
0.239085 
0.299523 
0.083457 
0.661989 
0.048520 
0.482656 
0.998209 
0.902507 
0.441952 
0.881490 
0.202868 
0.607911 
0.167179 
0.777566 
0.543846 
0.418302 
0.395339 
0.468697 
0.389924 
0.454792 
0.694006 
0.156268 
0.392100 
0.028825 
0.454801 
0.835843 
0.015602 
0.227354 
0.145165 
0.795444 
0.033177 
0.605182 
0.292618 
0.033928 
0.234797 
0.241327 
0.988093 
0.877586 
0.584287 
0.120009 
0.997931 
0.228381 
0.391814 
0.226126 
0.501880 
0.096246 
0.610247 
0.415513 
0.526720 
0.584437 
0.626482 
0.289962 
0.388867 
0.683064 
0.261580 
0.370893 
0.605035 
0.824471 
0.882446 
0.273574 
0.959774 
0.913801 
0.251708 
0.452984 
0.306304 
0.045497 
0.672638 
0.026151 
0.520782 
0.777434 
0.331754 
0.788634 
0.573442 
0.843509 
0.861339 
0.516613 
0.721411 
0.759504 
0.980176 
0.820558 
0.126607 
0.875944 
0.984385 
0.558602 
0.427867 
0.154599 
0.344365 
0.743642 
0.392595 
0.342863 
0.494061 
0.681269 
0.095896 
0.724097 
0.897353 
0.808740 
0.489418 
0.649363 
0.837598 
0.509369 
0.960425 
0.869121 
0.321399 
0.760572 
0.926370 
0.493358 
0.865823 
0.891750 
0.635995 
0.169138 
0.708720 
0.462696 
0.533397 
0.811136 
0.763366 
0.899502 
0.933241 
0.982738 
0.870442 
0.514823 
0.623316 
0.073046 
0.680056 
0.707367 
0.711441 
0.183265 
0.139515 
0.829865 
0.540345 
0.578585 
0.283402 
0.138506 
0.863056 
0.374816 
0.533783 
0.286455 
0.446218 
0.586137 
0.210191 
0.677490 
0.570352 
0.913029 
0.281841 
0.898936 
0.410757 
0.588224 
0.274031 
0.643609 
0.135746 
0.489775 
0.648705 
0.786788 
0.547124 
0.512302 
0.258796 
0.580475 
0.046354 
0.069409 
0.549734 
0.378671 
0.326760 
0.853086 
0.810028 
0.132906 
0.746348 
0.865099 
0.727247 
0.846498 
0.083667 
0.184622 
0.943888 
0.926965 
0.505288 
0.370532 
0.533800 
0.569159 
0.854201 
0.561586 
0.570256 
0.295640 
0.814081 
0.258656 
0.233144 
0.443707 
0.387544 
0.450267 
0.632223 
0.773841 
0.949523 
0.630956 
0.479089 
0.044840 
0.621006 
0.252439 
0.734099 
0.008845 
0.650270 
0.083702 
0.776797 
0.619090 
0.048064 
0.808870 
0.670784 
0.861674 
0.153000 
0.474138 
0.844837 
0.173535 
0.596831 
0.934457 
0.420604 
0.097315 
0.564861 
0.622972 
0.297264 
0.107785 
0.535640 
0.500582 
0.289727 
0.449597 
0.373545 
0.167943 
0.624042 
0.273127 
0.440339 
0.774633 
0.259039 
0.661935 
0.134408 
0.000539 
0.052182 
0.025749 
0.761389 
0.667486 
0.438739 
0.887846 
0.026274 
0.582013 
0.884697 
0.105460 
0.473879 
0.480759 
0.124413 
0.001911 
0.117095 
0.015816 
0.827508 
0.922325 
0.510470 
0.469812 
0.132693 
0.175207 
0.698521 
0.041151 
0.625901 
0.524304 
0.983737 
0.673688 
0.672117 
0.272490 
0.740886 
0.069849 
0.956250 
0.690632 
0.445840 
0.240032 
0.216221 
0.034724 
0.607081 
0.205367 
0.598096 
0.207343 
0.808707 
0.945994 
0.323043 
0.382051 
0.137459 
0.267296 
0.438019 
0.778473 
0.788956 
0.980430 
0.092128 
0.399073 
0.215955 
0.557188 
0.654644 
0.600091 
0.729772 
0.275914 
0.287576 
0.297656 
0.708740 
0.794605 
0.919455 
0.277245 
0.656811 
0.025274 
0.773374 
0.097867 
0.844219 
0.796098 
0.014340 
0.012650 
0.608979 
0.116730 
0.880076 
0.437746 
0.195014 
0.604094 
0.012724 
0.852918 
0.995853 
0.301196 
0.207014 
0.285263 
0.415088 
0.378114 
0.968747 
0.725189 
0.259463 
0.794214 
0.362272 
0.709129 
0.338506 
0.267944 
0.333319 
0.084867 
0.359327 
0.212635 
0.748045 
0.394258 
0.296392 
0.458887 
0.522212 
0.817238 
0.326402 
0.831712 
0.581964 
0.066169 
0.094350 
0.735652 
0.098062 
0.130121 
0.936450 
0.908864 
0.270538 
0.933607 
0.131110 
0.562194 
0.789123 
0.791005 
0.416455 
0.359958 
0.816731 
0.796418 
0.401801 
0.074488 
0.911435 
0.483992 
0.461595 
0.029716 
0.438612 
0.745839 
0.317499 
0.205776 
0.471441 
0.507486 
0.315213 
0.792703 
0.961188 
0.689301 
0.083712 
0.948726 
0.241220 
0.185782 
0.434968 
0.501455 
0.957079 
0.629129 
0.774239 
0.628280 
0.507073 
0.370469 
0.473319 
0.067328 
0.577439 
0.010060 
0.076820 
0.106933 
0.221539 
0.410656 
0.890856 
0.621614 
0.472542 
0.012435 
0.996860 
0.218293 
0.844513 
0.725059 
0.066397 
0.932910 
0.416913 
0.062413 
0.967074 
0.619547 
0.726186 
0.008230 
0.316966 
0.242798 
0.713401 
0.135559 
0.341931 
0.834936 
0.770148 
0.877563 
0.201742 
0.684463 
0.765388 
0.868582 
0.262017 
0.720058 
0.008084 
0.867750 
0.281226 
0.561452 
0.328674 
0.031586 
0.871330 
0.439771 
0.237607 
0.467314 
0.150835 
0.091250 
0.631442 
0.642743 
0.585501 
0.510167 
0.370447 
0.108375 
0.460267 
0.701265 
0.154408 
0.140539 
0.040074 
0.531085 
0.948908 
0.299452 
0.891877 
0.770669 
0.627006 
0.082770 
0.120779 
0.928471 
0.805044 
0.370617 
0.966487 
0.745119 
0.208877 
0.596085 
0.407970 
0.745330 
0.754481 
0.554861 
0.553900 
0.390545 
0.894347 
0.291921 
0.317517 
0.509822 
0.582972 
0.018648 
0.414189 
0.267109 
0.306618 
0.325596 
0.299098 
0.934797 
0.125534 
0.857990 
0.241606 
0.674186 
0.049001 
0.560189 
0.097049 
0.110702 
0.573909 
0.685085 
0.227404 
0.979949 
0.010541 
0.163658 
0.604203 
0.844462 
0.877620 
0.154697 
0.988623 
0.780629 
0.025946 
0.066379 
0.628503 
0.254644 
0.793406 
0.770193 
0.637848 
0.308634 
0.207882 
0.873803 
0.009093 
0.833214 
0.822255 
0.642139 
0.437799 
0.087909 
0.487268 
0.512723 
0.329169 
0.344435 
0.916846 
0.433189 
0.603081 
0.983437 
0.621226 
0.953763 
0.900246 
0.433870 
0.057160 
0.693291 
0.144787 
0.429436 
0.538612 
0.458082 
0.982061 
0.499181 
0.737842 
0.915275 
0.033069 
0.784596 
0.709265 
0.612669 
0.123809 
0.861026 
0.264251 
0.264873 
0.716120 
0.831491 
0.867092 
0.208111 
0.716511 
0.405383 
0.268385 
0.743779 
0.691873 
0.303490 
0.759247 
0.668927 
0.651506 
0.867612 
0.946972 
0.758450 
0.263303 
0.336489 
