0.000001 
0.010699 
0.812156 
0.912475 
0.974730 
0.292814 
0.317208 
0.309990 
0.008068 
0.598187 
0.725189 
0.247340 
0.042181 
0.929628 
0.260075 
0.082055 
0.100164 
0.461208 
0.523421 
0.129195 
0.373339 
0.703327 
0.818298 
0.131071 
0.906688 
0.710139 
0.311639 
0.716006 
0.907221 
0.671121 
0.527543 
0.408575 
0.924720 
0.773242 
0.883990 
0.223936 
0.696187 
0.816922 
0.013134 
0.748106 
0.417963 
0.702157 
0.146241 
0.876768 
0.837426 
0.625892 
0.361602 
0.444660 
0.394645 
0.794525 
0.574392 
0.798361 
0.059323 
0.037651 
0.797651 
0.115227 
0.615343 
0.069263 
0.096144 
0.887475 
0.791436 
0.660777 
0.682797 
0.771114 
0.118031 
0.739767 
0.266128 
0.819541 
0.031867 
0.593730 
0.814986 
0.466599 
0.122316 
0.770821 
0.188443 
0.164687 
0.897443 
0.319597 
0.464806 
0.989996 
0.869615 
0.626249 
0.374468 
0.691148 
0.118397 
0.893829 
0.585852 
0.418911 
0.638202 
0.258921 
0.678216 
0.777399 
0.741943 
0.837844 
0.645151 
0.052267 
0.456793 
0.314413 
0.345044 
0.156711 
0.844439 
0.494535 
0.643043 
0.619312 
0.773971 
0.135209 
0.452126 
0.888629 
0.184482 
0.592933 
0.422323 
0.978159 
0.916054 
0.116121 
0.638137 
0.168981 
0.068150 
0.402203 
0.831321 
0.008526 
0.294067 
0.383790 
0.361998 
0.100455 
0.338891 
0.739890 
0.323383 
0.105608 
0.958070 
0.284707 
0.076546 
0.516235 
0.364224 
0.508026 
0.400274 
0.408700 
0.020536 
0.145991 
0.677616 
0.684114 
0.901926 
0.678470 
0.043866 
0.251771 
0.523185 
0.178068 
0.784070 
0.867628 
0.216497 
0.656798 
0.799389 
0.329733 
0.817057 
0.284112 
0.068092 
0.414304 
0.210937 
0.215521 
0.263865 
0.773713 
0.800785 
0.799684 
0.282275 
0.192470 
0.843208 
0.788873 
0.587673 
0.021964 
0.142751 
0.214428 
0.897920 
0.334723 
0.681323 
0.001352 
0.725421 
0.143894 
0.418452 
0.929416 
0.694506 
0.570382 
0.405057 
0.799506 
0.294331 
0.827250 
0.598905 
0.800157 
0.244541 
0.002766 
0.496217 
0.921687 
0.795396 
0.215603 
0.641681 
0.738240 
0.606547 
0.238108 
0.888887 
0.519305 
0.953803 
0.564548 
0.361328 
0.836908 
0.916489 
0.427898 
0.685172 
0.685637 
0.495250 
0.660988 
0.232189 
0.394180 
0.976936 
0.371647 
0.265338 
0.532847 
0.565079 
0.283530 
0.283072 
0.584687 
0.833993 
0.925632 
0.099316 
0.204537 
0.657783 
0.362178 
0.120024 
0.248312 
0.385299 
0.717282 
0.361147 
0.791339 
0.038535 
0.661609 
0.655535 
0.577336 
0.279564 
0.624945 
0.458537 
0.632220 
0.714024 
0.606208 
0.539479 
0.016130 
0.104844 
0.115945 
0.690437 
0.171068 
0.146415 
0.792466 
0.977324 
0.877465 
0.550950 
0.813423 
0.201593 
0.172206 
0.266931 
0.315763 
0.028320 
0.969616 
0.328232 
0.592990 
0.385976 
0.094475 
0.843770 
0.248214 
0.735312 
0.394635 
0.624700 
0.335927 
0.918475 
0.810110 
0.521366 
0.602267 
0.294099 
0.929852 
0.016552 
0.194995 
0.275895 
0.975578 
0.543732 
0.502571 
0.707095 
0.153535 
0.469282 
0.223186 
0.083336 
0.622155 
0.565570 
0.533900 
0.262425 
0.580817 
0.795464 
0.360898 
0.618523 
0.509880 
0.549553 
0.330097 
0.938296 
0.934352 
0.658740 
0.441986 
0.450334 
0.763924 
0.269545 
0.234718 
0.898682 
0.154386 
0.762142 
0.319556 
0.769362 
0.673680 
0.536290 
0.434177 
0.210519 
0.196810 
0.780845 
0.653953 
0.986526 
0.542871 
0.027098 
0.439515 
0.928526 
0.734229 
0.194515 
0.208364 
0.982031 
0.999139 
0.525482 
0.780030 
0.958840 
0.220264 
0.968932 
0.838050 
0.099319 
0.255064 
0.865743 
0.550138 
0.165276 
0.793597 
0.985806 
0.437324 
0.111759 
0.328935 
0.415871 
0.551021 
0.007633 
0.289610 
0.477109 
0.773261 
0.202985 
0.572643 
0.413514 
0.937649 
0.072964 
0.305582 
0.909475 
0.549151 
0.588447 
0.024514 
0.998603 
0.517801 
0.678144 
0.569313 
0.437428 
0.844705 
0.952137 
0.568733 
0.697832 
0.460410 
0.108484 
0.284210 
0.714329 
0.730351 
0.012434 
0.977521 
0.188418 
0.743762 
0.400583 
0.598553 
0.884760 
0.169667 
0.587697 
0.425656 
0.993401 
0.092553 
0.530374 
0.001595 
0.815113 
0.609701 
0.246381 
0.931803 
0.812718 
0.350075 
0.710394 
0.593900 
0.669091 
0.404103 
0.760004 
0.383631 
0.679048 
0.762839 
0.033995 
0.346815 
0.919493 
0.925902 
0.640230 
0.349982 
0.154958 
0.379271 
0.400541 
0.900934 
0.000939 
0.778062 
0.890888 
0.152414 
0.628409 
0.676597 
0.566107 
0.557868 
0.094448 
0.385020 
0.029224 
0.173747 
0.158502 
0.940312 
0.824261 
0.351251 
0.475866 
0.883242 
0.643478 
0.936325 
0.819787 
0.151825 
0.716164 
0.568696 
0.069046 
0.451435 
0.265688 
0.415311 
0.128941 
0.111403 
0.353878 
0.628438 
0.156580 
0.647116 
0.076673 
0.648389 
0.466923 
0.577163 
0.373014 
0.252723 
0.509586 
0.604876 
0.150161 
0.762549 
0.156953 
0.916445 
0.684941 
0.802944 
0.072401 
0.838226 
0.067141 
0.436630 
0.448762 
0.349364 
0.763841 
0.868726 
0.680631 
0.368879 
0.743223 
0.352619 
0.471672 
0.394640 
0.714602 
0.310499 
0.556811 
0.324176 
0.418622 
0.786440 
0.695606 
0.048854 
0.094366 
0.012290 
0.564260 
0.511444 
0.842663 
0.632404 
0.820897 
0.819656 
0.962257 
0.652251 
0.378916 
0.438938 
0.226959 
0.492047 
0.837122 
0.504832 
0.714535 
0.191766 
0.019223 
0.077000 
0.134165 
0.906455 
0.793675 
0.303234 
0.456278 
0.666854 
0.822942 
0.190479 
0.388774 
0.121970 
0.945130 
0.799696 
0.497821 
0.874693 
0.969386 
0.472156 
0.530159 
0.376914 
0.798526 
0.827596 
0.400233 
0.711770 
0.712039 
0.247655 
0.342018 
0.294390 
0.805343 
0.402441 
0.819693 
0.586128 
0.055495 
0.701569 
0.275554 
0.234522 
0.604626 
0.951659 
0.526873 
0.148230 
0.301274 
0.503828 
0.833683 
0.705765 
0.787674 
0.434451 
0.824446 
0.458280 
0.320070 
0.418127 
0.452601 
0.865742 
0.521963 
0.629239 
0.614437 
0.845331 
0.475270 
0.858688 
0.968317 
0.502891 
0.083960 
0.113208 
0.682131 
0.578170 
0.298015 
0.743387 
0.110757 
0.492818 
0.799867 
0.359494 
0.009239 
0.277420 
0.599643 
0.206682 
0.708599 
0.427222 
0.316995 
0.734545 
0.495706 
0.329163 
0.247020 
0.665997 
0.413743 
0.784889 
0.629633 
0.236234 
0.389425 
0.071115 
0.231507 
0.934685 
0.242933 
0.969204 
0.403773 
0.219553 
0.021110 
0.803755 
0.702798 
0.918519 
0.540670 
0.047738 
0.336672 
0.449314 
0.620395 
0.980759 
0.621740 
0.581756 
0.577877 
0.386796 
0.887496 
0.147763 
0.444734 
0.637511 
0.652971 
0.477583 
0.732561 
0.160460 
0.851236 
0.717929 
0.226589 
0.281072 
0.974602 
0.143559 
0.804441 
0.243225 
0.884790 
0.657750 
0.810317 
0.995969 
0.250228 
0.588547 
0.701071 
0.892041 
0.534316 
0.250755 
0.434144 
0.655364 
0.695346 
0.672920 
0.765495 
0.675307 
0.891948 
0.964292 
0.849689 
0.717274 
0.228349 
0.858150 
0.927428 
0.286170 
0.661051 
0.277862 
0.026516 
0.648430 
0.157123 
0.763161 
0.450773 
0.149207 
0.719486 
0.396559 
0.967821 
0.163065 
0.627688 
0.548245 
0.349653 
0.613380 
0.075309 
0.718081 
0.795274 
0.166981 
0.441795 
0.244708 
0.806665 
0.618811 
0.351233 
0.167609 
0.004380 
0.616653 
0.083579 
0.716607 
0.006353 
0.769865 
0.124092 
0.621509 
0.702342 
0.269362 
0.162664 
0.896854 
0.419686 
0.660459 
0.326923 
0.595790 
0.438656 
0.484437 
0.933179 
0.946847 
0.660341 
0.349982 
0.150505 
0.534269 
0.461113 
0.929009 
0.856381 
0.190285 
0.122501 
0.878390 
0.108754 
0.836339 
0.353425 
0.009953 
0.275166 
0.713489 
0.609554 
0.774337 
0.274502 
0.560044 
0.660756 
0.318018 
0.926347 
0.109568 
0.515768 
0.517960 
0.350826 
0.329350 
0.388141 
0.488806 
0.365412 
0.473987 
0.293135 
0.724626 
0.793188 
0.104095 
0.523286 
0.863163 
0.185235 
0.249549 
0.176401 
0.770685 
0.901797 
0.506050 
0.179246 
0.593253 
0.795517 
0.246609 
0.750007 
0.364193 
0.984982 
0.598355 
0.549412 
0.973569 
0.778748 
0.416234 
0.645368 
0.694033 
0.620371 
0.582937 
0.424431 
0.407624 
0.933022 
0.295352 
0.973096 
0.822876 
0.072310 
0.321906 
0.278377 
0.683482 
0.278953 
0.360952 
0.516285 
0.209558 
0.036062 
0.086730 
0.668099 
0.742616 
0.146666 
0.013657 
0.541048 
0.386017 
0.792853 
0.486758 
0.933535 
0.921184 
0.346298 
0.228733 
0.315210 
0.732620 
0.145589 
0.907243 
0.026649 
0.894645 
0.291547 
0.024263 
0.790536 
0.542948 
0.319717 
0.483680 
0.214750 
0.307318 
0.096980 
0.945497 
0.964934 
0.653506 
0.478463 
0.528109 
0.928962 
0.067107 
0.867426 
0.836969 
0.929886 
0.598396 
0.240316 
0.997969 
0.860986 
0.591230 
0.804319 
0.192043 
0.672046 
0.081278 
0.031842 
0.161785 
0.112920 
0.853261 
0.762885 
0.814221 
0.611991 
0.725274 
0.674854 
0.271662 
0.829186 
0.126838 
0.760625 
0.817832 
0.305116 
0.090048 
0.435026 
0.488173 
0.715257 
0.325730 
0.548271 
0.790504 
0.005448 
0.567503 
0.021363 
0.040990 
0.918987 
0.417982 
0.015344 
0.893909 
0.934946 
0.639756 
0.372431 
0.451361 
0.029067 
0.524020 
0.198797 
0.180008 
0.400996 
0.544284 
0.777906 
0.269798 
0.489476 
0.627980 
0.454165 
0.154461 
0.031571 
0.617255 
0.197017 
0.266428 
0.849432 
0.395240 
0.800225 
0.375021 
0.978575 
0.906982 
0.639993 
0.359004 
0.775272 
0.001270 
0.352268 
0.575888 
0.953463 
0.846470 
0.617168 
0.743222 
0.333053 
0.627202 
0.381335 
0.089272 
0.392405 
0.158845 
0.712635 
0.256830 
0.545425 
0.963366 
0.293661 
0.553436 
0.598925 
0.133983 
0.857357 
0.592179 
0.758944 
0.575432 
0.280529 
0.856663 
0.937315 
0.447135 
0.997331 
0.135722 
0.074821 
0.515178 
0.592605 
0.917129 
0.193374 
0.042737 
0.274923 
0.639066 
0.773971 
0.132391 
0.098523 
0.870713 
0.070435 
0.796727 
0.597016 
0.042097 
0.524756 
0.569414 
0.148694 
0.108233 
0.078256 
0.254679 
0.385361 
0.762337 
0.601997 
0.770012 
0.590651 
0.070820 
0.275685 
0.444939 
0.085207 
0.074017 
0.000932 
0.664627 
0.382187 
0.408874 
0.953397 
0.748258 
0.971660 
0.693201 
0.629242 
0.662914 
0.590391 
0.694635 
0.737605 
0.928585 
0.736091 
0.478313 
0.001264 
0.244069 
0.065967 
0.709883 
0.008396 
0.110111 
0.632471 
0.941234 
0.322491 
0.108524 
0.959985 
0.476184 
0.227501 
0.616725 
0.297402 
0.438321 
0.858193 
0.653426 
0.126012 
0.877553 
0.040050 
0.113760 
0.959431 
0.156857 
0.290892 
0.023268 
0.066313 
0.522700 
0.017481 
0.806222 
0.175754 
0.889339 
0.127279 
0.179968 
0.720227 
0.861320 
0.204560 
0.046722 
0.264097 
0.682116 
0.325268 
0.785929 
0.113006 
0.290394 
0.652309 
0.352720 
0.159765 
0.174778 
0.493362 
0.933404 
0.720550 
0.287952 
0.613028 
0.153815 
0.175270 
0.763658 
0.807966 
0.487831 
0.972659 
0.473680 
0.143110 
0.256205 
0.044997 
0.264535 
0.034215 
0.054988 
0.181205 
0.505585 
0.365986 
0.130905 
0.112236 
0.353656 
0.897717 
0.934502 
0.168500 
0.979887 
0.965056 
0.688229 
0.067238 
0.066589 
0.166210 
0.491791 
0.533566 
0.637426 
0.215572 
0.115875 
0.503482 
0.018581 
0.287645 
0.454808 
0.965330 
0.308307 
0.717410 
0.511598 
0.429387 
0.712915 
0.958357 
0.109359 
0.992963 
0.728761 
0.283199 
0.731969 
0.199237 
0.579856 
0.642761 
0.887630 
0.394940 
0.758305 
0.838068 
0.406700 
0.401694 
0.264773 
0.034069 
0.598525 
0.415640 
0.663108 
0.849079 
0.478098 
0.392423 
0.459965 
0.629034 
0.171602 
0.109251 
0.182826 
0.748355 
0.595045 
0.918907 
0.063198 
0.166528 
0.834611 
0.303860 
0.967123 
0.442482 
0.793071 
0.152253 
0.919687 
0.185045 
0.052885 
0.829909 
0.288045 
0.172713 
0.793463 
0.737509 
0.313849 
0.859641 
0.988237 
0.306046 
0.707646 
0.406644 
0.464666 
0.640012 
0.675659 
0.794181 
0.792606 
0.336606 
0.338314 
0.042141 
0.271642 
0.483613 
0.075802 
0.007623 
0.121257 
0.967748 
0.947176 
0.179997 
0.216599 
0.382457 
0.960910 
0.014039 
0.960596 
0.730591 
0.035963 
0.422867 
0.128953 
0.317933 
0.504569 
0.297285 
0.474912 
0.841744 
0.190641 
0.108766 
0.027937 
0.530016 
0.983845 
0.489046 
0.388228 
0.949395 
0.473586 
0.561636 
0.415355 
0.877541 
0.832377 
0.758551 
0.972207 
0.875606 
0.312247 
0.941259 
0.737422 
0.847438 
0.887352 
0.730228 
0.948127 
0.175907 
0.461820 
0.809015 
0.115741 
0.266690 
0.255654 
0.775351 
0.329804 
0.023344 
0.334936 
0.272007 
0.617788 
0.158006 
0.613869 
0.297606 
0.871389 
0.435113 
0.950428 
0.840980 
0.357313 
0.362969 
0.422841 
0.682944 
0.242463 
0.068468 
0.743567 
0.135586 
0.795633 
0.212052 
0.966281 
0.284361 
0.251262 
0.967453 
0.988834 
0.335084 
0.753960 
0.801928 
0.007018 
0.954256 
0.173305 
0.741272 
0.553120 
0.281494 
0.072274 
0.711324 
0.226297 
0.378665 
0.230261 
0.992158 
0.196405 
0.976779 
0.726310 
0.098332 
0.667129 
0.444539 
0.358983 
0.421215 
0.363273 
0.523098 
0.702570 
0.096409 
0.351839 
0.365775 
0.582296 
0.642950 
0.055282 
0.130851 
0.212016 
0.351113 
0.151137 
0.161727 
0.149784 
0.418439 
0.705120 
0.953036 
0.677453 
0.950927 
0.223249 
0.143010 
0.575594 
0.014984 
0.844462 
0.880836 
0.216728 
0.542410 
0.285833 
0.993280 
0.058604 
0.963841 
0.268042 
0.984229 
0.928973 
0.257202 
0.788763 
0.734639 
0.082941 
0.981825 
0.539993 
0.664652 
0.806094 
0.021631 
0.560069 
0.074003 
0.776307 
0.398569 
0.753834 
0.691438 
0.000916 
0.400651 
0.744130 
0.596962 
0.143098 
0.042107 
0.697265 
0.925341 
0.201206 
0.674441 
0.333703 
0.553064 
0.342792 
0.298426 
0.653375 
0.270824 
0.743443 
0.046493 
0.413844 
0.483399 
0.486567 
0.725678 
0.475656 
0.348047 
0.629960 
0.745474 
0.179246 
0.592384 
0.194822 
0.374418 
0.839842 
0.227029 
0.680513 
0.376402 
0.195429 
0.571668 
0.027836 
0.847503 
0.990150 
0.456880 
0.782867 
0.648696 
0.627709 
0.910042 
0.078523 
0.736214 
0.553608 
0.481933 
0.840539 
0.945499 
0.999926 
0.758957 
0.789859 
0.152849 
0.931281 
0.033629 
0.203906 
0.041118 
0.064117 
0.610334 
0.878105 
0.308568 
0.107048 
0.163136 
0.831289 
0.481608 
0.380942 
0.499868 
0.283216 
0.013428 
0.692712 
0.414058 
0.077456 
0.795789 
0.824158 
0.623838 
0.849881 
0.943343 
0.762310 
0.149985 
0.805058 
0.605268 
0.732451 
0.303889 
0.457132 
0.023398 
0.242294 
0.237013 
0.476422 
0.219701 
0.516306 
0.549833 
0.036014 
0.294928 
0.858535 
0.396564 
0.054169 
0.419481 
0.221208 
0.835150 
0.370583 
0.390083 
0.118560 
0.632503 
0.472519 
0.633701 
0.620216 
0.965541 
0.847329 
0.052906 
0.193452 
0.349842 
0.795535 
0.550741 
0.308454 
0.187013 
0.129109 
0.933201 
0.303393 
0.127355 
0.461645 
0.874565 
0.811304 
0.584765 
0.140590 
0.896287 
0.896646 
0.926762 
0.082535 
0.160417 
0.124612 
0.355064 
0.561660 
0.826874 
0.265979 
0.315823 
0.041138 
0.406317 
0.968582 
0.965213 
0.326936 
0.821737 
0.934599 
0.810089 
0.162488 
0.936991 
0.012050 
0.528052 
0.974881 
0.821506 
0.045019 
0.633986 
0.407042 
0.159827 
0.219332 
0.315794 
0.553336 
0.919058 
0.600061 
0.219790 
0.010563 
0.533572 
0.737760 
0.530016 
0.976105 
0.398173 
0.094564 
0.344414 
0.566788 
0.011001 
0.888230 
0.480336 
0.008232 
0.347277 
0.688652 
0.172814 
0.487520 
0.749442 
0.863865 
0.973947 
0.120611 
0.116722 
0.750049 
0.068934 
0.568191 
0.590803 
0.617842 
0.064997 
0.396599 
0.642790 
0.376527 
0.297490 
0.911572 
0.794509 
0.310486 
0.344145 
0.047858 
0.355202 
0.886405 
0.811464 
0.270884 
0.751010 
0.221339 
0.043024 
0.101383 
0.940711 
0.531326 
0.999547 
0.391697 
0.249248 
0.108897 
0.236702 
0.256124 
0.673481 
0.187927 
0.490738 
0.829919 
0.452219 
0.440895 
0.126307 
0.841326 
0.172188 
0.966493 
0.843152 
0.851211 
0.308351 
0.459522 
0.187745 
0.437249 
0.835724 
0.013343 
0.257325 
0.857562 
0.038944 
0.526994 
0.181748 
0.633229 
0.679088 
0.438810 
0.084294 
0.734098 
0.990038 
0.564965 
0.364113 
0.640530 
0.379419 
0.889139 
0.760657 
0.358869 
0.512411 
0.085971 
0.918646 
0.687295 
0.363808 
0.520049 
0.466148 
0.551040 
0.325345 
0.066120 
0.275164 
0.675367 
0.888988 
0.220812 
0.189710 
0.450831 
0.110559 
0.163692 
0.176311 
0.256776 
0.626672 
0.479340 
0.273677 
0.697149 
0.987391 
0.077182 
0.195770 
0.305337 
0.795270 
0.106991 
0.204649 
0.529913 
0.253404 
0.957936 
0.029069 
0.570626 
0.506325 
0.809702 
0.662532 
0.173183 
0.679861 
0.420487 
0.128865 
0.838076 
0.550361 
0.909333 
0.156067 
0.015891 
0.073935 
0.630464 
0.214083 
0.089822 
0.642923 
0.615221 
0.024099 
0.035960 
0.371495 
0.714912 
0.524598 
0.925103 
0.213139 
0.226813 
0.040883 
0.122640 
0.207158 
0.703768 
0.222380 
0.534779 
0.032514 
0.456895 
0.027222 
0.521517 
0.137079 
0.884461 
0.137209 
0.079930 
0.380615 
0.996123 
0.832922 
0.927096 
0.701790 
0.976926 
0.189895 
0.563284 
0.110450 
0.333065 
0.829975 
0.393888 
0.067565 
0.558673 
0.625199 
0.726194 
0.135792 
0.251375 
0.853945 
0.251902 
0.708762 
0.157709 
0.615136 
0.586168 
0.729682 
0.761253 
0.384824 
0.732836 
0.772759 
0.752847 
0.091247 
0.591535 
0.931561 
0.753963 
0.853144 
0.790304 
0.635484 
0.579769 
0.170073 
0.422035 
0.141463 
0.562981 
0.027004 
0.856608 
0.016261 
0.291000 
0.829383 
0.436296 
0.829719 
0.084376 
0.099901 
0.044060 
0.516557 
0.774585 
0.449432 
0.603902 
0.786249 
0.478992 
0.412541 
0.573760 
0.184020 
0.827985 
0.942741 
0.646532 
0.270366 
0.035988 
0.843503 
0.758915 
0.081580 
0.114560 
0.405227 
0.655340 
0.301687 
0.453714 
0.573394 
0.032322 
0.232673 
0.536179 
0.552538 
0.500880 
0.298432 
0.740177 
0.156433 
0.162071 
0.935107 
0.335275 
0.959735 
0.258405 
0.014253 
0.552093 
0.026956 
0.051502 
0.592456 
0.415900 
0.031662 
0.137816 
0.279262 
0.557661 
0.607613 
0.143495 
0.723659 
0.532372 
0.567821 
0.367782 
0.318666 
0.827133 
0.623952 
0.765471 
0.263907 
0.476576 
0.814925 
0.446854 
0.274672 
0.419760 
0.910854 
0.724721 
0.391301 
0.594283 
0.107657 
0.385502 
0.124046 
0.839561 
0.498853 
0.230411 
0.510683 
0.056629 
0.769461 
0.338763 
0.595331 
0.733290 
0.402036 
0.024871 
0.004613 
0.537186 
0.491634 
0.891102 
0.744788 
0.657007 
0.319932 
0.104511 
0.514746 
0.331605 
0.287264 
0.044049 
0.337693 
0.609975 
0.845399 
0.613787 
0.923805 
0.385747 
0.254882 
0.799521 
0.543961 
0.356541 
0.386262 
0.904765 
0.388346 
0.924974 
0.031296 
0.990696 
0.633556 
0.180212 
0.823945 
0.042844 
0.077227 
0.950146 
0.101198 
0.836671 
0.934557 
0.105896 
0.786924 
0.836916 
0.049130 
0.730332 
0.684173 
0.888072 
0.834389 
0.581278 
0.544344 
0.793401 
0.692423 
0.546847 
0.858547 
0.601521 
0.765765 
0.211659 
0.350862 
0.943564 
0.473755 
0.394492 
0.227765 
0.046779 
0.210078 
0.786107 
0.096167 
0.286025 
0.221759 
0.106205 
0.982115 
0.409912 
0.395635 
0.439803 
0.772970 
0.309712 
0.332900 
0.053524 
0.574317 
0.545884 
0.672473 
0.251124 
0.641089 
0.775922 
0.919877 
0.378196 
0.338909 
0.045760 
0.083220 
0.672810 
0.922526 
0.893880 
0.439467 
0.113926 
0.755088 
0.770159 
0.068033 
0.436892 
0.851189 
0.933648 
0.824839 
0.071735 
0.644882 
0.538698 
0.904379 
0.902234 
0.851512 
0.364921 
0.235215 
0.252784 
0.535583 
0.551213 
0.229875 
0.501593 
0.277942 
0.370976 
0.998904 
0.573001 
0.434724 
0.403420 
0.271989 
0.325927 
0.850811 
0.580194 
0.316887 
0.915571 
0.009137 
0.562600 
0.617959 
0.035747 
0.795494 
0.863367 
0.607597 
0.882775 
0.805322 
0.052273 
0.555976 
0.292802 
0.131292 
0.629833 
0.603639 
0.364303 
0.839464 
0.871869 
0.497322 
0.498279 
0.573954 
0.452312 
0.008314 
0.725290 
0.941624 
0.868709 
0.392198 
0.675234 
0.664679 
0.260657 
0.867905 
0.872787 
0.932316 
0.430224 
0.767070 
0.152189 
0.833059 
0.215464 
0.298740 
0.928293 
0.819268 
0.441365 
0.024859 
0.802490 
0.442270 
0.228583 
0.792795 
0.498115 
0.817061 
0.345674 
0.744333 
0.005769 
0.952875 
0.962611 
0.596824 
0.826665 
0.750648 
0.145212 
0.576594 
0.819812 
0.572390 
0.162285 
0.531895 
0.551185 
0.764472 
0.475484 
0.451852 
0.282231 
0.462364 
0.946027 
0.879576 
0.034166 
0.231920 
0.878177 
0.516271 
0.966212 
0.131615 
0.050447 
0.859547 
0.410903 
0.048685 
0.255406 
0.600406 
0.022871 
0.386640 
0.256662 
0.720278 
0.715678 
0.395665 
0.946115 
0.347099 
0.684821 
0.785885 
0.364414 
0.700958 
0.003241 
0.467601 
0.973507 
0.728606 
0.675821 
0.523236 
0.019332 
0.912455 
0.639316 
0.977827 
0.339914 
0.941287 
0.202574 
0.664338 
0.534072 
0.142169 
0.436116 
0.796187 
0.511540 
0.454597 
0.418326 
0.804267 
0.318127 
0.768009 
0.924185 
0.782161 
0.773753 
0.473297 
0.710281 
0.692006 
0.539656 
0.999151 
0.732795 
0.084500 
0.188219 
0.403608 
0.440284 
0.847936 
0.264158 
0.702549 
0.748238 
0.630258 
0.751807 
0.613877 
0.426859 
0.217960 
0.257009 
0.557357 
0.491906 
0.468275 
0.304806 
0.873640 
0.263087 
0.695639 
0.605278 
0.904952 
0.528277 
0.754039 
0.130955 
0.964974 
0.316439 
0.386808 
0.076926 
0.888387 
0.115952 
0.805304 
0.751185 
0.165729 
0.400452 
0.402067 
0.541443 
0.024782 
0.510873 
0.234941 
0.659840 
0.926923 
0.789856 
0.106705 
0.384482 
0.984649 
0.002728 
0.845486 
0.080754 
0.235276 
0.291734 
0.176959 
0.157734 
0.034887 
0.352360 
0.109927 
0.543779 
0.290068 
0.170876 
0.916660 
0.304206 
0.795381 
0.975623 
0.298484 
0.612246 
0.017552 
0.996308 
0.943356 
0.990238 
0.924990 
0.298856 
0.873060 
0.512706 
0.052272 
0.537490 
0.600547 
0.391521 
0.298221 
0.207424 
0.182705 
0.720081 
0.393407 
0.999212 
0.753659 
0.742047 
0.590841 
0.268166 
0.065964 
0.665242 
0.716852 
0.137353 
0.492119 
0.036912 
0.379292 
0.766033 
0.715640 
0.769485 
0.739223 
0.120875 
0.546416 
0.611987 
0.658875 
0.708259 
0.716109 
0.641467 
0.129595 
0.110888 
0.691308 
0.816858 
0.939341 
0.500497 
0.856547 
0.986756 
0.415734 
0.238485 
0.221993 
0.029008 
0.536128 
0.709951 
0.142609 
0.829444 
0.466974 
0.435653 
0.016071 
0.111725 
0.759857 
0.908682 
0.221228 
0.180591 
0.185476 
0.297794 
