0.000000 
0.000078 
0.315378 
0.556053 
0.586501 
0.327672 
0.189592 
0.470446 
0.788647 
0.792964 
0.346929 
0.835021 
0.194164 
0.309653 
0.345721 
0.534616 
0.297002 
0.711494 
0.076982 
0.834157 
0.668422 
0.174860 
0.867727 
0.889766 
0.304365 
0.461669 
0.269288 
0.919649 
0.539190 
0.159994 
0.011906 
0.103208 
0.621980 
0.624530 
0.474645 
0.360819 
0.282342 
0.326386 
0.564105 
0.910374 
0.653387 
0.470389 
0.825503 
0.226604 
0.533558 
0.515186 
0.726859 
0.316347 
0.847071 
0.727100 
0.364114 
0.664948 
0.777318 
0.377744 
0.749068 
0.592650 
0.665072 
0.865174 
0.976563 
0.092081 
0.605643 
0.046531 
0.045229 
0.162920 
0.190329 
0.866421 
0.939767 
0.661445 
0.907329 
0.477642 
0.737491 
0.007071 
0.841421 
0.770818 
0.138174 
0.297474 
0.644458 
0.409800 
0.500840 
0.615143 
0.702045 
0.278173 
0.253654 
0.158677 
0.884553 
0.682471 
0.295434 
0.362245 
0.254120 
0.994579 
0.885722 
0.331949 
0.063218 
0.510152 
0.132737 
0.911136 
0.459816 
0.120808 
0.415106 
0.693173 
0.153946 
0.373040 
0.679174 
0.872124 
0.783277 
0.537200 
0.716548 
0.024057 
0.330538 
0.344498 
0.984801 
0.553608 
0.482927 
0.545838 
0.907375 
0.248493 
0.420396 
0.597675 
0.127515 
0.147100 
0.304273 
0.909903 
0.745881 
0.029996 
0.142933 
0.268763 
0.098196 
0.378973 
0.399108 
0.808959 
0.175395 
0.869907 
0.520587 
0.503351 
0.813462 
0.858147 
0.877253 
0.997410 
0.475330 
0.871866 
0.455757 
0.901086 
0.554088 
0.561461 
0.481516 
0.833051 
0.087667 
0.418198 
0.648987 
0.521264 
0.885145 
0.640305 
0.610951 
0.260308 
0.997572 
0.192497 
0.292692 
0.267122 
0.512537 
0.216340 
0.030730 
0.478418 
0.764318 
0.893142 
0.032503 
0.283752 
0.016735 
0.264974 
0.420210 
0.474868 
0.103130 
0.311885 
0.856484 
0.921736 
0.621986 
0.710636 
0.653390 
0.530574 
0.351094 
0.831532 
0.553073 
0.495241 
0.523002 
0.089446 
0.316744 
0.516461 
0.152484 
0.795924 
0.089219 
0.501256 
0.608598 
0.712623 
0.059559 
0.003937 
0.175615 
0.558435 
0.622450 
0.513675 
0.327387 
0.393303 
0.246974 
0.889809 
0.022066 
0.871455 
0.544149 
0.512697 
0.893162 
0.374257 
0.144347 
0.034339 
0.140285 
0.767166 
0.765657 
0.400387 
0.297477 
0.692637 
0.156423 
0.007203 
0.065355 
0.417159 
0.190924 
0.860311 
0.249874 
0.633227 
0.651939 
0.134223 
0.889432 
0.676791 
0.820491 
0.995547 
0.166339 
0.658827 
0.900187 
0.439483 
0.391950 
0.503474 
0.893625 
0.155320 
0.460234 
0.157324 
0.146595 
0.815041 
0.397256 
0.675318 
0.066499 
0.651581 
0.115190 
0.991167 
0.536045 
0.304883 
0.163504 
0.005950 
0.008790 
0.733520 
0.273350 
0.191776 
0.177237 
0.824942 
0.805620 
0.052619 
0.364199 
0.089206 
0.287080 
0.945488 
0.817376 
0.640049 
0.295718 
0.138522 
0.135468 
0.810608 
0.888232 
0.521597 
0.475451 
0.898536 
0.692147 
0.921690 
0.840350 
0.768658 
0.838652 
0.224598 
0.821559 
0.939675 
0.113162 
0.918238 
0.832358 
0.440542 
0.197261 
0.364549 
0.981437 
0.010101 
0.768804 
0.283547 
0.577312 
0.879370 
0.571687 
0.335992 
0.016374 
0.194106 
0.347174 
0.960073 
0.947698 
0.962428 
0.529404 
0.695206 
0.334299 
0.564407 
0.982166 
0.270077 
0.187779 
0.998344 
0.174369 
0.625707 
0.261233 
0.539113 
0.879889 
0.296664 
0.029894 
0.430453 
0.616877 
0.853252 
0.602257 
0.132657 
0.568358 
0.389966 
0.160073 
0.353322 
0.285483 
0.107389 
0.881191 
0.180836 
0.308478 
0.588428 
0.702263 
0.930176 
0.468659 
0.758962 
0.878312 
0.792930 
0.782632 
0.697420 
0.539223 
0.717842 
0.762369 
0.139364 
0.286084 
0.207678 
0.447528 
0.606973 
0.401631 
0.215601 
0.604342 
0.171453 
0.613555 
0.018329 
0.056397 
0.865027 
0.503939 
0.700984 
0.438176 
0.417102 
0.228077 
0.292387 
0.149506 
0.742097 
0.429789 
0.461366 
0.178477 
0.666133 
0.700867 
0.467331 
0.439754 
0.940237 
0.557516 
0.171013 
0.220837 
0.607489 
0.069500 
0.078263 
0.366384 
0.824211 
0.517101 
0.915330 
0.956792 
0.795117 
0.538627 
0.711789 
0.042539 
0.956911 
0.799169 
0.630811 
0.033012 
0.829920 
0.466791 
0.364257 
0.063417 
0.847872 
0.184784 
0.668498 
0.440227 
0.897314 
0.158259 
0.857694 
0.268614 
0.590533 
0.093198 
0.386613 
0.802889 
0.159322 
0.719097 
0.861016 
0.101689 
0.093475 
0.037973 
0.209601 
0.758803 
0.206851 
0.552788 
0.706349 
0.602739 
0.237637 
0.970221 
0.506026 
0.778043 
0.571619 
0.199885 
0.464896 
0.503115 
0.859424 
0.336821 
0.956374 
0.777760 
0.811645 
0.311750 
0.574753 
0.868830 
0.423931 
0.016574 
0.561926 
0.293555 
0.775504 
0.896517 
0.761730 
0.389587 
0.793322 
0.362668 
0.355877 
0.225069 
0.733556 
0.882758 
0.513187 
0.141255 
0.076115 
0.259328 
0.528621 
0.540285 
0.569250 
0.381016 
0.742523 
0.590142 
0.515276 
0.243359 
0.130480 
0.979142 
0.445862 
0.606173 
0.948564 
0.518512 
0.636202 
0.655035 
0.165710 
0.095623 
0.136757 
0.469748 
0.060794 
0.759743 
0.993593 
0.319083 
0.825065 
0.874145 
0.753101 
0.362066 
0.236374 
0.733462 
0.296353 
0.803531 
0.942446 
0.694374 
0.340305 
0.501553 
0.596578 
0.691141 
0.999553 
0.492516 
0.719035 
0.816658 
0.567702 
0.363676 
0.305719 
0.216673 
0.626020 
0.526219 
0.166104 
0.714657 
0.248012 
0.336915 
0.530116 
0.659275 
0.441042 
0.597577 
0.476386 
0.619935 
0.249449 
0.491571 
0.841805 
0.210456 
0.140250 
0.179445 
0.935457 
0.218716 
0.965820 
0.536944 
0.416326 
0.191749 
0.719442 
0.653563 
0.427903 
0.771802 
0.677414 
0.290561 
0.459299 
0.432740 
0.053413 
0.713793 
0.725198 
0.397254 
0.648512 
0.549575 
0.703352 
0.238488 
0.263378 
0.600832 
0.177072 
0.051848 
0.415760 
0.685621 
0.238905 
0.272276 
0.135465 
0.767759 
0.718842 
0.582458 
0.365978 
0.997911 
0.890602 
0.352416 
0.056026 
0.620836 
0.395047 
0.550724 
0.016922 
0.404405 
0.830857 
0.215787 
0.723799 
0.897665 
0.049691 
0.163861 
0.020186 
0.274391 
0.688204 
0.636428 
0.437503 
0.115644 
0.636629 
0.828215 
0.810055 
0.597628 
0.328670 
0.953526 
0.913431 
0.032288 
0.661192 
0.646888 
0.251911 
0.868247 
0.634756 
0.340391 
0.958557 
0.460446 
0.711552 
0.060013 
0.638036 
0.474917 
0.924680 
0.096582 
0.258365 
0.343385 
0.264431 
0.294343 
0.020844 
0.317633 
0.453407 
0.414204 
0.533151 
0.670650 
0.617314 
0.193032 
0.291498 
0.205155 
0.045629 
0.889927 
0.996910 
0.064613 
0.946309 
0.617785 
0.115713 
0.783662 
0.006445 
0.326076 
0.360962 
0.694985 
0.611874 
0.772383 
0.445192 
0.342431 
0.237717 
0.316388 
0.531738 
0.915882 
0.228910 
0.295789 
0.320781 
0.365283 
0.306184 
0.035811 
0.873247 
0.669097 
0.505306 
0.675142 
0.116052 
0.483904 
0.975986 
0.395233 
0.680747 
0.319147 
0.907726 
0.154068 
0.415346 
0.728065 
0.592161 
0.452503 
0.213337 
0.554139 
0.410748 
0.436134 
0.100194 
0.965383 
0.187733 
0.224050 
0.614837 
0.568761 
0.169081 
0.745247 
0.371749 
0.984603 
0.227995 
0.919838 
0.709910 
0.458717 
0.662903 
0.407105 
0.211175 
0.216565 
0.801146 
0.860158 
0.673128 
0.263397 
0.911265 
0.623439 
0.136953 
0.773243 
0.898093 
0.255030 
0.296978 
0.304460 
0.059696 
0.312560 
0.192361 
0.016376 
0.238365 
0.193366 
0.908170 
0.614194 
0.761156 
0.743603 
0.732511 
0.314273 
0.985582 
0.670493 
0.974325 
0.487363 
0.107377 
0.679654 
0.951253 
0.715826 
0.888880 
0.413132 
0.512169 
0.022747 
0.313638 
0.316565 
0.516167 
0.220635 
0.206423 
0.350595 
0.451423 
0.071805 
0.829685 
0.518294 
0.971685 
0.111106 
0.352515 
0.720303 
0.131485 
0.866812 
0.501277 
0.969957 
0.075377 
0.868495 
0.797829 
0.104501 
0.341986 
0.766470 
0.055382 
0.801037 
0.033695 
0.304896 
0.382540 
0.354027 
0.134942 
0.974762 
0.830023 
0.202524 
0.814911 
0.211773 
0.274130 
0.302697 
0.436842 
0.995211 
0.514221 
0.515145 
0.048156 
0.359359 
0.753531 
0.587659 
0.789286 
0.524309 
0.068200 
0.229498 
0.164754 
0.024714 
0.364912 
0.077388 
0.661748 
0.998656 
0.412652 
0.445765 
0.970642 
0.576211 
0.385096 
0.307584 
0.556062 
0.731829 
0.852860 
0.024820 
0.144746 
0.743479 
0.646095 
0.918407 
0.673948 
0.049124 
0.622038 
0.595798 
0.577229 
0.492514 
0.681014 
0.806083 
0.837047 
0.241335 
0.122479 
0.512946 
0.083275 
0.601425 
0.144165 
0.976569 
0.194920 
0.012179 
0.700465 
0.707962 
0.724419 
0.314038 
0.032678 
0.222146 
0.616218 
0.771982 
0.694941 
0.868620 
0.891719 
0.118954 
0.256702 
0.398715 
0.200381 
0.798625 
0.491450 
0.807841 
0.380847 
0.895486 
0.431260 
0.189194 
0.791618 
0.728690 
0.101136 
0.790599 
0.593794 
0.898531 
0.610291 
0.167964 
0.964286 
0.746928 
0.626116 
0.130468 
0.781918 
0.693601 
0.352054 
0.965240 
0.784130 
0.864707 
0.130706 
0.774845 
0.826196 
0.875779 
0.217396 
0.768218 
0.433021 
0.776408 
0.085880 
0.380193 
0.909666 
0.758808 
0.287667 
0.811988 
0.086906 
0.624001 
0.592131 
0.942779 
0.288733 
0.735110 
0.986306 
0.838728 
0.507348 
0.996573 
0.407588 
0.328435 
0.001217 
0.461956 
0.100185 
0.803220 
0.724762 
0.081775 
0.384104 
0.631602 
0.334740 
0.980799 
0.294815 
0.963074 
0.391192 
0.756792 
0.402681 
0.856746 
0.328773 
0.682027 
0.823169 
0.001327 
0.294728 
0.487874 
0.701967 
0.954006 
0.980664 
0.027399 
0.492782 
0.195272 
0.933822 
0.742494 
0.096079 
0.797786 
0.390579 
0.464952 
0.448979 
0.990348 
0.773641 
0.576718 
0.895005 
0.343068 
0.935887 
0.448975 
0.915254 
0.668563 
0.543651 
0.146989 
0.441425 
0.022494 
0.055882 
0.208295 
0.819549 
0.165315 
0.444555 
0.641335 
0.909998 
0.336481 
0.243907 
0.346194 
0.486975 
0.580459 
0.768166 
0.558729 
0.558557 
0.659732 
0.115306 
0.948808 
0.609144 
0.886545 
0.155602 
0.206113 
0.145903 
0.191552 
0.420439 
0.318953 
0.650070 
0.733593 
0.500431 
0.738503 
0.024493 
0.661826 
0.315239 
0.225525 
0.395486 
0.930434 
0.811958 
0.575257 
0.341102 
0.894192 
0.690405 
0.630587 
0.278303 
0.444521 
0.057863 
0.504816 
0.448501 
0.959272 
0.483111 
0.641715 
0.310231 
0.045794 
0.653081 
0.333778 
0.812851 
0.585936 
0.820324 
0.189160 
0.214729 
0.946789 
0.677232 
0.230725 
0.787957 
0.197948 
0.904586 
0.370819 
0.346915 
0.598876 
0.304482 
0.430267 
0.495291 
0.348762 
0.641473 
0.234289 
0.691880 
0.423703 
0.179673 
0.766676 
0.517533 
0.172378 
0.160074 
0.363755 
0.625354 
0.329283 
0.261817 
0.359563 
0.181073 
0.298901 
0.628930 
0.432285 
0.414290 
0.967232 
0.260336 
0.469737 
0.867255 
0.961780 
0.629581 
0.359970 
0.024051 
0.232426 
0.386786 
0.716482 
0.915554 
0.712838 
0.673479 
0.156066 
0.000402 
0.760653 
0.287532 
0.545472 
0.743459 
0.322694 
0.513926 
0.550825 
0.708372 
0.614254 
0.764301 
0.599598 
0.444683 
0.794932 
0.426237 
0.764201 
0.918009 
0.972447 
0.924195 
0.941592 
0.330036 
0.909316 
0.872118 
0.693399 
0.957241 
0.345028 
0.885942 
0.031583 
0.817203 
0.724429 
0.471199 
0.443002 
0.532621 
0.769517 
0.270876 
0.614361 
0.571558 
0.174098 
0.070079 
0.824746 
0.503933 
0.600548 
0.413740 
0.734002 
0.370934 
0.290429 
0.246268 
0.018537 
0.558877 
0.050590 
0.264544 
0.183973 
0.030564 
0.689045 
0.775859 
0.867074 
0.914935 
0.310967 
0.430013 
0.234443 
0.283065 
0.480753 
0.012167 
0.486953 
0.225564 
0.055624 
0.879789 
0.609674 
0.796584 
0.192043 
0.663641 
0.809693 
0.511726 
0.571543 
0.920907 
0.691095 
0.236968 
0.713515 
0.047651 
0.865103 
0.793623 
0.418479 
0.372404 
0.996391 
0.342829 
0.919825 
0.490678 
0.822196 
0.646617 
0.699609 
0.335321 
0.731837 
0.987357 
0.501709 
0.222208 
0.645996 
0.251070 
0.732024 
0.135678 
0.339283 
0.330772 
0.293215 
0.060431 
0.662868 
0.820487 
0.927802 
0.575245 
0.139158 
0.824645 
0.806276 
0.081233 
0.285276 
0.640636 
0.165631 
0.758527 
0.563341 
0.078478 
0.979005 
0.141067 
0.911405 
0.981626 
0.182512 
0.479690 
0.145294 
0.949637 
0.546288 
0.458905 
0.824130 
0.150492 
0.312916 
0.177851 
0.143681 
0.854700 
0.934509 
0.299834 
0.315510 
0.777967 
0.296093 
0.434249 
0.420695 
0.621915 
0.520605 
0.806552 
0.718913 
0.763934 
0.442014 
0.932955 
0.173168 
0.427343 
0.353753 
0.523145 
0.491570 
0.815445 
0.191186 
0.261525 
0.445801 
0.575401 
0.764177 
0.519553 
0.120577 
0.546031 
0.146075 
0.084445 
0.259222 
0.736618 
0.332934 
0.618627 
0.260310 
0.028173 
0.505248 
0.709501 
0.589137 
0.632436 
0.346759 
0.975179 
0.839461 
0.813265 
0.542365 
0.525626 
0.201767 
0.091238 
0.441926 
0.455203 
0.602624 
0.297222 
0.411793 
0.011678 
0.274885 
0.992146 
0.991941 
0.552064 
0.537268 
0.863636 
0.123052 
0.135796 
0.318384 
0.080487 
0.744670 
0.671191 
0.710796 
0.343689 
0.382172 
0.169388 
0.897080 
0.225399 
0.277623 
0.015736 
0.478140 
0.097658 
0.330054 
0.224617 
0.134989 
0.765014 
0.595106 
0.938722 
0.094682 
0.318037 
0.240051 
0.538731 
0.443898 
0.591198 
0.260003 
0.870416 
0.077493 
0.423252 
0.603247 
0.769335 
0.206907 
0.491068 
0.377156 
0.858001 
0.426003 
0.836013 
0.865997 
0.815947 
0.625930 
0.008091 
0.992111 
0.416679 
0.130022 
0.279271 
0.702989 
0.132801 
0.978723 
0.397958 
0.487203 
0.420952 
0.939261 
0.157594 
0.682093 
0.936337 
0.015547 
0.306519 
0.672088 
0.784446 
0.175955 
0.277562 
0.992673 
0.858474 
0.369940 
0.584809 
0.891342 
0.790152 
0.092783 
0.399317 
0.312551 
0.039324 
0.926467 
0.131894 
0.748687 
0.177610 
0.086265 
0.850730 
0.222929 
0.770591 
0.329386 
0.985958 
0.002753 
0.277948 
0.464314 
0.718565 
0.922074 
0.296197 
0.185493 
0.579246 
0.380020 
0.991424 
0.869130 
0.464364 
0.561348 
0.568790 
0.655318 
0.924949 
0.619206 
0.999999 
0.990921 
0.416166 
0.497826 
0.965847 
0.990005 
0.007344 
0.428245 
0.516928 
0.016169 
0.756241 
0.137590 
0.477008 
0.080199 
0.896352 
0.984503 
0.547776 
0.466714 
0.070104 
0.237845 
0.463004 
0.716270 
0.343654 
0.787094 
0.693666 
0.446407 
0.762618 
0.320727 
0.454004 
0.440746 
0.618910 
0.027837 
0.850274 
0.554527 
0.941164 
0.145014 
0.248298 
0.139261 
0.563836 
0.396633 
0.207142 
0.434893 
0.241668 
0.713935 
0.107231 
0.238453 
0.684376 
0.303727 
0.739731 
0.656439 
0.762769 
0.866058 
0.831153 
0.181657 
0.108065 
0.252624 
0.851648 
0.639836 
0.718708 
0.318602 
0.745380 
0.602413 
0.753442 
0.101322 
0.921788 
0.495150 
0.987045 
0.272372 
0.749842 
0.593470 
0.451073 
0.179770 
0.395108 
0.585112 
0.971767 
0.493023 
0.242843 
0.463254 
0.902579 
0.643456 
0.562726 
0.731932 
0.576164 
0.593467 
0.391851 
0.833327 
0.729635 
0.979563 
0.522082 
0.628860 
0.256232 
0.493941 
0.666676 
0.822312 
0.602505 
0.308244 
0.661390 
0.986306 
0.847658 
0.591964 
0.142246 
0.727388 
0.215853 
0.833649 
0.139863 
0.684827 
0.880419 
0.209357 
0.657645 
0.038184 
0.763062 
0.781518 
0.980525 
0.682736 
0.744522 
0.174822 
0.234049 
0.669674 
0.208243 
0.936437 
0.704376 
0.451209 
0.477749 
0.520463 
0.419815 
0.823503 
0.609272 
0.039133 
0.703466 
0.160746 
0.654138 
0.090832 
0.611924 
0.611331 
0.638392 
0.454944 
0.238609 
0.300402 
0.861716 
0.863517 
0.132235 
0.474012 
0.725761 
0.870479 
0.144188 
0.366087 
0.830635 
0.489065 
0.717530 
0.533368 
0.323123 
0.724587 
0.129637 
0.804265 
0.281649 
0.670378 
0.047779 
0.013896 
0.545660 
0.904530 
0.435325 
0.503560 
0.339108 
0.395563 
0.229612 
0.084790 
0.058741 
0.263001 
0.255603 
0.915335 
0.036879 
0.821303 
0.647889 
0.078589 
0.849680 
0.566264 
0.206727 
0.453458 
0.273133 
0.542324 
0.843550 
0.551992 
0.331804 
0.624279 
0.257696 
0.090576 
0.311874 
0.672854 
0.650613 
0.854311 
0.402590 
0.335699 
0.091185 
0.543263 
0.628680 
0.221503 
0.795824 
0.413758 
0.023108 
0.376828 
0.351031 
0.782141 
0.440287 
0.911220 
0.878713 
0.527185 
0.393204 
0.586140 
0.255787 
0.016643 
0.726960 
0.008698 
0.183766 
0.555155 
0.492691 
0.654064 
0.854892 
0.164421 
0.418850 
0.609559 
0.852812 
0.203904 
0.014610 
0.545628 
0.375107 
0.430108 
0.825935 
0.492284 
0.823021 
0.516493 
0.704681 
0.576104 
0.578332 
0.019964 
0.533801 
0.596974 
0.339500 
0.982901 
0.612825 
0.750401 
0.995029 
0.455222 
0.918347 
0.663134 
0.286096 
0.416650 
0.638009 
0.024681 
0.818804 
0.633607 
0.033576 
0.309751 
0.980360 
0.911661 
0.291412 
0.753998 
0.440489 
0.306691 
0.548099 
0.896219 
0.752939 
0.652091 
0.698776 
0.323388 
0.184373 
0.754370 
0.696670 
0.931474 
0.285712 
0.969475 
0.965044 
0.494785 
0.847728 
0.769841 
0.710899 
0.083984 
0.519357 
0.835647 
0.716365 
0.946611 
0.699173 
0.997731 
0.873177 
0.484349 
0.446475 
0.897074 
0.117731 
0.712272 
0.153319 
0.828275 
0.818772 
0.108528 
0.031832 
0.993079 
0.684359 
0.024936 
0.100642 
0.483651 
0.727770 
0.631527 
0.067017 
0.358338 
0.589121 
0.356055 
0.221308 
0.528831 
0.068702 
0.671043 
0.217659 
0.192049 
0.773155 
0.417963 
0.696999 
0.462839 
0.932861 
0.586989 
0.532282 
0.067498 
0.442258 
0.022796 
0.138193 
0.611773 
0.070492 
0.763934 
0.431488 
0.014630 
0.884009 
0.542916 
0.781818 
0.023039 
0.216561 
0.742401 
0.537520 
0.099580 
0.635507 
0.960381 
0.115786 
0.020064 
0.214678 
0.099271 
0.450154 
0.730384 
0.565171 
0.833808 
0.814298 
0.909329 
0.086725 
0.591088 
0.410781 
0.990295 
0.896359 
0.111431 
0.827624 
0.873830 
0.457944 
0.656901 
0.543088 
0.685855 
0.171632 
0.616204 
0.543052 
0.083100 
0.657340 
0.916710 
0.144492 
0.481543 
0.296646 
0.728548 
0.699458 
0.789551 
0.988572 
0.932548 
0.328147 
0.162455 
0.382908 
0.531263 
0.938057 
0.921491 
0.499399 
0.391505 
0.016292 
0.821682 
0.012183 
0.766378 
0.519214 
0.432443 
0.065449 
0.998352 
0.296414 
0.825976 
0.170627 
0.729271 
0.852189 
0.746215 
0.643639 
0.646847 
0.565030 
0.454271 
0.933653 
0.911563 
0.641965 
0.507458 
0.840810 
0.498137 
0.188978 
0.152904 
0.864849 
0.518688 
0.584764 
0.122104 
0.204031 
0.156875 
0.595150 
0.686320 
0.978819 
0.005229 
0.876603 
0.063550 
0.082253 
0.434072 
0.454352 
0.300990 
0.746992 
0.692200 
0.813356 
0.072091 
0.638621 
0.306832 
0.928724 
0.060616 
0.779845 
0.849220 
0.837052 
0.328685 
0.215733 
0.823947 
0.077397 
0.816561 
0.947643 
0.041531 
0.004024 
0.639365 
0.807876 
0.974649 
0.930548 
0.718266 
0.892004 
0.907455 
0.600076 
0.470257 
0.614397 
0.170698 
0.917932 
0.679915 
0.326945 
0.967026 
0.802098 
0.867290 
0.543537 
0.227987 
0.770385 
0.864308 
0.419485 
0.279984 
0.683939 
0.966553 
0.852573 
0.200513 
0.015992 
0.777587 
0.907725 
0.136224 
0.509190 
0.947931 
0.869860 
0.743201 
0.986392 
0.292414 
0.599193 
0.640328 
0.000392 
0.580646 
0.918404 
0.623061 
0.790425 
0.676233 
0.452640 
0.524652 
0.819884 
0.796920 
0.827694 
0.051816 
0.868126 
0.591972 
0.267695 
0.146594 
0.813562 
0.536614 
0.865912 
0.381624 
0.958573 
0.731903 
0.099734 
0.230613 
0.917862 
0.506546 
0.524058 
0.839096 
0.681070 
0.739221 
0.087527 
0.063901 
0.977709 
0.350663 
0.587061 
0.731016 
0.184357 
0.487037 
0.628903 
0.964879 
0.714506 
0.706179 
0.757157 
0.544784 
0.186730 
0.363210 
0.470960 
0.420021 
0.294920 
0.721354 
0.802214 
0.804082 
0.199969 
0.877070 
0.918532 
0.772550 
0.249325 
0.411158 
0.335423 
0.448105 
0.303532 
0.459629 
0.985588 
0.771790 
0.467917 
0.287048 
0.416034 
0.286008 
0.940002 
0.614294 
0.434911 
0.546513 
0.242321 
0.690136 
0.119742 
0.501040 
0.982994 
0.174577 
0.116025 
0.037073 
0.089047 
0.620573 
0.968765 
0.039262 
0.870901 
0.235794 
0.992066 
0.658367 
0.170653 
0.168393 
0.174406 
0.249633 
0.585241 
0.151004 
0.927056 
0.033598 
0.675187 
0.874302 
0.390971 
0.042021 
0.254614 
0.301777 
0.960955 
0.778324 
0.283297 
0.368330 
0.514596 
0.807437 
0.588294 
0.459930 
0.038495 
0.987797 
0.909665 
0.737121 
0.796456 
0.029640 
0.167390 
0.325987 
0.856226 
0.582148 
0.154603 
0.404769 
0.952291 
0.154472 
0.204581 
0.391599 
0.608270 
0.186244 
0.201982 
0.707013 
0.768511 
0.358452 
0.504922 
0.228139 
0.336918 
0.577325 
0.095213 
0.252346 
0.175173 
0.128362 
0.381747 
0.022574 
0.403544 
0.357725 
0.278005 
0.424781 
0.299002 
0.318424 
0.757687 
0.446403 
0.688510 
0.789411 
0.627208 
0.482647 
0.845939 
0.703301 
0.384803 
0.384523 
0.683497 
0.537982 
0.867126 
0.785634 
0.152974 
0.033318 
0.978920 
0.703762 
0.128150 
0.819810 
0.544434 
0.309306 
0.509684 
0.252914 
0.719900 
0.353270 
0.408483 
0.377463 
0.015602 
0.223003 
0.010155 
0.678885 
0.023704 
0.386598 
0.551311 
0.877122 
0.786015 
0.552526 
0.298843 
0.650431 
0.788785 
0.103277 
0.775838 
0.503711 
0.878507 
0.067069 
0.221688 
0.917144 
0.445963 
0.293311 
0.681092 
0.113423 
0.303791 
0.821171 
0.416466 
0.550585 
0.682637 
0.075251 
0.743065 
0.686089 
0.100336 
