0.000001 
0.012671 
0.959679 
0.325017 
0.554564 
0.550157 
0.494923 
0.165234 
0.081977 
0.780881 
0.267799 
0.889863 
0.935106 
0.332895 
0.972247 
0.554387 
0.584613 
0.590853 
0.463363 
0.749939 
0.217583 
0.909793 
0.885021 
0.553185 
0.376685 
0.944196 
0.097691 
0.891158 
0.694800 
0.502959 
0.227572 
0.809425 
0.998626 
0.911397 
0.845048 
0.716571 
0.411212 
0.241841 
0.628577 
0.489527 
0.483308 
0.955956 
0.748913 
0.987189 
0.683097 
0.808573 
0.678444 
0.616609 
0.340841 
0.517436 
0.550066 
0.955045 
0.447728 
0.956808 
0.074174 
0.650001 
0.575157 
0.671643 
0.305528 
0.007917 
0.053646 
0.633356 
0.822567 
0.876689 
0.514332 
0.373579 
0.748253 
0.887957 
0.896557 
0.430321 
0.399753 
0.644786 
0.926138 
0.595435 
0.470439 
0.661030 
0.937791 
0.446545 
0.085970 
0.891590 
0.961161 
0.236209 
0.966543 
0.689808 
0.609133 
0.692106 
0.230794 
0.947489 
0.442025 
0.122306 
0.598414 
0.542508 
0.935045 
0.293687 
0.990124 
0.012890 
0.644146 
0.158768 
0.405725 
0.024664 
0.523883 
0.895136 
0.558220 
0.996829 
0.712553 
0.872643 
0.509139 
0.094872 
0.514028 
0.274293 
0.039313 
0.729070 
0.485802 
0.871250 
0.103982 
0.631003 
0.262133 
0.663619 
0.444703 
0.115438 
0.161737 
0.313355 
0.558211 
0.856354 
0.740793 
0.512715 
0.197921 
0.455728 
0.415593 
0.870476 
0.096510 
0.037882 
0.683013 
0.392461 
0.099520 
0.634005 
0.727321 
0.080732 
0.855932 
0.655143 
0.986993 
0.385840 
0.806890 
0.400598 
0.857379 
0.970952 
0.793277 
0.606210 
0.570964 
0.192652 
0.905055 
0.265426 
0.013033 
0.043875 
0.406906 
0.865222 
0.786764 
0.146985 
0.379808 
0.425488 
0.175180 
0.255807 
0.343089 
0.299641 
0.062292 
0.939419 
0.809395 
0.499312 
0.932051 
0.981097 
0.296805 
0.394232 
0.864713 
0.229107 
0.599456 
0.051912 
0.483888 
0.699872 
0.742067 
0.924980 
0.142493 
0.879590 
0.273974 
0.681286 
0.380854 
0.014963 
0.487134 
0.260043 
0.544532 
0.953337 
0.732074 
0.973710 
0.142562 
0.037462 
0.632041 
0.710679 
0.374622 
0.263902 
0.403955 
0.275789 
0.185069 
0.460098 
0.872564 
0.188564 
0.197727 
0.205593 
0.402933 
0.092275 
0.869724 
0.459529 
0.312114 
0.704240 
0.159899 
0.422589 
0.461494 
0.337992 
0.624940 
0.366209 
0.880933 
0.838038 
0.910602 
0.484379 
0.954609 
0.119507 
0.548880 
0.030737 
0.598975 
0.972407 
0.237525 
0.079135 
0.030277 
0.864041 
0.940242 
0.652309 
0.356703 
0.112499 
0.777887 
0.946279 
0.111928 
0.170776 
0.233662 
0.155168 
0.915686 
0.933954 
0.966216 
0.190900 
0.449192 
0.569863 
0.685652 
0.760509 
0.871242 
0.963374 
0.423101 
0.056914 
0.555349 
0.748515 
0.294696 
0.958162 
0.829852 
0.318984 
0.163785 
0.742469 
0.678174 
0.074513 
0.333190 
0.923858 
0.276803 
0.226675 
0.732269 
0.237431 
0.504822 
0.546503 
0.075455 
0.172955 
0.858667 
0.621577 
0.852725 
0.745765 
0.077763 
0.962445 
0.810379 
0.033339 
0.320971 
0.562793 
0.858757 
0.123826 
0.136546 
0.920545 
0.594635 
0.035364 
0.369317 
0.106287 
0.366780 
0.470004 
0.356054 
0.197094 
0.550915 
0.225835 
0.607535 
0.835826 
0.732327 
0.217113 
0.010529 
0.953919 
0.523019 
0.377433 
0.512734 
0.525501 
0.101388 
0.031959 
0.130398 
0.601999 
0.793585 
0.782469 
0.954051 
0.729883 
0.139858 
0.590276 
0.772401 
0.741459 
0.705401 
0.677189 
0.517132 
0.435510 
0.615880 
0.102857 
0.719646 
0.086224 
0.164859 
0.777327 
0.542575 
0.066424 
0.396341 
0.295500 
0.475961 
0.475986 
0.898743 
0.175445 
0.708134 
0.612310 
0.100174 
0.618542 
0.827576 
0.062987 
0.616941 
0.923101 
0.554821 
0.868991 
0.124091 
0.605786 
0.442926 
0.258269 
0.734549 
0.567474 
0.530681 
0.147825 
0.487707 
0.889310 
0.640628 
0.028763 
0.425688 
0.537467 
0.204971 
0.945557 
0.982816 
0.195157 
0.995457 
0.646967 
0.570326 
0.460962 
0.396122 
0.624315 
0.861837 
0.887056 
0.753511 
0.252487 
0.551971 
0.970781 
0.917650 
0.939788 
0.018641 
0.291980 
0.304547 
0.529512 
0.503786 
0.138685 
0.887102 
0.523852 
0.385436 
0.028229 
0.444616 
0.664061 
0.873539 
0.573170 
0.267196 
0.770478 
0.416566 
0.229772 
0.772772 
0.975155 
0.422119 
0.560712 
0.888559 
0.007342 
0.388832 
0.092627 
0.787767 
0.994176 
0.121783 
0.798546 
0.163511 
0.133638 
0.047804 
0.434352 
0.150252 
0.289254 
0.496362 
0.357856 
0.483476 
0.773480 
0.878796 
0.925600 
0.565190 
0.145110 
0.861359 
0.866624 
0.354373 
0.940723 
0.731376 
0.236950 
0.419337 
0.805270 
0.172253 
0.052464 
0.763559 
0.134508 
0.683357 
0.175851 
0.526522 
0.254105 
0.746107 
0.824024 
0.374180 
0.838830 
0.215899 
0.616489 
0.338660 
0.862784 
0.818515 
0.785046 
0.269217 
0.722966 
0.885231 
0.083809 
0.572134 
0.861539 
0.886554 
0.314532 
0.343977 
0.223181 
0.999781 
0.324729 
0.723150 
0.985092 
0.439399 
0.972544 
0.547141 
0.801181 
0.450094 
0.728523 
0.281373 
0.040909 
0.552261 
0.842500 
0.902324 
0.362721 
0.259510 
0.578088 
0.924057 
0.626990 
0.818419 
0.168909 
0.847503 
0.979538 
0.091639 
0.182050 
0.719117 
0.195335 
0.001385 
0.286023 
0.195658 
0.427681 
0.038366 
0.811722 
0.616898 
0.210917 
0.879175 
0.295881 
0.879387 
0.852716 
0.594889 
0.292283 
0.403044 
0.953135 
0.346536 
0.225777 
0.636681 
0.704745 
0.647714 
0.126898 
0.767495 
0.285815 
0.685422 
0.888170 
0.472887 
0.806453 
0.052178 
0.950420 
0.710178 
0.966260 
0.931219 
0.003186 
0.544105 
0.777581 
0.811797 
0.877554 
0.054755 
0.273264 
0.741831 
0.960455 
0.360531 
0.447579 
0.463147 
0.109503 
0.415428 
0.094174 
0.776157 
0.872703 
0.511164 
0.140964 
0.174640 
0.167983 
0.294253 
0.511614 
0.702105 
0.278680 
0.781414 
0.231856 
0.800118 
0.580568 
0.599896 
0.451893 
0.961795 
0.888508 
0.156153 
0.470531 
0.213391 
0.458069 
0.762203 
0.339637 
0.273131 
0.515769 
0.535835 
0.783134 
0.131906 
0.945042 
0.329176 
0.468193 
0.923890 
0.820149 
0.237617 
0.631762 
0.022840 
0.870280 
0.788014 
0.147936 
0.355924 
0.011643 
0.675878 
0.484455 
0.227396 
0.846917 
0.131218 
0.384392 
0.469261 
0.866961 
0.009371 
0.490310 
0.646165 
0.100322 
0.116100 
0.298066 
0.589011 
0.505690 
0.136671 
0.029321 
0.793962 
0.111403 
0.354113 
0.574572 
0.824740 
0.406620 
0.059690 
0.217164 
0.878262 
0.943104 
0.751907 
0.293510 
0.014648 
0.187367 
0.079122 
0.799712 
0.760802 
0.807450 
0.819422 
0.033889 
0.574870 
0.843493 
0.591720 
0.039812 
0.118062 
0.262459 
0.148847 
0.676589 
0.439578 
0.986448 
0.223204 
0.388337 
0.781297 
0.260581 
0.588191 
0.734434 
0.639268 
0.171202 
0.397779 
0.478754 
0.426727 
0.009014 
0.505533 
0.488799 
0.244072 
0.112119 
0.388220 
0.812981 
0.769939 
0.360870 
0.143556 
0.744593 
0.373759 
0.770891 
0.360192 
0.739252 
0.615071 
0.500048 
0.310057 
0.121455 
0.295466 
0.893930 
0.273757 
0.042142 
0.282434 
0.874222 
0.055542 
0.486155 
0.807277 
0.912466 
0.821701 
0.334442 
0.966343 
0.323961 
0.810275 
0.289217 
0.861808 
0.405531 
0.759557 
0.879434 
0.643954 
0.933732 
0.234752 
0.472731 
0.188071 
0.901314 
0.389432 
0.180692 
0.892079 
0.164801 
0.803430 
0.243295 
0.051341 
0.891224 
0.806011 
0.632733 
0.338034 
0.331105 
0.889296 
0.393549 
0.380792 
0.965666 
0.952802 
0.743286 
0.404045 
0.784283 
0.436045 
0.607925 
0.392242 
0.409739 
0.486096 
0.820145 
0.182786 
0.078018 
0.251953 
0.567455 
0.220748 
0.119876 
0.761343 
0.885436 
0.525259 
0.026026 
0.411841 
0.815814 
0.388003 
0.172185 
0.917046 
0.787406 
0.936786 
0.556818 
0.436116 
0.803606 
0.209363 
0.768443 
0.218651 
0.867608 
0.891436 
0.366305 
0.487937 
0.755153 
0.862619 
0.033267 
0.117002 
0.447154 
0.314017 
0.680781 
0.888578 
0.334116 
0.486100 
0.881645 
0.806725 
0.624640 
0.324689 
0.052407 
0.802035 
0.796471 
0.280288 
0.796593 
0.342035 
0.585350 
0.985693 
0.541504 
0.055648 
0.273713 
0.301165 
0.679266 
0.429133 
0.437001 
0.682419 
0.408393 
0.869337 
0.946902 
0.588627 
0.047034 
0.497770 
0.026417 
0.983143 
0.678100 
0.818310 
0.334353 
0.469198 
0.802778 
0.290166 
0.812230 
0.153127 
0.607982 
0.359699 
0.453420 
0.637999 
0.856203 
0.204838 
0.717836 
0.672186 
0.429431 
0.445956 
0.182208 
0.370652 
0.540269 
0.306519 
0.657468 
0.071857 
0.705213 
0.519116 
0.783474 
0.842714 
0.490597 
0.465518 
0.965656 
0.783823 
0.710902 
0.129533 
0.069284 
0.458622 
0.060133 
0.651933 
0.041637 
0.797398 
0.865829 
0.989431 
0.359129 
0.879165 
0.121017 
0.930586 
0.363002 
0.974991 
0.673898 
0.197943 
0.835275 
0.472167 
0.706182 
0.793307 
0.117828 
0.327713 
0.868169 
0.322829 
0.792503 
0.594002 
0.397482 
0.472312 
0.150568 
0.596065 
0.061293 
0.147466 
0.461129 
0.188618 
0.096351 
0.374428 
0.006027 
0.300423 
0.203924 
0.353304 
0.974948 
0.951031 
0.973217 
0.860901 
0.170032 
0.725832 
0.065981 
0.935940 
0.345869 
0.014237 
0.282882 
0.390120 
0.739629 
0.945219 
0.288468 
0.273570 
0.897108 
0.690731 
0.119893 
0.041378 
0.439034 
0.839292 
0.986396 
0.356363 
0.394460 
0.691416 
0.630619 
0.821743 
0.033916 
0.024620 
0.794027 
0.207165 
0.828293 
0.120127 
0.971061 
0.614763 
0.316409 
0.886836 
0.048406 
0.553589 
0.169574 
0.035877 
0.981485 
0.814511 
0.485745 
0.909773 
0.555171 
0.761566 
0.634776 
0.675736 
0.089703 
0.637291 
0.952405 
0.070602 
0.601252 
0.242632 
0.920068 
0.588980 
0.979570 
0.640401 
0.217142 
0.497493 
0.366635 
0.041771 
0.047291 
0.823013 
0.385034 
0.264454 
0.673507 
0.632066 
0.128677 
0.676348 
0.388555 
0.448851 
0.841172 
0.576252 
0.066006 
0.358228 
0.730303 
0.210607 
0.668050 
0.911949 
0.120446 
0.331576 
0.791996 
0.069740 
0.121694 
0.312326 
0.269081 
0.438558 
0.846401 
0.468734 
0.019728 
0.563680 
0.765494 
0.649684 
0.237229 
0.112467 
0.229157 
0.437339 
0.355973 
0.834077 
0.324345 
0.269737 
0.476509 
0.692060 
0.457313 
0.067886 
0.968033 
0.729768 
0.212340 
0.806123 
0.515624 
0.093718 
0.126335 
0.313984 
0.133827 
0.238716 
0.100569 
0.262980 
0.910491 
0.625029 
0.864591 
0.185086 
0.743789 
0.854309 
0.370283 
0.347709 
0.952415 
0.235519 
0.365524 
0.357982 
0.595648 
0.060206 
0.887545 
0.964554 
0.254455 
0.631357 
0.215339 
0.197548 
0.189083 
0.924787 
0.888547 
0.808027 
0.515981 
0.091887 
0.344857 
0.010941 
0.888184 
0.713305 
0.515767 
0.492070 
0.223823 
0.786944 
0.173505 
0.094785 
0.048423 
0.850396 
0.608652 
0.612116 
0.829088 
0.479223 
0.293927 
0.029798 
0.820694 
0.398461 
0.928161 
0.608522 
0.436197 
0.167077 
0.065125 
0.549649 
0.951384 
0.911874 
0.866082 
0.244119 
0.904586 
0.378496 
0.385485 
0.847697 
0.240261 
0.074927 
0.294252 
0.499530 
0.607760 
0.624063 
0.625611 
0.639241 
0.727134 
0.943680 
0.432773 
0.618242 
0.795964 
0.761300 
0.177275 
0.460037 
0.834052 
0.913304 
0.905104 
0.084988 
0.387132 
0.522005 
0.331421 
0.184789 
0.754838 
0.565106 
0.735229 
0.986514 
0.345857 
0.826357 
0.586739 
0.328755 
0.384562 
0.334917 
0.954241 
0.920514 
0.070715 
0.501213 
0.882233 
0.690506 
0.329606 
0.685194 
0.048311 
0.956352 
0.411619 
0.079302 
0.827961 
0.545631 
0.419162 
0.856318 
0.128294 
0.233877 
0.769801 
0.037753 
0.518826 
0.905595 
0.337800 
0.406275 
0.266995 
0.391732 
0.843434 
0.589311 
0.548369 
0.432790 
0.894912 
0.788312 
0.165045 
0.918089 
0.314646 
0.260248 
0.987532 
0.451710 
0.892230 
0.715696 
0.703946 
0.219590 
0.640740 
0.913517 
0.487366 
0.166763 
0.788391 
0.484438 
0.953027 
0.526678 
0.875438 
0.486717 
0.248219 
0.814766 
0.766260 
0.529931 
0.552066 
0.571469 
0.683770 
0.118310 
0.436872 
0.511212 
0.932131 
0.329643 
0.310004 
0.236089 
0.951644 
0.286251 
0.018934 
0.215643 
0.305522 
0.904969 
0.805581 
0.400948 
0.738731 
0.856448 
0.325195 
0.548698 
0.961767 
0.423035 
0.946204 
0.843993 
0.996795 
0.126624 
0.164596 
0.361087 
0.794095 
0.362032 
0.675849 
0.997075 
0.843177 
0.281082 
0.152903 
0.837449 
0.004891 
0.210531 
0.387992 
0.985933 
0.580763 
0.891949 
0.980946 
0.762102 
0.645400 
0.235830 
0.586831 
0.872577 
0.397113 
0.285168 
0.820614 
0.052998 
0.740851 
0.475163 
0.057418 
0.020225 
0.915566 
0.921497 
0.602448 
0.349561 
0.071569 
0.867969 
0.958398 
0.801985 
0.955676 
0.044170 
0.361224 
0.099713 
0.868268 
0.981347 
0.491339 
0.940250 
0.781538 
0.308661 
0.667580 
0.008865 
0.998903 
0.566012 
0.971479 
0.647867 
0.697422 
0.564784 
0.320258 
0.569352 
0.090695 
0.303881 
0.328381 
0.095245 
0.779139 
0.983693 
0.922599 
0.122127 
0.585324 
0.546375 
0.930842 
0.662097 
0.865858 
0.477827 
0.843260 
0.673691 
0.723849 
0.737270 
0.292066 
0.747221 
0.547689 
0.010853 
0.410754 
0.535810 
0.365464 
0.354766 
0.555813 
0.547586 
0.279034 
0.728993 
0.190115 
0.264272 
0.620472 
0.267062 
0.514910 
0.094486 
0.020310 
0.346101 
0.924565 
0.165660 
0.255274 
0.398293 
0.103883 
0.961529 
0.410393 
0.469920 
0.950461 
0.404956 
0.101865 
0.038092 
0.209997 
0.422839 
0.660389 
0.150557 
0.413930 
0.913887 
0.700408 
0.755258 
0.629469 
0.478167 
0.552119 
0.466336 
0.714466 
0.030850 
0.492956 
0.117137 
0.725496 
0.411061 
0.701731 
0.987133 
0.737366 
0.913791 
0.086916 
0.793317 
0.280640 
0.708319 
0.725687 
0.621524 
0.949343 
0.601956 
0.066633 
0.895017 
0.553699 
0.012379 
0.055011 
0.566254 
0.033224 
0.392233 
0.258745 
0.727550 
0.926664 
0.445790 
0.399707 
0.872371 
0.935675 
0.883766 
0.454319 
0.731301 
0.979855 
0.425193 
0.211603 
0.412113 
0.380489 
0.882173 
0.687118 
0.395939 
0.549256 
0.349497 
0.999913 
0.530177 
0.677236 
0.298070 
0.670624 
0.181745 
0.588971 
0.832896 
0.490713 
0.417798 
0.935371 
0.775839 
0.527660 
0.384139 
0.219355 
0.691092 
0.184891 
0.461073 
0.249837 
0.007126 
0.760425 
0.464053 
0.337528 
0.830565 
0.304544 
0.473295 
0.667854 
0.625656 
0.403204 
0.656786 
0.601601 
0.106751 
0.159355 
0.277978 
0.974468 
0.877747 
0.299396 
0.946396 
0.085096 
0.214847 
0.936283 
0.109129 
0.126048 
0.486093 
0.760767 
0.205587 
0.300439 
0.473402 
0.462425 
0.977402 
0.192373 
0.214736 
0.063605 
0.010257 
0.395764 
0.599826 
0.281733 
0.089401 
0.558760 
0.081679 
0.777029 
0.530647 
0.582275 
0.304060 
0.337518 
0.664795 
0.202653 
0.996966 
0.999410 
0.082801 
0.628679 
0.204770 
0.568033 
0.929579 
0.429126 
0.320475 
0.216291 
0.200751 
0.027523 
0.575505 
0.505301 
0.599743 
0.881001 
0.982230 
0.340615 
0.715668 
0.227946 
0.091315 
0.725044 
0.812494 
0.583987 
0.069051 
0.534833 
0.932358 
0.145624 
0.504747 
0.279085 
0.582968 
0.935868 
0.139003 
0.229616 
0.164172 
0.246526 
0.367784 
0.343891 
0.773424 
0.939906 
0.994846 
0.372713 
0.182034 
0.439723 
0.427836 
0.646988 
0.934964 
0.938050 
0.803688 
0.592611 
0.020195 
0.414506 
0.609225 
0.238511 
0.650815 
0.247496 
0.662942 
0.067979 
0.525081 
0.041181 
0.135586 
0.791219 
0.024740 
0.804879 
0.605686 
0.770541 
0.474472 
0.455671 
0.455384 
0.630787 
0.635135 
0.711846 
0.003422 
0.508850 
0.242601 
0.400757 
0.530585 
0.544022 
0.369547 
0.979870 
0.679643 
0.768171 
0.652348 
0.013578 
0.210596 
0.488184 
0.910502 
0.798931 
0.634244 
0.735345 
0.949720 
0.942324 
0.643403 
0.679082 
0.326424 
0.201657 
0.241672 
0.774143 
0.027436 
0.110197 
0.079841 
0.882084 
0.192751 
0.570671 
0.269036 
0.693308 
0.423601 
0.463139 
0.978216 
0.869032 
0.814894 
0.920194 
0.702295 
0.470814 
0.967527 
0.219014 
0.970775 
0.820924 
0.264264 
0.492464 
0.834999 
0.834260 
0.412928 
0.079375 
0.049650 
0.462822 
0.654351 
0.683261 
0.561287 
0.543904 
0.387347 
0.141192 
0.008481 
0.531959 
0.628594 
0.782539 
0.126558 
0.063613 
0.151202 
0.259790 
0.296074 
0.111959 
0.694579 
0.794747 
0.308172 
0.451715 
0.979620 
0.466638 
0.792974 
0.506963 
0.519713 
0.811792 
0.787551 
0.370192 
0.812058 
0.265314 
0.137224 
0.329888 
0.434493 
0.518903 
0.200836 
0.447124 
0.820282 
0.487878 
0.771222 
0.931893 
0.332161 
0.622416 
0.950066 
0.765112 
0.231631 
0.016374 
0.189974 
0.895222 
0.000463 
0.780428 
0.661327 
0.918954 
0.855649 
0.893729 
0.895904 
0.464317 
0.780980 
0.935934 
0.248642 
0.920295 
0.397964 
0.579531 
0.172239 
0.815247 
0.853200 
0.737193 
0.997858 
0.000885 
0.873584 
0.331788 
0.356539 
0.349963 
0.832504 
0.890861 
0.705662 
0.056849 
0.457990 
0.440626 
0.605655 
0.247215 
0.937193 
0.394591 
0.897012 
0.083923 
0.491223 
0.979494 
0.356399 
0.996081 
0.132728 
0.767342 
0.716034 
0.384223 
0.636233 
0.160720 
0.216816 
0.022306 
0.897731 
0.159259 
0.670700 
0.453530 
0.479544 
0.697753 
0.137151 
0.093878 
0.803149 
0.525974 
0.044151 
0.050087 
0.814945 
0.778684 
0.345352 
0.329816 
0.217798 
0.522820 
0.041842 
0.238965 
0.292787 
0.873813 
0.168141 
0.944144 
0.233613 
0.330120 
0.333598 
0.776494 
0.527959 
0.401499 
0.990728 
0.173466 
0.446065 
0.012702 
0.480845 
0.557867 
0.068574 
0.521092 
0.998029 
0.876410 
0.830015 
0.061242 
0.294760 
0.024497 
0.721949 
0.788528 
0.785610 
0.745799 
0.648352 
0.856427 
0.971999 
0.379857 
0.249182 
0.001231 
0.693546 
0.434874 
0.920309 
0.640816 
0.197097 
0.605386 
0.728840 
0.620577 
0.040744 
0.792299 
0.173049 
0.441057 
0.852349 
0.426003 
0.839989 
0.687194 
0.663451 
0.620197 
0.653848 
0.223378 
0.315344 
0.993298 
0.361845 
0.526980 
0.951856 
0.842240 
0.528354 
0.049835 
0.579463 
0.026959 
0.101481 
0.592772 
0.711488 
0.971404 
0.389394 
0.552626 
0.984580 
0.837694 
0.130343 
0.672492 
0.576638 
0.560773 
0.912483 
0.096164 
0.233134 
0.289387 
0.725437 
0.424524 
0.968922 
0.669454 
0.512287 
0.005214 
0.624602 
0.678309 
0.346484 
0.358475 
0.882075 
0.034150 
0.957394 
0.927182 
0.148384 
0.895535 
0.255228 
0.619068 
0.675544 
0.873230 
0.368658 
0.032695 
0.498034 
0.454788 
0.615194 
0.570741 
0.446506 
0.421996 
0.488720 
0.916837 
0.276317 
0.059656 
0.630359 
0.437982 
0.167257 
0.082315 
0.471583 
0.892775 
0.876133 
0.160380 
0.513795 
0.356851 
0.588684 
0.018678 
0.914168 
0.427167 
0.397021 
0.730624 
0.601293 
0.923456 
0.523797 
0.451563 
0.413197 
0.595151 
0.695719 
0.955702 
0.487221 
0.715411 
0.917002 
0.052236 
0.934656 
0.770877 
0.135974 
0.313160 
0.278196 
0.632419 
0.061472 
0.159726 
0.514256 
0.098656 
0.111027 
0.025366 
0.331416 
0.114579 
0.729341 
0.029761 
0.184895 
0.531627 
0.062997 
0.789105 
0.491364 
0.360698 
0.254593 
0.937780 
0.269967 
0.330394 
0.924311 
0.896885 
0.941799 
0.809381 
0.269177 
0.063391 
0.406598 
0.689675 
0.373616 
0.369839 
0.882167 
0.582456 
0.341098 
0.839283 
0.821283 
0.303647 
0.388978 
0.549583 
0.840212 
0.439789 
0.533648 
0.015689 
0.677753 
0.991140 
0.084964 
0.992925 
0.095154 
0.246947 
0.436295 
0.801857 
0.809850 
0.144954 
0.249590 
0.865192 
0.279882 
0.970598 
0.845510 
0.491044 
0.972282 
0.145145 
0.451475 
0.947388 
0.751271 
0.619320 
0.913844 
0.978558 
0.630445 
0.883787 
0.800549 
0.831511 
0.203704 
0.648379 
0.301419 
0.947557 
0.587266 
0.178383 
0.080816 
0.274963 
0.297662 
0.810381 
0.075859 
0.965774 
0.766508 
0.704923 
0.648226 
0.741805 
0.513945 
0.866642 
0.652737 
0.555820 
0.673074 
0.355929 
0.104729 
0.186330 
0.654157 
0.412065 
0.580439 
0.431780 
0.933057 
0.886203 
0.418412 
0.246675 
0.864020 
0.584495 
0.602149 
0.316783 
0.170753 
0.843110 
0.156465 
0.698898 
0.375071 
0.815535 
0.689583 
0.828754 
0.862762 
0.436408 
0.715616 
0.350571 
0.047575 
0.590399 
0.839455 
0.712837 
0.649467 
0.598132 
0.803274 
0.622048 
0.757647 
0.778688 
0.410577 
0.565742 
0.432553 
0.913020 
0.123999 
0.044824 
0.362619 
0.532363 
0.424387 
0.674739 
0.339927 
0.146165 
0.598792 
0.900463 
0.077225 
0.922910 
0.349695 
0.330150 
0.832098 
0.075909 
0.808956 
0.121652 
0.599915 
0.778839 
0.952895 
0.300843 
0.265415 
0.821874 
0.233400 
0.746911 
0.335750 
0.946990 
0.068859 
0.315057 
0.154778 
0.360468 
0.381823 
0.304846 
0.554753 
0.733713 
0.515619 
0.008959 
0.572090 
0.108345 
0.952899 
0.369535 
0.772581 
0.769787 
0.805607 
0.844954 
0.140528 
0.857587 
0.464479 
0.499611 
0.954326 
0.358202 
0.299321 
0.687689 
0.994167 
0.966484 
0.694216 
0.687103 
0.139070 
0.347512 
0.627217 
0.643933 
0.576677 
0.217781 
0.246722 
0.651752 
0.994409 
0.033433 
0.911211 
0.725966 
0.304174 
0.244131 
0.111515 
0.237615 
0.590204 
0.557185 
0.606019 
0.355813 
0.153905 
0.682644 
0.204730 
0.904232 
0.420540 
0.008119 
0.450885 
0.030283 
0.958404 
0.891354 
0.985679 
0.301344 
0.687081 
0.768797 
0.163217 
0.183819 
0.447541 
0.825908 
0.039717 
0.518884 
0.883132 
0.802153 
0.777833 
0.044423 
0.617987 
0.502684 
0.603010 
0.788100 
0.591768 
0.841694 
0.348297 
0.828166 
0.982714 
0.474968 
0.778850 
0.130780 
0.023230 
0.418783 
0.480722 
0.499939 
0.470257 
0.612832 
0.863140 
0.796867 
0.949888 
0.773498 
0.175189 
0.393175 
0.094347 
0.684256 
0.289407 
0.069970 
0.981033 
0.226416 
0.365561 
0.991612 
0.026514 
0.622697 
0.660875 
0.332862 
0.409140 
0.410530 
0.781681 
0.713861 
0.860632 
0.636482 
0.357446 
0.593414 
0.508621 
0.399322 
0.402210 
0.936225 
0.141038 
0.427806 
0.130159 
0.574048 
0.029388 
0.924927 
0.242554 
0.612407 
0.729185 
0.419917 
0.541759 
0.336046 
0.920805 
0.963980 
0.609418 
0.486618 
0.595188 
0.323919 
0.099343 
0.659617 
0.185550 
0.544847 
0.249245 
0.064866 
0.205106 
0.220581 
0.307838 
0.839449 
0.626356 
0.156908 
0.159322 
0.719316 
0.544074 
0.258638 
0.935679 
0.955455 
0.340458 
0.076053 
0.215064 
0.573087 
0.877750 
0.340797 
0.781296 
0.237251 
0.474045 
0.274969 
0.403224 
0.992068 
0.680445 
0.238754 
0.731007 
0.026429 
