0.000001 
0.011027 
0.336743 
0.647899 
0.238036 
0.669038 
0.513494 
0.285864 
0.520386 
0.128636 
0.982290 
0.354427 
0.857668 
0.830173 
0.712104 
0.327444 
0.347572 
0.649482 
0.846744 
0.232652 
0.180713 
0.237738 
0.662752 
0.868090 
0.985021 
0.249149 
0.442648 
0.578531 
0.371818 
0.143094 
0.977548 
0.642050 
0.937038 
0.796268 
0.877500 
0.139375 
0.482025 
0.387742 
0.782375 
0.371676 
0.762187 
0.077790 
0.413353 
0.228505 
0.478371 
0.989672 
0.414409 
0.973318 
0.552344 
0.248343 
0.903671 
0.991142 
0.124057 
0.024177 
0.343738 
0.204356 
0.608645 
0.502993 
0.797708 
0.074215 
0.335138 
0.656207 
0.872759 
0.455377 
0.517414 
0.178736 
0.013149 
0.997611 
0.842649 
0.399828 
0.912447 
0.496297 
0.256287 
0.408257 
0.568776 
0.414078 
0.404167 
0.840755 
0.568333 
0.973595 
0.218206 
0.394576 
0.639814 
0.357591 
0.033519 
0.360209 
0.026676 
0.340341 
0.105506 
0.236151 
0.998249 
0.571584 
0.607460 
0.580484 
0.202646 
0.879038 
0.988018 
0.621806 
0.688491 
0.468037 
0.291013 
0.061302 
0.295572 
0.682231 
0.263735 
0.591448 
0.461628 
0.589669 
0.572740 
0.039826 
0.358488 
0.103311 
0.344345 
0.408642 
0.049111 
0.412652 
0.433814 
0.112439 
0.766884 
0.026345 
0.772012 
0.205384 
0.894700 
0.226438 
0.739208 
0.868694 
0.135806 
0.497295 
0.034324 
0.882336 
0.413207 
0.769843 
0.750689 
0.822099 
0.016815 
0.612918 
0.305000 
0.135115 
0.874002 
0.345952 
0.416104 
0.463032 
0.171036 
0.609909 
0.745551 
0.476882 
0.952271 
0.824058 
0.942241 
0.246107 
0.317000 
0.819015 
0.183053 
0.577406 
0.457894 
0.822791 
0.640241 
0.537432 
0.616522 
0.882342 
0.529851 
0.209037 
0.292411 
0.543665 
0.379722 
0.980631 
0.457960 
0.934855 
0.107634 
0.008873 
0.131067 
0.844641 
0.878555 
0.872645 
0.537760 
0.128563 
0.762692 
0.557825 
0.369100 
0.462815 
0.527963 
0.479520 
0.290938 
0.802923 
0.729230 
0.169292 
0.284973 
0.545646 
0.670936 
0.426962 
0.951509 
0.008621 
0.891828 
0.954777 
0.944129 
0.983537 
0.303176 
0.476738 
0.528828 
0.016422 
0.998618 
0.774107 
0.409168 
0.888009 
0.770598 
0.438963 
0.646530 
0.232870 
0.838445 
0.738405 
0.366133 
0.593746 
0.081098 
0.014471 
0.214482 
0.792607 
0.340050 
0.214941 
0.508483 
0.077700 
0.901197 
0.417844 
0.707254 
0.821733 
0.858167 
0.212050 
0.920912 
0.759803 
0.007210 
0.172639 
0.537159 
0.028681 
0.036320 
0.423165 
0.125754 
0.539538 
0.011762 
0.684563 
0.447008 
0.866969 
0.155176 
0.039303 
0.573318 
0.752280 
0.569733 
0.507707 
0.030211 
0.755366 
0.428712 
0.357972 
0.437665 
0.838415 
0.238511 
0.652991 
0.815001 
0.721222 
0.572716 
0.634373 
0.911835 
0.213989 
0.515611 
0.869141 
0.649504 
0.219264 
0.168292 
0.482839 
0.066717 
0.317718 
0.887441 
0.214664 
0.851942 
0.592973 
0.090992 
0.303702 
0.323571 
0.266092 
0.205367 
0.603943 
0.466070 
0.245883 
0.557643 
0.300169 
0.944564 
0.279787 
0.379239 
0.872434 
0.994066 
0.265008 
0.984460 
0.823242 
0.224439 
0.151796 
0.243232 
0.003234 
0.350636 
0.141263 
0.207065 
0.149599 
0.316872 
0.674292 
0.830666 
0.006122 
0.893042 
0.354585 
0.502738 
0.524894 
0.887241 
0.853880 
0.158033 
0.066726 
0.468642 
0.462147 
0.307697 
0.461086 
0.476379 
0.499941 
0.512081 
0.550772 
0.817982 
0.823172 
0.058005 
0.891389 
0.581618 
0.246222 
0.254339 
0.683092 
0.724509 
0.831062 
0.659843 
0.979774 
0.064539 
0.709445 
0.648823 
0.761804 
0.634113 
0.537779 
0.454187 
0.523905 
0.272861 
0.966489 
0.776495 
0.543870 
0.817822 
0.136348 
0.609184 
0.561859 
0.156728 
0.122550 
0.689836 
0.078167 
0.751750 
0.657753 
0.849895 
0.182564 
0.346343 
0.982264 
0.904990 
0.168646 
0.438940 
0.269628 
0.636068 
0.397338 
0.065351 
0.361513 
0.957250 
0.506470 
0.247436 
0.658169 
0.852124 
0.647002 
0.161295 
0.879345 
0.154001 
0.295777 
0.115934 
0.495216 
0.092481 
0.327258 
0.223575 
0.631354 
0.159521 
0.070043 
0.211926 
0.832046 
0.192610 
0.191110 
0.993778 
0.428726 
0.602891 
0.781207 
0.751368 
0.235739 
0.070918 
0.923778 
0.935441 
0.965165 
0.536098 
0.191321 
0.528002 
0.131558 
0.098682 
0.549131 
0.247671 
0.606142 
0.431664 
0.973757 
0.927093 
0.648422 
0.020748 
0.717203 
0.028034 
0.170658 
0.250374 
0.032737 
0.215383 
0.945373 
0.887816 
0.524533 
0.825952 
0.783097 
0.504153 
0.299056 
0.226283 
0.141112 
0.663777 
0.103813 
0.788951 
0.892822 
0.658128 
0.153096 
0.086378 
0.760732 
0.625512 
0.982657 
0.518131 
0.231947 
0.335299 
0.375401 
0.361871 
0.968520 
0.919250 
0.827702 
0.192847 
0.179068 
0.599878 
0.143072 
0.612213 
0.458100 
0.280598 
0.008110 
0.302857 
0.124558 
0.439340 
0.982759 
0.226150 
0.907294 
0.885210 
0.721542 
0.950997 
0.402385 
0.889248 
0.584647 
0.161160 
0.621985 
0.709767 
0.052696 
0.658383 
0.440929 
0.694368 
0.248603 
0.273289 
0.169018 
0.687545 
0.565833 
0.947730 
0.497267 
0.558770 
0.251715 
0.567014 
0.811877 
0.215042 
0.205060 
0.444800 
0.756126 
0.217492 
0.390679 
0.137267 
0.048936 
0.468778 
0.757880 
0.681706 
0.437062 
0.695526 
0.711993 
0.467084 
0.289180 
0.241975 
0.875786 
0.329250 
0.706286 
0.544285 
0.804093 
0.395237 
0.744884 
0.271321 
0.093342 
0.791899 
0.442857 
0.098597 
0.122791 
0.748857 
0.047383 
0.362421 
0.210273 
0.053303 
0.861206 
0.283829 
0.305832 
0.117135 
0.684040 
0.655397 
0.260339 
0.517384 
0.669310 
0.086981 
0.891584 
0.846912 
0.047578 
0.640050 
0.315183 
0.273001 
0.325904 
0.473486 
0.880352 
0.073093 
0.475411 
0.235087 
0.102309 
0.502922 
0.610017 
0.557176 
0.449468 
0.205437 
0.780645 
0.304056 
0.261680 
0.063627 
0.387081 
0.677187 
0.484879 
0.368285 
0.766348 
0.005663 
0.185860 
0.755417 
0.293995 
0.175829 
0.162087 
0.197000 
0.984279 
0.780631 
0.067770 
0.004319 
0.583345 
0.280949 
0.901522 
0.888085 
0.044277 
0.161681 
0.367875 
0.872639 
0.444196 
0.594306 
0.501065 
0.395498 
0.136777 
0.805742 
0.109576 
0.651830 
0.302407 
0.549352 
0.961894 
0.546564 
0.094260 
0.236065 
0.537089 
0.861151 
0.360622 
0.976805 
0.157723 
0.855828 
0.899305 
0.615761 
0.087411 
0.108443 
0.603652 
0.582886 
0.558349 
0.172912 
0.136857 
0.154453 
0.885069 
0.361398 
0.020991 
0.794608 
0.979514 
0.698231 
0.172054 
0.706386 
0.229154 
0.390662 
0.864604 
0.403935 
0.934958 
0.845933 
0.603922 
0.117969 
0.708142 
0.744122 
0.459602 
0.523378 
0.413097 
0.928799 
0.327557 
0.248527 
0.994382 
0.579058 
0.221845 
0.547775 
0.453464 
0.376629 
0.998035 
0.968331 
0.741337 
0.645751 
0.140559 
0.375700 
0.397592 
0.327545 
0.051710 
0.082086 
0.616415 
0.088327 
0.517289 
0.067847 
0.298620 
0.908135 
0.022317 
0.084390 
0.335506 
0.857634 
0.259176 
0.978156 
0.874347 
0.151248 
0.017375 
0.022428 
0.951542 
0.568699 
0.130561 
0.338450 
0.323520 
0.405348 
0.679427 
0.130608 
0.124561 
0.505113 
0.426330 
0.333278 
0.403002 
0.261073 
0.854544 
0.313951 
0.581466 
0.696242 
0.743744 
0.112620 
0.797176 
0.142536 
0.596713 
0.949964 
0.041354 
0.033792 
0.944160 
0.498418 
0.911182 
0.239674 
0.203707 
0.707437 
0.885568 
0.745318 
0.561161 
0.439956 
0.346836 
0.273637 
0.010816 
0.781060 
0.268452 
0.872451 
0.282452 
0.169425 
0.529372 
0.163303 
0.631603 
0.359894 
0.743250 
0.810321 
0.064598 
0.705093 
0.491617 
0.604077 
0.727946 
0.587421 
0.784994 
0.398846 
0.405546 
0.017350 
0.602637 
0.527662 
0.410427 
0.054785 
0.769369 
0.790684 
0.026223 
0.733744 
0.029991 
0.067009 
0.220680 
0.970965 
0.014043 
0.024138 
0.685893 
0.795573 
0.203288 
0.666154 
0.047567 
0.459808 
0.999922 
0.682431 
0.613366 
0.844008 
0.250291 
0.635582 
0.220982 
0.038860 
0.124915 
0.450077 
0.450968 
0.425255 
0.253762 
0.983982 
0.785193 
0.733740 
0.972452 
0.001191 
0.010351 
0.975195 
0.109314 
0.236200 
0.813874 
0.782175 
0.016113 
0.803983 
0.540293 
0.710641 
0.742697 
0.508274 
0.563425 
0.488187 
0.960019 
0.038517 
0.349117 
0.614730 
0.768031 
0.297096 
0.294690 
0.856145 
0.234783 
0.003609 
0.659316 
0.121529 
0.545180 
0.847940 
0.331606 
0.295208 
0.554904 
0.277095 
0.139859 
0.604145 
0.857361 
0.674090 
0.433435 
0.740734 
0.512810 
0.798570 
0.564159 
0.816088 
0.995457 
0.651905 
0.570670 
0.247921 
0.804355 
0.800442 
0.025083 
0.572209 
0.117147 
0.888519 
0.343188 
0.960592 
0.669381 
0.278921 
0.833642 
0.026272 
0.545369 
0.024773 
0.361342 
0.073961 
0.064554 
0.957502 
0.739018 
0.672491 
0.550044 
0.595369 
0.365598 
0.603016 
0.890062 
0.266072 
0.867831 
0.642216 
0.719735 
0.582994 
0.372228 
0.028381 
0.004355 
0.202278 
0.683848 
0.437218 
0.316468 
0.875713 
0.111013 
0.797259 
0.531043 
0.241858 
0.912596 
0.995859 
0.400450 
0.369243 
0.871959 
0.016061 
0.932219 
0.809148 
0.345012 
0.621802 
0.631233 
0.137579 
0.282476 
0.576936 
0.570463 
0.776824 
0.085323 
0.017179 
0.729123 
0.376443 
0.871541 
0.989648 
0.016016 
0.173750 
0.219023 
0.122028 
0.920217 
0.092721 
0.364913 
0.094630 
0.439495 
0.597181 
0.818893 
0.131989 
0.337729 
0.215501 
0.924067 
0.797566 
0.684512 
0.586906 
0.127128 
0.641477 
0.307105 
0.519461 
0.575621 
0.460501 
0.633053 
0.713802 
0.875487 
0.317400 
0.537515 
0.008058 
0.432612 
0.911743 
0.661144 
0.839990 
0.705953 
0.959529 
0.806154 
0.038214 
0.266446 
0.160514 
0.759243 
0.600571 
0.800465 
0.410727 
0.096720 
0.569398 
0.873770 
0.448811 
0.174498 
0.792845 
0.337845 
0.164040 
0.018719 
0.610238 
0.266507 
0.178772 
0.614707 
0.386621 
0.934529 
0.624918 
0.000616 
0.356235 
0.246623 
0.986989 
0.328418 
0.714138 
0.524349 
0.741361 
0.057731 
0.289727 
0.439861 
0.740536 
0.194923 
0.063278 
0.510683 
0.055111 
0.251131 
0.751331 
0.617206 
0.376446 
0.923954 
0.898215 
0.304858 
0.753684 
0.161212 
0.491699 
0.978012 
0.449730 
0.612943 
0.732954 
0.752908 
0.128625 
0.793816 
0.661413 
0.370299 
0.617696 
0.611492 
0.352319 
0.419125 
0.229371 
0.030699 
0.958332 
0.683683 
0.652666 
0.355287 
0.302524 
0.521926 
0.009093 
0.823180 
0.190811 
0.956116 
0.448330 
0.080311 
0.781591 
0.201525 
0.024602 
0.486443 
0.640554 
0.783525 
0.711292 
0.685863 
0.299781 
0.415947 
0.824598 
0.020360 
0.188086 
0.154427 
0.453038 
0.212417 
0.095995 
0.390026 
0.162475 
0.713228 
0.215149 
0.016285 
0.708959 
0.473421 
0.782923 
0.581364 
0.985922 
0.396288 
0.414744 
0.607897 
0.919842 
0.788847 
0.148849 
0.698182 
0.352335 
0.701531 
0.638918 
0.293145 
0.889692 
0.056677 
0.575945 
0.913218 
0.456968 
0.253434 
0.467550 
0.112144 
0.811180 
0.509666 
0.948366 
0.189950 
0.483367 
0.955900 
0.805953 
0.656784 
0.575852 
0.347428 
0.217845 
0.319044 
0.170257 
0.502024 
0.522609 
0.481478 
0.199921 
0.075220 
0.214448 
0.229265 
0.250059 
0.743849 
0.871987 
0.491951 
0.218965 
0.146369 
0.024934 
0.066440 
0.663517 
0.732512 
0.330450 
0.874190 
0.506694 
0.004148 
0.717243 
0.696015 
0.920876 
0.164623 
0.821497 
0.899096 
0.111926 
0.145810 
0.628118 
0.774191 
0.821765 
0.406467 
0.486412 
0.118574 
0.870745 
0.614328 
0.015314 
0.388882 
0.933015 
0.183920 
0.138068 
0.514298 
0.811732 
0.781980 
0.737482 
0.862236 
0.603114 
0.538725 
0.358833 
0.906978 
0.585756 
0.802132 
0.430389 
0.555856 
0.275313 
0.188727 
0.934272 
0.313982 
0.093076 
0.321453 
0.663656 
0.071743 
0.791486 
0.504546 
0.903275 
0.336505 
0.647403 
0.908400 
0.474966 
0.746660 
0.115858 
0.218539 
0.990790 
0.209075 
0.920805 
0.975751 
0.442251 
0.917023 
0.404986 
0.605844 
0.413959 
0.414720 
0.198085 
0.206642 
0.027361 
0.851991 
0.407330 
0.992462 
0.304293 
0.245749 
0.295446 
0.565582 
0.737394 
0.376455 
0.074800 
0.157544 
0.841838 
0.776326 
0.716946 
0.711056 
0.715945 
0.888283 
0.371869 
0.003830 
0.371950 
0.359780 
0.819897 
0.004271 
0.789853 
0.059222 
0.344721 
0.727160 
0.372377 
0.546656 
0.655371 
0.815590 
0.619497 
0.885665 
0.375934 
0.327783 
0.053230 
0.643172 
0.794784 
0.938328 
0.479803 
0.053347 
0.599311 
0.612628 
0.443768 
0.411076 
0.962200 
0.696260 
0.038094 
0.248832 
0.113344 
0.973997 
0.972512 
0.004962 
0.389370 
0.135794 
0.281984 
0.298234 
0.424317 
0.489428 
0.810375 
0.964513 
0.577662 
0.769589 
0.489497 
0.968740 
0.609461 
0.210190 
0.658315 
0.302771 
0.679990 
0.589018 
0.619204 
0.960750 
0.328914 
0.055475 
0.367415 
0.138151 
0.909685 
0.078594 
0.921690 
0.845453 
0.531296 
0.493322 
0.264484 
0.185798 
0.701064 
0.786252 
0.538034 
0.733615 
0.860311 
0.240615 
0.024024 
0.770843 
0.551117 
0.625790 
0.648073 
0.166710 
0.898587 
0.558691 
0.917131 
0.217229 
0.969915 
0.359946 
0.604668 
0.648511 
0.519991 
0.490513 
0.050370 
0.565880 
0.740674 
0.511348 
0.223199 
0.307131 
0.945207 
0.099758 
0.634423 
0.741579 
0.718750 
0.036265 
0.497477 
0.099248 
0.053239 
0.791458 
0.041256 
0.392368 
0.523853 
0.394194 
0.219014 
0.966972 
0.893559 
0.040078 
0.588499 
0.910122 
0.420096 
0.549244 
0.151122 
0.911596 
0.202075 
0.272342 
0.246904 
0.712128 
0.741858 
0.404992 
0.706898 
0.829880 
0.790640 
0.288588 
0.297211 
0.228375 
0.292075 
0.908554 
0.067654 
0.058965 
0.024573 
0.999642 
0.990131 
0.132485 
0.673086 
0.563696 
0.038391 
0.240819 
0.439209 
0.783917 
0.289958 
0.325207 
0.754696 
0.167889 
0.710720 
0.076326 
0.810449 
0.221538 
0.387967 
0.562808 
0.121785 
0.845809 
0.520214 
0.234178 
0.835950 
0.815699 
0.444778 
0.391692 
0.160387 
0.628851 
0.093874 
0.742526 
0.634267 
0.125326 
0.346165 
0.999924 
0.720827 
0.937755 
0.843719 
0.387838 
0.391648 
0.434750 
0.839747 
0.635216 
0.078244 
0.054316 
0.886447 
0.510484 
0.699970 
0.395967 
0.016522 
0.681601 
0.660069 
0.777653 
0.012378 
0.037331 
0.422391 
0.120801 
0.301585 
0.737556 
0.098748 
0.652876 
0.890395 
0.869126 
0.401119 
0.604482 
0.522181 
0.303602 
0.632904 
0.210022 
0.832456 
0.085144 
0.021910 
0.244534 
0.885559 
0.586302 
0.976382 
0.051020 
0.493456 
0.508907 
0.198068 
0.928547 
0.095135 
0.928077 
0.192192 
0.174215 
0.027525 
0.609401 
0.195462 
0.126393 
0.294722 
0.397135 
0.652851 
0.465901 
0.391035 
0.124048 
0.879976 
0.759991 
0.176294 
0.979965 
0.266643 
0.474700 
0.277161 
0.252729 
0.619930 
0.156151 
0.429599 
0.270759 
0.642234 
0.022013 
0.966985 
0.116587 
0.472427 
0.073366 
0.062931 
0.688060 
0.229177 
0.781551 
0.519433 
0.111752 
0.215797 
0.905606 
0.520483 
0.761326 
0.606426 
0.203112 
0.696289 
0.534638 
0.663800 
0.493011 
0.031617 
0.389889 
0.870538 
0.135045 
0.707755 
0.242452 
0.889017 
0.713623 
0.861153 
0.406759 
0.392066 
0.451098 
0.598356 
0.562169 
0.380164 
0.415423 
0.015949 
0.055965 
0.597507 
0.303096 
0.132426 
0.677572 
0.957044 
0.041408 
0.944038 
0.446610 
0.175416 
0.214776 
0.733221 
0.251873 
0.231525 
0.246464 
0.313799 
0.018424 
0.649079 
0.067989 
0.698216 
0.920131 
0.636523 
0.049438 
0.901566 
0.619999 
0.326686 
0.615807 
0.869562 
0.731915 
0.288342 
0.159770 
0.250522 
0.516076 
0.681712 
0.536527 
0.409276 
0.700033 
0.451611 
0.228000 
0.994274 
0.765813 
0.020937 
0.884308 
0.556300 
0.731996 
0.657909 
0.483468 
0.648274 
0.537261 
0.751656 
0.080379 
0.934846 
0.952296 
0.246854 
0.876632 
0.556822 
0.514427 
0.970714 
0.796217 
0.021663 
0.087629 
0.773227 
0.619866 
0.086662 
0.527774 
0.292270 
0.184406 
0.313486 
0.756255 
0.375692 
0.251137 
0.860916 
0.409315 
0.362167 
0.943101 
0.705074 
0.171385 
0.472400 
0.624978 
0.999973 
0.547941 
0.245819 
0.480985 
0.909730 
0.831600 
0.698439 
0.655923 
0.095089 
0.160302 
0.203638 
0.536502 
0.990933 
0.610643 
0.080324 
0.002498 
0.987133 
0.740426 
0.345066 
0.528597 
0.125519 
0.592629 
0.321361 
0.120132 
0.057628 
0.554237 
0.066878 
0.015945 
0.986819 
0.461149 
0.530074 
0.958510 
0.679030 
0.452633 
0.402224 
0.174264 
0.862865 
0.163680 
0.973921 
0.689574 
0.673040 
0.786929 
0.912918 
0.412591 
0.413615 
0.635604 
0.590715 
0.147048 
0.431546 
0.999610 
0.440798 
0.495135 
0.735522 
0.910936 
0.105997 
0.495530 
0.377597 
0.269440 
0.475232 
0.230841 
0.743877 
0.332734 
0.253077 
0.459888 
0.338286 
0.564968 
0.412699 
0.227118 
0.177259 
0.189158 
0.179667 
0.657498 
0.565388 
0.478134 
0.990734 
0.260793 
0.144705 
0.056887 
0.099017 
0.174702 
0.215175 
0.444920 
0.770540 
0.465707 
0.133348 
0.177423 
0.942639 
0.935829 
0.477558 
0.313452 
0.180367 
0.430627 
0.544714 
0.008258 
0.797685 
0.688360 
0.259106 
0.802612 
0.503955 
0.965038 
0.391610 
0.785067 
0.624878 
0.326210 
0.613493 
0.980404 
0.646471 
0.242803 
0.782093 
0.642726 
0.289844 
0.407144 
0.868191 
0.682341 
0.112339 
0.080083 
0.949942 
0.668130 
0.259751 
0.637555 
0.390927 
0.307165 
0.513997 
0.740049 
0.006819 
0.598567 
0.110496 
0.114090 
0.512005 
0.271411 
0.598830 
0.532364 
0.438240 
0.496624 
0.761347 
0.956899 
0.596802 
0.458223 
0.346196 
0.513459 
0.704334 
0.736576 
0.630775 
0.442888 
0.617619 
0.314287 
0.227009 
0.348182 
0.887304 
0.926632 
0.911116 
0.132634 
0.183574 
0.334612 
0.824408 
0.819586 
0.784255 
0.978993 
0.932635 
0.797031 
0.700685 
0.412199 
0.822623 
0.824243 
0.057418 
0.021148 
0.437025 
0.082925 
0.723164 
0.216095 
0.908753 
0.419234 
0.064435 
0.958961 
0.249438 
0.297415 
0.652356 
0.153623 
0.947777 
0.289819 
0.995962 
0.135877 
0.689924 
0.551708 
0.554964 
0.272210 
0.038083 
0.065256 
0.762985 
0.495560 
0.875017 
0.416641 
0.482695 
0.657276 
0.831185 
0.721739 
0.267749 
0.064698 
0.379951 
0.841355 
0.654238 
0.773478 
0.841762 
0.488787 
0.040805 
0.812686 
0.806792 
0.751755 
0.739249 
0.552883 
0.300784 
0.270166 
0.687507 
0.926997 
0.044235 
0.457237 
0.783102 
0.593194 
0.804471 
0.748034 
0.203663 
0.956637 
0.202476 
0.015549 
0.336706 
0.013337 
0.154173 
0.189514 
0.160797 
0.518255 
0.309559 
0.751153 
0.631047 
0.001842 
0.957665 
0.481730 
0.432656 
0.657181 
0.240851 
0.980113 
0.755069 
0.440591 
0.011775 
0.896775 
0.094134 
0.105281 
0.453503 
0.022946 
0.651655 
0.367049 
0.986531 
0.629751 
0.228084 
0.414197 
0.403640 
0.983332 
0.860442 
0.450649 
0.059253 
0.868540 
0.551320 
0.036592 
0.999986 
0.766571 
0.753931 
0.315660 
0.301165 
0.684377 
0.323309 
0.847277 
0.180955 
0.305400 
0.849686 
0.667037 
0.887287 
0.627587 
0.852231 
0.453273 
0.162034 
0.298471 
0.393898 
0.244801 
0.363424 
0.063326 
0.317081 
0.182650 
0.801108 
0.226324 
0.822280 
0.055168 
0.213030 
0.403183 
0.289330 
0.770910 
0.681268 
0.077011 
0.323414 
0.621710 
0.085971 
0.922074 
0.300846 
0.318939 
0.408807 
0.818198 
0.455163 
0.930886 
0.408866 
0.806989 
0.070855 
0.862898 
0.725183 
0.152531 
0.593415 
0.526755 
0.172377 
0.139741 
0.628581 
0.562727 
0.756240 
0.132534 
0.503597 
0.959160 
0.608367 
0.816868 
0.100141 
0.075892 
0.523497 
0.412367 
0.651394 
0.973928 
0.800677 
0.983481 
0.360083 
0.910191 
0.576293 
0.758225 
0.480975 
0.754236 
0.438825 
0.331897 
0.195102 
0.075616 
0.879189 
0.521203 
0.852307 
0.729942 
0.132187 
0.661048 
0.238018 
0.367636 
0.861734 
0.169301 
0.445156 
0.729556 
0.645066 
0.619212 
0.098557 
0.446287 
0.753988 
0.278938 
0.103668 
0.343038 
0.440196 
0.371625 
0.896567 
0.603808 
0.197903 
0.147964 
0.823612 
0.446786 
0.138722 
0.499038 
0.331969 
0.409973 
0.423394 
0.982142 
0.863881 
0.245036 
0.326517 
0.773872 
0.473318 
0.060503 
0.876487 
0.122219 
0.133905 
0.533902 
0.289129 
0.387750 
0.920823 
0.275148 
0.420337 
0.598624 
0.065783 
0.616511 
0.697632 
0.106513 
0.167828 
0.690647 
0.704095 
0.723965 
0.680643 
0.571777 
0.860381 
0.420597 
0.976342 
0.385270 
0.231507 
0.942174 
0.124596 
0.083497 
0.331950 
0.077799 
0.565052 
0.825452 
0.376332 
0.005179 
0.041772 
0.059226 
0.418140 
0.683150 
0.705905 
0.143544 
0.544825 
0.871717 
0.945042 
0.315574 
0.855517 
0.681840 
0.686219 
0.288159 
0.080696 
0.259297 
0.003402 
0.170860 
0.651683 
0.829313 
0.265988 
0.458107 
0.398126 
0.311074 
0.227981 
0.673589 
0.004944 
0.092860 
0.695152 
0.418747 
0.879336 
0.004760 
0.001694 
0.478045 
0.495850 
0.754031 
0.994534 
0.129789 
0.360068 
0.656358 
0.411210 
0.210810 
0.081247 
0.514425 
0.935535 
0.533859 
0.575740 
0.455286 
0.984494 
0.398323 
0.621112 
0.030871 
0.854926 
0.739839 
0.471648 
0.979662 
0.186461 
0.849500 
0.550866 
0.406946 
0.545686 
0.339754 
0.251723 
0.715528 
0.872945 
0.581636 
0.549963 
0.235897 
0.725646 
0.936129 
0.527546 
0.465864 
0.781329 
0.804201 
0.202956 
0.080114 
0.477431 
0.183513 
0.302862 
0.197797 
0.369961 
0.937364 
0.274085 
0.543101 
0.905275 
0.965060 
0.767017 
0.258151 
0.745368 
0.397088 
0.859570 
0.795694 
0.235577 
0.346677 
0.592792 
0.056865 
0.733995 
0.252263 
0.782948 
0.002767 
0.506587 
0.209256 
0.972448 
0.927028 
0.558271 
0.859162 
0.940664 
0.733858 
0.956624 
0.987392 
0.094056 
0.791241 
0.390411 
0.644955 
0.753155 
0.280654 
0.958106 
0.885733 
0.520987 
0.226953 
0.401105 
0.368024 
0.370988 
0.200002 
0.436468 
0.713478 
0.418559 
0.726155 
0.482219 
0.662225 
0.009094 
0.838035 
0.849533 
0.095018 
0.966280 
0.272527 
0.366127 
0.492206 
0.509835 
0.791021 
0.687670 
0.670468 
0.563566 
0.858090 
0.917647 
0.886131 
0.195565 
0.861891 
0.799243 
0.877332 
0.319605 
0.600797 
0.590603 
0.267694 
0.130942 
0.737986 
0.325969 
0.565648 
0.847149 
0.040200 
0.642671 
0.370300 
0.637802 
0.532070 
0.502391 
0.691314 
0.908403 
0.536849 
0.815951 
0.687140 
0.765132 
0.581336 
0.519361 
0.902586 
0.759067 
0.638932 
0.533751 
0.755913 
0.631098 
0.856951 
0.776398 
0.919233 
