0.000001 
0.010323 
0.498343 
0.643420 
0.959524 
0.719986 
0.807167 
0.051849 
0.422562 
0.991959 
0.859930 
0.839240 
0.110195 
0.043292 
0.600614 
0.515897 
0.674555 
0.246038 
0.153908 
0.725243 
0.164911 
0.664000 
0.853208 
0.860192 
0.245737 
0.094129 
0.019058 
0.301691 
0.519111 
0.703152 
0.870394 
0.713175 
0.339214 
0.175499 
0.605694 
0.892006 
0.940944 
0.450271 
0.705431 
0.178312 
0.881707 
0.844290 
0.983828 
0.189069 
0.676346 
0.353000 
0.872680 
0.126193 
0.928703 
0.704446 
0.626644 
0.006612 
0.128198 
0.624478 
0.602122 
0.870508 
0.622997 
0.716428 
0.008642 
0.245486 
0.884348 
0.237429 
0.465698 
0.989100 
0.804449 
0.380946 
0.555247 
0.044605 
0.676688 
0.101046 
0.275030 
0.432658 
0.683493 
0.470895 
0.325206 
0.736812 
0.604043 
0.152559 
0.060775 
0.437312 
0.899797 
0.891019 
0.356930 
0.929498 
0.072542 
0.217967 
0.367768 
0.080134 
0.818426 
0.284942 
0.026750 
0.584045 
0.038495 
0.989112 
0.008013 
0.678815 
0.849678 
0.534536 
0.952533 
0.229482 
0.905498 
0.703944 
0.183009 
0.833118 
0.214241 
0.756650 
0.012695 
0.373154 
0.597902 
0.939340 
0.495277 
0.120842 
0.998007 
0.496096 
0.882738 
0.176215 
0.650249 
0.733362 
0.619248 
0.702447 
0.033558 
0.016254 
0.181767 
0.956474 
0.452814 
0.449828 
0.252043 
0.086538 
0.442352 
0.601704 
0.834649 
0.940683 
0.065407 
0.291944 
0.695656 
0.889594 
0.409720 
0.158422 
0.596031 
0.499156 
0.314295 
0.353257 
0.184242 
0.556757 
0.411910 
0.979423 
0.163269 
0.060279 
0.101360 
0.554730 
0.350691 
0.056267 
0.684491 
0.234633 
0.479746 
0.090320 
0.006017 
0.133338 
0.003685 
0.935280 
0.253282 
0.903279 
0.413548 
0.505390 
0.087191 
0.426864 
0.307345 
0.550088 
0.325741 
0.735063 
0.202894 
0.037673 
0.170202 
0.577018 
0.939890 
0.732842 
0.882179 
0.782663 
0.209257 
0.979030 
0.550308 
0.022347 
0.583923 
0.997910 
0.878534 
0.521147 
0.912619 
0.382333 
0.867967 
0.915659 
0.474124 
0.595011 
0.355799 
0.919341 
0.363596 
0.957619 
0.701128 
0.853667 
0.582345 
0.476693 
0.775853 
0.765824 
0.210570 
0.044914 
0.873257 
0.824693 
0.608072 
0.864553 
0.539325 
0.429351 
0.103569 
0.689248 
0.190183 
0.410992 
0.537190 
0.558870 
0.932240 
0.150111 
0.920291 
0.323269 
0.182881 
0.675044 
0.458388 
0.122686 
0.990718 
0.004041 
0.916027 
0.668687 
0.622789 
0.212711 
0.040108 
0.099240 
0.934638 
0.467817 
0.598204 
0.008269 
0.969137 
0.286684 
0.304900 
0.451052 
0.835825 
0.703933 
0.998017 
0.674420 
0.971241 
0.643481 
0.993505 
0.834867 
0.604309 
0.614028 
0.966132 
0.784861 
0.159401 
0.051309 
0.354852 
0.995239 
0.977581 
0.209892 
0.661257 
0.740420 
0.237822 
0.066286 
0.065789 
0.709872 
0.811907 
0.722402 
0.405252 
0.071022 
0.668229 
0.919192 
0.857851 
0.898602 
0.811937 
0.216880 
0.094245 
0.970884 
0.642214 
0.686019 
0.918202 
0.224500 
0.163613 
0.843097 
0.926103 
0.015642 
0.888017 
0.907552 
0.218717 
0.984063 
0.151528 
0.732332 
0.305206 
0.599872 
0.047426 
0.088904 
0.205457 
0.117336 
0.059701 
0.402641 
0.192303 
0.033635 
0.301383 
0.344269 
0.128405 
0.097727 
0.494047 
0.445234 
0.047743 
0.423185 
0.468024 
0.081627 
0.899318 
0.830782 
0.956602 
0.609065 
0.557377 
0.829966 
0.243034 
0.676698 
0.266088 
0.143907 
0.637692 
0.697475 
0.466397 
0.736527 
0.813679 
0.503192 
0.155165 
0.864564 
0.729122 
0.352251 
0.288238 
0.413597 
0.328458 
0.390219 
0.416178 
0.707119 
0.549377 
0.387531 
0.229172 
0.689708 
0.923489 
0.083296 
0.956499 
0.882075 
0.034432 
0.692755 
0.128974 
0.659789 
0.075155 
0.137759 
0.312674 
0.114674 
0.327900 
0.017602 
0.838769 
0.197023 
0.369540 
0.859790 
0.495360 
0.515713 
0.583374 
0.765855 
0.719800 
0.682638 
0.089151 
0.354176 
0.641141 
0.662970 
0.544323 
0.441019 
0.203511 
0.417215 
0.136357 
0.756657 
0.128401 
0.027814 
0.466985 
0.622891 
0.926115 
0.213453 
0.505613 
0.832070 
0.600802 
0.675989 
0.344963 
0.785007 
0.610925 
0.816529 
0.410371 
0.103912 
0.454261 
0.766459 
0.869795 
0.645467 
0.364689 
0.334317 
0.873039 
0.174842 
0.565958 
0.055731 
0.674352 
0.829882 
0.830148 
0.291342 
0.592878 
0.494241 
0.701090 
0.214527 
0.548877 
0.968056 
0.112830 
0.329381 
0.908618 
0.146331 
0.386154 
0.083710 
0.912725 
0.167395 
0.401300 
0.644361 
0.772163 
0.744822 
0.223895 
0.996541 
0.864813 
0.919751 
0.260913 
0.158007 
0.626736 
0.545730 
0.086539 
0.455930 
0.819766 
0.809883 
0.698662 
0.416564 
0.186132 
0.318065 
0.719878 
0.988984 
0.850596 
0.972136 
0.686562 
0.039170 
0.335868 
0.940179 
0.586592 
0.856092 
0.335776 
0.389423 
0.031561 
0.439526 
0.105386 
0.225166 
0.363586 
0.784046 
0.456062 
0.038831 
0.639719 
0.764901 
0.699019 
0.410326 
0.348879 
0.609226 
0.254210 
0.515618 
0.991772 
0.715107 
0.799057 
0.757209 
0.412682 
0.938208 
0.459810 
0.018689 
0.110047 
0.554929 
0.687025 
0.826126 
0.699710 
0.033971 
0.956451 
0.077696 
0.843642 
0.088950 
0.985715 
0.908662 
0.887903 
0.986194 
0.954804 
0.388675 
0.461441 
0.441082 
0.262881 
0.240681 
0.117164 
0.179864 
0.968889 
0.124316 
0.379192 
0.072101 
0.808313 
0.309155 
0.963320 
0.512777 
0.239086 
0.322298 
0.858421 
0.473477 
0.720404 
0.835317 
0.169441 
0.802341 
0.938278 
0.634031 
0.159196 
0.598957 
0.668822 
0.886723 
0.148688 
0.991660 
0.822902 
0.513405 
0.791646 
0.194336 
0.204917 
0.040453 
0.900693 
0.950855 
0.025000 
0.181495 
0.378345 
0.845186 
0.049346 
0.353573 
0.497807 
0.638799 
0.288914 
0.772140 
0.356532 
0.239611 
0.149691 
0.855818 
0.738802 
0.038801 
0.133463 
0.111538 
0.613147 
0.167892 
0.767360 
0.015299 
0.126166 
0.472543 
0.024464 
0.170440 
0.583673 
0.789765 
0.588303 
0.606666 
0.240485 
0.831983 
0.140988 
0.590055 
0.062240 
0.069150 
0.201967 
0.454300 
0.413332 
0.862598 
0.692162 
0.174043 
0.144791 
0.506667 
0.553506 
0.771401 
0.941563 
0.846280 
0.427093 
0.151548 
0.070095 
0.081529 
0.258762 
0.011169 
0.724569 
0.827061 
0.421838 
0.824287 
0.797628 
0.733613 
0.832793 
0.753752 
0.315711 
0.156979 
0.341510 
0.765291 
0.239203 
0.278366 
0.492424 
0.178469 
0.523826 
0.949265 
0.295758 
0.804405 
0.633559 
0.222631 
0.758757 
0.423690 
0.960942 
0.548573 
0.859988 
0.818491 
0.381323 
0.892415 
0.822420 
0.418176 
0.285867 
0.562508 
0.065012 
0.650134 
0.809437 
0.210940 
0.268513 
0.906228 
0.977350 
0.320829 
0.166648 
0.854925 
0.731566 
0.436205 
0.304837 
0.393272 
0.714530 
0.111006 
0.680787 
0.985680 
0.323453 
0.281332 
0.353832 
0.849839 
0.251265 
0.007243 
0.726949 
0.832542 
0.531230 
0.390563 
0.195521 
0.129084 
0.521526 
0.284199 
0.531803 
0.006056 
0.785110 
0.339144 
0.990907 
0.177618 
0.226044 
0.115626 
0.333984 
0.261948 
0.552246 
0.597026 
0.219599 
0.801791 
0.698122 
0.333687 
0.269178 
0.072602 
0.226574 
0.037140 
0.204822 
0.436877 
0.597129 
0.953969 
0.364870 
0.371152 
0.954822 
0.685592 
0.742048 
0.595795 
0.531586 
0.364133 
0.990775 
0.958514 
0.738518 
0.271361 
0.758278 
0.373917 
0.426636 
0.472456 
0.560049 
0.740287 
0.005021 
0.387631 
0.912209 
0.496435 
0.581211 
0.418216 
0.952603 
0.398217 
0.838015 
0.513523 
0.783160 
0.562982 
0.046413 
0.070323 
0.917460 
0.743327 
0.092132 
0.455078 
0.500367 
0.668873 
0.754988 
0.082442 
0.601709 
0.927188 
0.243490 
0.342736 
0.371103 
0.135471 
0.863013 
0.665262 
0.054834 
0.596734 
0.307958 
0.842859 
0.932440 
0.518495 
0.337392 
0.542283 
0.154509 
0.833586 
0.083632 
0.608014 
0.897347 
0.704853 
0.456818 
0.744316 
0.715747 
0.557059 
0.496186 
0.398886 
0.071148 
0.780080 
0.812869 
0.886781 
0.132900 
0.657745 
0.725800 
0.519395 
0.468354 
0.625772 
0.347674 
0.351788 
0.499506 
0.190677 
0.712257 
0.906780 
0.256411 
0.495518 
0.170722 
0.331086 
0.559751 
0.731904 
0.107490 
0.584561 
0.722736 
0.028827 
0.496390 
0.827649 
0.302284 
0.494155 
0.270265 
0.344560 
0.028268 
0.092287 
0.073719 
0.991977 
0.164837 
0.419928 
0.737942 
0.593781 
0.679416 
0.946837 
0.485758 
0.136542 
0.862583 
0.425776 
0.022348 
0.606440 
0.432127 
0.755046 
0.057576 
0.683961 
0.327912 
0.215328 
0.009449 
0.809883 
0.706473 
0.691276 
0.280243 
0.050897 
0.421581 
0.510252 
0.801123 
0.479123 
0.624375 
0.862680 
0.070942 
0.317718 
0.890008 
0.359058 
0.690488 
0.030216 
0.838646 
0.122315 
0.754206 
0.933719 
0.014588 
0.183213 
0.254752 
0.614453 
0.114276 
0.639822 
0.479980 
0.021450 
0.516237 
0.397439 
0.754399 
0.189262 
0.919860 
0.084691 
0.408778 
0.334967 
0.785972 
0.835873 
0.515120 
0.626683 
0.654855 
0.140114 
0.902105 
0.675249 
0.915248 
0.574483 
0.327900 
0.015411 
0.008189 
0.627533 
0.947503 
0.684964 
0.186788 
0.343220 
0.501253 
0.562861 
0.005789 
0.302056 
0.652566 
0.683879 
0.960950 
0.693713 
0.228269 
0.519191 
0.048019 
0.060833 
0.420531 
0.860584 
0.832041 
0.114354 
0.944767 
0.696161 
0.386057 
0.463284 
0.408303 
0.352250 
0.267435 
0.786156 
0.929511 
0.298169 
0.320861 
0.713602 
0.504788 
0.965113 
0.659325 
0.275991 
0.574967 
0.474579 
0.250609 
0.989405 
0.933406 
0.749641 
0.213911 
0.198010 
0.956356 
0.471092 
0.634954 
0.672805 
0.827983 
0.917399 
0.727174 
0.620332 
0.926860 
0.743188 
0.769070 
0.751113 
0.950607 
0.843465 
0.119743 
0.521960 
0.583501 
0.907603 
0.087828 
0.123899 
0.366953 
0.370832 
0.574154 
0.798554 
0.305012 
0.336847 
0.392029 
0.828737 
0.581905 
0.071343 
0.063023 
0.231937 
0.162493 
0.021039 
0.596357 
0.973607 
0.418648 
0.208868 
0.447721 
0.846120 
0.735237 
0.123930 
0.886342 
0.744604 
0.565756 
0.655909 
0.869956 
0.344289 
0.460939 
0.006807 
0.408582 
0.030689 
0.794894 
0.780053 
0.346722 
0.364582 
0.524305 
0.997238 
0.576372 
0.091298 
0.443968 
0.764370 
0.774446 
0.108213 
0.732268 
0.232140 
0.585277 
0.757305 
0.027966 
0.022303 
0.842257 
0.819417 
0.940176 
0.541395 
0.225365 
0.715040 
0.684911 
0.300765 
0.950224 
0.422728 
0.781426 
0.426842 
0.932572 
0.731565 
0.409283 
0.814846 
0.110963 
0.958076 
0.391709 
0.461186 
0.152200 
0.028827 
0.501696 
0.010270 
0.602693 
0.458945 
0.486452 
0.798889 
0.924517 
0.362565 
0.636682 
0.713761 
0.179246 
0.584229 
0.132447 
0.033672 
0.926405 
0.083568 
0.525041 
0.355912 
0.818394 
0.744813 
0.077839 
0.238339 
0.758291 
0.590989 
0.758728 
0.941672 
0.680108 
0.572384 
0.057013 
0.217106 
0.903996 
0.461547 
0.223373 
0.231837 
0.485099 
0.053057 
0.730072 
0.325433 
0.547722 
0.562299 
0.563306 
0.486812 
0.853759 
0.134314 
0.420082 
0.311245 
0.086985 
0.953749 
0.651563 
0.820652 
0.698048 
0.085349 
0.465818 
0.001291 
0.695932 
0.531703 
0.338766 
0.632413 
0.959330 
0.460053 
0.109196 
0.255784 
0.965811 
0.389026 
0.352130 
0.251159 
0.231948 
0.352776 
0.099282 
0.628556 
0.134265 
0.588491 
0.763565 
0.243475 
0.083981 
0.468752 
0.312309 
0.972352 
0.314858 
0.826216 
0.207633 
0.682688 
0.945089 
0.115914 
0.172809 
0.393298 
0.166010 
0.131391 
0.285008 
0.135840 
0.067078 
0.379914 
0.216607 
0.518761 
0.823028 
0.636331 
0.811293 
0.404797 
0.429152 
0.751903 
0.236862 
0.944137 
0.116045 
0.369467 
0.630448 
0.934212 
0.298518 
0.196602 
0.286504 
0.267689 
0.055456 
0.056019 
0.512637 
0.885126 
0.307145 
0.178848 
0.897348 
0.720106 
0.823967 
0.419089 
0.624854 
0.920405 
0.247640 
0.088843 
0.178481 
0.728775 
0.529323 
0.332330 
0.475410 
0.209205 
0.106843 
0.716121 
0.854031 
0.695921 
0.351439 
0.628891 
0.775027 
0.870841 
0.232274 
0.822257 
0.677139 
0.674788 
0.154910 
0.570658 
0.047808 
0.514650 
0.727959 
0.799860 
0.246716 
0.549712 
0.004727 
0.451242 
0.030791 
0.506724 
0.514302 
0.876425 
0.073337 
0.571075 
0.064227 
0.457099 
0.455360 
0.229631 
0.402728 
0.649847 
0.973610 
0.458562 
0.051588 
0.034864 
0.961793 
0.848148 
0.815780 
0.813884 
0.954660 
0.977425 
0.589679 
0.730551 
0.367786 
0.384204 
0.324571 
0.062920 
0.501675 
0.656753 
0.040802 
0.766541 
0.259993 
0.702775 
0.538071 
0.357251 
0.317421 
0.895109 
0.101136 
0.795389 
0.094921 
0.328988 
0.304172 
0.221513 
0.967308 
0.538234 
0.091323 
0.859869 
0.813970 
0.396872 
0.234873 
0.516032 
0.942261 
0.583228 
0.307224 
0.518268 
0.537486 
0.526157 
0.124845 
0.269634 
0.737921 
0.230113 
0.513014 
0.234330 
0.390078 
0.041321 
0.486071 
0.403595 
0.215549 
0.740350 
0.057331 
0.564011 
0.337015 
0.217223 
0.865652 
0.013532 
0.430565 
0.511453 
0.994854 
0.516233 
0.321993 
0.730122 
0.153956 
0.532588 
0.208523 
0.642222 
0.824866 
0.530102 
0.418521 
0.075603 
0.666656 
0.481028 
0.634178 
0.626959 
0.305087 
0.605384 
0.694420 
0.117385 
0.888537 
0.649019 
0.062739 
0.458556 
0.950127 
0.778979 
0.294396 
0.907837 
0.021314 
0.226993 
0.068256 
0.175236 
0.191073 
0.371848 
0.646854 
0.670357 
0.689824 
0.870079 
0.425039 
0.623446 
0.260187 
0.967255 
0.659497 
0.160008 
0.249898 
0.035808 
0.824223 
0.716392 
0.393568 
0.690716 
0.862077 
0.923561 
0.288510 
0.986647 
0.568061 
0.402847 
0.650713 
0.529913 
0.248418 
0.168365 
0.708479 
0.410492 
0.133595 
0.332700 
0.695111 
0.736358 
0.968050 
0.021113 
0.838042 
0.969847 
0.225435 
0.886898 
0.101005 
0.596867 
0.551778 
0.726720 
0.978313 
0.511317 
0.704358 
0.141004 
0.845978 
0.347912 
0.363186 
0.061281 
0.942963 
0.378724 
0.221549 
0.568404 
0.166514 
0.602489 
0.024601 
0.468872 
0.338219 
0.449577 
0.041746 
0.623415 
0.736407 
0.800784 
0.773309 
0.999929 
0.802534 
0.192263 
0.363283 
0.695215 
0.481607 
0.368655 
0.985541 
0.982860 
0.932721 
0.248149 
0.648136 
0.217408 
0.978183 
0.328801 
0.155992 
0.751619 
0.459639 
0.146717 
0.871772 
0.870291 
0.975964 
0.027918 
0.217736 
0.494561 
0.081085 
0.789314 
0.003855 
0.783092 
0.434404 
0.034288 
0.271652 
0.651136 
0.642157 
0.739545 
0.527331 
0.850465 
0.768559 
0.170007 
0.315864 
0.722024 
0.062348 
0.876008 
0.068040 
0.543824 
0.051988 
0.769165 
0.361592 
0.270499 
0.284245 
0.309290 
0.233006 
0.129027 
0.560549 
0.153806 
0.021106 
0.732308 
0.894330 
0.997532 
0.523616 
0.415628 
0.458260 
0.979013 
0.264395 
0.683870 
0.810293 
0.591291 
0.825817 
0.504152 
0.278699 
0.096496 
0.811669 
0.714784 
0.376229 
0.276107 
0.529775 
0.930999 
0.303145 
0.950156 
0.271829 
0.623528 
0.641792 
0.596072 
0.178234 
0.585096 
0.715853 
0.338889 
0.704413 
0.062590 
0.946683 
0.897022 
0.250820 
0.534555 
0.262990 
0.070462 
0.257419 
0.437377 
0.993783 
0.506121 
0.380077 
0.962239 
0.342522 
0.770950 
0.358312 
0.147988 
0.228627 
0.527323 
0.714145 
0.643365 
0.036505 
0.547866 
0.982283 
0.231240 
0.452883 
0.602401 
0.559027 
0.571127 
0.929980 
0.167223 
0.516101 
0.107224 
0.114531 
0.915038 
0.049055 
0.473542 
0.820001 
0.763013 
0.961605 
0.687226 
0.202367 
0.180751 
0.880729 
0.412812 
0.134545 
0.303910 
0.807073 
0.472519 
0.623065 
0.860362 
0.097908 
0.541799 
0.022230 
0.627918 
0.416209 
0.218384 
0.386926 
0.060808 
0.007690 
0.242259 
0.651295 
0.319895 
0.472993 
0.599083 
0.782552 
0.349469 
0.522895 
0.301989 
0.532848 
0.572530 
0.507504 
0.619338 
0.219613 
0.028403 
0.374778 
0.885791 
0.483748 
0.347962 
0.189815 
0.214002 
0.732699 
0.464308 
0.629931 
0.256623 
0.065923 
0.972749 
0.990282 
0.667235 
0.211146 
0.726211 
0.432568 
0.164301 
0.407763 
0.264904 
0.242404 
0.090055 
0.546983 
0.136232 
0.649391 
0.315867 
0.783602 
0.001665 
0.978683 
0.727278 
0.356448 
0.822866 
0.916206 
0.669184 
0.974621 
0.447950 
0.703635 
0.001021 
0.164370 
0.573915 
0.789951 
0.702227 
0.335662 
0.463659 
0.711872 
0.438341 
0.195275 
0.985961 
0.047239 
0.938735 
0.324965 
0.685915 
0.171051 
0.860212 
0.587091 
0.246296 
0.500790 
0.785845 
0.694938 
0.827023 
0.768375 
0.076666 
0.531251 
0.740848 
0.432305 
0.756490 
0.325480 
0.347444 
0.488105 
0.581944 
0.733243 
0.608380 
0.040851 
0.580100 
0.744608 
0.631622 
0.677934 
0.044347 
0.343799 
0.230009 
0.767319 
0.336072 
0.356146 
0.753445 
0.155465 
0.900207 
0.772769 
0.928658 
0.956120 
0.509493 
0.048125 
0.837184 
0.552306 
0.600562 
0.652484 
0.294229 
0.111288 
0.412704 
0.310845 
0.368516 
0.654895 
0.818778 
0.201404 
0.990763 
0.761438 
0.485475 
0.373742 
0.489306 
0.762112 
0.815365 
0.841975 
0.067613 
0.377492 
0.503208 
0.421818 
0.488544 
0.958054 
0.020896 
0.200784 
0.572035 
0.185577 
0.989988 
0.724021 
0.628777 
0.848660 
0.422743 
0.049479 
0.596086 
0.414857 
0.498583 
0.687164 
0.166977 
0.389069 
0.074629 
0.293609 
0.692872 
0.098354 
0.039571 
0.064801 
0.105055 
0.663693 
0.690567 
0.352857 
0.461767 
0.910556 
0.709200 
0.531307 
0.679159 
0.629264 
0.034173 
0.348447 
0.344304 
0.723913 
0.808027 
0.503013 
0.133772 
0.306838 
0.027673 
0.092872 
0.897933 
0.562838 
0.613234 
0.629678 
0.000816 
0.710562 
0.421856 
0.138845 
0.564409 
0.022723 
0.898895 
0.734558 
0.723328 
0.974194 
0.272211 
0.046434 
0.416076 
0.993864 
0.875251 
0.337660 
0.046093 
0.679301 
0.005929 
0.640450 
0.039059 
0.464466 
0.281967 
0.019976 
0.729797 
0.697802 
0.963584 
0.958155 
0.702752 
0.145305 
0.133353 
0.264327 
0.538239 
0.177327 
0.328623 
0.160856 
0.503172 
0.814045 
0.658530 
0.915549 
0.627601 
0.095428 
0.858502 
0.841815 
0.392670 
0.603033 
0.182557 
0.227828 
0.105538 
0.773596 
0.829699 
0.744664 
0.570669 
0.239445 
0.348931 
0.479878 
0.306990 
0.585291 
0.984348 
0.939200 
0.132700 
0.282584 
0.396974 
0.946172 
0.305711 
0.090802 
0.103774 
0.125822 
0.696033 
0.219178 
0.727418 
0.718352 
0.348875 
0.535180 
0.775197 
0.733665 
0.702874 
0.204274 
0.226196 
0.668095 
0.673595 
0.114912 
0.330321 
0.705534 
0.911751 
0.791789 
0.600287 
0.025597 
0.206181 
0.289649 
0.123912 
0.582225 
0.449233 
0.254146 
0.429083 
0.600644 
0.028226 
0.401242 
0.681639 
0.308844 
0.734139 
0.671167 
0.298667 
0.695303 
0.961511 
0.112091 
0.907125 
0.053606 
0.955178 
0.678611 
0.408705 
0.104450 
0.494156 
0.277880 
0.330828 
0.232246 
0.358866 
0.456241 
0.039266 
0.939249 
0.955298 
0.693345 
0.049969 
0.826938 
0.338967 
0.015040 
0.775206 
0.880753 
0.824064 
0.050699 
0.096775 
0.495555 
0.792543 
0.271429 
0.913810 
0.402185 
0.530037 
0.329833 
0.511584 
0.188312 
0.954427 
0.047618 
0.309345 
0.163749 
0.128944 
0.167886 
0.662095 
0.832048 
0.234583 
0.628268 
0.305121 
0.169384 
0.833585 
0.059324 
0.051644 
0.987216 
0.137543 
0.681779 
0.657083 
0.595169 
0.003249 
0.601550 
0.242751 
0.913695 
0.472829 
0.834504 
0.505806 
0.081062 
0.408945 
0.135813 
0.608828 
0.579343 
0.013782 
0.636237 
0.235743 
0.138053 
0.254925 
0.517895 
0.265997 
0.613460 
0.423221 
0.076720 
0.433099 
0.103251 
0.344793 
0.928492 
0.159782 
0.452403 
0.533321 
0.520998 
0.416680 
0.140165 
0.752244 
0.967486 
0.543372 
0.445063 
0.169064 
0.457026 
0.229625 
0.307403 
0.519587 
0.700785 
0.099955 
0.946636 
0.111975 
0.958367 
0.275896 
0.985557 
0.254412 
0.899357 
0.486014 
0.431763 
0.642245 
0.205071 
0.635850 
0.725073 
0.299012 
0.499049 
0.518300 
0.061634 
0.874905 
0.524483 
0.986269 
0.225344 
0.364740 
0.185052 
0.162148 
0.228970 
0.293948 
0.387205 
0.756865 
0.626709 
0.103736 
0.489953 
0.645359 
0.553566 
0.780150 
0.978614 
0.571863 
0.301247 
0.053545 
0.938580 
0.709158 
0.810984 
0.204214 
0.226619 
0.793331 
0.517450 
0.778713 
0.831526 
0.457215 
0.420412 
0.869015 
0.542630 
0.983620 
0.704346 
0.950024 
0.060871 
0.066840 
0.382666 
0.475153 
0.900898 
0.396000 
0.564728 
0.377509 
0.790467 
0.384794 
0.226290 
0.252497 
0.709578 
0.878759 
0.297628 
0.236145 
0.885268 
0.692074 
0.689029 
0.507180 
0.174807 
0.984224 
0.851939 
0.530753 
0.365576 
0.241391 
0.055023 
0.766554 
0.479836 
0.599244 
0.491571 
0.839457 
0.749120 
0.458653 
0.584406 
0.105285 
0.530960 
0.852435 
0.877529 
0.627404 
0.783880 
0.668818 
0.828651 
0.138300 
0.400169 
0.638923 
0.380503 
0.114483 
0.123284 
0.028718 
0.661122 
0.479405 
0.365440 
0.955520 
0.418626 
0.853285 
0.159854 
0.673911 
0.425143 
0.377265 
0.694670 
0.319511 
0.026209 
0.503007 
0.032921 
0.310900 
0.297491 
0.927272 
0.659312 
0.054763 
0.396310 
0.778937 
0.587330 
0.257905 
0.614086 
0.939474 
0.744959 
0.526506 
0.992266 
0.017867 
0.292365 
0.775366 
0.578135 
0.717361 
0.691809 
0.240693 
0.322231 
0.732989 
0.339542 
0.675073 
0.946346 
0.240702 
0.471347 
0.922466 
0.887745 
0.336036 
0.760521 
0.070079 
0.812419 
0.331917 
0.522166 
0.039783 
0.625603 
0.510216 
0.195159 
0.034338 
0.126698 
0.417566 
0.034818 
0.183758 
0.413553 
0.579490 
0.486970 
0.498055 
0.806794 
0.790292 
0.431318 
0.153489 
0.694033 
0.616043 
0.842540 
0.574688 
0.774101 
0.312739 
0.210921 
0.957423 
0.410687 
0.421398 
0.436735 
0.201728 
0.446228 
0.755116 
0.242575 
0.952001 
0.285351 
0.890452 
0.829633 
0.639244 
0.778859 
0.276922 
0.228348 
0.836964 
0.854636 
0.862563 
0.095144 
0.076950 
0.303998 
0.298654 
0.470334 
0.907791 
0.237104 
0.009083 
0.659367 
0.973367 
0.381118 
0.442419 
0.729264 
0.746862 
0.510663 
0.707213 
0.133372 
0.583549 
0.701541 
0.807208 
0.750204 
0.670935 
0.410464 
0.669851 
0.192602 
0.057350 
0.881441 
0.378165 
0.813486 
0.256353 
0.519914 
0.196204 
0.594042 
0.068906 
0.099157 
0.531159 
0.190883 
0.162590 
0.656061 
0.418754 
0.992678 
0.935008 
0.677970 
0.649255 
0.030982 
0.720967 
0.294666 
0.448618 
0.930617 
0.878877 
0.288296 
0.398710 
0.121389 
0.187729 
0.166934 
0.652059 
0.161120 
0.940418 
0.609949 
0.407607 
0.652994 
0.873292 
