0.000001 
0.008742 
0.927709 
0.011145 
0.312197 
0.101004 
0.577411 
0.548836 
0.291889 
0.774085 
0.051965 
0.371821 
0.188088 
0.188292 
0.617047 
0.716646 
0.675116 
0.673862 
0.598874 
0.275282 
0.662779 
0.331833 
0.125120 
0.886910 
0.297565 
0.168417 
0.579445 
0.724783 
0.427481 
0.671282 
0.229894 
0.828368 
0.375210 
0.159994 
0.017862 
0.203465 
0.637631 
0.657280 
0.910513 
0.988760 
0.083295 
0.942435 
0.508670 
0.211668 
0.498468 
0.746248 
0.190131 
0.535980 
0.217863 
0.617033 
0.471540 
0.174667 
0.626382 
0.594042 
0.070941 
0.298982 
0.988543 
0.439917 
0.682072 
0.585450 
0.650354 
0.497504 
0.552073 
0.698123 
0.359795 
0.079239 
0.771957 
0.283415 
0.348644 
0.652667 
0.377717 
0.289825 
0.086779 
0.500371 
0.734083 
0.727839 
0.785986 
0.074608 
0.943810 
0.611431 
0.318479 
0.671924 
0.033125 
0.724222 
0.004571 
0.832046 
0.199998 
0.362782 
0.285202 
0.394451 
0.535163 
0.478679 
0.161485 
0.084032 
0.326725 
0.273872 
0.961403 
0.294221 
0.967384 
0.827393 
0.995786 
0.168541 
0.663701 
0.816219 
0.192045 
0.705214 
0.538424 
0.287197 
0.921044 
0.980473 
0.802293 
0.137969 
0.842891 
0.470158 
0.953767 
0.956658 
0.558247 
0.460323 
0.643442 
0.331034 
0.687252 
0.636206 
0.714961 
0.350554 
0.765575 
0.020817 
0.868485 
0.631283 
0.980369 
0.060730 
0.691662 
0.768570 
0.349552 
0.924262 
0.063721 
0.955024 
0.089202 
0.210733 
0.794365 
0.887458 
0.508012 
0.151317 
0.191659 
0.215237 
0.485295 
0.351793 
0.592397 
0.412685 
0.991826 
0.625196 
0.670752 
0.322101 
0.543272 
0.776410 
0.128792 
0.601886 
0.893648 
0.537481 
0.450429 
0.365207 
0.032536 
0.839244 
0.174324 
0.863928 
0.030624 
0.695078 
0.169298 
0.397610 
0.637493 
0.342733 
0.319661 
0.537590 
0.269231 
0.957945 
0.175783 
0.378002 
0.083695 
0.665075 
0.917164 
0.782090 
0.578236 
0.418470 
0.219289 
0.591104 
0.680305 
0.888644 
0.432445 
0.104675 
0.265746 
0.390289 
0.580437 
0.400021 
0.152713 
0.639806 
0.216176 
0.277225 
0.327642 
0.677442 
0.769128 
0.731968 
0.186981 
0.591680 
0.364827 
0.641523 
0.081446 
0.868220 
0.166199 
0.304553 
0.623522 
0.535698 
0.469816 
0.192487 
0.123908 
0.523182 
0.128159 
0.967595 
0.372488 
0.404605 
0.200125 
0.496658 
0.326215 
0.696758 
0.410932 
0.531494 
0.821556 
0.892732 
0.149509 
0.797516 
0.848867 
0.902652 
0.880061 
0.190941 
0.150865 
0.590259 
0.480814 
0.038086 
0.117912 
0.749224 
0.208168 
0.673105 
0.874614 
0.640101 
0.173454 
0.233000 
0.027957 
0.881553 
0.266675 
0.013303 
0.576204 
0.255397 
0.463358 
0.664662 
0.981843 
0.834202 
0.433184 
0.521366 
0.597391 
0.346057 
0.187736 
0.277520 
0.281006 
0.864322 
0.666782 
0.611013 
0.300910 
0.393421 
0.231741 
0.872882 
0.531775 
0.544911 
0.315557 
0.562349 
0.407834 
0.466455 
0.712867 
0.152750 
0.267136 
0.759123 
0.577431 
0.887616 
0.168124 
0.661667 
0.640225 
0.267226 
0.274386 
0.608594 
0.634047 
0.420166 
0.726503 
0.328290 
0.575372 
0.272219 
0.185728 
0.525630 
0.257389 
0.930299 
0.528951 
0.081691 
0.979380 
0.440159 
0.757881 
0.703221 
0.034441 
0.854557 
0.541206 
0.044220 
0.207983 
0.567625 
0.074892 
0.715070 
0.177057 
0.791496 
0.679700 
0.718973 
0.783616 
0.237356 
0.239173 
0.781556 
0.605171 
0.108221 
0.872102 
0.417801 
0.985569 
0.459212 
0.980197 
0.166085 
0.388415 
0.095313 
0.929059 
0.699367 
0.256984 
0.127360 
0.542750 
0.000663 
0.149258 
0.576082 
0.207471 
0.970335 
0.420004 
0.001823 
0.631188 
0.382897 
0.356641 
0.066928 
0.855542 
0.097655 
0.288903 
0.598927 
0.162205 
0.182621 
0.304971 
0.651320 
0.734090 
0.847355 
0.499549 
0.923484 
0.989974 
0.499913 
0.044213 
0.090259 
0.976216 
0.259636 
0.699785 
0.292272 
0.207416 
0.034583 
0.235902 
0.807080 
0.586815 
0.600923 
0.720487 
0.224435 
0.074535 
0.702188 
0.667493 
0.556534 
0.663095 
0.641978 
0.725148 
0.564387 
0.660174 
0.542397 
0.073613 
0.214617 
0.064688 
0.206863 
0.751632 
0.686932 
0.267160 
0.161539 
0.987422 
0.602073 
0.040607 
0.487480 
0.083668 
0.207303 
0.140398 
0.671189 
0.673370 
0.329986 
0.077522 
0.904457 
0.204151 
0.162570 
0.310269 
0.684660 
0.082727 
0.396229 
0.423120 
0.375526 
0.458704 
0.441182 
0.941567 
0.912397 
0.658327 
0.505310 
0.746409 
0.899151 
0.025968 
0.444087 
0.773697 
0.523098 
0.707422 
0.649838 
0.827139 
0.728857 
0.897983 
0.397645 
0.222944 
0.026975 
0.375788 
0.860708 
0.922425 
0.199878 
0.348299 
0.853148 
0.851334 
0.367156 
0.790071 
0.723802 
0.940952 
0.585198 
0.416899 
0.814066 
0.009981 
0.751463 
0.840200 
0.238252 
0.304065 
0.423037 
0.978206 
0.702009 
0.666957 
0.547013 
0.649830 
0.685200 
0.159531 
0.239860 
0.318853 
0.956327 
0.983172 
0.174628 
0.970203 
0.202809 
0.609517 
0.154621 
0.717824 
0.463817 
0.367359 
0.209858 
0.081096 
0.975723 
0.970893 
0.790656 
0.563247 
0.484348 
0.441552 
0.159805 
0.841984 
0.221339 
0.042726 
0.102947 
0.227709 
0.102621 
0.754392 
0.071248 
0.461552 
0.312038 
0.423439 
0.737794 
0.100402 
0.450105 
0.914055 
0.516179 
0.420677 
0.312288 
0.622630 
0.548795 
0.602393 
0.426488 
0.978685 
0.753848 
0.927239 
0.102935 
0.033404 
0.413955 
0.341058 
0.164423 
0.449349 
0.212319 
0.446752 
0.563468 
0.208534 
0.829577 
0.707977 
0.965910 
0.044029 
0.990500 
0.330617 
0.682095 
0.976635 
0.303619 
0.918323 
0.261617 
0.002951 
0.596806 
0.510291 
0.467100 
0.555667 
0.103661 
0.237006 
0.366242 
0.430720 
0.104580 
0.673275 
0.738846 
0.787503 
0.564428 
0.339080 
0.919368 
0.812892 
0.278961 
0.491464 
0.040441 
0.683911 
0.485662 
0.513181 
0.031490 
0.258636 
0.894684 
0.960521 
0.479780 
0.666662 
0.580274 
0.664869 
0.458050 
0.447410 
0.626722 
0.315862 
0.690163 
0.572012 
0.806741 
0.903353 
0.648401 
0.669141 
0.250533 
0.703329 
0.854831 
0.149466 
0.072332 
0.688955 
0.269103 
0.817487 
0.511490 
0.611619 
0.483165 
0.555014 
0.112418 
0.408867 
0.830226 
0.606548 
0.255100 
0.457425 
0.938459 
0.683239 
0.202221 
0.721721 
0.970770 
0.731789 
0.180395 
0.903449 
0.268647 
0.148193 
0.686755 
0.288241 
0.459389 
0.956056 
0.436959 
0.978100 
0.928225 
0.679577 
0.645580 
0.266630 
0.252979 
0.811623 
0.953951 
0.061692 
0.860315 
0.315850 
0.496781 
0.404805 
0.554835 
0.117243 
0.502731 
0.406606 
0.825111 
0.635040 
0.119939 
0.822700 
0.119500 
0.429818 
0.946366 
0.575208 
0.527950 
0.249542 
0.053034 
0.340530 
0.295103 
0.804020 
0.169283 
0.139598 
0.231231 
0.302077 
0.000762 
0.800074 
0.841735 
0.038082 
0.042662 
0.013391 
0.062995 
0.752086 
0.317626 
0.347524 
0.839469 
0.948747 
0.593015 
0.809359 
0.894200 
0.824885 
0.844401 
0.844555 
0.429737 
0.597304 
0.880515 
0.816142 
0.891702 
0.833252 
0.469746 
0.026428 
0.177315 
0.130623 
0.386354 
0.444126 
0.424358 
0.180191 
0.467094 
0.445856 
0.496956 
0.338731 
0.046241 
0.173611 
0.888236 
0.590265 
0.588004 
0.579633 
0.888405 
0.421431 
0.988251 
0.538121 
0.197678 
0.371263 
0.817028 
0.786903 
0.472411 
0.808185 
0.168056 
0.512928 
0.786757 
0.029245 
0.525323 
0.099021 
0.242596 
0.305487 
0.321090 
0.560434 
0.221491 
0.604289 
0.289468 
0.094058 
0.832150 
0.938430 
0.193974 
0.117395 
0.055004 
0.457773 
0.787942 
0.946862 
0.909266 
0.040872 
0.933383 
0.360365 
0.655866 
0.144889 
0.157444 
0.161470 
0.823985 
0.720639 
0.775831 
0.393469 
0.037223 
0.610500 
0.675930 
0.357838 
0.186864 
0.622847 
0.192690 
0.544251 
0.219659 
0.810907 
0.917449 
0.572720 
0.699888 
0.014660 
0.386141 
0.875865 
0.663685 
0.556853 
0.029746 
0.944837 
0.873052 
0.380949 
0.613609 
0.921891 
0.225576 
0.255079 
0.120320 
0.211310 
0.495196 
0.765088 
0.838504 
0.741737 
0.379035 
0.440446 
0.569360 
0.241540 
0.563210 
0.865361 
0.117887 
0.334873 
0.203050 
0.660532 
0.560680 
0.344250 
0.817252 
0.549884 
0.893252 
0.891939 
0.820686 
0.262814 
0.115217 
0.457078 
0.112111 
0.245318 
0.064507 
0.172361 
0.868111 
0.346568 
0.768810 
0.386112 
0.380025 
0.087117 
0.181665 
0.250638 
0.476511 
0.713802 
0.869289 
0.139472 
0.098099 
0.757154 
0.480960 
0.496067 
0.401808 
0.179134 
0.703200 
0.682756 
0.072509 
0.660448 
0.141892 
0.779402 
0.417628 
0.078018 
0.250153 
0.313764 
0.431524 
0.630346 
0.224878 
0.524823 
0.704997 
0.887141 
0.173668 
0.836448 
0.182526 
0.706420 
0.795016 
0.835821 
0.640610 
0.725773 
0.071758 
0.033023 
0.023764 
0.394728 
0.196877 
0.909884 
0.426808 
0.365911 
0.869552 
0.561535 
0.710694 
0.631906 
0.437150 
0.173317 
0.940226 
0.375232 
0.524390 
0.417278 
0.187266 
0.387773 
0.299854 
0.650228 
0.386091 
0.024513 
0.983091 
0.809905 
0.068396 
0.524751 
0.492763 
0.867597 
0.709708 
0.058864 
0.332356 
0.899090 
0.007366 
0.800960 
0.741013 
0.208428 
0.051473 
0.111737 
0.970339 
0.485956 
0.470763 
0.117239 
0.427559 
0.986151 
0.235991 
0.300523 
0.890624 
0.719715 
0.255961 
0.934212 
0.304388 
0.849943 
0.990495 
0.255288 
0.630884 
0.275409 
0.796099 
0.033663 
0.779449 
0.198520 
0.523906 
0.282385 
0.047977 
0.348172 
0.721080 
0.195550 
0.609678 
0.862482 
0.740219 
0.860454 
0.643804 
0.411865 
0.207892 
0.036576 
0.732011 
0.912705 
0.827699 
0.135143 
0.350956 
0.521837 
0.515649 
0.519371 
0.072019 
0.420643 
0.738552 
0.850457 
0.633836 
0.878522 
0.325847 
0.518653 
0.007123 
0.712575 
0.242016 
0.566588 
0.643658 
0.965655 
0.756830 
0.037071 
0.046777 
0.184979 
0.944420 
0.869899 
0.395052 
0.637229 
0.904094 
0.110031 
0.290765 
0.892062 
0.879686 
0.881808 
0.541407 
0.427035 
0.180765 
0.122853 
0.797364 
0.296398 
0.563041 
0.027097 
0.412866 
0.042357 
0.898107 
0.490815 
0.135921 
0.426002 
0.812221 
0.991121 
0.775768 
0.329529 
0.395690 
0.356185 
0.401046 
0.381283 
0.218197 
0.236585 
0.286485 
0.952952 
0.263306 
0.387987 
0.897581 
0.650673 
0.863466 
0.279607 
0.352759 
0.815145 
0.149157 
0.883043 
0.295451 
0.649011 
0.930215 
0.129189 
0.285206 
0.456295 
0.946765 
0.271935 
0.414828 
0.010742 
0.542216 
0.020429 
0.350395 
0.094420 
0.910648 
0.260809 
0.423958 
0.456706 
0.852518 
0.270059 
0.882973 
0.127647 
0.369491 
0.037669 
0.108405 
0.954643 
0.680266 
0.231401 
0.152072 
0.880927 
0.744967 
0.663225 
0.825887 
0.687241 
0.451519 
0.686236 
0.576161 
0.539762 
0.779548 
0.869606 
0.472430 
0.130780 
0.024145 
0.808704 
0.886545 
0.162004 
0.804024 
0.231057 
0.367360 
0.224039 
0.427568 
0.132566 
0.044932 
0.164891 
0.317292 
0.729193 
0.544419 
0.044892 
0.505511 
0.127103 
0.225193 
0.812154 
0.872373 
0.975104 
0.571143 
0.193932 
0.410666 
0.061197 
0.541573 
0.222380 
0.532556 
0.675782 
0.864983 
0.770585 
0.215622 
0.952670 
0.523790 
0.339630 
0.159751 
0.927833 
0.081533 
0.318673 
0.932938 
0.883310 
0.793821 
0.755040 
0.956859 
0.924165 
0.443021 
0.846780 
0.827871 
0.024114 
0.289307 
0.381235 
0.414797 
0.488019 
0.133346 
0.140960 
0.108084 
0.570633 
0.626593 
0.150892 
0.049518 
0.249760 
0.713998 
0.166304 
0.063483 
0.952181 
0.298229 
0.335065 
0.432492 
0.887280 
0.518409 
0.900087 
0.759029 
0.992693 
0.195509 
0.913249 
0.972404 
0.200623 
0.878464 
0.351183 
0.328669 
0.942718 
0.259745 
0.541338 
0.265359 
0.895333 
0.869275 
0.899632 
0.122582 
0.232055 
0.147667 
0.844077 
0.397543 
0.496870 
0.893952 
0.644399 
0.408713 
0.239283 
0.627170 
0.846371 
0.955301 
0.746212 
0.587728 
0.940889 
0.520608 
0.857729 
0.844509 
0.667136 
0.555227 
0.697920 
0.947287 
0.052088 
0.450136 
0.442342 
0.448416 
0.535530 
0.654843 
0.943923 
0.512832 
0.161033 
0.473741 
0.165375 
0.459017 
0.700971 
0.227466 
0.025232 
0.065988 
0.054885 
0.457173 
0.703924 
0.847587 
0.386594 
0.481343 
0.929296 
0.674434 
0.220346 
0.359740 
0.155305 
0.209916 
0.052708 
0.865969 
0.349222 
0.369934 
0.484702 
0.391494 
0.842476 
0.498945 
0.773583 
0.605598 
0.291638 
0.567874 
0.251567 
0.091855 
0.802537 
0.231450 
0.972988 
0.011063 
0.942818 
0.934213 
0.314187 
0.535254 
0.008359 
0.485253 
0.655466 
0.412310 
0.695958 
0.972289 
0.258549 
0.434026 
0.668507 
0.591683 
0.416590 
0.632454 
0.655047 
0.380192 
0.888707 
0.500611 
0.776614 
0.546935 
0.336244 
0.251300 
0.606649 
0.943067 
0.132958 
0.627534 
0.967742 
0.841684 
0.182151 
0.412461 
0.237329 
0.791317 
0.663167 
0.846214 
0.313072 
0.799708 
0.697323 
0.904451 
0.104654 
0.922669 
0.299808 
0.865533 
0.012838 
0.768093 
0.344914 
0.968380 
0.563497 
0.690396 
0.479656 
0.572059 
0.595882 
0.990069 
0.088643 
0.820593 
0.703848 
0.577046 
0.410529 
0.757732 
0.208229 
0.708346 
0.167079 
0.089699 
0.578304 
0.552096 
0.073288 
0.755208 
0.775964 
0.624681 
0.013707 
0.376199 
0.783390 
0.436785 
0.042335 
0.525439 
0.055957 
0.477294 
0.882670 
0.034677 
0.811546 
0.652278 
0.828306 
0.338733 
0.084559 
0.182622 
0.331894 
0.141311 
0.016398 
0.603809 
0.218846 
0.143085 
0.823454 
0.794539 
0.823849 
0.433821 
0.223362 
0.051956 
0.220576 
0.220332 
0.115440 
0.203248 
0.989783 
0.288840 
0.536654 
0.538221 
0.872239 
0.722565 
0.154186 
0.403729 
0.481596 
0.191529 
0.022319 
0.123208 
0.762936 
0.660032 
0.163831 
0.503654 
0.911911 
0.492544 
0.186371 
0.332601 
0.028306 
0.739004 
0.435766 
0.926566 
0.801188 
0.575058 
0.992386 
0.031553 
0.307565 
0.246740 
0.963828 
0.063711 
0.795656 
0.585222 
0.819557 
0.301728 
0.148203 
0.842100 
0.181797 
0.469430 
0.702525 
0.333855 
0.098990 
0.716812 
0.465342 
0.999940 
0.985922 
0.385715 
0.707193 
0.785106 
0.283514 
0.020309 
0.334988 
0.140906 
0.206103 
0.972087 
0.868815 
0.181838 
0.158174 
0.422495 
0.869024 
0.686549 
0.832006 
0.530616 
0.067300 
0.117600 
0.507318 
0.486114 
0.118432 
0.482505 
0.463663 
0.784431 
0.925175 
0.412217 
0.131334 
0.332297 
0.909352 
0.475602 
0.440705 
0.928030 
0.398051 
0.034852 
0.755482 
0.380514 
0.303882 
0.337757 
0.677515 
0.994315 
0.446551 
0.177749 
0.435232 
0.944775 
0.826306 
0.727936 
0.424186 
0.301347 
0.738641 
0.339745 
0.091079 
0.770888 
0.318101 
0.329028 
0.969648 
0.879639 
0.087854 
0.558951 
0.289520 
0.959482 
0.017687 
0.263748 
0.808262 
0.452973 
0.123910 
0.557345 
0.290604 
0.184827 
0.380314 
0.933597 
0.956973 
0.846407 
0.570704 
0.825569 
0.345423 
0.518062 
0.074020 
0.056468 
0.056771 
0.157553 
0.990211 
0.469714 
0.482644 
0.800257 
0.917232 
0.916537 
0.243703 
0.921132 
0.473212 
0.267701 
0.252282 
0.099853 
0.230885 
0.477293 
0.870398 
0.783425 
0.022401 
0.488871 
0.449278 
0.010729 
0.318601 
0.722746 
0.195130 
0.542850 
0.685141 
0.158938 
0.265183 
0.934015 
0.995610 
0.224636 
0.461615 
0.363065 
0.027622 
0.243327 
0.602568 
0.360719 
0.600064 
0.278824 
0.200099 
0.064517 
0.335705 
0.193288 
0.585248 
0.255713 
0.771124 
0.277203 
0.955302 
0.767171 
0.845924 
0.451942 
0.785661 
0.608390 
0.217210 
0.652618 
0.554939 
0.853695 
0.054862 
0.070652 
0.447181 
0.767539 
0.032528 
0.705789 
0.191961 
0.281973 
0.128574 
0.948145 
0.477253 
0.192815 
0.636341 
0.980421 
0.936399 
0.060164 
0.181254 
0.336863 
0.652154 
0.750201 
0.635998 
0.225778 
0.647693 
0.778413 
0.784402 
0.447633 
0.370998 
0.361390 
0.877197 
0.050827 
0.242930 
0.919357 
0.639601 
0.769256 
0.878420 
0.609219 
0.151740 
0.291358 
0.851289 
0.608929 
0.277618 
0.924582 
0.457521 
0.562470 
0.431968 
0.084603 
0.917346 
0.836369 
0.857748 
0.173483 
0.726523 
0.669340 
0.597566 
0.285344 
0.782527 
0.923534 
0.841851 
0.993539 
0.416718 
0.781168 
0.091706 
0.310190 
0.365126 
0.680108 
0.583302 
0.552227 
0.286531 
0.720930 
0.671843 
0.671438 
0.859077 
0.501379 
0.671543 
0.626662 
0.310831 
0.133561 
0.758957 
0.791400 
0.065793 
0.785529 
0.387705 
0.159051 
0.176077 
0.331906 
0.346683 
0.699497 
0.443069 
0.656958 
0.488162 
0.531463 
0.292313 
0.912885 
0.850806 
0.499645 
0.529971 
0.225595 
0.581979 
0.322193 
0.090013 
0.852557 
0.919828 
0.544758 
0.748312 
0.879394 
0.972021 
0.756931 
0.739815 
0.065655 
0.456903 
0.160372 
0.373907 
0.250425 
0.899155 
0.106220 
0.232567 
0.750671 
0.521551 
0.702675 
0.857335 
0.222634 
0.807664 
0.403328 
0.738600 
0.653247 
0.122455 
0.094447 
0.363130 
0.118031 
0.745660 
0.314083 
0.790349 
0.395417 
0.767459 
0.691253 
0.891195 
0.307448 
0.281015 
0.012194 
0.941752 
0.017971 
0.036503 
0.497605 
0.246608 
0.733861 
0.001736 
0.171203 
0.403133 
0.450602 
0.260768 
0.725705 
0.918323 
0.256882 
0.422589 
0.455586 
0.026962 
0.142922 
0.085360 
0.641669 
0.523853 
0.391917 
0.941518 
0.085823 
0.426370 
0.004812 
0.871376 
0.220139 
0.870463 
0.873990 
0.155490 
0.312492 
0.051911 
0.461426 
0.186420 
0.154793 
0.599102 
0.100522 
0.466726 
0.255925 
0.339549 
0.800169 
0.446352 
0.836172 
0.535055 
0.673989 
0.731380 
0.297182 
0.734155 
0.943830 
0.943668 
0.229123 
0.873457 
0.189875 
0.226218 
0.040990 
0.923049 
0.686094 
0.174507 
0.933328 
0.441142 
0.279573 
0.788587 
0.782149 
0.583901 
0.629633 
0.236375 
0.757105 
0.672011 
0.487209 
0.524495 
0.184198 
0.816007 
0.623338 
0.446888 
0.845583 
0.706792 
0.052292 
0.875895 
0.162968 
0.010048 
0.871276 
0.530003 
0.758962 
0.882241 
0.824900 
0.096504 
0.939786 
0.988376 
0.635353 
0.378767 
0.929452 
0.292879 
0.423512 
0.965571 
0.353992 
0.546235 
0.570800 
0.442083 
0.080950 
0.530546 
0.882819 
0.531054 
0.419830 
0.081898 
0.460886 
0.104450 
0.496222 
0.003856 
0.810633 
0.315881 
0.009416 
0.261466 
0.459044 
0.159534 
0.289549 
0.452270 
0.294517 
0.952860 
0.713818 
0.142077 
0.889077 
0.721605 
0.007502 
0.083020 
0.318507 
0.141906 
0.008840 
0.579425 
0.403644 
0.037420 
0.918096 
0.439031 
0.790315 
0.822918 
0.778257 
0.161935 
0.634044 
0.384031 
0.416535 
0.698518 
0.987713 
0.485884 
0.251164 
0.320637 
0.938991 
0.618793 
0.051851 
0.452599 
0.833990 
0.873156 
0.138447 
0.870852 
0.408649 
0.157851 
0.998680 
0.814161 
0.597372 
0.034881 
0.245279 
0.409910 
0.351761 
0.038963 
0.849534 
0.117073 
0.639767 
0.568325 
0.842199 
0.830281 
0.536822 
0.362749 
0.728442 
0.927740 
0.528147 
0.566944 
0.632983 
0.546476 
0.619773 
0.516778 
0.494388 
0.176296 
0.013094 
0.066101 
0.952029 
0.743170 
0.456445 
0.474165 
0.296011 
0.063946 
0.732445 
0.197262 
0.386307 
0.656488 
0.592897 
0.816170 
0.376467 
0.283850 
0.663403 
0.815599 
0.780000 
0.462624 
0.329882 
0.324689 
0.043735 
0.058165 
0.585774 
0.095942 
0.490494 
0.735257 
0.459916 
0.803587 
0.881086 
0.415919 
0.353412 
0.787825 
0.969663 
0.123234 
0.201510 
0.774604 
0.774876 
0.339747 
0.122361 
0.527427 
0.472574 
0.553605 
0.440296 
0.059506 
0.125185 
0.981224 
0.437254 
0.926987 
0.875491 
0.370987 
0.176750 
0.637699 
0.810065 
0.769017 
0.874692 
0.954477 
0.892670 
0.102020 
0.648413 
0.876939 
0.710346 
0.780239 
0.474484 
0.652386 
0.657688 
0.770560 
0.806201 
0.816359 
0.542570 
0.975279 
0.507260 
0.515918 
0.036525 
0.868739 
0.900059 
0.293845 
0.649642 
0.526368 
0.666708 
0.353347 
0.704506 
0.640566 
0.990142 
0.308899 
0.666369 
0.663264 
0.471015 
0.347117 
0.998228 
0.216611 
0.579541 
0.345491 
0.667263 
0.688218 
0.875163 
0.866193 
0.100393 
0.300253 
0.360025 
0.941075 
0.646601 
0.417993 
0.211090 
0.785529 
0.379660 
0.938205 
0.413806 
0.839571 
0.661963 
0.609453 
0.081203 
0.784029 
0.171456 
0.667166 
0.052178 
0.952854 
0.618430 
0.959515 
0.571410 
0.693797 
0.640412 
0.408457 
0.938724 
0.138736 
0.744246 
0.542410 
0.280323 
0.390677 
0.112458 
0.074148 
0.199907 
0.836961 
0.809564 
0.336441 
0.564093 
0.710841 
0.097478 
0.312699 
0.540389 
0.325886 
0.169103 
0.112695 
0.070902 
0.654480 
0.851689 
0.341634 
0.843708 
0.203449 
0.361360 
0.373359 
0.042639 
0.639103 
0.399815 
0.683158 
0.833717 
0.287162 
0.335342 
0.087021 
0.566796 
0.138046 
0.141145 
0.221531 
0.275823 
0.757842 
0.053124 
0.848069 
0.498469 
0.767997 
0.733645 
0.363170 
0.806579 
0.177186 
0.959119 
0.911655 
0.191430 
0.358754 
0.582498 
0.051255 
0.446641 
0.692614 
0.757967 
0.155333 
0.687191 
0.621642 
0.945333 
0.210217 
0.114373 
0.272762 
0.313325 
0.049505 
0.031662 
0.150456 
0.712790 
0.860256 
0.327576 
0.562584 
0.342745 
0.509427 
0.934339 
0.431478 
0.847693 
0.182988 
0.481393 
0.774505 
0.097865 
0.817117 
0.280737 
0.353109 
0.707243 
0.636036 
0.861068 
0.964570 
0.529231 
0.791561 
0.762596 
0.945030 
0.114022 
0.362859 
0.577978 
0.069372 
0.933493 
0.224771 
0.719296 
0.200348 
0.250521 
0.505533 
0.500312 
0.736158 
0.607548 
0.062564 
0.513587 
0.858902 
0.563501 
0.753554 
0.989606 
0.307009 
0.902447 
0.421675 
0.089277 
0.470646 
0.142113 
0.499041 
0.382199 
0.619498 
0.898352 
0.598689 
0.164011 
0.525094 
0.258864 
0.727625 
0.197651 
0.919509 
0.192821 
0.736495 
0.269496 
0.417707 
0.405903 
0.003591 
0.357570 
0.682108 
0.181983 
0.592104 
0.490767 
0.323779 
0.749726 
0.647936 
0.866932 
0.519542 
0.934764 
0.575865 
0.564516 
0.813012 
0.299471 
0.207616 
0.399656 
0.012519 
0.405043 
0.549438 
0.398925 
0.725996 
0.809890 
0.821388 
0.060620 
0.833189 
0.410784 
0.042928 
0.487985 
0.557223 
0.249761 
0.733501 
0.958472 
0.031946 
0.908309 
0.954185 
0.981357 
0.667675 
0.618155 
0.325052 
0.154783 
0.446206 
0.378292 
0.961151 
0.066948 
0.198799 
0.213505 
0.382730 
0.535063 
0.800471 
0.513574 
0.634794 
0.978937 
0.995153 
0.543078 
0.517166 
0.006146 
0.299090 
0.798109 
0.818065 
0.211038 
0.917052 
0.894385 
0.926812 
0.925967 
0.724769 
0.198974 
0.162481 
0.821302 
0.620466 
0.170180 
