0.000001 
0.010198 
0.393738 
0.553735 
0.621122 
0.195710 
0.303820 
0.299135 
0.560726 
0.123217 
0.904843 
0.703207 
0.799533 
0.747846 
0.047460 
0.660510 
0.199352 
0.507647 
0.030737 
0.590593 
0.095435 
0.984225 
0.864844 
0.436566 
0.358753 
0.555458 
0.588197 
0.830253 
0.056408 
0.047162 
0.651345 
0.148042 
0.144046 
0.976251 
0.846261 
0.114696 
0.689197 
0.328054 
0.602863 
0.321713 
0.036288 
0.891668 
0.263023 
0.626502 
0.622653 
0.928703 
0.709705 
0.020038 
0.773389 
0.341087 
0.644062 
0.742696 
0.484490 
0.820087 
0.203613 
0.122268 
0.958882 
0.932150 
0.646141 
0.698156 
0.915319 
0.762979 
0.393332 
0.728429 
0.699922 
0.594672 
0.651621 
0.786293 
0.224962 
0.936818 
0.095045 
0.421345 
0.537219 
0.037586 
0.704127 
0.260854 
0.172910 
0.096880 
0.259431 
0.253084 
0.576524 
0.645942 
0.351084 
0.675615 
0.057257 
0.326013 
0.295074 
0.300542 
0.211834 
0.293616 
0.809594 
0.852927 
0.137346 
0.372868 
0.795634 
0.220998 
0.313973 
0.941244 
0.488363 
0.920406 
0.259184 
0.107080 
0.696331 
0.237720 
0.360998 
0.297130 
0.866219 
0.534662 
0.069042 
0.388143 
0.519595 
0.835070 
0.025324 
0.622754 
0.630938 
0.178627 
0.177615 
0.177082 
0.215224 
0.267088 
0.946722 
0.560409 
0.788357 
0.908480 
0.824122 
0.019807 
0.894930 
0.080181 
0.603779 
0.707369 
0.754016 
0.748833 
0.632468 
0.886583 
0.794117 
0.716559 
0.206114 
0.162565 
0.235503 
0.104170 
0.785084 
0.911519 
0.897701 
0.658419 
0.041485 
0.246542 
0.623002 
0.791162 
0.062981 
0.520708 
0.534458 
0.631779 
0.306968 
0.218140 
0.283631 
0.982325 
0.937711 
0.105943 
0.583625 
0.989136 
0.404114 
0.937811 
0.790639 
0.276363 
0.835186 
0.972861 
0.880569 
0.726129 
0.053405 
0.575274 
0.637885 
0.938657 
0.999828 
0.102240 
0.344713 
0.595825 
0.036755 
0.733745 
0.047507 
0.448579 
0.265391 
0.429961 
0.347121 
0.054797 
0.971744 
0.094810 
0.468645 
0.508855 
0.325216 
0.913649 
0.700366 
0.054814 
0.260505 
0.313041 
0.282612 
0.864122 
0.305208 
0.631788 
0.458526 
0.447408 
0.580695 
0.742130 
0.975263 
0.250586 
0.602618 
0.204378 
0.979013 
0.265741 
0.308370 
0.774408 
0.479114 
0.461782 
0.165132 
0.370373 
0.861228 
0.650650 
0.481962 
0.338586 
0.615723 
0.455815 
0.877402 
0.498546 
0.058589 
0.709523 
0.947616 
0.589284 
0.092937 
0.985822 
0.710003 
0.019835 
0.373966 
0.245118 
0.694340 
0.764644 
0.371084 
0.802710 
0.139337 
0.838173 
0.168525 
0.399334 
0.601273 
0.599867 
0.962408 
0.193911 
0.064842 
0.800953 
0.609201 
0.849000 
0.146637 
0.526216 
0.104526 
0.775340 
0.145337 
0.677677 
0.717492 
0.888397 
0.294002 
0.289985 
0.772265 
0.456230 
0.855103 
0.723556 
0.806461 
0.197091 
0.504105 
0.498324 
0.332103 
0.649387 
0.251480 
0.622219 
0.636679 
0.664048 
0.651216 
0.979222 
0.786809 
0.896180 
0.097653 
0.256166 
0.376359 
0.465142 
0.649119 
0.739617 
0.745044 
0.946460 
0.156245 
0.002684 
0.103100 
0.800784 
0.781229 
0.116170 
0.475120 
0.346196 
0.523727 
0.281912 
0.090759 
0.379749 
0.433503 
0.892071 
0.036824 
0.897518 
0.585066 
0.204384 
0.081358 
0.385397 
0.359168 
0.542183 
0.476277 
0.791061 
0.367578 
0.884276 
0.020327 
0.629651 
0.538630 
0.746484 
0.149554 
0.555304 
0.995204 
0.387974 
0.679085 
0.378704 
0.874081 
0.685224 
0.557025 
0.912582 
0.757562 
0.337877 
0.698393 
0.892742 
0.319216 
0.062914 
0.394673 
0.272113 
0.404837 
0.101938 
0.266323 
0.092779 
0.344078 
0.918842 
0.976960 
0.773836 
0.860733 
0.334750 
0.136708 
0.659093 
0.376698 
0.160470 
0.012928 
0.288632 
0.032546 
0.992797 
0.945727 
0.840349 
0.746212 
0.588276 
0.148534 
0.412980 
0.963238 
0.138216 
0.994279 
0.848350 
0.218451 
0.498035 
0.480591 
0.295282 
0.801488 
0.615991 
0.955578 
0.397157 
0.022936 
0.493289 
0.699906 
0.312837 
0.844332 
0.683035 
0.775061 
0.455831 
0.155786 
0.297670 
0.939900 
0.894715 
0.478251 
0.967541 
0.469935 
0.203801 
0.283159 
0.046144 
0.542862 
0.885472 
0.131701 
0.494615 
0.001442 
0.238586 
0.922929 
0.662656 
0.263222 
0.977722 
0.577385 
0.105246 
0.861595 
0.820029 
0.221137 
0.657571 
0.800366 
0.746489 
0.243760 
0.875660 
0.216467 
0.159612 
0.598322 
0.990430 
0.150127 
0.179821 
0.247862 
0.810970 
0.972068 
0.552748 
0.028264 
0.037237 
0.836917 
0.064141 
0.019809 
0.935181 
0.579026 
0.681951 
0.544998 
0.775918 
0.855928 
0.582929 
0.287821 
0.415532 
0.842123 
0.557299 
0.520967 
0.890278 
0.908534 
0.738273 
0.159613 
0.618983 
0.250190 
0.948177 
0.016169 
0.753368 
0.863222 
0.169855 
0.755600 
0.370776 
0.626482 
0.282402 
0.323363 
0.768323 
0.205552 
0.717742 
0.090461 
0.379372 
0.099130 
0.073246 
0.046436 
0.450794 
0.495492 
0.740460 
0.909645 
0.401558 
0.982251 
0.695846 
0.084334 
0.397915 
0.762153 
0.497183 
0.151002 
0.892072 
0.059685 
0.119397 
0.708212 
0.921419 
0.294459 
0.965180 
0.776492 
0.506021 
0.701079 
0.029010 
0.577146 
0.099498 
0.270103 
0.614786 
0.700065 
0.000748 
0.576905 
0.041706 
0.952320 
0.634150 
0.155616 
0.441797 
0.274855 
0.490225 
0.210512 
0.071541 
0.387008 
0.435166 
0.832514 
0.070469 
0.366362 
0.443388 
0.019868 
0.915958 
0.500022 
0.874112 
0.203580 
0.567809 
0.164281 
0.073099 
0.577545 
0.803222 
0.751763 
0.887144 
0.222465 
0.974557 
0.381709 
0.389992 
0.598741 
0.046348 
0.963792 
0.447283 
0.484848 
0.843230 
0.159217 
0.955808 
0.265810 
0.466994 
0.760103 
0.046617 
0.485962 
0.559726 
0.307276 
0.393257 
0.462200 
0.201179 
0.209594 
0.646777 
0.374952 
0.818206 
0.588360 
0.572503 
0.055844 
0.573585 
0.236469 
0.329290 
0.377506 
0.751148 
0.538946 
0.065151 
0.994234 
0.086977 
0.827807 
0.945476 
0.619807 
0.100125 
0.794965 
0.974591 
0.959327 
0.404908 
0.293941 
0.260684 
0.316982 
0.511071 
0.565703 
0.774793 
0.951153 
0.030300 
0.253137 
0.472918 
0.326507 
0.606662 
0.168475 
0.552794 
0.816419 
0.550192 
0.070889 
0.425676 
0.344453 
0.220040 
0.207101 
0.753263 
0.089547 
0.024004 
0.432642 
0.408678 
0.653002 
0.999922 
0.696080 
0.015269 
0.619690 
0.136121 
0.781644 
0.085803 
0.084671 
0.064981 
0.143009 
0.555379 
0.252878 
0.115915 
0.187546 
0.078953 
0.970832 
0.769589 
0.485716 
0.435988 
0.652090 
0.682176 
0.331739 
0.545484 
0.957440 
0.697359 
0.519040 
0.504081 
0.097410 
0.177367 
0.011152 
0.439822 
0.087715 
0.233400 
0.756538 
0.127229 
0.341537 
0.208521 
0.618759 
0.474578 
0.225346 
0.385425 
0.839426 
0.227015 
0.441268 
0.397757 
0.096335 
0.095785 
0.866156 
0.484137 
0.883277 
0.241350 
0.371037 
0.021560 
0.352703 
0.870964 
0.298858 
0.901368 
0.284886 
0.076722 
0.475018 
0.619645 
0.366898 
0.458598 
0.661105 
0.197805 
0.504285 
0.520422 
0.728230 
0.355316 
0.789371 
0.961575 
0.193765 
0.613287 
0.509581 
0.531261 
0.905726 
0.538888 
0.093813 
0.707810 
0.154834 
0.301283 
0.670874 
0.376233 
0.345762 
0.216090 
0.818367 
0.289319 
0.578569 
0.008587 
0.320613 
0.537772 
0.334084 
0.945008 
0.753586 
0.521564 
0.930469 
0.396196 
0.871142 
0.278403 
0.126540 
0.764677 
0.933847 
0.158904 
0.695635 
0.534559 
0.329498 
0.878586 
0.391447 
0.046198 
0.449766 
0.221287 
0.165226 
0.954602 
0.003379 
0.791180 
0.358966 
0.148317 
0.772138 
0.321118 
0.031120 
0.035608 
0.463971 
0.967052 
0.248483 
0.256575 
0.248694 
0.796911 
0.682538 
0.420459 
0.656215 
0.007975 
0.033743 
0.110566 
0.277065 
0.632710 
0.955473 
0.632483 
0.145542 
0.116451 
0.185460 
0.021679 
0.364917 
0.157061 
0.716431 
0.060836 
0.470995 
0.016242 
0.975159 
0.490404 
0.227914 
0.544995 
0.729743 
0.782978 
0.511528 
0.252043 
0.088831 
0.982923 
0.994063 
0.219137 
0.041484 
0.220448 
0.076016 
0.603018 
0.923441 
0.274738 
0.524531 
0.785028 
0.972002 
0.443923 
0.017516 
0.386399 
0.203526 
0.667479 
0.320209 
0.748044 
0.383669 
0.325765 
0.124887 
0.968584 
0.983166 
0.074622 
0.180346 
0.078002 
0.978131 
0.454862 
0.857341 
0.327711 
0.834007 
0.160384 
0.575271 
0.586177 
0.868490 
0.715464 
0.800818 
0.351576 
0.932481 
0.212975 
0.474560 
0.936154 
0.932615 
0.467165 
0.645990 
0.159079 
0.636863 
0.750721 
0.365632 
0.184664 
0.646939 
0.098012 
0.286986 
0.370533 
0.547504 
0.891826 
0.919120 
0.657967 
0.445689 
0.693175 
0.189204 
0.950775 
0.681150 
0.090968 
0.899682 
0.948334 
0.652544 
0.309607 
0.560846 
0.135995 
0.661660 
0.524364 
0.981811 
0.293196 
0.752041 
0.547864 
0.948371 
0.278004 
0.415022 
0.271380 
0.078588 
0.820973 
0.085658 
0.646405 
0.124774 
0.082906 
0.400029 
0.283898 
0.476211 
0.672587 
0.170737 
0.572075 
0.871323 
0.330985 
0.862352 
0.553336 
0.914002 
0.626650 
0.098752 
0.722578 
0.365936 
0.290125 
0.139194 
0.429498 
0.572695 
0.282954 
0.602072 
0.023812 
0.207387 
0.554647 
0.944120 
0.821907 
0.784775 
0.715624 
0.486304 
0.307435 
0.053502 
0.208693 
0.495035 
0.058636 
0.492911 
0.354058 
0.659614 
0.136542 
0.855218 
0.648718 
0.997740 
0.016666 
0.098156 
0.714452 
0.788592 
0.872262 
0.109994 
0.669312 
0.133994 
0.039077 
0.768082 
0.158920 
0.972845 
0.603015 
0.870010 
0.266259 
0.006996 
0.580578 
0.770073 
0.609558 
0.843921 
0.776977 
0.646964 
0.519078 
0.151526 
0.692472 
0.383251 
0.301966 
0.142304 
0.705364 
0.046321 
0.519105 
0.601698 
0.746046 
0.801384 
0.857554 
0.913800 
0.237761 
0.052646 
0.817620 
0.730962 
0.281421 
0.840881 
0.687276 
0.040508 
0.825559 
0.165894 
0.172740 
0.243534 
0.081092 
0.909112 
0.452778 
0.833759 
0.991974 
0.102391 
0.879917 
0.763076 
0.024379 
0.729629 
0.871489 
0.116765 
0.474966 
0.756560 
0.511160 
0.059272 
0.183207 
0.159630 
0.904176 
0.487190 
0.206118 
0.226976 
0.791500 
0.735972 
0.475670 
0.585883 
0.931804 
0.835610 
0.098105 
0.855962 
0.145535 
0.013260 
0.859723 
0.365506 
0.062927 
0.621035 
0.739560 
0.777571 
0.639703 
0.493131 
0.049326 
0.015513 
0.723048 
0.266906 
0.896465 
0.891320 
0.414479 
0.147414 
0.588246 
0.647568 
0.679161 
0.666564 
0.943271 
0.563412 
0.270833 
0.892567 
0.367509 
0.717654 
0.603013 
0.833508 
0.774015 
0.863773 
0.436362 
0.943677 
0.383913 
0.427831 
0.551937 
0.408527 
0.111412 
0.497836 
0.134513 
0.760877 
0.057642 
0.797238 
0.183662 
0.805594 
0.614765 
0.351103 
0.993851 
0.646799 
0.749624 
0.926738 
0.681950 
0.530268 
0.221801 
0.806712 
0.403381 
0.619881 
0.334343 
0.304155 
0.933902 
0.085131 
0.798248 
0.157625 
0.196661 
0.282832 
0.554271 
0.635393 
0.052413 
0.913028 
0.265382 
0.274967 
0.372764 
0.046996 
0.864531 
0.172440 
0.200919 
0.837275 
0.088364 
0.127628 
0.042255 
0.179671 
0.738673 
0.875327 
0.616535 
0.109902 
0.122579 
0.189386 
0.003646 
0.283860 
0.837023 
0.849892 
0.128468 
0.157151 
0.238277 
0.715278 
0.681501 
0.993044 
0.097241 
0.323145 
0.100581 
0.468055 
0.595154 
0.751287 
0.873998 
0.285008 
0.131348 
0.564388 
0.662459 
0.951432 
0.710367 
0.140455 
0.632721 
0.142946 
0.488660 
0.915429 
0.621711 
0.091865 
0.970029 
0.271654 
0.682488 
0.582537 
0.694465 
0.879759 
0.116018 
0.919059 
0.630740 
0.847920 
0.983426 
0.442089 
0.185331 
0.850026 
0.391001 
0.547863 
0.936475 
0.340566 
0.894932 
0.123179 
0.272387 
0.003009 
0.577841 
0.772035 
0.594238 
0.349704 
0.476871 
0.771013 
0.408885 
0.122979 
0.909051 
0.427782 
0.724260 
0.629742 
0.070563 
0.953135 
0.335321 
0.732127 
0.854255 
0.459106 
0.192263 
0.358384 
0.352560 
0.472675 
0.253672 
0.473250 
0.914410 
0.482792 
0.278837 
0.408586 
0.099655 
0.905883 
0.174152 
0.971685 
0.109478 
0.992655 
0.554396 
0.732257 
0.051226 
0.957767 
0.184677 
0.871516 
0.574843 
0.381706 
0.336069 
0.303381 
0.925678 
0.864383 
0.681017 
0.856054 
0.705824 
0.781318 
0.603572 
0.231757 
0.137680 
0.981299 
0.695382 
0.284120 
0.209060 
0.672944 
0.174000 
0.421697 
0.467345 
0.666578 
0.168413 
0.510964 
0.769137 
0.880912 
0.482627 
0.516567 
0.935487 
0.734818 
0.093721 
0.174311 
0.640626 
0.994453 
0.764025 
0.963734 
0.482793 
0.293989 
0.065744 
0.951559 
0.852538 
0.611524 
0.876670 
0.187855 
0.274747 
0.672238 
0.297704 
0.511248 
0.547863 
0.933587 
0.803122 
0.076568 
0.881280 
0.681276 
0.207070 
0.218378 
0.270955 
0.933864 
0.448026 
0.964604 
0.106371 
0.782672 
0.365870 
0.181708 
0.968410 
0.070137 
0.789111 
0.590188 
0.288349 
0.282996 
0.312996 
0.521874 
0.128039 
0.956680 
0.921665 
0.417515 
0.176578 
0.749910 
0.733921 
0.006023 
0.231715 
0.433682 
0.894180 
0.485440 
0.787453 
0.730520 
0.856216 
0.416682 
0.182686 
0.397047 
0.171202 
0.389538 
0.969464 
0.774323 
0.050426 
0.501632 
0.924776 
0.706091 
0.267572 
0.089105 
0.581361 
0.942251 
0.415430 
0.137046 
0.340161 
0.078657 
0.996587 
0.639890 
0.633062 
0.878391 
0.115172 
0.697326 
0.949789 
0.103061 
0.144301 
0.260022 
0.186139 
0.443404 
0.297555 
0.008219 
0.132459 
0.239443 
0.317931 
0.458699 
0.354309 
0.872118 
0.693321 
0.641863 
0.788975 
0.299441 
0.703911 
0.627611 
0.253982 
0.682552 
0.650038 
0.185693 
0.934496 
0.076712 
0.304708 
0.225837 
0.639482 
0.773077 
0.113252 
0.426951 
0.766392 
0.745318 
0.559142 
0.503207 
0.400663 
0.941903 
0.556869 
0.289590 
0.130941 
0.725354 
0.023979 
0.018658 
0.585836 
0.153879 
0.242544 
0.440290 
0.950149 
0.147671 
0.908057 
0.718961 
0.570379 
0.358780 
0.016565 
0.400061 
0.829020 
0.346230 
0.094489 
0.069725 
0.875696 
0.816569 
0.082593 
0.147612 
0.906595 
0.143590 
0.313351 
0.487899 
0.120865 
0.382579 
0.999930 
0.817060 
0.326398 
0.766761 
0.949860 
0.297600 
0.756905 
0.300348 
0.955775 
0.706851 
0.038164 
0.427992 
0.254195 
0.249866 
0.494638 
0.380786 
0.875178 
0.112895 
0.434551 
0.491220 
0.929484 
0.829933 
0.678072 
0.358385 
0.384695 
0.566833 
0.769125 
0.690692 
0.456686 
0.529211 
0.444031 
0.827113 
0.290698 
0.754914 
0.833682 
0.695309 
0.053189 
0.945741 
0.067869 
0.681251 
0.790597 
0.566519 
0.489339 
0.325744 
0.772254 
0.270463 
0.674164 
0.675628 
0.286930 
0.433944 
0.288859 
0.847314 
0.799183 
0.869898 
0.380902 
0.816908 
0.769672 
0.870592 
0.047600 
0.013853 
0.823020 
0.494400 
0.373505 
0.502279 
0.809009 
0.018053 
0.412018 
0.790022 
0.904405 
0.329147 
0.974780 
0.124037 
0.682611 
0.640050 
0.321279 
0.740938 
0.942450 
0.761939 
0.906030 
0.642299 
0.123167 
0.070701 
0.274209 
0.628688 
0.358135 
0.182529 
0.771472 
0.137111 
0.427259 
0.940506 
0.087051 
0.060515 
0.067873 
0.747290 
0.706454 
0.364228 
0.579152 
0.815693 
0.349868 
0.232935 
0.934645 
0.578701 
0.225586 
0.424473 
0.124206 
0.532904 
0.518652 
0.979175 
0.991133 
0.975411 
0.726967 
0.131854 
0.062400 
0.760505 
0.811167 
0.279312 
0.396648 
0.458501 
0.034034 
0.017801 
0.180222 
0.992595 
0.550641 
0.616315 
0.401839 
0.702397 
0.188177 
0.698992 
0.961679 
0.945174 
0.534131 
0.135398 
0.633733 
0.156416 
0.882482 
0.879163 
0.090744 
0.142422 
0.681616 
0.916281 
0.930223 
0.263811 
0.866700 
0.623442 
0.187684 
0.401186 
0.731792 
0.225186 
0.694211 
0.597906 
0.002898 
0.713655 
0.391664 
0.695728 
0.098831 
0.050290 
0.225544 
0.710615 
0.299474 
0.260256 
0.122819 
0.213916 
0.285830 
0.941877 
0.118412 
0.148084 
0.853976 
0.769013 
0.805038 
0.268162 
0.005302 
0.115846 
0.020000 
0.140180 
0.013261 
0.884259 
0.736472 
0.885612 
0.489199 
0.964849 
0.214620 
0.124575 
0.734018 
0.643558 
0.277742 
0.002061 
0.637233 
0.972825 
0.274886 
0.016705 
0.757520 
0.641565 
0.781382 
0.687227 
0.216979 
0.761801 
0.595866 
0.712608 
0.810978 
0.100710 
0.639371 
0.912945 
0.869455 
0.931998 
0.096287 
0.292166 
0.434532 
0.174048 
0.229081 
0.168645 
0.422826 
0.433322 
0.844710 
0.036717 
0.097610 
0.524549 
0.092386 
0.724018 
0.576136 
0.125497 
0.221346 
0.168692 
0.203647 
0.695370 
0.076495 
0.643078 
0.219352 
0.644650 
0.639656 
0.699091 
0.619954 
0.566339 
0.456613 
0.301300 
0.954298 
0.885693 
0.836900 
0.771967 
0.451102 
0.677292 
0.252301 
0.415444 
0.360654 
0.506306 
0.478318 
0.089506 
0.332630 
0.515975 
0.990121 
0.958998 
0.874937 
0.060519 
0.140917 
0.389467 
0.770926 
0.945909 
0.895779 
0.361779 
0.417271 
0.077337 
0.808001 
0.067499 
0.450475 
0.137474 
0.523781 
0.194412 
0.476092 
0.671079 
0.828335 
0.822583 
0.145235 
0.970456 
0.459000 
0.410230 
0.730175 
0.043117 
0.672237 
0.284783 
0.342360 
0.043476 
0.702220 
0.204413 
0.574952 
0.210619 
0.875629 
0.688704 
0.040406 
0.109025 
0.377433 
0.524239 
0.886050 
0.841212 
0.247653 
0.298237 
0.472003 
0.949171 
0.713603 
0.519767 
0.728440 
0.887912 
0.132343 
0.291460 
0.562462 
0.294005 
0.336473 
0.106726 
0.751844 
0.236887 
0.360946 
0.424028 
0.642111 
0.960524 
0.518975 
0.407905 
0.651728 
0.584730 
0.556375 
0.995016 
0.226160 
0.070364 
0.606564 
0.514035 
0.385146 
0.140544 
0.122854 
0.806270 
0.986401 
0.441897 
0.970947 
0.701982 
0.217911 
0.434881 
0.038863 
0.175231 
0.106517 
0.237585 
0.086953 
0.414332 
0.672591 
0.235030 
0.155005 
0.169045 
0.141819 
0.545208 
0.303051 
0.385524 
0.500299 
0.518726 
0.224718 
0.835503 
0.295622 
0.519512 
0.439386 
0.760027 
0.770042 
0.094262 
0.264412 
0.966958 
0.663628 
0.591400 
0.659739 
0.227896 
0.251428 
0.747309 
0.027342 
0.545080 
0.152968 
0.929752 
0.339369 
0.778533 
0.810954 
0.710957 
0.057522 
0.767900 
0.092885 
0.123575 
0.928808 
0.470279 
0.971632 
0.213038 
0.522863 
0.765186 
0.487497 
0.359086 
0.153605 
0.647291 
0.027982 
0.285222 
0.722712 
0.624611 
0.832708 
0.323969 
0.940271 
0.131878 
0.466210 
0.584222 
0.023371 
0.791519 
0.055029 
0.876679 
0.348053 
0.721732 
0.157578 
0.407254 
0.723831 
0.423448 
0.889837 
0.485012 
0.594699 
0.110168 
0.585300 
0.140789 
0.248047 
0.927485 
0.240071 
0.881283 
0.721347 
0.680545 
0.917627 
0.559630 
0.702119 
0.519060 
0.833039 
0.893722 
0.780270 
0.993497 
0.712345 
0.380235 
0.612709 
0.798317 
0.313759 
0.353339 
0.567842 
0.727709 
0.610005 
0.360295 
0.484869 
0.197952 
0.977927 
0.011431 
0.124389 
0.609262 
0.866264 
0.296802 
0.350389 
0.990024 
0.328092 
0.241417 
0.489848 
0.874526 
0.155932 
0.741923 
0.506515 
0.992890 
0.500952 
0.503458 
0.613417 
0.707891 
0.522884 
0.106651 
0.481194 
0.419293 
0.058861 
0.281860 
0.217281 
0.841827 
0.590309 
0.326797 
0.483758 
0.519609 
0.076584 
0.149928 
0.847392 
0.115359 
0.842806 
0.039146 
0.926894 
0.301522 
0.674876 
0.634798 
0.051018 
0.458182 
0.668096 
0.684881 
0.792403 
0.913196 
0.079024 
0.162107 
0.530936 
0.438624 
0.948519 
0.751599 
0.116805 
0.133907 
0.580633 
0.701262 
0.107129 
0.520761 
0.428323 
0.825638 
0.502027 
0.567008 
0.695350 
0.748914 
0.997418 
0.602986 
0.384729 
0.134167 
0.943388 
0.520498 
0.004750 
0.826251 
0.795448 
0.091343 
0.194023 
0.951373 
0.721709 
0.760906 
0.546000 
0.623681 
0.200162 
0.115176 
0.757612 
0.185371 
0.530858 
0.126267 
0.166052 
0.828752 
0.828083 
0.592469 
0.628433 
0.071836 
0.355946 
0.382245 
0.384760 
0.663276 
0.687093 
0.973910 
0.505568 
0.088103 
0.750199 
0.589666 
0.522072 
0.464186 
0.569632 
0.802357 
0.209250 
0.866870 
0.482266 
0.442474 
0.668883 
0.910631 
0.974435 
0.324752 
0.102361 
0.385541 
0.784075 
0.947386 
0.718095 
0.030636 
0.902883 
0.760649 
0.230125 
0.715796 
0.378421 
0.123976 
0.666239 
0.485193 
0.636112 
0.141556 
0.125164 
0.627206 
0.456945 
0.875843 
0.295423 
0.177770 
0.776916 
0.621529 
0.043463 
0.475396 
0.976237 
0.621504 
0.612496 
0.215554 
0.813565 
0.593339 
0.251800 
0.009000 
0.254729 
0.228840 
0.115917 
0.209992 
0.329330 
0.046896 
0.178168 
0.462153 
0.410934 
0.576050 
0.666184 
0.553831 
0.244710 
0.841398 
0.383514 
0.727653 
0.656894 
0.425380 
0.357522 
0.867586 
0.518220 
0.723802 
0.936937 
0.106312 
0.791368 
0.526548 
0.700388 
0.425401 
0.706312 
0.980652 
0.825009 
0.925581 
0.241640 
0.241410 
0.381734 
0.811520 
0.224011 
0.949001 
0.859897 
0.290690 
0.626624 
0.666259 
0.812867 
0.860226 
0.825185 
0.888887 
0.525902 
0.840158 
0.539835 
0.003389 
0.959689 
0.499083 
0.086510 
0.968128 
0.332507 
0.441361 
0.953240 
0.100190 
0.897966 
0.121226 
0.439805 
0.802601 
0.311778 
0.054650 
0.502923 
0.631078 
0.525363 
0.783390 
0.432942 
0.457281 
0.523226 
0.858743 
0.888581 
0.373710 
0.935770 
0.488970 
0.117742 
0.894094 
0.039213 
0.051120 
0.178637 
0.356988 
0.891648 
0.933603 
0.069461 
0.439036 
0.886000 
0.003916 
0.808926 
0.618447 
0.246289 
0.379043 
0.584013 
0.498546 
0.065570 
0.041230 
0.947564 
0.705201 
0.321312 
0.297416 
0.673801 
0.567163 
0.306360 
0.991181 
0.778193 
0.084048 
0.592172 
0.641032 
0.827116 
0.330745 
0.833776 
0.266116 
0.608034 
0.223143 
0.359897 
0.795171 
0.432008 
0.750306 
0.390068 
0.869470 
0.179319 
0.821930 
0.175953 
0.237351 
0.151518 
0.558328 
0.825562 
0.226744 
0.879043 
0.074914 
0.085867 
0.174383 
0.860451 
0.605650 
0.165147 
0.631946 
0.117183 
0.491729 
0.486671 
0.485195 
0.669648 
0.780978 
0.893969 
0.943022 
0.364557 
0.115957 
0.881604 
0.113082 
0.562015 
0.780588 
0.349865 
0.174550 
0.662745 
0.762997 
0.695602 
0.980882 
0.688676 
0.580067 
0.187864 
0.427987 
0.182129 
0.049913 
0.880831 
0.130372 
0.154456 
0.936708 
0.247724 
0.504907 
0.968179 
0.177747 
0.390943 
0.572431 
0.855788 
0.226840 
0.494390 
0.211312 
0.513158 
0.644312 
0.952719 
0.343790 
0.079845 
0.951778 
0.536755 
0.236065 
0.548461 
0.985557 
0.255155 
0.395446 
0.268519 
0.003526 
0.255132 
0.006194 
0.105088 
0.217221 
0.832171 
0.294874 
0.950997 
0.406189 
0.816613 
0.808834 
0.065124 
