0.000000 
0.008366 
0.613896 
0.742089 
0.296991 
0.528177 
0.067370 
0.290695 
0.706382 
0.167858 
0.186706 
0.963721 
0.256102 
0.301955 
0.957586 
0.150488 
0.249507 
0.458692 
0.229361 
0.871331 
0.454352 
0.292507 
0.160030 
0.616031 
0.636613 
0.552406 
0.286863 
0.310468 
0.039371 
0.703312 
0.572745 
0.132968 
0.789704 
0.562250 
0.739565 
0.871535 
0.882388 
0.290629 
0.602809 
0.418965 
0.547039 
0.084569 
0.346256 
0.523968 
0.337388 
0.473356 
0.701209 
0.217514 
0.751920 
0.526954 
0.523793 
0.382918 
0.695257 
0.180870 
0.875412 
0.054263 
0.996197 
0.087082 
0.594570 
0.943461 
0.743266 
0.074156 
0.334974 
0.916109 
0.046214 
0.720418 
0.061076 
0.508478 
0.993465 
0.159983 
0.837761 
0.255884 
0.647956 
0.200445 
0.870845 
0.299964 
0.492587 
0.907571 
0.539779 
0.058746 
0.348660 
0.936694 
0.015587 
0.962573 
0.958717 
0.156184 
0.981914 
0.024006 
0.465426 
0.420473 
0.883696 
0.285325 
0.458037 
0.235300 
0.689588 
0.900420 
0.354288 
0.514344 
0.574874 
0.900164 
0.056844 
0.377950 
0.203667 
0.030025 
0.632316 
0.326656 
0.098993 
0.771722 
0.334463 
0.326880 
0.875247 
0.280652 
0.924844 
0.850134 
0.198368 
0.963892 
0.140346 
0.791482 
0.431369 
0.024955 
0.426743 
0.268670 
0.534730 
0.206573 
0.879498 
0.730755 
0.797145 
0.612213 
0.464650 
0.377727 
0.449765 
0.193018 
0.050735 
0.708179 
0.359103 
0.435918 
0.478385 
0.223164 
0.712781 
0.702500 
0.920380 
0.826104 
0.332035 
0.520222 
0.374020 
0.153149 
0.971595 
0.605336 
0.876690 
0.523129 
0.222053 
0.048635 
0.410705 
0.726932 
0.540446 
0.277901 
0.688728 
0.455298 
0.190250 
0.526774 
0.485033 
0.942840 
0.305597 
0.176847 
0.274608 
0.333069 
0.888970 
0.925735 
0.820483 
0.863368 
0.624635 
0.240540 
0.758109 
0.533610 
0.390252 
0.966951 
0.547422 
0.518322 
0.431915 
0.190737 
0.723487 
0.641311 
0.508881 
0.761764 
0.959934 
0.609633 
0.100523 
0.484241 
0.637495 
0.384260 
0.259165 
0.779429 
0.866831 
0.820906 
0.973225 
0.996736 
0.139883 
0.011804 
0.397670 
0.644113 
0.601507 
0.520596 
0.658908 
0.258539 
0.269531 
0.007275 
0.279021 
0.508117 
0.930658 
0.570869 
0.596449 
0.510088 
0.048754 
0.401327 
0.100270 
0.242936 
0.021656 
0.970030 
0.286422 
0.894295 
0.409780 
0.167264 
0.211536 
0.292003 
0.692250 
0.648461 
0.680237 
0.748921 
0.110509 
0.324025 
0.881634 
0.628573 
0.429969 
0.480740 
0.799454 
0.421409 
0.628512 
0.403689 
0.799043 
0.517949 
0.170960 
0.327903 
0.066626 
0.791474 
0.308761 
0.353966 
0.113765 
0.055703 
0.203189 
0.991960 
0.878541 
0.636100 
0.939651 
0.713305 
0.521104 
0.200842 
0.546652 
0.586334 
0.520761 
0.424950 
0.132852 
0.836133 
0.888801 
0.072671 
0.377505 
0.721188 
0.012293 
0.607978 
0.281529 
0.653993 
0.652041 
0.858685 
0.925671 
0.753483 
0.790559 
0.928639 
0.633454 
0.469563 
0.951902 
0.609545 
0.624642 
0.351228 
0.097046 
0.059682 
0.079068 
0.893990 
0.287194 
0.870329 
0.615605 
0.479805 
0.085114 
0.511193 
0.614631 
0.104654 
0.913293 
0.717537 
0.650357 
0.549980 
0.512943 
0.031809 
0.608930 
0.283566 
0.893301 
0.717566 
0.136570 
0.335068 
0.493584 
0.671254 
0.773554 
0.123017 
0.540084 
0.188102 
0.425783 
0.131229 
0.560148 
0.413369 
0.495681 
0.915383 
0.844161 
0.812613 
0.581269 
0.381047 
0.257452 
0.987375 
0.811844 
0.670139 
0.018098 
0.179848 
0.699341 
0.831355 
0.576290 
0.702908 
0.771889 
0.135818 
0.699693 
0.733063 
0.591573 
0.564269 
0.663370 
0.254206 
0.442919 
0.137258 
0.897269 
0.397982 
0.882341 
0.500800 
0.940768 
0.485455 
0.034375 
0.747736 
0.204131 
0.828345 
0.989026 
0.559376 
0.428843 
0.571355 
0.771068 
0.335190 
0.540970 
0.088170 
0.881446 
0.456178 
0.982158 
0.130204 
0.344429 
0.820026 
0.179212 
0.009640 
0.022655 
0.757732 
0.209669 
0.911299 
0.198458 
0.481324 
0.607475 
0.840586 
0.729498 
0.666316 
0.766503 
0.608174 
0.578089 
0.948812 
0.681014 
0.798053 
0.879276 
0.990275 
0.547444 
0.893760 
0.431150 
0.333648 
0.628965 
0.018457 
0.200008 
0.539048 
0.779267 
0.137517 
0.253434 
0.462400 
0.560280 
0.622878 
0.717879 
0.387524 
0.114805 
0.528010 
0.262916 
0.828918 
0.628859 
0.231485 
0.571455 
0.442647 
0.570595 
0.992501 
0.959297 
0.906314 
0.416071 
0.912423 
0.093027 
0.508677 
0.332820 
0.703428 
0.516636 
0.094173 
0.772815 
0.706067 
0.867692 
0.297357 
0.683029 
0.672411 
0.206202 
0.636380 
0.642540 
0.164814 
0.026027 
0.441065 
0.977915 
0.818276 
0.771778 
0.269910 
0.381008 
0.601383 
0.437671 
0.928896 
0.946880 
0.206121 
0.269176 
0.043253 
0.959869 
0.517181 
0.266827 
0.559737 
0.500181 
0.536659 
0.622182 
0.009630 
0.856462 
0.552801 
0.930652 
0.475747 
0.886171 
0.883002 
0.615050 
0.148323 
0.870320 
0.462670 
0.099887 
0.801513 
0.028965 
0.810045 
0.423194 
0.614448 
0.022105 
0.519291 
0.716100 
0.498847 
0.116482 
0.715101 
0.709954 
0.199491 
0.846088 
0.206456 
0.904812 
0.168353 
0.507091 
0.680127 
0.897444 
0.347506 
0.528558 
0.478575 
0.415986 
0.474218 
0.182927 
0.452249 
0.949977 
0.264812 
0.700719 
0.987319 
0.876985 
0.481345 
0.962362 
0.421589 
0.652833 
0.156548 
0.096883 
0.312478 
0.816212 
0.069398 
0.376536 
0.447420 
0.780980 
0.925666 
0.671064 
0.566112 
0.648991 
0.588915 
0.897786 
0.092710 
0.182692 
0.500308 
0.680779 
0.846159 
0.399304 
0.105254 
0.997930 
0.208298 
0.865850 
0.342869 
0.605641 
0.015515 
0.760975 
0.699028 
0.559857 
0.509859 
0.204511 
0.223631 
0.566456 
0.425986 
0.549544 
0.188338 
0.394339 
0.655151 
0.128900 
0.429014 
0.442592 
0.644790 
0.992928 
0.138919 
0.806258 
0.781256 
0.573395 
0.044241 
0.564724 
0.323084 
0.076689 
0.905383 
0.773272 
0.389128 
0.067396 
0.730498 
0.472387 
0.408939 
0.030869 
0.818627 
0.667577 
0.974163 
0.760351 
0.212014 
0.316794 
0.357936 
0.832389 
0.968955 
0.234103 
0.569088 
0.662394 
0.855669 
0.236187 
0.594900 
0.486401 
0.934803 
0.231942 
0.245758 
0.451567 
0.481380 
0.552361 
0.529286 
0.715652 
0.955393 
0.287843 
0.769698 
0.321650 
0.964944 
0.815387 
0.206073 
0.468593 
0.648291 
0.824646 
0.819236 
0.907810 
0.567690 
0.165254 
0.428176 
0.354940 
0.469226 
0.278449 
0.893853 
0.992503 
0.990845 
0.135138 
0.261125 
0.731105 
0.677761 
0.133157 
0.969668 
0.207102 
0.760448 
0.841237 
0.669690 
0.473463 
0.489002 
0.657535 
0.186880 
0.893890 
0.609369 
0.667769 
0.191028 
0.605873 
0.911990 
0.821868 
0.142762 
0.407787 
0.670513 
0.319813 
0.091483 
0.548720 
0.331078 
0.428182 
0.450147 
0.626419 
0.217194 
0.372708 
0.105946 
0.629347 
0.432894 
0.650406 
0.371882 
0.216840 
0.435930 
0.669834 
0.900537 
0.330172 
0.202027 
0.472542 
0.005720 
0.137437 
0.908926 
0.322700 
0.610769 
0.199415 
0.568629 
0.950986 
0.226096 
0.000570 
0.574764 
0.066939 
0.039963 
0.654095 
0.372716 
0.230635 
0.289388 
0.736887 
0.864308 
0.419508 
0.674597 
0.950755 
0.342503 
0.450875 
0.857390 
0.157126 
0.814181 
0.945614 
0.940302 
0.659696 
0.506180 
0.362756 
0.846918 
0.146777 
0.881514 
0.612641 
0.663423 
0.150638 
0.781173 
0.170862 
0.683379 
0.557355 
0.467543 
0.991141 
0.105438 
0.095779 
0.758676 
0.075692 
0.155388 
0.599088 
0.878566 
0.055054 
0.288988 
0.021808 
0.521316 
0.763828 
0.650856 
0.931685 
0.827919 
0.840851 
0.178264 
0.085843 
0.766614 
0.478614 
0.057153 
0.575974 
0.393342 
0.905657 
0.373135 
0.277193 
0.783858 
0.300384 
0.555736 
0.262152 
0.986558 
0.088455 
0.657847 
0.442131 
0.887872 
0.471117 
0.058353 
0.735605 
0.320309 
0.430886 
0.901951 
0.093354 
0.993553 
0.645506 
0.025329 
0.702090 
0.029497 
0.749778 
0.514002 
0.838568 
0.804496 
0.158362 
0.598357 
0.588075 
0.770243 
0.469040 
0.147886 
0.515520 
0.352414 
0.020776 
0.174638 
0.148676 
0.790530 
0.433284 
0.212230 
0.941906 
0.609102 
0.172788 
0.040861 
0.756334 
0.712522 
0.352268 
0.561605 
0.896999 
0.866757 
0.580677 
0.443014 
0.732538 
0.770777 
0.453226 
0.373331 
0.577870 
0.267554 
0.777756 
0.745074 
0.451324 
0.395882 
0.590808 
0.705810 
0.549735 
0.400421 
0.870273 
0.680276 
0.398744 
0.693058 
0.233926 
0.602088 
0.292296 
0.611209 
0.595224 
0.936895 
0.401986 
0.179662 
0.581183 
0.940416 
0.570637 
0.693297 
0.247461 
0.073679 
0.324834 
0.489163 
0.355449 
0.024747 
0.916162 
0.941496 
0.722617 
0.020698 
0.873019 
0.836054 
0.558185 
0.412544 
0.627441 
0.401709 
0.524890 
0.823996 
0.897014 
0.111425 
0.715010 
0.176596 
0.052962 
0.140153 
0.555309 
0.082123 
0.246649 
0.431793 
0.147069 
0.787020 
0.445947 
0.034532 
0.384127 
0.023445 
0.037179 
0.872466 
0.530970 
0.020350 
0.020773 
0.139592 
0.122460 
0.189897 
0.597994 
0.480540 
0.442669 
0.943310 
0.216585 
0.151556 
0.201546 
0.390219 
0.405753 
0.498785 
0.083088 
0.465555 
0.583212 
0.036072 
0.260060 
0.835493 
0.133687 
0.871138 
0.209664 
0.830147 
0.283133 
0.609738 
0.864258 
0.577101 
0.341695 
0.860690 
0.618253 
0.983742 
0.747451 
0.415770 
0.852652 
0.518379 
0.401062 
0.646581 
0.086139 
0.745797 
0.608657 
0.696766 
0.541804 
0.106387 
0.053754 
0.440238 
0.083253 
0.233030 
0.528939 
0.878448 
0.074560 
0.125547 
0.072605 
0.270833 
0.883332 
0.152919 
0.103373 
0.395857 
0.168168 
0.402175 
0.351126 
0.375997 
0.373918 
0.446296 
0.895379 
0.640618 
0.869418 
0.316321 
0.413107 
0.088285 
0.804604 
0.973783 
0.366770 
0.309822 
0.172144 
0.222964 
0.358665 
0.078787 
0.169868 
0.973666 
0.408167 
0.057574 
0.651027 
0.816899 
0.628132 
0.009694 
0.925348 
0.326217 
0.727531 
0.617515 
0.571621 
0.233875 
0.733510 
0.097030 
0.776947 
0.144933 
0.896120 
0.092528 
0.121110 
0.496040 
0.946000 
0.418352 
0.249235 
0.899072 
0.708602 
0.477436 
0.263444 
0.698292 
0.194952 
0.563759 
0.089160 
0.504255 
0.009767 
0.150629 
0.619253 
0.785563 
0.964868 
0.544776 
0.046168 
0.944535 
0.799373 
0.063652 
0.795336 
0.214368 
0.880906 
0.393767 
0.036520 
0.792659 
0.221221 
0.054508 
0.111709 
0.496053 
0.164457 
0.032633 
0.460594 
0.200205 
0.840500 
0.285204 
0.419816 
0.849134 
0.395528 
0.646563 
0.782649 
0.973448 
0.745473 
0.161950 
0.893872 
0.307060 
0.757626 
0.424247 
0.327227 
0.711911 
0.085378 
0.950372 
0.900368 
0.488245 
0.937321 
0.556735 
0.052516 
0.632654 
0.011268 
0.387570 
0.897051 
0.729935 
0.014869 
0.909604 
0.714238 
0.202159 
0.680846 
0.971098 
0.246359 
0.547450 
0.991942 
0.572702 
0.402415 
0.394870 
0.583450 
0.043001 
0.713758 
0.137140 
0.910929 
0.975813 
0.495962 
0.638667 
0.083145 
0.425005 
0.063736 
0.203730 
0.097033 
0.836662 
0.778257 
0.164729 
0.593035 
0.135131 
0.154632 
0.896421 
0.156142 
0.280812 
0.605868 
0.829453 
0.624355 
0.529035 
0.483495 
0.107228 
0.176234 
0.958960 
0.241416 
0.471182 
0.156901 
0.037238 
0.861359 
0.856653 
0.775231 
0.299543 
0.411108 
0.491490 
0.465334 
0.870429 
0.298603 
0.628843 
0.964809 
0.552862 
0.946899 
0.526000 
0.481653 
0.143982 
0.908061 
0.779709 
0.566691 
0.367291 
0.058889 
0.739358 
0.390225 
0.506541 
0.442421 
0.768428 
0.961954 
0.559695 
0.792473 
0.100628 
0.255317 
0.112801 
0.846252 
0.949418 
0.874187 
0.454860 
0.829377 
0.343194 
0.056191 
0.403463 
0.997932 
0.245004 
0.778077 
0.131830 
0.674760 
0.693858 
0.679558 
0.338278 
0.435379 
0.410003 
0.914193 
0.848374 
0.629241 
0.653459 
0.692743 
0.923406 
0.688246 
0.345763 
0.233394 
0.648416 
0.932686 
0.654011 
0.956949 
0.439374 
0.553418 
0.303973 
0.869362 
0.359579 
0.444658 
0.360068 
0.660577 
0.310078 
0.482079 
0.293668 
0.675966 
0.954536 
0.890908 
0.483822 
0.596048 
0.783965 
0.105943 
0.586537 
0.921193 
0.489293 
0.555660 
0.980052 
0.729180 
0.335783 
0.510536 
0.578832 
0.431886 
0.716178 
0.798165 
0.756994 
0.799482 
0.887556 
0.150712 
0.012284 
0.459551 
0.667377 
0.599057 
0.352289 
0.928028 
0.364702 
0.552337 
0.121204 
0.072302 
0.182683 
0.352664 
0.220405 
0.351756 
0.964565 
0.451320 
0.332880 
0.711613 
0.082966 
0.416173 
0.624160 
0.248823 
0.971115 
0.537773 
0.356991 
0.956114 
0.410364 
0.990500 
0.340173 
0.289735 
0.570733 
0.315430 
0.427120 
0.610784 
0.444427 
0.490625 
0.931203 
0.727126 
0.811704 
0.311052 
0.845694 
0.578789 
0.707376 
0.868516 
0.146673 
0.138332 
0.938013 
0.178800 
0.089455 
0.468849 
0.953373 
0.341921 
0.661238 
0.420478 
0.973042 
0.920714 
0.448396 
0.185206 
0.760370 
0.538491 
0.415626 
0.433951 
0.422643 
0.354264 
0.116561 
0.035253 
0.504058 
0.705239 
0.950341 
0.384063 
0.940361 
0.654216 
0.407532 
0.397864 
0.895132 
0.477937 
0.682199 
0.713158 
0.039590 
0.382817 
0.011539 
0.930355 
0.480027 
0.816782 
0.649344 
0.521491 
0.698106 
0.061462 
0.990293 
0.852680 
0.999036 
0.794321 
0.147444 
0.083992 
0.645683 
0.987085 
0.941871 
0.018391 
0.095152 
0.217958 
0.220327 
0.039744 
0.969761 
0.775107 
0.224764 
0.611933 
0.764970 
0.856711 
0.743024 
0.999349 
0.054040 
0.249503 
0.396378 
0.925492 
0.741755 
0.682002 
0.399762 
0.806988 
0.046797 
0.515737 
0.994423 
0.262026 
0.866927 
0.446216 
0.557227 
0.309601 
0.471430 
0.316765 
0.870854 
0.446607 
0.116123 
0.684493 
0.267300 
0.518474 
0.986935 
0.411668 
0.903786 
0.939329 
0.299508 
0.834610 
0.286477 
0.821696 
0.243061 
0.131128 
0.876219 
0.611335 
0.698952 
0.294348 
0.112592 
0.335123 
0.414599 
0.169701 
0.163475 
0.529191 
0.121350 
0.524108 
0.683264 
0.609974 
0.840484 
0.008056 
0.403662 
0.353464 
0.677057 
0.293152 
0.999942 
0.029499 
0.788119 
0.917627 
0.549041 
0.731492 
0.185059 
0.279411 
0.059649 
0.528491 
0.342132 
0.208383 
0.292198 
0.973221 
0.920006 
0.543408 
0.057226 
0.791777 
0.394117 
0.925644 
0.295179 
0.069223 
0.436576 
0.540379 
0.152908 
0.920909 
0.723864 
0.985686 
0.432999 
0.415753 
0.561526 
0.575736 
0.394287 
0.778974 
0.210442 
0.901984 
0.643023 
0.287028 
0.074100 
0.400044 
0.543475 
0.190030 
0.834308 
0.219662 
0.863039 
0.090656 
0.659771 
0.768417 
0.777228 
0.873281 
0.240054 
0.581564 
0.350212 
0.019126 
0.452175 
0.705506 
0.441120 
0.898437 
0.029842 
0.558564 
0.781127 
0.397938 
0.142960 
0.731340 
0.639164 
0.431541 
0.915155 
0.016526 
0.758103 
0.441948 
0.819677 
0.317418 
0.837077 
0.748437 
0.981924 
0.204192 
0.859923 
0.721806 
0.385684 
0.185432 
0.555384 
0.343499 
0.191964 
0.341571 
0.788831 
0.882674 
0.098008 
0.215328 
0.010545 
0.225174 
0.491218 
0.902295 
0.867657 
0.705183 
0.007827 
0.551312 
0.902620 
0.336129 
0.314665 
0.580973 
0.406090 
0.157814 
0.374637 
0.517085 
0.651402 
0.107962 
0.516837 
0.480229 
0.202242 
0.081899 
0.471318 
0.444322 
0.718117 
0.384482 
0.989361 
0.188476 
0.719890 
0.188134 
0.961153 
0.105164 
0.497818 
0.834294 
0.971324 
0.037483 
0.978178 
0.232435 
0.531206 
0.983287 
0.100564 
0.183723 
0.827311 
0.609931 
0.114705 
0.851273 
0.344109 
0.433481 
0.507295 
0.113008 
0.317458 
0.509980 
0.235924 
0.171921 
0.483885 
0.654228 
0.613687 
0.234741 
0.294924 
0.781062 
0.303999 
0.317085 
0.241825 
0.358324 
0.358165 
0.675927 
0.308250 
0.763438 
0.107526 
0.185454 
0.931034 
0.894255 
0.736219 
0.630603 
0.550692 
0.485699 
0.145497 
0.364008 
0.879432 
0.614793 
0.823933 
0.849321 
0.542339 
0.097344 
0.059386 
0.101192 
0.730757 
0.833670 
0.499070 
0.874689 
0.897892 
0.874462 
0.075540 
0.607959 
0.969812 
0.635429 
0.647664 
0.282581 
0.339372 
0.828051 
0.050540 
0.425831 
0.936906 
0.586211 
0.447657 
0.774862 
0.105871 
0.378638 
0.773584 
0.630682 
0.870249 
0.282931 
0.225240 
0.610851 
0.566729 
0.009445 
0.734406 
0.156044 
0.633549 
0.058371 
0.043659 
0.779188 
0.811973 
0.829794 
0.344585 
0.446086 
0.368645 
0.819450 
0.487920 
0.476574 
0.775050 
0.261823 
0.465556 
0.597338 
0.461779 
0.127667 
0.698981 
0.778550 
0.092469 
0.125197 
0.180961 
0.413145 
0.730415 
0.085507 
0.123653 
0.234144 
0.263350 
0.116505 
0.092591 
0.172090 
0.310996 
0.917901 
0.168618 
0.963246 
0.271327 
0.188980 
0.183670 
0.939894 
0.803209 
0.538432 
0.430114 
0.932593 
0.089261 
0.212352 
0.000491 
0.256593 
0.551895 
0.702361 
0.588325 
0.985220 
0.591760 
0.705812 
0.589219 
0.008562 
0.899124 
0.570192 
0.209457 
0.342154 
0.574015 
0.474585 
0.342663 
0.136869 
0.363205 
0.392493 
0.622157 
0.595960 
0.295132 
0.277891 
0.519280 
0.530647 
0.579419 
0.292767 
0.541575 
0.257496 
0.742612 
0.076863 
0.828125 
0.297179 
0.685491 
0.041863 
0.589775 
0.342603 
0.126775 
0.701654 
0.702794 
0.860181 
0.057998 
0.765667 
0.558589 
0.202326 
0.498620 
0.310190 
0.364140 
0.106347 
0.377031 
0.762311 
0.157859 
0.132073 
0.744222 
0.134484 
0.267730 
0.730074 
0.350281 
0.180199 
0.609197 
0.777475 
0.022791 
0.049176 
0.500971 
0.815558 
0.077333 
0.736929 
0.572845 
0.798544 
0.135626 
0.464498 
0.826041 
0.263932 
0.900585 
0.137673 
0.876395 
0.562870 
0.150382 
0.462692 
0.460894 
0.245067 
0.835662 
0.964680 
0.377554 
0.544835 
0.049117 
0.512086 
0.621412 
0.078058 
0.916811 
0.834096 
0.648474 
0.907233 
0.870928 
0.687274 
0.012451 
0.262588 
0.320813 
0.912017 
0.272988 
0.112409 
0.254163 
0.722768 
0.556144 
0.117942 
0.247443 
0.772223 
0.752311 
0.083362 
0.069667 
0.896296 
0.046223 
0.876969 
0.211452 
0.881738 
0.372053 
0.103033 
0.678366 
0.289342 
0.978888 
0.166450 
0.532843 
0.492020 
0.378277 
0.707389 
0.085705 
0.451832 
0.941628 
0.937824 
0.002405 
0.425835 
0.003994 
0.128131 
0.496479 
0.323793 
0.986630 
0.296783 
0.040034 
0.859035 
0.799040 
0.470435 
0.605048 
0.047992 
0.601676 
0.361576 
0.007541 
0.746101 
0.726069 
0.047223 
0.682617 
0.750848 
0.501746 
0.845484 
0.052368 
0.147719 
0.711231 
0.652931 
0.810964 
0.869919 
0.721537 
0.867599 
0.735715 
0.158934 
0.208841 
0.993478 
0.392896 
0.402337 
0.070273 
0.075882 
0.353430 
0.096231 
0.347742 
0.506561 
0.768608 
0.000362 
0.080572 
0.179893 
0.465394 
0.881596 
0.980832 
0.836471 
0.561854 
0.079935 
0.473772 
0.690415 
0.803073 
0.239616 
0.230216 
0.248121 
0.161962 
0.090009 
0.775569 
0.982606 
0.655204 
0.006964 
0.048079 
0.070505 
0.979041 
0.747595 
0.826910 
0.882885 
0.650436 
0.875055 
0.044316 
0.813304 
0.204116 
0.571765 
0.654179 
0.794493 
0.042918 
0.330244 
0.413103 
0.024492 
0.640093 
0.034802 
0.909545 
0.724069 
0.435816 
0.762297 
0.932358 
0.133783 
0.488073 
0.048233 
0.645318 
0.859038 
0.853754 
0.051112 
0.041856 
0.471064 
0.177432 
0.105248 
0.896453 
0.689337 
0.687243 
0.485259 
0.745641 
0.990705 
0.780481 
0.539109 
0.802659 
0.281770 
0.716575 
0.470951 
0.269778 
0.164001 
0.365984 
0.095631 
0.271425 
0.840469 
0.761573 
0.752563 
0.319447 
0.949802 
0.321777 
0.099328 
0.406356 
0.622726 
0.156621 
0.330976 
0.717063 
0.685837 
0.856800 
0.245601 
0.807757 
0.964243 
0.029681 
0.845522 
0.680716 
0.790578 
0.240128 
0.837423 
0.561387 
0.227152 
0.745594 
0.200257 
0.726954 
0.912778 
0.056635 
0.856326 
0.276674 
0.058802 
0.291104 
0.585604 
0.252880 
0.152809 
0.256679 
0.002442 
0.047554 
0.234346 
0.659321 
0.204309 
0.820366 
0.885433 
0.474051 
0.374278 
0.486218 
0.868001 
0.491969 
0.522229 
0.104122 
0.975564 
0.300402 
0.861200 
0.182023 
0.262284 
0.203104 
0.563124 
0.419173 
0.039243 
0.561016 
0.997073 
0.799334 
0.406393 
0.251888 
0.479410 
0.442827 
0.601169 
0.844052 
0.985789 
0.162298 
0.742346 
0.602308 
0.991586 
0.577531 
0.562866 
0.094752 
0.492094 
0.618264 
0.159929 
0.926138 
0.602784 
0.984422 
0.174428 
0.610264 
0.714981 
0.688646 
0.066485 
0.415130 
0.095534 
0.643172 
0.798259 
0.341106 
0.968566 
0.694005 
0.147964 
0.830507 
0.331578 
0.827011 
0.569804 
0.699906 
0.313017 
0.869701 
0.061958 
0.324014 
0.709478 
0.191847 
0.379696 
0.553788 
0.518533 
0.976188 
0.788089 
0.416512 
0.316004 
0.078317 
0.275762 
0.725967 
0.321908 
0.308759 
0.313175 
0.538814 
0.840764 
0.718701 
0.209119 
0.663262 
0.439561 
0.696747 
0.220438 
0.901731 
0.388014 
0.348521 
0.594950 
0.330921 
0.782908 
0.335444 
0.805543 
0.765854 
0.710299 
0.995763 
0.784289 
0.552916 
0.861715 
0.846518 
0.432159 
0.299253 
0.537675 
0.700040 
0.564835 
0.185181 
0.336470 
0.057272 
0.564560 
0.566856 
0.150763 
0.867855 
0.039013 
0.685594 
0.772829 
0.933916 
0.327318 
0.235102 
0.364320 
0.124993 
0.764994 
0.246292 
0.431042 
0.521077 
0.740307 
0.337047 
0.746755 
0.712398 
0.269632 
0.698491 
0.542737 
0.773401 
0.554966 
0.308736 
0.924941 
0.475295 
0.283151 
0.920257 
0.757540 
0.973865 
0.744329 
0.933602 
0.042930 
0.525935 
0.383958 
0.179968 
0.727991 
0.346806 
0.765040 
0.027653 
0.769197 
0.889629 
0.993528 
0.219728 
0.975041 
0.505747 
0.086370 
0.613761 
0.477389 
0.470312 
0.527304 
0.395996 
0.500739 
0.924553 
0.961353 
0.461315 
0.321357 
0.042189 
0.072796 
0.480834 
0.370214 
0.187028 
0.372282 
0.943816 
0.716359 
0.845604 
0.072479 
0.155443 
0.534574 
0.590383 
0.559216 
0.739257 
0.689696 
0.712858 
0.006804 
0.350463 
0.231075 
0.669771 
0.844173 
0.017217 
0.373664 
0.170985 
0.747850 
0.121263 
0.061853 
0.557540 
0.578391 
0.025785 
0.375720 
0.726166 
0.678505 
0.629951 
0.590574 
0.783343 
0.651847 
0.591411 
0.845255 
0.199626 
0.119985 
0.590036 
0.741938 
0.753632 
0.298551 
0.739000 
0.381373 
0.738939 
0.344199 
0.956641 
0.260086 
0.265208 
0.347482 
0.136958 
0.853808 
0.948085 
0.456217 
0.641436 
0.610402 
0.025560 
0.589839 
0.425757 
0.693578 
0.967035 
0.963752 
0.780304 
0.571467 
0.646461 
0.077674 
0.466301 
0.126033 
0.230710 
0.551202 
0.048318 
0.087984 
0.745678 
