0.000001 
0.011262 
0.282877 
0.316059 
0.997540 
0.652055 
0.082269 
0.697203 
0.886328 
0.507528 
0.023077 
0.859490 
0.440159 
0.759133 
0.749267 
0.931293 
0.238578 
0.783964 
0.077690 
0.735121 
0.185980 
0.762317 
0.265933 
0.537389 
0.898116 
0.634155 
0.250511 
0.337478 
0.989387 
0.623075 
0.013265 
0.951675 
0.802979 
0.669858 
0.301435 
0.221832 
0.329051 
0.366899 
0.474689 
0.102798 
0.722347 
0.488956 
0.889862 
0.908317 
0.079047 
0.535229 
0.594986 
0.922359 
0.093558 
0.429642 
0.996013 
0.985985 
0.456010 
0.157410 
0.590943 
0.982305 
0.603861 
0.098514 
0.727396 
0.350458 
0.152067 
0.795800 
0.008446 
0.944136 
0.088402 
0.777999 
0.832450 
0.981946 
0.564636 
0.832756 
0.124919 
0.517509 
0.780551 
0.720711 
0.983299 
0.306500 
0.337542 
0.070154 
0.070853 
0.819023 
0.324343 
0.229095 
0.400775 
0.833622 
0.687178 
0.407623 
0.912978 
0.427076 
0.867866 
0.219888 
0.655415 
0.567430 
0.797115 
0.110942 
0.600858 
0.612445 
0.367465 
0.984229 
0.933810 
0.547555 
0.752852 
0.180421 
0.333093 
0.298603 
0.613566 
0.203047 
0.611273 
0.661841 
0.564353 
0.073321 
0.312891 
0.764134 
0.793125 
0.046158 
0.771236 
0.158130 
0.695002 
0.905465 
0.149430 
0.467644 
0.684830 
0.935094 
0.132345 
0.316426 
0.168006 
0.674982 
0.430394 
0.634214 
0.231648 
0.309213 
0.939393 
0.379563 
0.312449 
0.332151 
0.457202 
0.187359 
0.936760 
0.127346 
0.299992 
0.961551 
0.783374 
0.166290 
0.833301 
0.294293 
0.190098 
0.976035 
0.215272 
0.078651 
0.889202 
0.809899 
0.972436 
0.739931 
0.015908 
0.358330 
0.450610 
0.400281 
0.518316 
0.338797 
0.154134 
0.531363 
0.622041 
0.644290 
0.585365 
0.223090 
0.477232 
0.831886 
0.508165 
0.729777 
0.368265 
0.433477 
0.440458 
0.780297 
0.448006 
0.637853 
0.403716 
0.260470 
0.722862 
0.149546 
0.422381 
0.957410 
0.187182 
0.965244 
0.859944 
0.071261 
0.679462 
0.718673 
0.742425 
0.933417 
0.938593 
0.930730 
0.777304 
0.146491 
0.070504 
0.966590 
0.470974 
0.658843 
0.170525 
0.017761 
0.510989 
0.196331 
0.739540 
0.443534 
0.475368 
0.502374 
0.403045 
0.977053 
0.326016 
0.355642 
0.271485 
0.841422 
0.786987 
0.895245 
0.378070 
0.215631 
0.106912 
0.870519 
0.809320 
0.236551 
0.704547 
0.329177 
0.473969 
0.998778 
0.456876 
0.721415 
0.813983 
0.614719 
0.589206 
0.790175 
0.468683 
0.159281 
0.036176 
0.005161 
0.736880 
0.741614 
0.301603 
0.049961 
0.692637 
0.150522 
0.827711 
0.338942 
0.594960 
0.484427 
0.765085 
0.778233 
0.769231 
0.462449 
0.375780 
0.728865 
0.036846 
0.272620 
0.928176 
0.856266 
0.264881 
0.853551 
0.635051 
0.296549 
0.104427 
0.109200 
0.328695 
0.371846 
0.608207 
0.136759 
0.510743 
0.055728 
0.620420 
0.402984 
0.953872 
0.733283 
0.293845 
0.646488 
0.516639 
0.157763 
0.517344 
0.999310 
0.400014 
0.031161 
0.726418 
0.909917 
0.982027 
0.919678 
0.022319 
0.119193 
0.284050 
0.034502 
0.876313 
0.194061 
0.585849 
0.358656 
0.928771 
0.853545 
0.530850 
0.002438 
0.975168 
0.641344 
0.065696 
0.149239 
0.256187 
0.731919 
0.358396 
0.554511 
0.673761 
0.893406 
0.481254 
0.440204 
0.505636 
0.218114 
0.833740 
0.664111 
0.721370 
0.061759 
0.991750 
0.339269 
0.091395 
0.078427 
0.116046 
0.389933 
0.601764 
0.842129 
0.668613 
0.382928 
0.864776 
0.289361 
0.286691 
0.416120 
0.734560 
0.743058 
0.580958 
0.153228 
0.303417 
0.522282 
0.989973 
0.474728 
0.755611 
0.552332 
0.040091 
0.814666 
0.089124 
0.902697 
0.620757 
0.058749 
0.394163 
0.697394 
0.104930 
0.554440 
0.467435 
0.184893 
0.499312 
0.943470 
0.894730 
0.724970 
0.564775 
0.172112 
0.690560 
0.237551 
0.515534 
0.577344 
0.416807 
0.271598 
0.753467 
0.520933 
0.320300 
0.274500 
0.513868 
0.587805 
0.246617 
0.890568 
0.782868 
0.656569 
0.954724 
0.048996 
0.480556 
0.700055 
0.826549 
0.808816 
0.778445 
0.317683 
0.300979 
0.562047 
0.322729 
0.103987 
0.710824 
0.816034 
0.082300 
0.217398 
0.808492 
0.326478 
0.121396 
0.299459 
0.000397 
0.673639 
0.850403 
0.725500 
0.471293 
0.016548 
0.125692 
0.508781 
0.090450 
0.196814 
0.848683 
0.823501 
0.573459 
0.122214 
0.053512 
0.377742 
0.711259 
0.133595 
0.335760 
0.126387 
0.178039 
0.300252 
0.333102 
0.451084 
0.364292 
0.661539 
0.491793 
0.565928 
0.546180 
0.643579 
0.634170 
0.496008 
0.414816 
0.817133 
0.560413 
0.855969 
0.263432 
0.498501 
0.298297 
0.471094 
0.668592 
0.022218 
0.419658 
0.195666 
0.560761 
0.706915 
0.124621 
0.503742 
0.385022 
0.061179 
0.242536 
0.295032 
0.608801 
0.112891 
0.361609 
0.559034 
0.687881 
0.210703 
0.287419 
0.658769 
0.928872 
0.547672 
0.726623 
0.352902 
0.217324 
0.568623 
0.847005 
0.615043 
0.028259 
0.949112 
0.721423 
0.948213 
0.619324 
0.976087 
0.098587 
0.959572 
0.528286 
0.898388 
0.213920 
0.349536 
0.659472 
0.745735 
0.560158 
0.579288 
0.096790 
0.748214 
0.226958 
0.478046 
0.516019 
0.726911 
0.189449 
0.071179 
0.301238 
0.914181 
0.645186 
0.645185 
0.628085 
0.218018 
0.220389 
0.069850 
0.973437 
0.547614 
0.755128 
0.435722 
0.173075 
0.869097 
0.917058 
0.992285 
0.333004 
0.792942 
0.979270 
0.584347 
0.122943 
0.302406 
0.539209 
0.488920 
0.282066 
0.683690 
0.769725 
0.765984 
0.891328 
0.551949 
0.608663 
0.795730 
0.837135 
0.735687 
0.684672 
0.281955 
0.822164 
0.112202 
0.773284 
0.581500 
0.266229 
0.509317 
0.092630 
0.827634 
0.047669 
0.175294 
0.162318 
0.079819 
0.511733 
0.693079 
0.571220 
0.486144 
0.614866 
0.055945 
0.264855 
0.420949 
0.883811 
0.212365 
0.218385 
0.400152 
0.359670 
0.980684 
0.360982 
0.027927 
0.360920 
0.978395 
0.880454 
0.793478 
0.980463 
0.641406 
0.115658 
0.864283 
0.999397 
0.857667 
0.812665 
0.462072 
0.038338 
0.347227 
0.849172 
0.035045 
0.993845 
0.560341 
0.651678 
0.754743 
0.973942 
0.050597 
0.379669 
0.104836 
0.984853 
0.432485 
0.781922 
0.756705 
0.941239 
0.410953 
0.880143 
0.566942 
0.598625 
0.095586 
0.512408 
0.042699 
0.646216 
0.945468 
0.487229 
0.849994 
0.840807 
0.441357 
0.882325 
0.236292 
0.358142 
0.292380 
0.035867 
0.813413 
0.040511 
0.861450 
0.398190 
0.378748 
0.613039 
0.351643 
0.055941 
0.199388 
0.107351 
0.245291 
0.604011 
0.620444 
0.806559 
0.831456 
0.277328 
0.046547 
0.321852 
0.366042 
0.060442 
0.855334 
0.597773 
0.773886 
0.699289 
0.951060 
0.468955 
0.727478 
0.722350 
0.542489 
0.608333 
0.248721 
0.245949 
0.663133 
0.275820 
0.707534 
0.528221 
0.817058 
0.295421 
0.140195 
0.263995 
0.960377 
0.064179 
0.659889 
0.753184 
0.760301 
0.382990 
0.913509 
0.352972 
0.399865 
0.533798 
0.544373 
0.274026 
0.559530 
0.025288 
0.021799 
0.370338 
0.268357 
0.268585 
0.111990 
0.215142 
0.899187 
0.640573 
0.106590 
0.459649 
0.317958 
0.918576 
0.514740 
0.240851 
0.975073 
0.044733 
0.830763 
0.641090 
0.794674 
0.084418 
0.808548 
0.264625 
0.556061 
0.709430 
0.391711 
0.482388 
0.488068 
0.963645 
0.984904 
0.276716 
0.763129 
0.902810 
0.530970 
0.012852 
0.007572 
0.269693 
0.735634 
0.798884 
0.835093 
0.411798 
0.090271 
0.177354 
0.780791 
0.756566 
0.600662 
0.325417 
0.285672 
0.282539 
0.630303 
0.504445 
0.208349 
0.723878 
0.225197 
0.883930 
0.205428 
0.631514 
0.851502 
0.202266 
0.485364 
0.507373 
0.409892 
0.049717 
0.601105 
0.773334 
0.432531 
0.553774 
0.276447 
0.249325 
0.404263 
0.450631 
0.759816 
0.232766 
0.091693 
0.082545 
0.325483 
0.388102 
0.826914 
0.951593 
0.420678 
0.334178 
0.533824 
0.976881 
0.446812 
0.576451 
0.407529 
0.337640 
0.711852 
0.094982 
0.369434 
0.069266 
0.148651 
0.374496 
0.147542 
0.744512 
0.018193 
0.768295 
0.740361 
0.243153 
0.665715 
0.674180 
0.947305 
0.358170 
0.761493 
0.410888 
0.796426 
0.529418 
0.929661 
0.811818 
0.233044 
0.764168 
0.378208 
0.548124 
0.313912 
0.924693 
0.308137 
0.856316 
0.110849 
0.036147 
0.525537 
0.706609 
0.980654 
0.845569 
0.475351 
0.216821 
0.115307 
0.961267 
0.017303 
0.810218 
0.326612 
0.371555 
0.728928 
0.086581 
0.173068 
0.758832 
0.681161 
0.268901 
0.411295 
0.635334 
0.063293 
0.772749 
0.597947 
0.695344 
0.650998 
0.328150 
0.224800 
0.212928 
0.683260 
0.545008 
0.945304 
0.728277 
0.148917 
0.852627 
0.096851 
0.775792 
0.743928 
0.190034 
0.902390 
0.466881 
0.873736 
0.888154 
0.201969 
0.494378 
0.018345 
0.317453 
0.439488 
0.475066 
0.434784 
0.422147 
0.019721 
0.448296 
0.503883 
0.760419 
0.358334 
0.525086 
0.113873 
0.858562 
0.853452 
0.967165 
0.146980 
0.298609 
0.720936 
0.769963 
0.760688 
0.883001 
0.598083 
0.974399 
0.717981 
0.109184 
0.060516 
0.097997 
0.036237 
0.031339 
0.708586 
0.200249 
0.589601 
0.424596 
0.183230 
0.546511 
0.211657 
0.325082 
0.658089 
0.509823 
0.600957 
0.292485 
0.795219 
0.245112 
0.605729 
0.493807 
0.407626 
0.965916 
0.148675 
0.782265 
0.529380 
0.293009 
0.607366 
0.006899 
0.951887 
0.361747 
0.875193 
0.375517 
0.316569 
0.583411 
0.393310 
0.367351 
0.072529 
0.987527 
0.369134 
0.037028 
0.323942 
0.486404 
0.992468 
0.402365 
0.545772 
0.785739 
0.910385 
0.843646 
0.154019 
0.590885 
0.011311 
0.105100 
0.413005 
0.381479 
0.517614 
0.542697 
0.111400 
0.299618 
0.676953 
0.544882 
0.825751 
0.401416 
0.604350 
0.306599 
0.008081 
0.811033 
0.026875 
0.689682 
0.491168 
0.067417 
0.074106 
0.507438 
0.505004 
0.606261 
0.431419 
0.851694 
0.420993 
0.636880 
0.041416 
0.073697 
0.633146 
0.288789 
0.671511 
0.088044 
0.748713 
0.619682 
0.998228 
0.217354 
0.075631 
0.127997 
0.239025 
0.301105 
0.676286 
0.335431 
0.592541 
0.833412 
0.155850 
0.373772 
0.991156 
0.359701 
0.495440 
0.864384 
0.701178 
0.697397 
0.145134 
0.264057 
0.011975 
0.270621 
0.324611 
0.736810 
0.562923 
0.053020 
0.110412 
0.689519 
0.740732 
0.479454 
0.184517 
0.174276 
0.049226 
0.341492 
0.447853 
0.066516 
0.926497 
0.643074 
0.139319 
0.539229 
0.819631 
0.542842 
0.542184 
0.489699 
0.378368 
0.230706 
0.469252 
0.716139 
0.144655 
0.220146 
0.999473 
0.142890 
0.553621 
0.701267 
0.187052 
0.784653 
0.669873 
0.560785 
0.121055 
0.578218 
0.114971 
0.315403 
0.972314 
0.686839 
0.707944 
0.414158 
0.761502 
0.570890 
0.954967 
0.124625 
0.572958 
0.705220 
0.634649 
0.544302 
0.088480 
0.083845 
0.175477 
0.241165 
0.256447 
0.111852 
0.903076 
0.005814 
0.716290 
0.684617 
0.362373 
0.395133 
0.998054 
0.300083 
0.496638 
0.999754 
0.861001 
0.846127 
0.858541 
0.501782 
0.448193 
0.777433 
0.313581 
0.357890 
0.057884 
0.857903 
0.775813 
0.093383 
0.483812 
0.435631 
0.653922 
0.463654 
0.634783 
0.791128 
0.482851 
0.282162 
0.289950 
0.190750 
0.935495 
0.868454 
0.101454 
0.135187 
0.091628 
0.995031 
0.492131 
0.250556 
0.097833 
0.280118 
0.946942 
0.249532 
0.887091 
0.344808 
0.195457 
0.045273 
0.905548 
0.547971 
0.744234 
0.333485 
0.879069 
0.506601 
0.447186 
0.852745 
0.084428 
0.980932 
0.515947 
0.518887 
0.937236 
0.122882 
0.277426 
0.692785 
0.637899 
0.167539 
0.822442 
0.779887 
0.567821 
0.373683 
0.498159 
0.553546 
0.446152 
0.471968 
0.359133 
0.948217 
0.678922 
0.636344 
0.033116 
0.580327 
0.550799 
0.272592 
0.458672 
0.904355 
0.501602 
0.432137 
0.928478 
0.934961 
0.897901 
0.014835 
0.337309 
0.145018 
0.318578 
0.348599 
0.899630 
0.074817 
0.456934 
0.688386 
0.702322 
0.919093 
0.188956 
0.780659 
0.533032 
0.662748 
0.808539 
0.113991 
0.848252 
0.573794 
0.752622 
0.311369 
0.180609 
0.495917 
0.875698 
0.858793 
0.728960 
0.638325 
0.324057 
0.422836 
0.598161 
0.293604 
0.596013 
0.186688 
0.668103 
0.810768 
0.577725 
0.824803 
0.466396 
0.723121 
0.489448 
0.151276 
0.487489 
0.234286 
0.652036 
0.764824 
0.392978 
0.778854 
0.199527 
0.451161 
0.655933 
0.263481 
0.327352 
0.807750 
0.852741 
0.010813 
0.736496 
0.292286 
0.455746 
0.728601 
0.592775 
0.775766 
0.291258 
0.175906 
0.446159 
0.601901 
0.149492 
0.507776 
0.188412 
0.638019 
0.193527 
0.615045 
0.062828 
0.951522 
0.230131 
0.805846 
0.852212 
0.118813 
0.894657 
0.505027 
0.980510 
0.436910 
0.142596 
0.611652 
0.033406 
0.450747 
0.700200 
0.265042 
0.563619 
0.751102 
0.773887 
0.720209 
0.551568 
0.201981 
0.699281 
0.809176 
0.820394 
0.358592 
0.854109 
0.005242 
0.097244 
0.376873 
0.107497 
0.698592 
0.228310 
0.198371 
0.028812 
0.246298 
0.537629 
0.934214 
0.329190 
0.693194 
0.503761 
0.717556 
0.970260 
0.157070 
0.880488 
0.355951 
0.469759 
0.240307 
0.841989 
0.312868 
0.377159 
0.907190 
0.141002 
0.815463 
0.482076 
0.258034 
0.784416 
0.683504 
0.656857 
0.794590 
0.674873 
0.589828 
0.234887 
0.750001 
0.264438 
0.404335 
0.652918 
0.594831 
0.322361 
0.924959 
0.785556 
0.835686 
0.382045 
0.024720 
0.465457 
0.943352 
0.923322 
0.276901 
0.873351 
0.414432 
0.352826 
0.951229 
0.306022 
0.307218 
0.407251 
0.673961 
0.264662 
0.172724 
0.966371 
0.801862 
0.902232 
0.817006 
0.414814 
0.771349 
0.064352 
0.564834 
0.160160 
0.810162 
0.387057 
0.260089 
0.309998 
0.138244 
0.466217 
0.708513 
0.974984 
0.559640 
0.877774 
0.753177 
0.638891 
0.837283 
0.208146 
0.313475 
0.581711 
0.819941 
0.741241 
0.045673 
0.634387 
0.134394 
0.754071 
0.664158 
0.502942 
0.951435 
0.761646 
0.976043 
0.358792 
0.218610 
0.179600 
0.536018 
0.858036 
0.013490 
0.720080 
0.379508 
0.388100 
0.798606 
0.179413 
0.396228 
0.396651 
0.514726 
0.001505 
0.286436 
0.122770 
0.392429 
0.553435 
0.584838 
0.365965 
0.767777 
0.021942 
0.777917 
0.448896 
0.600220 
0.900173 
0.203784 
0.999922 
0.693591 
0.186252 
0.337198 
0.285379 
0.361662 
0.456781 
0.124483 
0.186001 
0.126752 
0.323038 
0.299217 
0.941509 
0.940566 
0.085022 
0.970032 
0.324928 
0.060212 
0.987965 
0.725913 
0.426344 
0.571200 
0.151762 
0.662868 
0.818554 
0.437969 
0.940730 
0.852575 
0.231137 
0.723357 
0.461213 
0.605691 
0.854424 
0.296486 
0.033514 
0.267497 
0.830037 
0.439694 
0.936043 
0.075457 
0.207728 
0.281060 
0.776024 
0.635261 
0.830601 
0.913428 
0.981675 
0.006316 
0.147270 
0.161508 
0.462523 
0.625698 
0.102858 
0.740433 
0.450589 
0.052594 
0.952078 
0.572358 
0.622023 
0.346841 
0.360188 
0.687215 
0.020318 
0.480261 
0.745329 
0.752094 
0.435836 
0.094276 
0.502255 
0.400340 
0.509369 
0.968909 
0.456084 
0.397569 
0.937315 
0.446055 
0.845116 
0.862187 
0.781103 
0.993299 
0.376238 
0.424972 
0.510043 
0.299833 
0.287304 
0.715779 
0.094512 
0.459173 
0.327571 
0.493007 
0.971808 
0.178112 
0.534666 
0.130737 
0.300527 
0.956350 
0.374060 
0.829457 
0.678020 
0.483648 
0.669190 
0.071182 
0.361181 
0.362101 
0.826349 
0.446546 
0.092356 
0.226426 
0.535104 
0.494717 
0.704609 
0.360504 
0.997539 
0.645715 
0.536661 
0.656892 
0.379721 
0.966066 
0.666136 
0.753350 
0.559739 
0.529044 
0.648021 
0.294610 
0.511317 
0.702033 
0.074280 
0.431197 
0.128823 
0.131316 
0.030402 
0.970712 
0.755904 
0.470516 
0.964614 
0.266397 
0.335826 
0.227893 
0.200956 
0.460114 
0.128620 
0.710379 
0.337054 
0.861959 
0.948639 
0.779974 
0.028433 
0.876471 
0.852624 
0.051716 
0.197368 
0.168034 
0.154723 
0.433732 
0.729254 
0.567435 
0.875332 
0.699597 
0.120448 
0.361864 
0.843236 
0.262337 
0.097705 
0.121535 
0.641132 
0.501223 
0.052856 
0.345825 
0.281235 
0.716720 
0.906853 
0.485573 
0.031297 
0.008994 
0.168905 
0.785455 
0.147953 
0.652645 
0.003804 
0.940459 
0.286906 
0.031668 
0.246548 
0.733753 
0.182402 
0.633895 
0.878725 
0.723634 
0.123225 
0.035332 
0.832749 
0.007070 
0.821496 
0.875609 
0.367024 
0.574238 
0.219072 
0.939711 
0.725247 
0.225573 
0.213396 
0.550060 
0.857364 
0.724594 
0.246782 
0.661878 
0.182111 
0.745553 
0.507788 
0.394997 
0.709475 
0.151612 
0.143927 
0.986827 
0.598204 
0.019820 
0.118912 
0.560140 
0.272495 
0.815495 
0.019584 
0.141786 
0.002339 
0.315915 
0.577955 
0.692548 
0.652070 
0.339718 
0.632744 
0.523401 
0.803618 
0.401352 
0.521924 
0.972810 
0.013994 
0.204537 
0.654105 
0.539417 
0.985523 
0.682750 
0.984697 
0.806465 
0.250177 
0.724922 
0.769224 
0.355947 
0.409559 
0.451641 
0.725851 
0.376054 
0.331569 
0.673129 
0.273814 
0.988061 
0.334123 
0.600279 
0.886436 
0.332770 
0.871415 
0.865916 
0.447976 
0.135941 
0.753825 
0.535553 
0.031252 
0.253844 
0.350803 
0.939127 
0.914024 
0.007442 
0.069834 
0.699529 
0.988105 
0.080062 
0.598405 
0.385300 
0.735494 
0.449580 
0.084924 
0.317392 
0.410970 
0.173562 
0.050158 
0.997760 
0.347682 
0.488906 
0.041554 
0.395922 
0.262569 
0.988780 
0.421355 
0.717194 
0.880562 
0.604116 
0.379288 
0.688301 
0.282329 
0.097425 
0.426113 
0.676673 
0.843777 
0.364858 
0.174507 
0.936357 
0.346266 
0.698833 
0.286188 
0.963070 
0.321106 
0.835899 
0.957021 
0.644815 
0.398162 
0.902513 
0.538631 
0.767787 
0.195413 
0.312991 
0.440863 
0.580394 
0.685990 
0.434149 
0.743841 
0.730041 
0.791087 
0.805236 
0.608926 
0.225549 
0.803678 
0.415313 
0.163142 
0.931537 
0.349136 
0.929514 
0.349408 
0.498760 
0.661646 
0.287201 
0.992217 
0.185118 
0.277093 
0.102269 
0.828148 
0.684999 
0.777507 
0.552394 
0.079762 
0.557518 
0.211335 
0.903522 
0.486109 
0.034979 
0.895070 
0.444112 
0.198074 
0.028122 
0.650413 
0.494591 
0.597821 
0.571776 
0.845252 
0.158053 
0.391255 
0.814565 
0.392437 
0.694067 
0.187353 
0.837999 
0.251997 
0.316431 
0.255536 
0.793605 
0.120318 
0.177289 
0.700431 
0.148753 
0.086381 
0.802556 
0.563452 
0.937499 
0.544436 
0.340064 
0.453191 
0.781830 
0.214918 
0.128513 
0.918085 
0.262804 
0.953939 
0.857878 
0.353236 
0.842050 
0.330046 
0.080408 
0.419705 
0.981348 
0.507775 
0.169605 
0.552715 
0.473938 
0.478778 
0.823157 
0.792597 
0.181918 
0.493931 
0.502948 
0.051784 
0.339165 
0.347484 
0.170784 
0.360128 
0.674287 
0.742087 
0.261436 
0.952005 
0.352391 
0.643145 
0.344823 
0.436274 
0.463014 
0.881312 
0.212530 
0.992129 
0.707648 
0.441910 
0.173939 
0.397593 
0.353153 
0.443352 
0.422700 
0.319647 
0.302728 
0.951746 
0.997831 
0.543974 
0.565975 
0.337473 
0.903187 
0.865876 
0.776247 
0.379122 
0.904626 
0.053380 
0.152032 
0.205840 
0.558438 
0.659343 
0.582808 
0.250876 
0.470025 
0.711731 
0.063413 
0.790387 
0.039730 
0.747406 
0.655008 
0.721955 
0.903035 
0.314988 
0.007268 
0.158432 
0.773878 
0.563854 
0.689636 
0.718854 
0.786945 
0.185307 
0.453769 
0.501249 
0.494795 
0.021646 
0.802569 
0.772369 
0.207216 
0.672907 
0.546685 
0.141827 
0.678350 
0.023903 
0.743265 
0.056343 
0.954969 
0.158396 
0.158514 
0.142185 
0.709968 
0.434932 
0.897369 
0.081364 
0.476730 
0.405156 
0.456293 
0.923317 
0.184722 
0.621282 
0.894947 
0.371572 
0.018707 
0.404725 
0.215728 
0.738616 
0.920893 
0.451734 
0.285255 
0.280341 
0.692016 
0.711914 
0.145868 
0.605936 
0.973903 
0.395115 
0.695299 
0.892287 
0.660354 
0.578050 
0.293189 
0.628963 
0.984608 
0.299075 
0.546029 
0.117446 
0.919216 
0.254953 
0.994435 
0.470379 
0.665923 
0.171104 
0.741039 
0.638996 
0.602888 
0.738538 
0.607347 
0.675523 
0.510399 
0.276800 
0.169958 
0.477918 
0.365661 
0.667316 
0.582333 
0.278232 
0.240622 
0.126064 
0.760524 
0.133308 
0.506210 
0.867315 
0.956582 
0.266294 
0.596869 
0.583670 
0.743206 
0.070001 
0.510605 
0.730850 
0.399688 
0.552789 
0.721634 
0.496039 
0.934832 
0.713929 
0.000441 
0.405334 
0.449754 
0.022677 
0.130776 
0.958341 
0.838981 
0.756996 
0.831695 
0.297092 
0.222218 
0.816227 
0.329500 
0.903388 
0.234697 
0.559464 
0.912034 
0.560662 
0.046888 
0.038991 
0.325667 
0.481490 
0.400754 
0.466401 
0.802621 
0.650300 
0.590138 
0.455529 
0.083884 
0.839450 
0.644035 
0.300772 
0.071745 
0.809964 
0.065264 
0.887440 
0.209467 
0.510851 
0.871039 
0.547304 
0.546257 
0.934672 
0.028467 
0.439195 
0.551129 
0.829988 
0.600504 
0.665172 
0.539179 
0.988682 
0.781261 
0.658311 
0.229243 
0.882470 
0.677016 
0.601215 
0.612555 
0.207358 
0.071306 
0.433400 
0.148419 
0.469928 
0.076576 
0.004875 
0.926026 
0.726318 
0.221261 
0.731168 
0.737334 
0.376605 
0.596213 
0.555212 
0.452885 
0.630678 
0.805056 
0.573156 
0.032906 
0.055252 
0.615641 
0.079422 
0.852753 
0.212953 
0.094488 
0.066548 
0.471354 
0.040809 
0.870640 
0.844113 
0.009165 
0.043476 
0.694276 
0.693558 
0.635550 
0.680735 
0.116883 
0.445129 
0.290121 
0.061337 
0.891582 
0.810950 
0.631441 
0.633594 
0.817826 
0.207545 
0.208443 
0.303475 
0.496978 
0.706108 
0.561554 
0.043041 
0.384079 
0.217157 
0.751169 
0.900963 
0.477079 
0.274017 
0.407480 
0.509140 
0.121599 
0.715575 
0.666468 
0.329513 
0.129186 
0.231423 
0.528615 
0.426990 
0.428229 
0.238372 
0.323214 
0.251613 
0.862095 
0.225494 
0.884839 
0.484371 
0.831501 
0.030099 
0.877162 
0.464162 
0.170330 
0.744406 
0.225712 
0.537139 
0.697813 
0.144788 
0.452563 
0.232776 
0.271809 
0.293201 
0.826368 
0.762238 
0.932116 
0.078307 
0.105476 
0.726772 
0.861308 
0.999189 
0.363624 
0.424838 
0.244004 
0.980191 
0.077921 
0.615232 
0.201359 
0.235323 
0.076437 
0.681750 
0.169759 
0.131715 
0.726652 
0.833785 
0.425179 
0.982040 
0.145711 
0.965179 
0.756504 
0.558510 
0.885086 
0.636573 
0.889622 
0.877737 
0.118153 
0.794299 
0.777045 
0.795092 
0.112599 
0.452292 
0.666826 
0.336980 
0.614600 
0.587503 
0.159328 
0.829057 
0.966940 
0.356466 
0.127829 
0.417658 
0.586169 
0.735661 
0.256123 
0.667290 
0.141537 
0.806928 
0.037665 
0.033334 
0.244179 
0.914016 
0.859335 
0.848731 
0.624412 
0.493008 
0.992861 
0.014762 
0.112983 
0.899592 
0.444396 
0.956561 
0.924078 
0.975545 
0.985352 
0.807538 
0.289778 
0.301223 
0.657962 
0.361078 
0.638147 
0.340066 
0.484199 
0.934547 
