0.000001 
0.011685 
0.385918 
0.118746 
0.764647 
0.421485 
0.906065 
0.237612 
0.545022 
0.189534 
0.496494 
0.568602 
0.488643 
0.631262 
0.616161 
0.818221 
0.842389 
0.026030 
0.493392 
0.439567 
0.795461 
0.306560 
0.351660 
0.342128 
0.141687 
0.327168 
0.704665 
0.303582 
0.301011 
0.087040 
0.877558 
0.109000 
0.961673 
0.842320 
0.864519 
0.970254 
0.053700 
0.529382 
0.320856 
0.618817 
0.450635 
0.829056 
0.947577 
0.931978 
0.760262 
0.717232 
0.520023 
0.030634 
0.867743 
0.155980 
0.562229 
0.376703 
0.253525 
0.997229 
0.435913 
0.382614 
0.595250 
0.370453 
0.200836 
0.447696 
0.422541 
0.647067 
0.252682 
0.823902 
0.316181 
0.056673 
0.507191 
0.353749 
0.464212 
0.012025 
0.107369 
0.555693 
0.524227 
0.683128 
0.329441 
0.912859 
0.417617 
0.883071 
0.775388 
0.940793 
0.915388 
0.931229 
0.170506 
0.690478 
0.863765 
0.292968 
0.908323 
0.183200 
0.040114 
0.190613 
0.638315 
0.159954 
0.338494 
0.065765 
0.317637 
0.532579 
0.050469 
0.236590 
0.375385 
0.090687 
0.184161 
0.194836 
0.600631 
0.808071 
0.243262 
0.503926 
0.480633 
0.991750 
0.349255 
0.933613 
0.230818 
0.353615 
0.200928 
0.993685 
0.871060 
0.899992 
0.165141 
0.532911 
0.638012 
0.061982 
0.727902 
0.848573 
0.960105 
0.478404 
0.539842 
0.126302 
0.760652 
0.280668 
0.186832 
0.077592 
0.086528 
0.277059 
0.523618 
0.450244 
0.249897 
0.021353 
0.873928 
0.113362 
0.266774 
0.669628 
0.444460 
0.032155 
0.425378 
0.326185 
0.190282 
0.074510 
0.288674 
0.736919 
0.393730 
0.424725 
0.352222 
0.797579 
0.915045 
0.163993 
0.237499 
0.639763 
0.498851 
0.181253 
0.321836 
0.099601 
0.987983 
0.027745 
0.312682 
0.246055 
0.452750 
0.364146 
0.198534 
0.760638 
0.037401 
0.597763 
0.597362 
0.864477 
0.273018 
0.615230 
0.162438 
0.097903 
0.451170 
0.814644 
0.718287 
0.247681 
0.773775 
0.839548 
0.284153 
0.754268 
0.989880 
0.907560 
0.365838 
0.631405 
0.020375 
0.437512 
0.263735 
0.594657 
0.392122 
0.387851 
0.619294 
0.474394 
0.131754 
0.391603 
0.678879 
0.920169 
0.273199 
0.648503 
0.394527 
0.808231 
0.941450 
0.945615 
0.949091 
0.376632 
0.050957 
0.426855 
0.144525 
0.037943 
0.712618 
0.977718 
0.513287 
0.810761 
0.454006 
0.475448 
0.857463 
0.381835 
0.504959 
0.844458 
0.806196 
0.740842 
0.334452 
0.139525 
0.992137 
0.844844 
0.299336 
0.935237 
0.534406 
0.762825 
0.797889 
0.114822 
0.818133 
0.368722 
0.118212 
0.789249 
0.912976 
0.388492 
0.386570 
0.085649 
0.510265 
0.024950 
0.328326 
0.180984 
0.797803 
0.681164 
0.331488 
0.318987 
0.211096 
0.888398 
0.312347 
0.614560 
0.911140 
0.532139 
0.661508 
0.963889 
0.079042 
0.455987 
0.774881 
0.418472 
0.260972 
0.161363 
0.034251 
0.659246 
0.950752 
0.281301 
0.825372 
0.023771 
0.513094 
0.574385 
0.684777 
0.051403 
0.937610 
0.408286 
0.064310 
0.860672 
0.310747 
0.732508 
0.258737 
0.593437 
0.895127 
0.392989 
0.971046 
0.372990 
0.851058 
0.727222 
0.428530 
0.308091 
0.082390 
0.733593 
0.492651 
0.989942 
0.952803 
0.763595 
0.744605 
0.580094 
0.633137 
0.138906 
0.591330 
0.490518 
0.140037 
0.594318 
0.710851 
0.265909 
0.137438 
0.922528 
0.935375 
0.852819 
0.333344 
0.518088 
0.502052 
0.989639 
0.867448 
0.191918 
0.563192 
0.566573 
0.399750 
0.590487 
0.316964 
0.205709 
0.355823 
0.321937 
0.798956 
0.050998 
0.122564 
0.933127 
0.061849 
0.498795 
0.255754 
0.452237 
0.747830 
0.775282 
0.170852 
0.513062 
0.032010 
0.984521 
0.846970 
0.024817 
0.105966 
0.973738 
0.621724 
0.307004 
0.812287 
0.106355 
0.515965 
0.821126 
0.663538 
0.089215 
0.428220 
0.097959 
0.403757 
0.936528 
0.220078 
0.848488 
0.538077 
0.456912 
0.319615 
0.773282 
0.551916 
0.053390 
0.321199 
0.395131 
0.967477 
0.381945 
0.346644 
0.053688 
0.339405 
0.372586 
0.055226 
0.177333 
0.437135 
0.932288 
0.970964 
0.998124 
0.476277 
0.784667 
0.901205 
0.554727 
0.303169 
0.358818 
0.648974 
0.311032 
0.517080 
0.570140 
0.351108 
0.066777 
0.315909 
0.480016 
0.628667 
0.007068 
0.791967 
0.583535 
0.468143 
0.087290 
0.088285 
0.806701 
0.225910 
0.868997 
0.228057 
0.953764 
0.904026 
0.966622 
0.014531 
0.221305 
0.471362 
0.186723 
0.261162 
0.349740 
0.082225 
0.955850 
0.969346 
0.793383 
0.389331 
0.482926 
0.531234 
0.457862 
0.288962 
0.579250 
0.454010 
0.549673 
0.361846 
0.542711 
0.342810 
0.608938 
0.415119 
0.911982 
0.687427 
0.586638 
0.619562 
0.978547 
0.444208 
0.810580 
0.416302 
0.792972 
0.474522 
0.295581 
0.827731 
0.682754 
0.049993 
0.226231 
0.265380 
0.242973 
0.646286 
0.132439 
0.902792 
0.219974 
0.095765 
0.518884 
0.889401 
0.163921 
0.017696 
0.423179 
0.364544 
0.888992 
0.285748 
0.558738 
0.708189 
0.530703 
0.533461 
0.880680 
0.585956 
0.167228 
0.601620 
0.420635 
0.613886 
0.585030 
0.596659 
0.040571 
0.876523 
0.717774 
0.633431 
0.076500 
0.729568 
0.843449 
0.839066 
0.182264 
0.309831 
0.337922 
0.456393 
0.590600 
0.205881 
0.245491 
0.967151 
0.907227 
0.770007 
0.507496 
0.481821 
0.969137 
0.287287 
0.433309 
0.632662 
0.151885 
0.727010 
0.857875 
0.296855 
0.243824 
0.949305 
0.964858 
0.364527 
0.599369 
0.598360 
0.628185 
0.901407 
0.946316 
0.729812 
0.947612 
0.518244 
0.124434 
0.356312 
0.542755 
0.091621 
0.881432 
0.221136 
0.639305 
0.791168 
0.163667 
0.754352 
0.396928 
0.165726 
0.357478 
0.128072 
0.512618 
0.576908 
0.085972 
0.930049 
0.337852 
0.280762 
0.773291 
0.708013 
0.574574 
0.869350 
0.172012 
0.010027 
0.522916 
0.651515 
0.010466 
0.906219 
0.822396 
0.004161 
0.936874 
0.040963 
0.473033 
0.263275 
0.868480 
0.550742 
0.324991 
0.126359 
0.723155 
0.060929 
0.040566 
0.788116 
0.866919 
0.315712 
0.164609 
0.590854 
0.480480 
0.423081 
0.726422 
0.977631 
0.046970 
0.416925 
0.263261 
0.621332 
0.718930 
0.064522 
0.413843 
0.466564 
0.548784 
0.418630 
0.919222 
0.365720 
0.648751 
0.552504 
0.941240 
0.425815 
0.670403 
0.461449 
0.575226 
0.820570 
0.315903 
0.380425 
0.810313 
0.929343 
0.469038 
0.120439 
0.212497 
0.444549 
0.534763 
0.759937 
0.258809 
0.805061 
0.654722 
0.919734 
0.973920 
0.667316 
0.579571 
0.845393 
0.511943 
0.222568 
0.693690 
0.840715 
0.899460 
0.228070 
0.164950 
0.319701 
0.220636 
0.229691 
0.412439 
0.866046 
0.638647 
0.746682 
0.483955 
0.835329 
0.375909 
0.900730 
0.562283 
0.283161 
0.091686 
0.961251 
0.752842 
0.016818 
0.667170 
0.124947 
0.991208 
0.236716 
0.488442 
0.241184 
0.576311 
0.061254 
0.492595 
0.036706 
0.913283 
0.546562 
0.075837 
0.596111 
0.842161 
0.198740 
0.226545 
0.546880 
0.414697 
0.808284 
0.835565 
0.348683 
0.323520 
0.402303 
0.511227 
0.200137 
0.709660 
0.258657 
0.251207 
0.032922 
0.324628 
0.014771 
0.259007 
0.131643 
0.528497 
0.450723 
0.295193 
0.316044 
0.743801 
0.065425 
0.602118 
0.801276 
0.039723 
0.631748 
0.789575 
0.386504 
0.971386 
0.080754 
0.228413 
0.933094 
0.511092 
0.921568 
0.798020 
0.325153 
0.851799 
0.179422 
0.547120 
0.445206 
0.585338 
0.776048 
0.038773 
0.655882 
0.412630 
0.065176 
0.419542 
0.244998 
0.687831 
0.369595 
0.789790 
0.999187 
0.340544 
0.519900 
0.963909 
0.420952 
0.947338 
0.904591 
0.466785 
0.263273 
0.831336 
0.272400 
0.222132 
0.372833 
0.209846 
0.880631 
0.766817 
0.896170 
0.926177 
0.263227 
0.063750 
0.440752 
0.718947 
0.343845 
0.997502 
0.020514 
0.771993 
0.881334 
0.572582 
0.388072 
0.330496 
0.641229 
0.130696 
0.614960 
0.640722 
0.614652 
0.453851 
0.866324 
0.315803 
0.701943 
0.558579 
0.033919 
0.068495 
0.194867 
0.130602 
0.020933 
0.813260 
0.456259 
0.346881 
0.032012 
0.022487 
0.936780 
0.466235 
0.017756 
0.427607 
0.792736 
0.520437 
0.985028 
0.373220 
0.711203 
0.189704 
0.352359 
0.102108 
0.137528 
0.440351 
0.979394 
0.682190 
0.563979 
0.797810 
0.789771 
0.681374 
0.854043 
0.898977 
0.099352 
0.808976 
0.452699 
0.516816 
0.128363 
0.394825 
0.822218 
0.020037 
0.762095 
0.532058 
0.305582 
0.910555 
0.701366 
0.861981 
0.318232 
0.520482 
0.734169 
0.170301 
0.252644 
0.180332 
0.832324 
0.875424 
0.248192 
0.371050 
0.231361 
0.486189 
0.382836 
0.332944 
0.792701 
0.923794 
0.201749 
0.801483 
0.518396 
0.679360 
0.998790 
0.655791 
0.885838 
0.278852 
0.666472 
0.401312 
0.856855 
0.154649 
0.184925 
0.033626 
0.159804 
0.825681 
0.228126 
0.116840 
0.734722 
0.473553 
0.010636 
0.760457 
0.996043 
0.487139 
0.346736 
0.588612 
0.793491 
0.199586 
0.436399 
0.553469 
0.150676 
0.416510 
0.276966 
0.967830 
0.316415 
0.979109 
0.878928 
0.140338 
0.654630 
0.361606 
0.510292 
0.470536 
0.300756 
0.814398 
0.584414 
0.251059 
0.553802 
0.757166 
0.694886 
0.949968 
0.117684 
0.921840 
0.362867 
0.713155 
0.990049 
0.748618 
0.029849 
0.675020 
0.063414 
0.805132 
0.856923 
0.307833 
0.751857 
0.455431 
0.422142 
0.947045 
0.988395 
0.952861 
0.735294 
0.081768 
0.270081 
0.257567 
0.920801 
0.907027 
0.408934 
0.946689 
0.998178 
0.376732 
0.733344 
0.315945 
0.087006 
0.304902 
0.489041 
0.320248 
0.412167 
0.285758 
0.726590 
0.799131 
0.998049 
0.202840 
0.139621 
0.603625 
0.133112 
0.213202 
0.290651 
0.972425 
0.554086 
0.519590 
0.754349 
0.344577 
0.309461 
0.113478 
0.217340 
0.832567 
0.958910 
0.404534 
0.003958 
0.524193 
0.119981 
0.527895 
0.331900 
0.247374 
0.616503 
0.567135 
0.845434 
0.204686 
0.158347 
0.343178 
0.798492 
0.258713 
0.181488 
0.272110 
0.351250 
0.462702 
0.636682 
0.715326 
0.486803 
0.705293 
0.862473 
0.587120 
0.718242 
0.492491 
0.297984 
0.215193 
0.756973 
0.445229 
0.961113 
0.431408 
0.672713 
0.283316 
0.698767 
0.171549 
0.219745 
0.255514 
0.425460 
0.714301 
0.258539 
0.256876 
0.310672 
0.465215 
0.870854 
0.446035 
0.513865 
0.525304 
0.785841 
0.626465 
0.002914 
0.977411 
0.346662 
0.350691 
0.066927 
0.838958 
0.369082 
0.161226 
0.719297 
0.228429 
0.208105 
0.617429 
0.136985 
0.305006 
0.233109 
0.858647 
0.280191 
0.174406 
0.241611 
0.759008 
0.655549 
0.810671 
0.947179 
0.242021 
0.653570 
0.554636 
0.763205 
0.194396 
0.212147 
0.559174 
0.038844 
0.846883 
0.570154 
0.571897 
0.879318 
0.697653 
0.458888 
0.525202 
0.064674 
0.967635 
0.036062 
0.099049 
0.708578 
0.065393 
0.061974 
0.589289 
0.182807 
0.434243 
0.325918 
0.699300 
0.140153 
0.553454 
0.907668 
0.168188 
0.731712 
0.881234 
0.893693 
0.296373 
0.143594 
0.390879 
0.501228 
0.147187 
0.770786 
0.592183 
0.826760 
0.350366 
0.600646 
0.060056 
0.365427 
0.728484 
0.638930 
0.498493 
0.178177 
0.629121 
0.638107 
0.659993 
0.508098 
0.610074 
0.519991 
0.491241 
0.283384 
0.837175 
0.395136 
0.058701 
0.586403 
0.682280 
0.079626 
0.274324 
0.560862 
0.407272 
0.024473 
0.316042 
0.712683 
0.071180 
0.315357 
0.208351 
0.757187 
0.050023 
0.740181 
0.220390 
0.088876 
0.741799 
0.424153 
0.733599 
0.592876 
0.462857 
0.234559 
0.237185 
0.361848 
0.571434 
0.086493 
0.680470 
0.661104 
0.167744 
0.267641 
0.240379 
0.053073 
0.996357 
0.767137 
0.263204 
0.674388 
0.435792 
0.354168 
0.499781 
0.827441 
0.800994 
0.302336 
0.361669 
0.576392 
0.416499 
0.102141 
0.676718 
0.604727 
0.652462 
0.924379 
0.030033 
0.771993 
0.881560 
0.387178 
0.300627 
0.631350 
0.091479 
0.480513 
0.979254 
0.327799 
0.314248 
0.559945 
0.987885 
0.378878 
0.799938 
0.561170 
0.584306 
0.429801 
0.658199 
0.353849 
0.139986 
0.751685 
0.563352 
0.263290 
0.112334 
0.005145 
0.475620 
0.747170 
0.684738 
0.391257 
0.856718 
0.854964 
0.384333 
0.476963 
0.322340 
0.566175 
0.698734 
0.620901 
0.484047 
0.376255 
0.719479 
0.277011 
0.728107 
0.291768 
0.746923 
0.528693 
0.748082 
0.006867 
0.416759 
0.465482 
0.361288 
0.172747 
0.356711 
0.249046 
0.717677 
0.992335 
0.180779 
0.360767 
0.414586 
0.942588 
0.068401 
0.618347 
0.553171 
0.151646 
0.706635 
0.422257 
0.865265 
0.505655 
0.550515 
0.506678 
0.733356 
0.509773 
0.751867 
0.626312 
0.418209 
0.833650 
0.155375 
0.392723 
0.490168 
0.253918 
0.602309 
0.015292 
0.005491 
0.291387 
0.346001 
0.244056 
0.845639 
0.658071 
0.207365 
0.191597 
0.169203 
0.802221 
0.922455 
0.709015 
0.407568 
0.001778 
0.877016 
0.007019 
0.960978 
0.164265 
0.806243 
0.533583 
0.928551 
0.158215 
0.122650 
0.371089 
0.894278 
0.131458 
0.420442 
0.375068 
0.776011 
0.423753 
0.021877 
0.679596 
0.961859 
0.971725 
0.775259 
0.780755 
0.143550 
0.640330 
0.027346 
0.596788 
0.223134 
0.214116 
0.640791 
0.771671 
0.474298 
0.534737 
0.316706 
0.879253 
0.608849 
0.921801 
0.712778 
0.658320 
0.389566 
0.434060 
0.252041 
0.049167 
0.349413 
0.586290 
0.780269 
0.977125 
0.535292 
0.653901 
0.116633 
0.249256 
0.251142 
0.936002 
0.382855 
0.639628 
0.232467 
0.073949 
0.865819 
0.818448 
0.653071 
0.169691 
0.991585 
0.564751 
0.761658 
0.191261 
0.516428 
0.609365 
0.599578 
0.102280 
0.016701 
0.693391 
0.820929 
0.351372 
0.508046 
0.722235 
0.610229 
0.112280 
0.095118 
0.656228 
0.227121 
0.223348 
0.815192 
0.939409 
0.648125 
0.031649 
0.928782 
0.036479 
0.095110 
0.521239 
0.463351 
0.542751 
0.017717 
0.770098 
0.040079 
0.606109 
0.870145 
0.532071 
0.512041 
0.877406 
0.569766 
0.052461 
0.717955 
0.663817 
0.771144 
0.621532 
0.091830 
0.378926 
0.617129 
0.079319 
0.114023 
0.383325 
0.549294 
0.977289 
0.303588 
0.411096 
0.297568 
0.222020 
0.481756 
0.865635 
0.722234 
0.594091 
0.881361 
0.036944 
0.919656 
0.661077 
0.729506 
0.809194 
0.120363 
0.938936 
0.694898 
0.147498 
0.999919 
0.644567 
0.233547 
0.225460 
0.300952 
0.107687 
0.896438 
0.437007 
0.777415 
0.014066 
0.406738 
0.042204 
0.317354 
0.773637 
0.525322 
0.086350 
0.282917 
0.980470 
0.766526 
0.010277 
0.726569 
0.439056 
0.207492 
0.313177 
0.564351 
0.048567 
0.258867 
0.784499 
0.082757 
0.903386 
0.203329 
0.356009 
0.445903 
0.290933 
0.715800 
0.450572 
0.770845 
0.591705 
0.780759 
0.217274 
0.726294 
0.829481 
0.081031 
0.890510 
0.809651 
0.801076 
0.677304 
0.446441 
0.341816 
0.906276 
0.781478 
0.302409 
0.591082 
0.321380 
0.434142 
0.616764 
0.950974 
0.027471 
0.703044 
0.067293 
0.985241 
0.940244 
0.688905 
0.427401 
0.322986 
0.425904 
0.165881 
0.965083 
0.151402 
0.605078 
0.545162 
0.539667 
0.189668 
0.757172 
0.784858 
0.108381 
0.556468 
0.563756 
0.055029 
0.867961 
0.814957 
0.977404 
0.221331 
0.904552 
0.803297 
0.015745 
0.634542 
0.748816 
0.346813 
0.888853 
0.955462 
0.445394 
0.734716 
0.371224 
0.154056 
0.220869 
0.145568 
0.555510 
0.455375 
0.480254 
0.637318 
0.399079 
0.326784 
0.263806 
0.781612 
0.544609 
0.246621 
0.956952 
0.486387 
0.700912 
0.225143 
0.980704 
0.692374 
0.732490 
0.957077 
0.600931 
0.843588 
0.182304 
0.990647 
0.810113 
0.563370 
0.565576 
0.627864 
0.505110 
0.378316 
0.348948 
0.764351 
0.442514 
0.327542 
0.999343 
0.962745 
0.861204 
0.260295 
0.771703 
0.011931 
0.523093 
0.624314 
0.850066 
0.054223 
0.323106 
0.442689 
0.270046 
0.656165 
0.162547 
0.927254 
0.356846 
0.513864 
0.517423 
0.327288 
0.731906 
0.142231 
0.480803 
0.854762 
0.976763 
0.450157 
0.787477 
0.133336 
0.974634 
0.667011 
0.446326 
0.393990 
0.781563 
0.728890 
0.457576 
0.481035 
0.759087 
0.970058 
0.766030 
0.661490 
0.659529 
0.705999 
0.720612 
0.329900 
0.633376 
0.157175 
0.643283 
0.664277 
0.501320 
0.678721 
0.269009 
0.242078 
0.612426 
0.038288 
0.504860 
0.173959 
0.723006 
0.562846 
0.757044 
0.636535 
0.248611 
0.406736 
0.019844 
0.513894 
0.009232 
0.161895 
0.970353 
0.716521 
0.574002 
0.250030 
0.260446 
0.308965 
0.773620 
0.234917 
0.245183 
0.791831 
0.308675 
0.905415 
0.310709 
0.089039 
0.484871 
0.235057 
0.598580 
0.336264 
0.584665 
0.458735 
0.951766 
0.335327 
0.848012 
0.534284 
0.707112 
0.424766 
0.042868 
0.481232 
0.062308 
0.203535 
0.815131 
0.912120 
0.998053 
0.277058 
0.512466 
0.008896 
0.512313 
0.444915 
0.680615 
0.096521 
0.228196 
0.287407 
0.447081 
0.094778 
0.934917 
0.157855 
0.064664 
0.809252 
0.105844 
0.914143 
0.005858 
0.454810 
0.984920 
0.547391 
0.997532 
0.512878 
0.945783 
0.767758 
0.711032 
0.307745 
0.271867 
0.265079 
0.188899 
0.831148 
0.105499 
0.113849 
0.457234 
0.727214 
0.281848 
0.026865 
0.527442 
0.712820 
0.369088 
0.256872 
0.242606 
0.481072 
0.371367 
0.565838 
0.037201 
0.237261 
0.638814 
0.540023 
0.162073 
0.953295 
0.029094 
0.986503 
0.161312 
0.165313 
0.413242 
0.358644 
0.733104 
0.277304 
0.642190 
0.290490 
0.261465 
0.442726 
0.903246 
0.852452 
0.166745 
0.474827 
0.422956 
0.625793 
0.709142 
0.556071 
0.886917 
0.405670 
0.099884 
0.755760 
0.059055 
0.541331 
0.154522 
0.057178 
0.986702 
0.496464 
0.072966 
0.332058 
0.901812 
0.761956 
0.201843 
0.376078 
0.737530 
0.669737 
0.277481 
0.629054 
0.503495 
0.232233 
0.137724 
0.724499 
0.655282 
0.321121 
0.084238 
0.782576 
0.757293 
0.825498 
0.139723 
0.332572 
0.540504 
0.251744 
0.067245 
0.181144 
0.484815 
0.286892 
0.795547 
0.751480 
0.121182 
0.707922 
0.046343 
0.880073 
0.387563 
0.774717 
0.662768 
0.148078 
0.749392 
0.029550 
0.651117 
0.326449 
0.636709 
0.164239 
0.362794 
0.470969 
0.575390 
0.583090 
0.998211 
0.924633 
0.299279 
0.977736 
0.806791 
0.740892 
0.164799 
0.772696 
0.694401 
0.789241 
0.772156 
0.629070 
0.780008 
0.593826 
0.429362 
0.292310 
0.854547 
0.368133 
0.217573 
0.751888 
0.978608 
0.460204 
0.651623 
0.832414 
0.377148 
0.718981 
0.920272 
0.018675 
0.863704 
0.271509 
0.253903 
0.354574 
0.318146 
0.074622 
0.180111 
0.131868 
0.309972 
0.695358 
0.874324 
0.758935 
0.422669 
0.794443 
0.196379 
0.545390 
0.363428 
0.132973 
0.871858 
0.314412 
0.328632 
0.321969 
0.340079 
0.705208 
0.430146 
0.461898 
0.121411 
0.555897 
0.967563 
0.837626 
0.980626 
0.376801 
0.887992 
0.480443 
0.807005 
0.334815 
0.237879 
0.025885 
0.045531 
0.234031 
0.363232 
0.846148 
0.210047 
0.258461 
0.950029 
0.130808 
0.488515 
0.471826 
0.972732 
0.708932 
0.015289 
0.955418 
0.712619 
0.983150 
0.800512 
0.200854 
0.757197 
0.215911 
0.815138 
0.030799 
0.637072 
0.276164 
0.483066 
0.891284 
0.809414 
0.829475 
0.985182 
0.947219 
0.911270 
0.712910 
0.876947 
0.853287 
0.186402 
0.850089 
0.438396 
0.118513 
0.841139 
0.029071 
0.601548 
0.212126 
0.206330 
0.789203 
0.136538 
0.787606 
0.293766 
0.323362 
0.738176 
0.521992 
0.126041 
0.370153 
0.159973 
0.668344 
0.857384 
0.059547 
0.801039 
0.058457 
0.490457 
0.117780 
0.523045 
0.810481 
0.761628 
0.679189 
0.130488 
0.108739 
0.580096 
0.674703 
0.736099 
0.611197 
0.381369 
0.666834 
0.486557 
0.564807 
0.716421 
0.880650 
0.076499 
0.714909 
0.473171 
0.590298 
0.130567 
0.436796 
0.227366 
0.341826 
0.076985 
0.883713 
0.565697 
0.667760 
0.040362 
0.371914 
0.753933 
0.348179 
0.840675 
0.224491 
0.014607 
0.495148 
0.956374 
0.775780 
0.532584 
0.143603 
0.536269 
0.078719 
0.027257 
0.114286 
0.809153 
0.431564 
0.298201 
0.870491 
0.349387 
0.155355 
0.046578 
0.836874 
0.341728 
0.424275 
0.785915 
0.878598 
0.602101 
0.517304 
0.322618 
0.248238 
0.128188 
0.460062 
0.256269 
0.113899 
0.301026 
0.342305 
0.114056 
0.932189 
0.294376 
0.578535 
0.437340 
0.377456 
0.905305 
0.460955 
0.264350 
0.922576 
0.735027 
0.594785 
0.551534 
0.636667 
0.461767 
0.925543 
0.604065 
0.515499 
0.994162 
0.878523 
0.341015 
0.438887 
0.370237 
0.576530 
0.744922 
0.909491 
0.816125 
0.605476 
0.233264 
0.471903 
0.273803 
0.813908 
0.355261 
0.870649 
0.003701 
0.196203 
0.591600 
0.029116 
0.350296 
0.432318 
0.967504 
0.847324 
0.978141 
0.612962 
0.052199 
0.310824 
0.025322 
0.591347 
0.769794 
0.934469 
0.614636 
0.182158 
0.532009 
0.477043 
0.662613 
0.543932 
0.865765 
0.914643 
0.406221 
0.355873 
0.157050 
0.538640 
0.916903 
0.384891 
0.861195 
0.101826 
0.394569 
0.515367 
0.775222 
0.153291 
0.364461 
0.494834 
0.670319 
0.049063 
0.608289 
0.506100 
0.019845 
0.540926 
0.340752 
0.022678 
0.147908 
0.894559 
0.859031 
0.742135 
0.059178 
0.598751 
0.202883 
0.851092 
0.309332 
0.946137 
0.720745 
0.561902 
0.895177 
0.239012 
0.074407 
0.552714 
0.471669 
0.332820 
0.697613 
0.784059 
0.679419 
0.995767 
0.860010 
0.181016 
0.343207 
0.286545 
0.955181 
0.729380 
0.694337 
0.716175 
0.757562 
0.338949 
0.719070 
0.410671 
0.154284 
0.052025 
0.392082 
0.717226 
0.409304 
0.165545 
0.319250 
0.632564 
0.504121 
0.761094 
0.713340 
0.098080 
0.429659 
0.282215 
0.191360 
0.187037 
0.534084 
0.356048 
0.100790 
0.978432 
0.502345 
0.917661 
0.134970 
0.439539 
0.333110 
0.580188 
0.211646 
0.126934 
0.384369 
0.094276 
0.496917 
0.691568 
0.186540 
0.169519 
0.108828 
0.067404 
0.852886 
0.460318 
0.564967 
0.401632 
0.232686 
0.751333 
0.657872 
0.846793 
0.049208 
0.044301 
0.563424 
0.465616 
0.605038 
0.872767 
0.602137 
0.114017 
0.289738 
0.620423 
0.448847 
0.765311 
0.580471 
0.983618 
0.662499 
0.617471 
0.839214 
0.664585 
0.676248 
0.700384 
0.353335 
0.506358 
0.366846 
0.574594 
0.204859 
0.065452 
0.054584 
0.395422 
0.850215 
0.571825 
0.661871 
0.073943 
0.761783 
0.286630 
0.391523 
0.333487 
0.916698 
0.940287 
0.397575 
0.042579 
0.629305 
0.736699 
0.706462 
0.500446 
0.994355 
0.126326 
0.155414 
0.046702 
0.919283 
0.390246 
0.865983 
0.578417 
0.454060 
0.386563 
0.960608 
0.931024 
0.718717 
0.475169 
0.158832 
0.486883 
0.049331 
0.109907 
0.200311 
0.622697 
0.675706 
0.596970 
0.281225 
0.552530 
0.375596 
0.641519 
0.010179 
0.085121 
0.624135 
0.836452 
0.245058 
0.693347 
0.081540 
0.450375 
0.450837 
0.209672 
0.958241 
0.162111 
