0.000001 
0.009290 
0.135355 
0.903517 
0.417707 
0.394711 
0.904554 
0.841959 
0.812419 
0.324834 
0.480467 
0.216966 
0.547234 
0.355866 
0.037095 
0.458961 
0.754129 
0.654319 
0.137747 
0.114377 
0.341736 
0.555852 
0.199210 
0.115275 
0.428119 
0.400099 
0.464459 
0.162325 
0.201808 
0.791237 
0.313236 
0.550826 
0.729073 
0.531703 
0.340378 
0.729197 
0.614026 
0.941980 
0.859247 
0.361377 
0.657002 
0.235157 
0.287190 
0.797896 
0.233376 
0.352548 
0.278143 
0.750410 
0.147362 
0.706731 
0.020339 
0.829301 
0.067605 
0.238253 
0.314419 
0.447530 
0.644047 
0.496134 
0.518012 
0.230017 
0.889857 
0.823221 
0.868676 
0.838561 
0.692101 
0.144187 
0.350325 
0.913530 
0.699946 
0.996165 
0.540152 
0.339322 
0.976730 
0.896097 
0.701304 
0.810156 
0.297194 
0.943205 
0.449689 
0.917429 
0.232797 
0.619135 
0.808701 
0.834961 
0.196443 
0.609345 
0.268037 
0.898498 
0.064042 
0.356502 
0.735218 
0.802321 
0.604014 
0.655099 
0.255885 
0.651822 
0.180112 
0.139875 
0.873129 
0.679602 
0.073409 
0.779819 
0.417916 
0.921085 
0.674985 
0.465613 
0.554260 
0.455598 
0.234806 
0.391961 
0.695901 
0.013222 
0.223377 
0.291028 
0.305390 
0.696109 
0.501020 
0.644049 
0.536048 
0.360732 
0.817160 
0.005530 
0.936131 
0.560526 
0.766104 
0.902157 
0.555857 
0.284094 
0.774125 
0.723444 
0.919430 
0.857916 
0.993660 
0.447716 
0.757956 
0.962053 
0.229975 
0.192606 
0.121675 
0.990522 
0.698308 
0.458920 
0.070277 
0.145467 
0.855904 
0.183150 
0.206065 
0.340069 
0.534734 
0.274045 
0.866770 
0.804238 
0.819932 
0.598567 
0.111796 
0.949363 
0.942489 
0.407333 
0.038191 
0.879589 
0.247646 
0.188167 
0.524550 
0.115919 
0.258147 
0.681340 
0.286443 
0.252429 
0.578965 
0.666808 
0.041573 
0.720787 
0.264617 
0.410099 
0.529681 
0.352452 
0.657427 
0.379091 
0.374820 
0.602811 
0.449746 
0.885160 
0.880301 
0.217225 
0.897513 
0.503867 
0.499832 
0.676140 
0.890278 
0.899080 
0.840625 
0.388384 
0.569624 
0.667367 
0.445480 
0.186273 
0.684790 
0.273164 
0.060837 
0.485090 
0.915798 
0.820344 
0.519292 
0.741708 
0.890490 
0.457096 
0.418333 
0.924355 
0.633949 
0.776073 
0.451810 
0.562651 
0.483508 
0.325889 
0.210497 
0.816057 
0.467451 
0.455028 
0.657608 
0.416771 
0.662683 
0.718936 
0.160050 
0.964086 
0.385127 
0.832295 
0.375530 
0.535050 
0.592305 
0.871485 
0.044434 
0.802728 
0.452173 
0.666640 
0.224464 
0.562407 
0.373287 
0.836463 
0.429807 
0.774374 
0.900776 
0.345389 
0.954243 
0.960225 
0.493452 
0.442618 
0.073002 
0.951468 
0.328517 
0.389576 
0.607884 
0.706315 
0.043373 
0.968843 
0.346633 
0.863797 
0.838051 
0.120654 
0.827075 
0.645852 
0.830397 
0.488765 
0.676339 
0.229430 
0.022543 
0.873761 
0.301770 
0.842535 
0.480051 
0.219167 
0.533183 
0.213526 
0.735988 
0.756206 
0.557899 
0.604578 
0.149589 
0.139730 
0.447995 
0.459804 
0.919036 
0.239390 
0.432361 
0.694895 
0.100892 
0.692391 
0.014873 
0.972011 
0.596561 
0.398998 
0.956998 
0.257049 
0.226910 
0.681220 
0.259195 
0.282242 
0.643568 
0.440436 
0.409601 
0.160671 
0.391768 
0.440218 
0.740270 
0.721002 
0.881299 
0.995067 
0.083147 
0.458166 
0.389344 
0.703481 
0.397642 
0.171447 
0.508329 
0.492767 
0.942840 
0.314003 
0.448432 
0.794724 
0.923311 
0.080983 
0.087901 
0.346401 
0.964074 
0.188975 
0.100710 
0.639340 
0.386794 
0.847034 
0.097398 
0.965218 
0.416329 
0.246353 
0.458589 
0.511896 
0.429874 
0.888817 
0.355657 
0.520848 
0.898428 
0.883763 
0.405748 
0.407788 
0.693226 
0.042474 
0.858128 
0.551402 
0.421601 
0.847740 
0.973624 
0.691827 
0.535363 
0.851492 
0.028975 
0.975659 
0.894328 
0.978671 
0.517547 
0.406801 
0.111442 
0.009970 
0.572756 
0.306345 
0.746325 
0.486953 
0.215938 
0.264145 
0.485242 
0.470012 
0.492882 
0.872244 
0.798763 
0.806091 
0.977146 
0.899281 
0.213352 
0.808958 
0.149592 
0.189819 
0.289840 
0.333866 
0.279880 
0.949710 
0.771154 
0.780439 
0.835080 
0.189388 
0.049407 
0.385307 
0.861342 
0.577213 
0.218505 
0.411514 
0.308148 
0.037278 
0.527586 
0.142407 
0.433888 
0.350673 
0.754960 
0.611185 
0.185334 
0.908317 
0.084447 
0.296303 
0.962658 
0.390950 
0.702952 
0.511481 
0.456798 
0.402640 
0.170530 
0.095508 
0.207377 
0.379602 
0.969950 
0.953270 
0.615925 
0.843592 
0.245142 
0.107548 
0.565245 
0.065280 
0.153725 
0.651171 
0.226333 
0.983127 
0.419790 
0.413612 
0.580694 
0.721593 
0.820107 
0.542221 
0.104672 
0.223147 
0.430108 
0.820668 
0.967353 
0.300639 
0.844955 
0.152330 
0.216572 
0.917305 
0.144009 
0.367320 
0.548655 
0.242602 
0.415682 
0.373147 
0.483371 
0.015349 
0.966992 
0.234812 
0.482254 
0.247363 
0.431824 
0.669949 
0.826646 
0.437523 
0.449846 
0.563259 
0.686683 
0.087989 
0.824200 
0.323844 
0.852728 
0.794571 
0.347410 
0.917234 
0.952601 
0.369831 
0.750457 
0.933020 
0.259131 
0.216212 
0.881445 
0.439500 
0.675132 
0.935263 
0.960998 
0.493043 
0.577186 
0.757563 
0.361943 
0.177092 
0.379108 
0.668372 
0.322169 
0.694171 
0.934308 
0.913842 
0.938386 
0.446978 
0.361668 
0.549422 
0.137281 
0.286200 
0.168364 
0.688827 
0.119106 
0.808631 
0.662219 
0.916578 
0.929841 
0.839019 
0.391808 
0.124767 
0.955986 
0.251718 
0.632388 
0.547021 
0.786298 
0.309612 
0.649534 
0.722210 
0.181171 
0.947659 
0.300145 
0.538696 
0.861632 
0.442835 
0.735242 
0.217901 
0.260564 
0.297708 
0.577890 
0.592129 
0.912906 
0.208996 
0.589595 
0.318752 
0.266183 
0.740134 
0.427273 
0.180964 
0.454054 
0.278434 
0.634527 
0.487892 
0.008494 
0.763017 
0.018714 
0.518466 
0.854403 
0.950764 
0.483260 
0.157995 
0.419110 
0.979748 
0.632946 
0.926580 
0.037725 
0.041629 
0.652039 
0.814490 
0.131781 
0.850229 
0.793264 
0.392049 
0.170929 
0.808616 
0.402845 
0.622741 
0.413858 
0.714997 
0.952793 
0.598373 
0.850360 
0.996137 
0.070202 
0.889757 
0.143948 
0.331625 
0.626999 
0.967895 
0.409124 
0.153551 
0.738407 
0.413107 
0.083550 
0.224242 
0.832563 
0.883441 
0.985643 
0.701836 
0.760971 
0.645511 
0.104461 
0.680666 
0.954909 
0.161262 
0.323540 
0.734900 
0.472610 
0.159515 
0.964317 
0.267945 
0.359748 
0.287978 
0.038500 
0.074130 
0.903006 
0.819430 
0.166061 
0.985036 
0.506175 
0.275148 
0.412917 
0.900800 
0.751938 
0.816186 
0.634291 
0.533205 
0.569532 
0.126895 
0.731102 
0.635100 
0.120674 
0.165057 
0.105233 
0.646236 
0.294712 
0.229487 
0.981891 
0.644294 
0.646559 
0.717056 
0.555246 
0.017268 
0.215194 
0.771655 
0.210119 
0.476698 
0.859055 
0.144050 
0.050750 
0.954467 
0.721758 
0.579802 
0.739387 
0.875358 
0.139415 
0.149528 
0.114155 
0.604699 
0.182778 
0.947099 
0.887833 
0.801626 
0.921342 
0.989529 
0.012074 
0.923096 
0.476275 
0.755749 
0.869078 
0.593062 
0.590931 
0.783875 
0.594781 
0.481175 
0.111952 
0.569921 
0.660857 
0.026600 
0.072414 
0.063062 
0.884719 
0.466327 
0.549752 
0.686561 
0.023345 
0.366461 
0.106217 
0.196026 
0.600738 
0.600301 
0.265209 
0.367103 
0.902193 
0.156351 
0.783965 
0.103681 
0.572116 
0.551255 
0.939405 
0.585929 
0.700847 
0.133286 
0.143880 
0.193875 
0.452585 
0.599786 
0.604846 
0.649180 
0.765654 
0.349069 
0.804200 
0.188540 
0.787508 
0.652428 
0.349970 
0.945610 
0.874976 
0.713778 
0.468555 
0.010105 
0.838787 
0.494449 
0.200103 
0.128850 
0.576323 
0.269036 
0.689332 
0.602405 
0.615635 
0.983949 
0.223275 
0.583627 
0.021529 
0.839019 
0.388240 
0.143535 
0.399959 
0.107258 
0.690528 
0.701632 
0.333953 
0.747301 
0.890373 
0.502249 
0.304224 
0.093793 
0.379947 
0.773813 
0.483126 
0.899547 
0.691123 
0.707528 
0.423027 
0.817648 
0.204285 
0.423772 
0.339557 
0.929954 
0.737493 
0.039229 
0.330193 
0.553087 
0.731566 
0.438052 
0.347755 
0.716128 
0.955961 
0.844074 
0.355155 
0.088209 
0.535527 
0.595284 
0.941355 
0.356330 
0.833529 
0.115064 
0.885967 
0.449488 
0.540476 
0.781818 
0.012293 
0.615178 
0.296294 
0.810889 
0.610163 
0.004544 
0.368122 
0.034530 
0.346099 
0.881332 
0.550919 
0.291475 
0.814964 
0.097664 
0.430983 
0.535933 
0.421224 
0.517116 
0.161399 
0.636389 
0.782053 
0.957425 
0.446501 
0.338317 
0.086689 
0.984732 
0.389106 
0.712353 
0.518738 
0.436946 
0.745704 
0.045144 
0.735139 
0.488563 
0.276282 
0.478900 
0.868789 
0.745049 
0.034217 
0.089463 
0.605161 
0.947029 
0.719817 
0.970585 
0.627452 
0.585191 
0.296795 
0.235169 
0.490707 
0.306539 
0.994174 
0.090579 
0.357385 
0.565092 
0.495562 
0.904828 
0.444076 
0.583367 
0.655628 
0.141592 
0.737280 
0.460693 
0.860405 
0.819961 
0.086596 
0.413651 
0.230439 
0.988765 
0.173956 
0.676173 
0.440722 
0.214796 
0.074146 
0.169462 
0.154965 
0.504860 
0.187428 
0.099539 
0.959606 
0.093921 
0.528951 
0.077371 
0.370521 
0.346021 
0.583008 
0.615706 
0.168970 
0.885929 
0.807882 
0.072604 
0.257504 
0.874478 
0.357055 
0.022199 
0.093252 
0.280674 
0.285193 
0.244513 
0.534217 
0.591917 
0.342258 
0.329298 
0.506634 
0.993114 
0.271157 
0.333678 
0.120884 
0.694593 
0.016930 
0.534440 
0.331207 
0.598215 
0.195741 
0.825314 
0.056572 
0.810160 
0.357457 
0.784174 
0.610670 
0.523445 
0.540525 
0.604870 
0.052246 
0.093281 
0.778767 
0.744644 
0.234034 
0.404563 
0.497207 
0.561753 
0.389807 
0.493809 
0.454271 
0.931133 
0.556395 
0.337051 
0.822115 
0.289760 
0.993279 
0.040612 
0.558466 
0.131406 
0.547575 
0.097095 
0.870032 
0.633190 
0.024655 
0.380504 
0.122858 
0.868717 
0.526413 
0.416763 
0.540349 
0.651770 
0.293259 
0.803873 
0.700439 
0.281253 
0.021134 
0.200661 
0.510185 
0.686828 
0.523461 
0.805416 
0.632848 
0.269981 
0.565646 
0.818685 
0.637265 
0.506114 
0.259771 
0.963359 
0.177509 
0.401122 
0.660338 
0.307375 
0.058786 
0.018895 
0.569795 
0.544169 
0.842570 
0.079394 
0.382983 
0.788757 
0.640629 
0.051029 
0.650695 
0.234608 
0.064596 
0.668348 
0.921701 
0.037090 
0.365577 
0.245241 
0.771614 
0.524373 
0.135701 
0.720725 
0.219491 
0.985408 
0.750561 
0.672485 
0.453310 
0.788307 
0.083816 
0.687385 
0.887007 
0.930529 
0.396375 
0.874315 
0.616159 
0.778800 
0.286550 
0.042023 
0.272678 
0.890992 
0.898039 
0.342828 
0.910081 
0.726132 
0.093570 
0.627203 
0.404399 
0.731134 
0.161290 
0.800784 
0.777684 
0.529552 
0.185909 
0.577687 
0.180169 
0.093400 
0.779547 
0.854032 
0.712232 
0.476189 
0.310383 
0.601901 
0.157764 
0.543218 
0.863237 
0.431209 
0.328497 
0.054905 
0.788987 
0.511528 
0.246432 
0.776237 
0.213907 
0.141919 
0.225028 
0.047747 
0.489459 
0.330014 
0.547495 
0.748635 
0.303749 
0.102992 
0.982875 
0.183799 
0.111931 
0.222477 
0.172290 
0.683927 
0.758457 
0.394324 
0.410601 
0.967634 
0.029512 
0.001920 
0.266923 
0.175233 
0.135796 
0.320450 
0.806463 
0.224475 
0.754826 
0.361346 
0.148914 
0.801951 
0.389673 
0.231331 
0.984323 
0.522172 
0.141658 
0.852991 
0.224695 
0.443926 
0.065468 
0.318427 
0.797335 
0.816837 
0.585072 
0.310979 
0.626033 
0.729885 
0.173965 
0.831957 
0.700395 
0.538734 
0.505022 
0.901323 
0.537569 
0.927946 
0.989617 
0.494498 
0.021699 
0.702773 
0.511837 
0.442585 
0.528381 
0.499867 
0.265356 
0.844196 
0.401367 
0.774457 
0.302620 
0.130926 
0.468344 
0.454554 
0.695482 
0.974154 
0.610570 
0.841824 
0.542138 
0.711711 
0.733000 
0.528047 
0.894238 
0.456137 
0.287779 
0.703027 
0.773428 
0.004371 
0.471607 
0.293752 
0.083170 
0.843458 
0.994654 
0.153492 
0.743637 
0.302545 
0.869072 
0.499224 
0.452852 
0.076062 
0.379699 
0.601999 
0.791307 
0.504973 
0.072902 
0.262694 
0.104592 
0.873153 
0.082418 
0.191827 
0.030147 
0.681556 
0.918027 
0.285346 
0.804965 
0.042373 
0.162310 
0.943468 
0.860388 
0.537155 
0.968621 
0.615333 
0.907922 
0.444641 
0.083758 
0.718966 
0.664178 
0.839171 
0.946351 
0.321892 
0.044361 
0.572079 
0.924214 
0.263357 
0.243120 
0.110927 
0.354992 
0.352831 
0.026268 
0.490334 
0.051047 
0.944716 
0.846233 
0.645340 
0.236504 
0.921277 
0.895802 
0.737719 
0.834925 
0.578989 
0.067088 
0.541748 
0.154991 
0.925614 
0.790456 
0.197266 
0.449348 
0.193371 
0.993767 
0.242983 
0.816565 
0.000096 
0.607787 
0.070894 
0.512549 
0.413901 
0.439116 
0.223566 
0.469598 
0.536516 
0.219244 
0.830999 
0.598783 
0.744147 
0.872983 
0.217810 
0.730610 
0.370117 
0.560270 
0.453790 
0.843966 
0.534538 
0.978705 
0.091846 
0.649695 
0.429985 
0.756651 
0.032637 
0.531438 
0.880263 
0.579877 
0.986198 
0.028849 
0.867689 
0.243394 
0.729980 
0.773714 
0.813542 
0.206278 
0.918950 
0.792185 
0.253805 
0.692347 
0.270398 
0.571452 
0.395892 
0.763849 
0.006306 
0.983409 
0.154838 
0.353892 
0.867886 
0.555209 
0.391948 
0.477460 
0.662017 
0.523229 
0.907196 
0.239027 
0.326259 
0.438737 
0.850937 
0.694065 
0.147313 
0.890675 
0.575169 
0.862356 
0.618349 
0.598408 
0.440061 
0.105398 
0.420019 
0.259897 
0.089752 
0.468397 
0.344741 
0.066581 
0.034711 
0.393875 
0.852942 
0.397909 
0.660449 
0.163626 
0.059840 
0.733608 
0.749434 
0.744771 
0.363424 
0.074424 
0.837665 
0.630997 
0.166995 
0.690266 
0.306406 
0.764434 
0.843199 
0.645486 
0.683857 
0.576856 
0.213684 
0.385872 
0.346667 
0.430309 
0.200846 
0.611901 
0.216874 
0.002332 
0.191100 
0.813310 
0.298870 
0.099766 
0.767815 
0.671640 
0.255862 
0.269113 
0.982272 
0.039619 
0.881678 
0.361693 
0.969197 
0.298086 
0.933262 
0.326840 
0.192373 
0.214024 
0.093666 
0.250173 
0.658602 
0.118008 
0.356447 
0.808341 
0.782071 
0.265706 
0.719976 
0.631958 
0.315386 
0.686214 
0.191456 
0.799786 
0.999936 
0.922372 
0.298875 
0.191976 
0.546035 
0.213546 
0.071716 
0.332704 
0.759405 
0.319288 
0.265772 
0.831946 
0.520897 
0.719563 
0.696957 
0.760547 
0.520979 
0.099008 
0.021344 
0.732216 
0.358632 
0.521205 
0.891690 
0.628092 
0.338168 
0.588512 
0.122757 
0.170262 
0.590243 
0.216556 
0.664670 
0.104208 
0.427520 
0.322396 
0.516179 
0.413148 
0.772936 
0.730310 
0.327368 
0.080311 
0.787750 
0.721764 
0.685991 
0.444096 
0.928369 
0.104405 
0.735405 
0.952395 
0.906052 
0.019256 
0.640733 
0.801045 
0.157813 
0.362678 
0.527345 
0.086469 
0.290560 
0.448498 
0.910592 
0.318068 
0.776611 
0.506410 
0.233577 
0.726942 
0.716266 
0.274312 
0.362291 
0.030511 
0.806238 
0.444895 
0.342336 
0.638704 
0.699355 
0.052755 
0.648779 
0.021867 
0.525471 
0.588198 
0.836115 
0.578211 
0.995548 
0.180293 
0.190703 
0.144476 
0.212668 
0.315934 
0.907704 
0.774176 
0.571110 
0.645726 
0.714758 
0.930799 
0.934433 
0.008468 
0.317391 
0.388594 
0.107025 
0.774541 
0.717033 
0.166150 
0.484592 
0.540996 
0.521697 
0.154144 
0.701790 
0.988916 
0.705786 
0.150637 
0.762452 
0.532473 
0.275449 
0.466240 
0.088311 
0.240767 
0.574716 
0.251376 
0.881674 
0.290285 
0.818418 
0.155126 
0.209458 
0.358565 
0.408757 
0.978945 
0.131990 
0.349766 
0.520619 
0.045053 
0.201468 
0.080523 
0.346134 
0.481748 
0.735412 
0.064978 
0.077135 
0.401816 
0.322881 
0.657755 
0.885708 
0.099482 
0.996297 
0.765267 
0.847869 
0.125883 
0.715104 
0.754572 
0.096421 
0.552030 
0.970858 
0.210832 
0.454674 
0.708448 
0.887878 
0.566254 
0.031705 
0.873902 
0.671313 
0.749424 
0.569820 
0.967708 
0.273051 
0.172616 
0.152172 
0.553344 
0.054915 
0.964525 
0.772578 
0.718203 
0.840046 
0.650275 
0.177509 
0.388725 
0.304482 
0.428545 
0.556977 
0.115591 
0.738444 
0.025497 
0.520859 
0.073888 
0.829435 
0.321466 
0.885096 
0.801921 
0.888472 
0.551379 
0.019490 
0.567723 
0.727775 
0.706699 
0.487472 
0.947458 
0.923638 
0.585371 
0.324293 
0.392370 
0.564307 
0.313021 
0.942924 
0.729504 
0.767409 
0.840112 
0.762121 
0.961843 
0.703218 
0.976824 
0.473361 
0.774824 
0.461949 
0.975581 
0.590095 
0.732428 
0.913024 
0.196917 
0.582396 
0.337406 
0.775642 
0.216738 
0.717478 
0.654616 
0.128732 
0.603405 
0.434174 
0.166081 
0.325249 
0.453825 
0.438504 
0.934152 
0.292611 
0.907767 
0.845653 
0.883534 
0.547966 
0.669719 
0.962204 
0.760796 
0.698695 
0.970318 
0.142332 
0.172637 
0.509962 
0.934867 
0.307825 
0.613956 
0.759604 
0.656365 
0.531721 
0.629672 
0.891998 
0.809156 
0.485457 
0.067411 
0.968740 
0.614196 
0.790552 
0.799535 
0.786101 
0.004168 
0.059325 
0.081197 
0.673904 
0.303239 
0.544677 
0.386172 
0.385056 
0.643720 
0.994720 
0.265979 
0.314070 
0.576673 
0.150725 
0.230953 
0.625351 
0.280079 
0.283743 
0.868903 
0.647694 
0.791279 
0.032526 
0.662783 
0.391815 
0.230728 
0.846099 
0.392176 
0.296524 
0.682649 
0.274722 
0.246671 
0.798936 
0.716248 
0.988290 
0.182286 
0.678407 
0.978517 
0.933436 
0.259912 
0.346160 
0.909412 
0.486307 
0.362204 
0.554943 
0.934737 
0.128659 
0.363763 
0.769297 
0.572283 
0.354903 
0.852790 
0.836104 
0.396256 
0.873512 
0.112158 
0.033786 
0.838974 
0.630545 
0.575652 
0.981901 
0.812036 
0.895972 
0.605926 
0.803523 
0.817467 
0.167435 
0.078915 
0.317596 
0.836564 
0.131894 
0.744077 
0.701852 
0.034730 
0.705803 
0.423026 
0.803631 
0.620107 
0.134640 
0.897170 
0.743832 
0.581590 
0.782322 
0.483485 
0.933224 
0.696590 
0.585832 
0.073032 
0.457193 
0.037311 
0.094286 
0.662109 
0.059663 
0.748075 
0.897854 
0.226908 
0.638949 
0.823601 
0.257897 
0.474205 
0.964587 
0.811035 
0.072698 
0.843432 
0.560330 
0.463939 
0.426282 
0.513474 
0.951232 
0.359178 
0.711875 
0.478600 
0.825657 
0.819738 
0.343517 
0.493405 
0.651019 
0.683421 
0.251155 
0.160924 
0.647348 
0.980983 
0.378608 
0.271585 
0.533875 
0.833673 
0.546169 
0.469098 
0.130721 
0.030955 
0.268775 
0.304342 
0.084313 
0.043295 
0.653434 
0.264429 
0.254875 
0.675778 
0.799993 
0.480792 
0.669026 
0.321974 
0.424651 
0.102547 
0.501258 
0.635224 
0.204179 
0.628865 
0.331686 
0.649757 
0.457587 
0.668234 
0.011441 
0.293760 
0.218535 
0.921041 
0.944307 
0.966174 
0.485775 
0.420631 
0.552754 
0.143367 
0.563487 
0.524391 
0.431631 
0.427570 
0.167934 
0.464196 
0.745342 
0.957238 
0.304339 
0.020982 
0.639513 
0.295167 
0.867561 
0.102389 
0.858042 
0.114958 
0.107503 
0.802510 
0.787061 
0.125840 
0.985264 
0.329677 
0.877705 
0.592628 
0.294900 
0.390870 
0.356034 
0.858141 
0.780848 
0.714936 
0.928971 
0.219541 
0.828926 
0.761829 
0.058506 
0.305879 
0.908389 
0.285959 
0.109076 
0.247327 
0.817853 
0.662007 
0.344725 
0.793324 
0.392838 
0.434050 
0.083586 
0.829815 
0.700458 
0.600851 
0.498251 
0.099598 
0.946973 
0.769735 
0.940794 
0.919364 
0.752426 
0.018009 
0.684745 
0.509521 
0.524234 
0.806988 
0.046476 
0.122688 
0.014604 
0.457370 
0.023471 
0.468890 
0.628397 
0.476148 
0.620277 
0.994356 
0.147269 
0.150535 
0.046544 
0.267036 
0.075373 
0.800766 
0.469810 
0.096042 
0.183745 
0.198797 
0.182583 
0.676929 
0.138435 
0.673800 
0.550219 
0.527049 
0.105658 
0.800657 
0.642979 
0.545534 
0.789438 
0.085004 
0.654027 
0.223656 
0.984118 
0.071588 
0.183168 
0.511278 
0.050731 
0.631089 
0.711889 
0.723495 
0.774586 
0.465875 
0.964795 
0.313030 
0.102919 
0.756507 
0.607010 
0.024759 
0.122755 
0.144490 
0.436307 
0.008230 
0.329785 
0.701695 
0.394919 
0.404475 
0.014666 
0.490083 
0.829229 
0.857969 
0.889255 
0.711426 
0.941790 
0.672600 
0.383254 
0.349175 
0.578242 
0.516667 
0.623917 
0.171081 
0.363510 
0.519171 
0.713356 
0.373474 
0.981348 
0.522293 
0.172202 
0.200587 
0.269933 
0.762003 
0.992447 
0.060360 
0.475968 
0.588764 
0.358270 
0.448138 
0.856535 
0.788201 
0.302049 
0.531461 
0.268146 
0.724195 
0.541571 
0.188037 
0.344742 
0.079628 
0.308204 
0.987947 
0.422712 
0.520894 
0.665412 
0.587001 
0.727323 
0.120717 
0.882492 
0.042734 
0.230517 
0.293656 
0.469373 
0.751543 
0.177218 
0.496290 
0.139282 
0.918324 
0.269209 
0.594605 
0.533968 
0.400919 
0.251321 
0.946078 
0.736939 
0.735782 
0.283756 
0.082829 
0.101595 
0.507156 
0.775232 
0.322450 
0.422214 
0.148268 
0.934270 
0.280133 
0.192142 
0.328435 
0.001836 
0.853442 
0.793005 
0.036581 
0.813374 
0.379550 
0.100628 
0.261915 
0.999156 
0.821538 
0.591480 
0.996968 
0.037454 
0.487989 
0.626150 
0.703061 
0.349574 
0.290183 
0.113005 
0.281863 
0.276120 
0.742918 
0.231121 
0.458489 
0.827849 
0.654772 
0.758009 
0.854870 
0.797771 
0.136551 
0.011424 
0.011431 
0.124366 
0.214649 
0.599448 
0.920852 
0.752087 
0.333146 
0.186958 
0.204823 
0.451959 
0.070447 
0.005425 
0.183674 
0.013619 
0.889174 
0.340567 
0.914357 
0.599969 
0.684796 
0.372637 
0.906124 
0.228736 
0.358975 
0.291931 
0.490550 
0.678780 
0.261041 
0.314415 
0.365041 
0.235760 
0.416038 
0.345622 
0.863334 
0.060033 
0.972966 
0.634560 
0.054443 
0.028978 
0.032290 
0.701763 
0.538782 
0.309901 
0.510531 
0.500115 
0.424813 
0.837847 
0.695138 
0.184120 
0.507986 
0.712806 
0.129389 
0.649034 
0.318403 
0.403481 
0.309187 
0.502838 
0.201740 
0.647577 
0.827792 
0.700699 
0.643945 
0.788068 
0.053439 
0.146474 
0.791815 
0.037492 
0.121056 
0.586295 
0.861968 
0.100095 
0.299250 
0.502628 
0.673824 
0.964202 
0.349890 
0.604781 
0.558035 
0.898769 
0.610654 
0.261457 
0.313067 
0.716710 
0.739080 
0.710009 
0.120005 
0.926116 
0.237637 
0.957378 
0.652516 
0.829709 
0.926752 
0.928848 
0.152871 
0.302900 
0.842423 
0.611419 
0.125332 
0.450851 
0.449378 
0.697617 
0.841919 
0.138287 
0.185914 
0.660435 
0.929203 
0.108472 
0.087392 
0.802033 
0.767709 
0.878916 
0.947034 
0.802800 
0.665753 
0.310683 
0.652539 
0.227813 
0.859422 
0.304772 
0.309132 
0.573966 
0.639354 
0.629912 
0.936885 
0.221126 
0.472916 
0.297792 
0.994517 
0.852547 
0.765460 
0.093425 
0.188937 
0.464192 
0.671030 
0.005940 
0.831804 
0.137979 
0.014594 
0.277693 
0.178930 
0.281903 
0.938669 
0.205912 
