0.000000 
0.008304 
0.561593 
0.697247 
0.627790 
0.266039 
0.315697 
0.914338 
0.275465 
0.733487 
0.709163 
0.895704 
0.100771 
0.654232 
0.681009 
0.722795 
0.011905 
0.089497 
0.167776 
0.804005 
0.919614 
0.952619 
0.665848 
0.904218 
0.193121 
0.783071 
0.071433 
0.574749 
0.808019 
0.375318 
0.963221 
0.850401 
0.692120 
0.462626 
0.359849 
0.982880 
0.256514 
0.229521 
0.551526 
0.490666 
0.624330 
0.108258 
0.485854 
0.742685 
0.310541 
0.261208 
0.119722 
0.164436 
0.674263 
0.345275 
0.032501 
0.250959 
0.873403 
0.278674 
0.676158 
0.180143 
0.664140 
0.194943 
0.413320 
0.669796 
0.258752 
0.836931 
0.298791 
0.785773 
0.493951 
0.827281 
0.109263 
0.379322 
0.267601 
0.577869 
0.247769 
0.250228 
0.574819 
0.983790 
0.560306 
0.061985 
0.777020 
0.379731 
0.139107 
0.966632 
0.187024 
0.314156 
0.012664 
0.835631 
0.451075 
0.210207 
0.945566 
0.134210 
0.662130 
0.424810 
0.775119 
0.419766 
0.007463 
0.427178 
0.583398 
0.171511 
0.586435 
0.217698 
0.842788 
0.745626 
0.733687 
0.079518 
0.460328 
0.732326 
0.205694 
0.096896 
0.525754 
0.352476 
0.070033 
0.051281 
0.887406 
0.637766 
0.938503 
0.413463 
0.072468 
0.965098 
0.404029 
0.513341 
0.729357 
0.307276 
0.383325 
0.540747 
0.338025 
0.182577 
0.565152 
0.515745 
0.118588 
0.109035 
0.545364 
0.930559 
0.909448 
0.097093 
0.834266 
0.505498 
0.908333 
0.349401 
0.376583 
0.225235 
0.532517 
0.005007 
0.155775 
0.105235 
0.688765 
0.071053 
0.188807 
0.286708 
0.701462 
0.470778 
0.357500 
0.506117 
0.313937 
0.336391 
0.721944 
0.718685 
0.942389 
0.723904 
0.654575 
0.441601 
0.980220 
0.553701 
0.060449 
0.960106 
0.494143 
0.062334 
0.648605 
0.106067 
0.675582 
0.513755 
0.684315 
0.283474 
0.342131 
0.191032 
0.672922 
0.796221 
0.092664 
0.398443 
0.624710 
0.493863 
0.351040 
0.925512 
0.081028 
0.845118 
0.890480 
0.290207 
0.506539 
0.396464 
0.378536 
0.047502 
0.366120 
0.383255 
0.372286 
0.009331 
0.819184 
0.017756 
0.432733 
0.949988 
0.441923 
0.400865 
0.335761 
0.129470 
0.003927 
0.008749 
0.041254 
0.361375 
0.634212 
0.197118 
0.964492 
0.208712 
0.815181 
0.743398 
0.284221 
0.896355 
0.036228 
0.881018 
0.262289 
0.288826 
0.296517 
0.564267 
0.634138 
0.960567 
0.257040 
0.079015 
0.011637 
0.585421 
0.170699 
0.941082 
0.768692 
0.407488 
0.654116 
0.727587 
0.548563 
0.701512 
0.309819 
0.129154 
0.685894 
0.818630 
0.713612 
0.679433 
0.230856 
0.992090 
0.053685 
0.275870 
0.548822 
0.051220 
0.855562 
0.432702 
0.421614 
0.062770 
0.974353 
0.948054 
0.947738 
0.631340 
0.932619 
0.526489 
0.702424 
0.647421 
0.204863 
0.126380 
0.076265 
0.782855 
0.441493 
0.164768 
0.259137 
0.316280 
0.723604 
0.609150 
0.975718 
0.897160 
0.573154 
0.005506 
0.541455 
0.241408 
0.345311 
0.634654 
0.636841 
0.391287 
0.361174 
0.254637 
0.680980 
0.229867 
0.367395 
0.799489 
0.006517 
0.525092 
0.213182 
0.941556 
0.729385 
0.778689 
0.430456 
0.671724 
0.670071 
0.884355 
0.352782 
0.201158 
0.855944 
0.848744 
0.837258 
0.794695 
0.435203 
0.463750 
0.250771 
0.713623 
0.869778 
0.361401 
0.069131 
0.883543 
0.707851 
0.855193 
0.223331 
0.524341 
0.600588 
0.087536 
0.216797 
0.699938 
0.856237 
0.776038 
0.871766 
0.771021 
0.550659 
0.930011 
0.699463 
0.874921 
0.802765 
0.075402 
0.283786 
0.587481 
0.789712 
0.693937 
0.994388 
0.686686 
0.129507 
0.632166 
0.810079 
0.991678 
0.124765 
0.925893 
0.488923 
0.329924 
0.037264 
0.296270 
0.411541 
0.762985 
0.487374 
0.286491 
0.053474 
0.734657 
0.382745 
0.799876 
0.513070 
0.175256 
0.520658 
0.691182 
0.698182 
0.344713 
0.583726 
0.679334 
0.567917 
0.974403 
0.790430 
0.754489 
0.698984 
0.822268 
0.862553 
0.936526 
0.200598 
0.450933 
0.836430 
0.876734 
0.261961 
0.783867 
0.457866 
0.359109 
0.552445 
0.944513 
0.430806 
0.554595 
0.073898 
0.003705 
0.273395 
0.948805 
0.564409 
0.016548 
0.115581 
0.561959 
0.848374 
0.620843 
0.513413 
0.928232 
0.791815 
0.029000 
0.402556 
0.754521 
0.226575 
0.047643 
0.728533 
0.459220 
0.105606 
0.927602 
0.208098 
0.505027 
0.991272 
0.301368 
0.099914 
0.255583 
0.588357 
0.519628 
0.386548 
0.704028 
0.596177 
0.953834 
0.089244 
0.917721 
0.128919 
0.738633 
0.209029 
0.146942 
0.650797 
0.943598 
0.050629 
0.913318 
0.140459 
0.689353 
0.950381 
0.048772 
0.707784 
0.725441 
0.480537 
0.384872 
0.536745 
0.071281 
0.020332 
0.715498 
0.376628 
0.981263 
0.082851 
0.479131 
0.758518 
0.420369 
0.146164 
0.580979 
0.520457 
0.319512 
0.035210 
0.771463 
0.979042 
0.758552 
0.979814 
0.730336 
0.760621 
0.749187 
0.587177 
0.675767 
0.614719 
0.586733 
0.224234 
0.697401 
0.225839 
0.681729 
0.814058 
0.870781 
0.220363 
0.643939 
0.687006 
0.505981 
0.014949 
0.242662 
0.414155 
0.701083 
0.099166 
0.681879 
0.345607 
0.609885 
0.340302 
0.450212 
0.708688 
0.920227 
0.254688 
0.539439 
0.346772 
0.203975 
0.215159 
0.179254 
0.720321 
0.443045 
0.254620 
0.393549 
0.373059 
0.006332 
0.414744 
0.596955 
0.030014 
0.452606 
0.955964 
0.889585 
0.247393 
0.933158 
0.586044 
0.636770 
0.189024 
0.920773 
0.431857 
0.223664 
0.125157 
0.514068 
0.946680 
0.845305 
0.049116 
0.494586 
0.502918 
0.544557 
0.375116 
0.566553 
0.055734 
0.715471 
0.929421 
0.780510 
0.039136 
0.751943 
0.905806 
0.873503 
0.969749 
0.572193 
0.844531 
0.032745 
0.343000 
0.800547 
0.788200 
0.273584 
0.128526 
0.131589 
0.613665 
0.867129 
0.833477 
0.243473 
0.048653 
0.707176 
0.509884 
0.625656 
0.403549 
0.444449 
0.848235 
0.287357 
0.601113 
0.912182 
0.044431 
0.747795 
0.188438 
0.072884 
0.959188 
0.069168 
0.498758 
0.630302 
0.478360 
0.792901 
0.291340 
0.544307 
0.170727 
0.414460 
0.831808 
0.195401 
0.107345 
0.153942 
0.294948 
0.195124 
0.442219 
0.372261 
0.585705 
0.941787 
0.612877 
0.618393 
0.324961 
0.619085 
0.969878 
0.746366 
0.173615 
0.946856 
0.808298 
0.071867 
0.869121 
0.315013 
0.425736 
0.352427 
0.234850 
0.127758 
0.221054 
0.247588 
0.215529 
0.402853 
0.753293 
0.595702 
0.967376 
0.695644 
0.688660 
0.308547 
0.747380 
0.212544 
0.233103 
0.756145 
0.529780 
0.011501 
0.300833 
0.106500 
0.947086 
0.667332 
0.855982 
0.496994 
0.980712 
0.827927 
0.966980 
0.041258 
0.421216 
0.372140 
0.555412 
0.803400 
0.747009 
0.977119 
0.446533 
0.883846 
0.796674 
0.698110 
0.137902 
0.719870 
0.849862 
0.634874 
0.331928 
0.721816 
0.568758 
0.117372 
0.675081 
0.087385 
0.683182 
0.234858 
0.256493 
0.886131 
0.199533 
0.551549 
0.891141 
0.412949 
0.432594 
0.613104 
0.442224 
0.452105 
0.534220 
0.627284 
0.761523 
0.909749 
0.146580 
0.568260 
0.747720 
0.928298 
0.910539 
0.435051 
0.894126 
0.580328 
0.573793 
0.730614 
0.427109 
0.418443 
0.771746 
0.734227 
0.145561 
0.439500 
0.670741 
0.142564 
0.066412 
0.190319 
0.694765 
0.921460 
0.969913 
0.333985 
0.293824 
0.305657 
0.177504 
0.301586 
0.762749 
0.518888 
0.946408 
0.285170 
0.846863 
0.230740 
0.041101 
0.787705 
0.958732 
0.409336 
0.703209 
0.833758 
0.962594 
0.309534 
0.337537 
0.990481 
0.016169 
0.756843 
0.266000 
0.658618 
0.396259 
0.919429 
0.844361 
0.170211 
0.739298 
0.375927 
0.209198 
0.992664 
0.711330 
0.327985 
0.449147 
0.810212 
0.233322 
0.441121 
0.913487 
0.977009 
0.587598 
0.765330 
0.909335 
0.201475 
0.198137 
0.096015 
0.718530 
0.329594 
0.491021 
0.595787 
0.388309 
0.301846 
0.124142 
0.450549 
0.368703 
0.785537 
0.512489 
0.397546 
0.547334 
0.049610 
0.787516 
0.784764 
0.522430 
0.476003 
0.190056 
0.274996 
0.849437 
0.487521 
0.762285 
0.717375 
0.922280 
0.765478 
0.387759 
0.062073 
0.269149 
0.585192 
0.316204 
0.448884 
0.391906 
0.758866 
0.256923 
0.109361 
0.028033 
0.149589 
0.150648 
0.943210 
0.529228 
0.735970 
0.449686 
0.880426 
0.322135 
0.117172 
0.310877 
0.911463 
0.957410 
0.182400 
0.595656 
0.185092 
0.836030 
0.158680 
0.934610 
0.998164 
0.147075 
0.888489 
0.833370 
0.457535 
0.783087 
0.350678 
0.843030 
0.805915 
0.012025 
0.098252 
0.314169 
0.244027 
0.355724 
0.655609 
0.825407 
0.610639 
0.005676 
0.395075 
0.023570 
0.135468 
0.811156 
0.095878 
0.413969 
0.580960 
0.192242 
0.019290 
0.214813 
0.360881 
0.319407 
0.267155 
0.069744 
0.180705 
0.107249 
0.533210 
0.660553 
0.911372 
0.420999 
0.736134 
0.203645 
0.660394 
0.234119 
0.842894 
0.511912 
0.707866 
0.111052 
0.456701 
0.773534 
0.790701 
0.314061 
0.430516 
0.682531 
0.301561 
0.334138 
0.851920 
0.220938 
0.310695 
0.849106 
0.930900 
0.642694 
0.761486 
0.291066 
0.952889 
0.211935 
0.996141 
0.145414 
0.967901 
0.511094 
0.959393 
0.520150 
0.165675 
0.507886 
0.043481 
0.776867 
0.811837 
0.538515 
0.815577 
0.409539 
0.121423 
0.751956 
0.120694 
0.506552 
0.625081 
0.728865 
0.034569 
0.995124 
0.047027 
0.389078 
0.229615 
0.136428 
0.945067 
0.746917 
0.429173 
0.113568 
0.729590 
0.221681 
0.797291 
0.076275 
0.953407 
0.912972 
0.315949 
0.162812 
0.379918 
0.282192 
0.805426 
0.795628 
0.124436 
0.400743 
0.282779 
0.663036 
0.638231 
0.740743 
0.670605 
0.863454 
0.078665 
0.120048 
0.648498 
0.307020 
0.084222 
0.518342 
0.778490 
0.078610 
0.193969 
0.045103 
0.040455 
0.931412 
0.236674 
0.775890 
0.383262 
0.489752 
0.259993 
0.699464 
0.897586 
0.736200 
0.308415 
0.534568 
0.481400 
0.895516 
0.935145 
0.986609 
0.929077 
0.000134 
0.254182 
0.039892 
0.467320 
0.245597 
0.750788 
0.500683 
0.978541 
0.331211 
0.667995 
0.986660 
0.802367 
0.381149 
0.962849 
0.597563 
0.233972 
0.368485 
0.130199 
0.262385 
0.909393 
0.168619 
0.980307 
0.023705 
0.408582 
0.040957 
0.372472 
0.134235 
0.095696 
0.355197 
0.798758 
0.719774 
0.246881 
0.328182 
0.761047 
0.919096 
0.248726 
0.334747 
0.090877 
0.373806 
0.551931 
0.305297 
0.127986 
0.063637 
0.539273 
0.561015 
0.985975 
0.278750 
0.958046 
0.886001 
0.015467 
0.958701 
0.891903 
0.213884 
0.743486 
0.767772 
0.936400 
0.069892 
0.682725 
0.554278 
0.754268 
0.979878 
0.802267 
0.702236 
0.476536 
0.143845 
0.607672 
0.140716 
0.005548 
0.251315 
0.850330 
0.503639 
0.660270 
0.158042 
0.208446 
0.354909 
0.963321 
0.544286 
0.810221 
0.389325 
0.383852 
0.394374 
0.250088 
0.236942 
0.278792 
0.649670 
0.011877 
0.613395 
0.329509 
0.065440 
0.856139 
0.123265 
0.721666 
0.039080 
0.815800 
0.144815 
0.898494 
0.992869 
0.151857 
0.260418 
0.838021 
0.618756 
0.440259 
0.432145 
0.056087 
0.658597 
0.042679 
0.305236 
0.107115 
0.274551 
0.381046 
0.237807 
0.827527 
0.242486 
0.458307 
0.772332 
0.592290 
0.617355 
0.880915 
0.542311 
0.623739 
0.181674 
0.400725 
0.976674 
0.957066 
0.402869 
0.016783 
0.078416 
0.931759 
0.069635 
0.363242 
0.007473 
0.598474 
0.550967 
0.105198 
0.061873 
0.894223 
0.202500 
0.411141 
0.045745 
0.839953 
0.083741 
0.442296 
0.671829 
0.435426 
0.205537 
0.467283 
0.618165 
0.497851 
0.377608 
0.456114 
0.914555 
0.928986 
0.466823 
0.896880 
0.867589 
0.568074 
0.619512 
0.142840 
0.707653 
0.518671 
0.296565 
0.374594 
0.793647 
0.824417 
0.974400 
0.733243 
0.607871 
0.490895 
0.465754 
0.932350 
0.001752 
0.445587 
0.986447 
0.217592 
0.075743 
0.012281 
0.408437 
0.594082 
0.740698 
0.908278 
0.425200 
0.342256 
0.303948 
0.455738 
0.587476 
0.703380 
0.700596 
0.912079 
0.317081 
0.174112 
0.293381 
0.860917 
0.434986 
0.806112 
0.328558 
0.077506 
0.647924 
0.658531 
0.931319 
0.676244 
0.640152 
0.038518 
0.367799 
0.595430 
0.397935 
0.094961 
0.010086 
0.511723 
0.530282 
0.453688 
0.139837 
0.233472 
0.964639 
0.694820 
0.845887 
0.818835 
0.167827 
0.671457 
0.173438 
0.979715 
0.070520 
0.226511 
0.972456 
0.067198 
0.400057 
0.750483 
0.364526 
0.595080 
0.515652 
0.556468 
0.561135 
0.989870 
0.740178 
0.167163 
0.500379 
0.870003 
0.144605 
0.383617 
0.451450 
0.512422 
0.275620 
0.342329 
0.515462 
0.373805 
0.535746 
0.285151 
0.536180 
0.575164 
0.776626 
0.753418 
0.697708 
0.386516 
0.173079 
0.941092 
0.933171 
0.805644 
0.455567 
0.718759 
0.184825 
0.347772 
0.999473 
0.150043 
0.779159 
0.324531 
0.393273 
0.733908 
0.798570 
0.559565 
0.603407 
0.455133 
0.424278 
0.836301 
0.718878 
0.189166 
0.306853 
0.278093 
0.907479 
0.001427 
0.991109 
0.566530 
0.666763 
0.287401 
0.344908 
0.868954 
0.507436 
0.480382 
0.788380 
0.297075 
0.938379 
0.335265 
0.791280 
0.039053 
0.365298 
0.566653 
0.744938 
0.173975 
0.004137 
0.531734 
0.855822 
0.807924 
0.780546 
0.639669 
0.909503 
0.013388 
0.015426 
0.265410 
0.748478 
0.672022 
0.680200 
0.114813 
0.655838 
0.669610 
0.130646 
0.761464 
0.918774 
0.831845 
0.822364 
0.468016 
0.940697 
0.298366 
0.645745 
0.043676 
0.069421 
0.759308 
0.697562 
0.926078 
0.586318 
0.251111 
0.421997 
0.507081 
0.504488 
0.926403 
0.052865 
0.502298 
0.116233 
0.533926 
0.698941 
0.100951 
0.682309 
0.572006 
0.711189 
0.958497 
0.463022 
0.009680 
0.695331 
0.430623 
0.487112 
0.890138 
0.542513 
0.023389 
0.092239 
0.263001 
0.255579 
0.520722 
0.770063 
0.445353 
0.049588 
0.421712 
0.708546 
0.529670 
0.168837 
0.649380 
0.122627 
0.984075 
0.350654 
0.448276 
0.171419 
0.035178 
0.244247 
0.067482 
0.161627 
0.472327 
0.398155 
0.793993 
0.635660 
0.544389 
0.552684 
0.962477 
0.352785 
0.259746 
0.547826 
0.310186 
0.292146 
0.090234 
0.563672 
0.639747 
0.232042 
0.926518 
0.980797 
0.257953 
0.420092 
0.490124 
0.514671 
0.068993 
0.558978 
0.748630 
0.229210 
0.337098 
0.597787 
0.999943 
0.036762 
0.855186 
0.119366 
0.176363 
0.139488 
0.379183 
0.936815 
0.046107 
0.915555 
0.737139 
0.098311 
0.310591 
0.109062 
0.002925 
0.155805 
0.619005 
0.618405 
0.538034 
0.735368 
0.324775 
0.496208 
0.761654 
0.110704 
0.597975 
0.163784 
0.713770 
0.329105 
0.269796 
0.463156 
0.266398 
0.353467 
0.714068 
0.335352 
0.257511 
0.985973 
0.244385 
0.375619 
0.023031 
0.082738 
0.577762 
0.442116 
0.640974 
0.848514 
0.977254 
0.699894 
0.112270 
0.925435 
0.785443 
0.948131 
0.229838 
0.888718 
0.685290 
0.673801 
0.565723 
0.103407 
0.959802 
0.386568 
0.054876 
0.303682 
0.984823 
0.916008 
0.340206 
0.850283 
0.701734 
0.035421 
0.325519 
0.998629 
0.958230 
0.967172 
0.258819 
0.973602 
0.320990 
0.880348 
0.004511 
0.809774 
0.865648 
0.951203 
0.863621 
0.870667 
0.305204 
0.557954 
0.531033 
0.066798 
0.675351 
0.616012 
0.314299 
0.431677 
0.192879 
0.722085 
0.086232 
0.307142 
0.134316 
0.447333 
0.325823 
0.104717 
0.973508 
0.747084 
0.236539 
0.507401 
0.892293 
0.775903 
0.601955 
0.050166 
0.139511 
0.760101 
0.012502 
0.112743 
0.876126 
0.051351 
0.060869 
0.019107 
0.133697 
0.038293 
0.593744 
0.048619 
0.132650 
0.452395 
0.394559 
0.356014 
0.534317 
0.273326 
0.789125 
0.821113 
0.442326 
0.173633 
0.243788 
0.351981 
0.737791 
0.055126 
0.504001 
0.737266 
0.225166 
0.362208 
0.633395 
0.469526 
0.316408 
0.872686 
0.228085 
0.419166 
0.930136 
0.792712 
0.103276 
0.757845 
0.098337 
0.741871 
0.630415 
0.389810 
0.529975 
0.290390 
0.583327 
0.978655 
0.254455 
0.632515 
0.682931 
0.027136 
0.069303 
0.774338 
0.294506 
0.770631 
0.987959 
0.627755 
0.679406 
0.769249 
0.761807 
0.696176 
0.632439 
0.404392 
0.619451 
0.117053 
0.312836 
0.840301 
0.941074 
0.638320 
0.251013 
0.780659 
0.533689 
0.711922 
0.279386 
0.640602 
0.600700 
0.966365 
0.704369 
0.336005 
0.241507 
0.010120 
0.089873 
0.489768 
0.530050 
0.542382 
0.814834 
0.917652 
0.974709 
0.940251 
0.802927 
0.801436 
0.736925 
0.499676 
0.051763 
0.981469 
0.544415 
0.985138 
0.214499 
0.080468 
0.431435 
0.134296 
0.118986 
0.789459 
0.439029 
0.765873 
0.030405 
0.022836 
0.797573 
0.801962 
0.574493 
0.496198 
0.604007 
0.545037 
0.439970 
0.574176 
0.183307 
0.834215 
0.650092 
0.091164 
0.198895 
0.834464 
0.831721 
0.731369 
0.122544 
0.599950 
0.366670 
0.624624 
0.060988 
0.018173 
0.436309 
0.038926 
0.220990 
0.185769 
0.220736 
0.917580 
0.772595 
0.999068 
0.336649 
0.058473 
0.754793 
0.806574 
0.092802 
0.718687 
0.975071 
0.025707 
0.062400 
0.764551 
0.816203 
0.927264 
0.518766 
0.899163 
0.235934 
0.339868 
0.153281 
0.188837 
0.786868 
0.886889 
0.940103 
0.311481 
0.061959 
0.338658 
0.816679 
0.929405 
0.514093 
0.361289 
0.191170 
0.996665 
0.943975 
0.380087 
0.126412 
0.610704 
0.103794 
0.462129 
0.006327 
0.335478 
0.382237 
0.259311 
0.244070 
0.089384 
0.270945 
0.779520 
0.391306 
0.672045 
0.067120 
0.079983 
0.271757 
0.414832 
0.077329 
0.665717 
0.710510 
0.545718 
0.878076 
0.815405 
0.516404 
0.204969 
0.910527 
0.219677 
0.105734 
0.077467 
0.980812 
0.509008 
0.889260 
0.797649 
0.093602 
0.176434 
0.331757 
0.845829 
0.851598 
0.807204 
0.676503 
0.979584 
0.875145 
0.561559 
0.123527 
0.118692 
0.862290 
0.509126 
0.879232 
0.253352 
0.080850 
0.852228 
0.393378 
0.503341 
0.650940 
0.344438 
0.977133 
0.668771 
0.030878 
0.965403 
0.527256 
0.596376 
0.284925 
0.728784 
0.677374 
0.632669 
0.261290 
0.493751 
0.464673 
0.767049 
0.797036 
0.779770 
0.601548 
0.214404 
0.483826 
0.670352 
0.603726 
0.822872 
0.010889 
0.013345 
0.287808 
0.197246 
0.121674 
0.969257 
0.310137 
0.479260 
0.917869 
0.616882 
0.943795 
0.362928 
0.730630 
0.691734 
0.974136 
0.298900 
0.612487 
0.071392 
0.887508 
0.343304 
0.916370 
0.436486 
0.026517 
0.667009 
0.427832 
0.570196 
0.286187 
0.938628 
0.528594 
0.080478 
0.592659 
0.812732 
0.588623 
0.982177 
0.444120 
0.325112 
0.149499 
0.636003 
0.303533 
0.475618 
0.717289 
0.473463 
0.490137 
0.730514 
0.749652 
0.398159 
0.860619 
0.416851 
0.012497 
0.041257 
0.409969 
0.352338 
0.750564 
0.723161 
0.160489 
0.332769 
0.843420 
0.355248 
0.647739 
0.544419 
0.045417 
0.318543 
0.752660 
0.954751 
0.507559 
0.542639 
0.127093 
0.055079 
0.706791 
0.035090 
0.755836 
0.342470 
0.897058 
0.848888 
0.257711 
0.354896 
0.737593 
0.731400 
0.641519 
0.002220 
0.311190 
0.173522 
0.389268 
0.420778 
0.011854 
0.237166 
0.044958 
0.606392 
0.626997 
0.936629 
0.915661 
0.510289 
0.431130 
0.007993 
0.341601 
0.281000 
0.768019 
0.094299 
0.887524 
0.611037 
0.692565 
0.938953 
0.988880 
0.101434 
0.802637 
0.919472 
0.569286 
0.989376 
0.437871 
0.303047 
0.307331 
0.306257 
0.265952 
0.851250 
0.958034 
0.674391 
0.496751 
0.902000 
0.909636 
0.253319 
0.525006 
0.775438 
0.792185 
0.253671 
0.456204 
0.425107 
0.774400 
0.338849 
0.041543 
0.206547 
0.442709 
0.606799 
0.464113 
0.348350 
0.725130 
0.265538 
0.889734 
0.753169 
0.518326 
0.497656 
0.108158 
0.808193 
0.302419 
0.753675 
0.018929 
0.134710 
0.073255 
0.190332 
0.904567 
0.054946 
0.481785 
0.368072 
0.185158 
0.944565 
0.302530 
0.628051 
0.661500 
0.831349 
0.486600 
0.279856 
0.534896 
0.005307 
0.187152 
0.460788 
0.460271 
0.774613 
0.926559 
0.673619 
0.509111 
0.625634 
0.034402 
0.201595 
0.212003 
0.136584 
0.568826 
0.264241 
0.091018 
0.735694 
0.814864 
0.413061 
0.316699 
0.757146 
0.356278 
0.967564 
0.853420 
0.423882 
0.188341 
0.443958 
0.604728 
0.666643 
0.270851 
0.186877 
0.846032 
0.255795 
0.141224 
0.545471 
0.734216 
0.976566 
0.144040 
0.885019 
0.510265 
0.023455 
0.204609 
0.860367 
0.195628 
0.922622 
0.510283 
0.333465 
0.547935 
0.142785 
0.786004 
0.365663 
0.702613 
0.817758 
0.058235 
0.752717 
0.906305 
0.266455 
0.304527 
0.186083 
0.494105 
0.421542 
0.860663 
0.164707 
0.237381 
0.663425 
0.181975 
0.458477 
0.614572 
0.118508 
0.757374 
0.180125 
0.357784 
0.279764 
0.998588 
0.269032 
0.618010 
0.898541 
0.784334 
0.305296 
0.115441 
0.208562 
0.303942 
0.344854 
0.960093 
0.287175 
0.545527 
0.665860 
0.103329 
0.645989 
0.138073 
0.589439 
0.706036 
0.348678 
0.237399 
0.960483 
0.830262 
0.214086 
0.138980 
0.831771 
0.572250 
0.805578 
0.346978 
0.654144 
0.202146 
0.473885 
0.585828 
0.019218 
0.003361 
0.495116 
0.415979 
0.354584 
0.496297 
0.269294 
0.024060 
0.384821 
0.690597 
0.863316 
0.750923 
0.756485 
0.246755 
0.208833 
0.854169 
0.020267 
0.627601 
0.097925 
0.819056 
0.879913 
0.702062 
0.555782 
0.030537 
0.235061 
0.663382 
0.469150 
0.996732 
0.081827 
0.264492 
0.317390 
0.377434 
0.534139 
0.281352 
0.681944 
0.440070 
0.248792 
0.455373 
0.460610 
0.477469 
0.829721 
0.114953 
0.018040 
0.194054 
0.462622 
0.296182 
0.922973 
0.407218 
0.110697 
0.490049 
0.257685 
0.916377 
0.543786 
0.409592 
0.015977 
0.521141 
0.809021 
0.216631 
0.920317 
0.763862 
0.234202 
0.232262 
0.626214 
0.787084 
0.517072 
0.427755 
0.284128 
0.339150 
0.094059 
0.845666 
0.104190 
0.124365 
0.206173 
0.144023 
0.600288 
0.033995 
0.346228 
0.054159 
0.255503 
0.241470 
0.392440 
0.733019 
0.850924 
0.485688 
0.953704 
0.898972 
0.015406 
0.934660 
0.830013 
0.035501 
0.666974 
0.838592 
0.221665 
0.517084 
0.628846 
0.016057 
0.862298 
0.650548 
0.767064 
0.041524 
0.888734 
0.956208 
0.985875 
0.599556 
0.736374 
0.230492 
0.877762 
0.551311 
0.884721 
0.509207 
0.245294 
0.648121 
0.967418 
0.398155 
0.783599 
0.953478 
0.100522 
0.465309 
0.447586 
0.574986 
0.784495 
0.015482 
0.204559 
0.019980 
0.799475 
0.778730 
0.117768 
0.320279 
0.929466 
0.538940 
0.971571 
0.196901 
0.314140 
0.748179 
0.647619 
0.524816 
0.587649 
0.609545 
0.627467 
0.836370 
0.870568 
0.632380 
0.408041 
0.938256 
0.270300 
0.940492 
0.841608 
0.903941 
0.529364 
0.020503 
0.593121 
0.585186 
0.212943 
0.939307 
0.935285 
0.329025 
0.925993 
0.161856 
0.321367 
0.208515 
0.513870 
0.605141 
0.602818 
0.556357 
0.692910 
0.736000 
0.949322 
0.252821 
0.165904 
0.341594 
