0.000001 
0.010339 
0.761418 
0.154631 
0.876824 
0.785521 
0.245085 
0.145938 
0.780291 
0.350552 
0.729316 
0.606244 
0.149028 
0.705222 
0.669758 
0.622820 
0.733955 
0.588336 
0.169304 
0.492075 
0.298596 
0.498972 
0.226753 
0.038145 
0.106610 
0.786462 
0.072915 
0.485621 
0.826949 
0.535150 
0.272775 
0.533817 
0.863610 
0.700405 
0.700623 
0.364170 
0.597413 
0.715548 
0.218252 
0.160386 
0.612384 
0.338368 
0.948928 
0.634389 
0.183058 
0.656037 
0.018051 
0.389463 
0.698117 
0.249866 
0.499467 
0.539602 
0.083662 
0.100027 
0.151936 
0.589038 
0.956012 
0.689463 
0.803955 
0.063902 
0.005477 
0.046735 
0.474744 
0.021684 
0.442515 
0.354230 
0.543201 
0.576894 
0.858154 
0.996574 
0.422528 
0.434072 
0.451778 
0.025058 
0.152841 
0.796307 
0.532935 
0.034519 
0.160942 
0.960340 
0.440206 
0.546654 
0.607661 
0.961233 
0.449453 
0.954461 
0.626855 
0.552583 
0.269250 
0.283858 
0.803894 
0.050434 
0.651139 
0.691143 
0.034561 
0.861043 
0.541641 
0.358698 
0.635555 
0.768117 
0.736287 
0.778552 
0.118844 
0.407543 
0.570897 
0.064090 
0.156005 
0.977965 
0.664010 
0.008240 
0.492237 
0.031564 
0.494592 
0.605264 
0.664213 
0.425914 
0.334328 
0.052897 
0.044751 
0.131867 
0.294413 
0.198235 
0.730943 
0.962473 
0.281401 
0.503580 
0.671682 
0.962332 
0.922173 
0.963496 
0.469728 
0.714665 
0.369524 
0.592614 
0.058348 
0.661224 
0.185170 
0.157904 
0.891097 
0.673529 
0.005446 
0.533474 
0.095060 
0.669049 
0.708214 
0.946033 
0.980802 
0.343918 
0.231157 
0.058983 
0.327720 
0.984328 
0.606681 
0.486695 
0.879260 
0.728819 
0.264556 
0.386762 
0.306193 
0.178548 
0.859428 
0.398963 
0.366412 
0.284018 
0.493692 
0.483615 
0.110692 
0.403083 
0.609783 
0.630037 
0.023520 
0.300050 
0.941498 
0.761365 
0.264287 
0.874970 
0.612857 
0.288777 
0.479476 
0.545336 
0.460922 
0.721395 
0.488524 
0.615799 
0.741883 
0.824439 
0.343115 
0.741518 
0.685810 
0.415910 
0.195843 
0.537536 
0.367711 
0.120128 
0.998719 
0.469306 
0.625618 
0.756402 
0.847823 
0.355353 
0.425248 
0.143786 
0.614983 
0.019205 
0.782086 
0.527232 
0.186704 
0.939404 
0.568194 
0.636219 
0.931626 
0.842681 
0.943315 
0.291069 
0.996686 
0.297398 
0.363524 
0.751552 
0.333361 
0.806701 
0.221065 
0.447106 
0.508363 
0.049332 
0.121106 
0.430886 
0.893913 
0.004045 
0.986887 
0.611821 
0.873376 
0.831006 
0.714676 
0.555713 
0.876594 
0.908963 
0.947862 
0.717748 
0.196947 
0.082517 
0.865144 
0.466941 
0.877468 
0.609483 
0.584541 
0.373798 
0.416543 
0.833100 
0.911518 
0.875004 
0.198833 
0.786051 
0.161159 
0.598013 
0.809522 
0.633594 
0.813029 
0.574881 
0.022381 
0.150944 
0.910661 
0.484127 
0.723205 
0.898969 
0.975382 
0.250411 
0.664396 
0.498726 
0.095322 
0.081313 
0.635497 
0.802922 
0.707027 
0.996587 
0.632674 
0.355222 
0.210284 
0.239750 
0.485933 
0.069419 
0.727925 
0.231032 
0.948736 
0.399289 
0.854489 
0.395660 
0.858170 
0.256973 
0.947815 
0.934352 
0.658967 
0.256581 
0.362888 
0.064778 
0.719794 
0.584534 
0.262976 
0.841463 
0.461738 
0.425649 
0.890923 
0.736755 
0.634286 
0.436768 
0.760907 
0.558115 
0.244177 
0.877200 
0.105580 
0.481296 
0.134191 
0.355924 
0.008849 
0.716888 
0.733355 
0.489299 
0.649013 
0.962789 
0.589464 
0.114557 
0.358144 
0.324007 
0.580069 
0.214520 
0.445694 
0.773857 
0.212262 
0.486042 
0.905360 
0.388419 
0.149933 
0.931283 
0.068910 
0.176255 
0.309910 
0.658911 
0.325040 
0.946117 
0.385698 
0.429192 
0.431334 
0.426864 
0.308973 
0.909948 
0.491648 
0.134290 
0.018479 
0.581184 
0.955482 
0.780879 
0.233543 
0.148965 
0.650611 
0.821268 
0.050049 
0.170029 
0.670328 
0.199987 
0.182995 
0.599133 
0.628989 
0.424332 
0.749701 
0.231057 
0.375108 
0.446450 
0.476837 
0.196197 
0.484497 
0.934485 
0.891462 
0.805263 
0.047860 
0.390859 
0.172568 
0.349312 
0.880885 
0.038543 
0.799392 
0.378295 
0.009033 
0.815136 
0.992160 
0.235012 
0.852688 
0.127365 
0.619433 
0.807912 
0.570205 
0.430074 
0.260863 
0.332443 
0.363153 
0.518318 
0.377373 
0.503892 
0.909996 
0.308541 
0.654003 
0.835194 
0.106004 
0.601421 
0.083870 
0.609449 
0.011517 
0.571563 
0.261668 
0.846391 
0.292696 
0.340259 
0.733168 
0.348076 
0.116213 
0.188251 
0.937914 
0.525080 
0.023282 
0.308664 
0.721848 
0.091888 
0.366207 
0.846027 
0.179503 
0.910865 
0.904790 
0.812731 
0.561536 
0.729892 
0.294100 
0.937005 
0.242091 
0.818259 
0.482116 
0.924833 
0.672428 
0.501350 
0.189447 
0.030450 
0.778589 
0.744085 
0.829900 
0.124482 
0.164479 
0.397835 
0.408402 
0.011354 
0.831606 
0.802803 
0.712328 
0.092060 
0.259812 
0.654748 
0.357252 
0.330890 
0.271643 
0.497896 
0.132266 
0.987336 
0.157748 
0.267957 
0.547691 
0.036422 
0.144707 
0.098398 
0.775445 
0.905331 
0.895475 
0.242347 
0.130064 
0.990351 
0.831806 
0.165559 
0.553759 
0.030848 
0.461995 
0.753647 
0.550841 
0.991139 
0.074539 
0.784591 
0.628864 
0.324971 
0.790334 
0.148221 
0.146421 
0.897152 
0.426778 
0.854254 
0.455114 
0.107991 
0.999669 
0.440993 
0.761384 
0.584487 
0.480496 
0.693404 
0.041625 
0.585460 
0.822526 
0.197306 
0.113556 
0.542376 
0.706251 
0.962379 
0.706469 
0.628321 
0.190276 
0.961685 
0.039920 
0.930594 
0.493428 
0.052230 
0.836592 
0.602392 
0.401287 
0.427007 
0.704711 
0.073814 
0.592431 
0.984824 
0.930291 
0.396670 
0.829996 
0.738224 
0.335630 
0.926034 
0.855054 
0.886338 
0.683113 
0.073354 
0.864893 
0.255869 
0.392104 
0.098612 
0.377258 
0.568501 
0.798829 
0.912810 
0.604230 
0.292287 
0.469857 
0.891233 
0.949171 
0.721953 
0.870587 
0.959319 
0.267602 
0.594985 
0.920911 
0.759067 
0.642658 
0.145738 
0.424046 
0.948560 
0.454156 
0.000971 
0.312470 
0.685676 
0.150630 
0.635368 
0.621869 
0.756227 
0.905397 
0.013910 
0.781500 
0.664238 
0.846104 
0.466636 
0.747041 
0.511684 
0.872077 
0.994168 
0.976635 
0.298727 
0.707206 
0.008291 
0.346619 
0.617282 
0.660800 
0.064215 
0.265219 
0.543408 
0.053946 
0.677444 
0.795487 
0.751239 
0.065706 
0.325324 
0.724882 
0.096063 
0.527714 
0.284586 
0.036494 
0.350227 
0.258519 
0.930039 
0.161101 
0.631355 
0.182695 
0.553434 
0.559285 
0.895086 
0.716400 
0.529261 
0.292887 
0.547153 
0.999548 
0.406872 
0.301019 
0.227617 
0.559308 
0.291797 
0.235343 
0.407438 
0.809424 
0.985650 
0.821744 
0.051423 
0.274652 
0.083132 
0.207510 
0.628603 
0.931827 
0.209867 
0.235134 
0.902469 
0.794844 
0.942553 
0.488013 
0.039054 
0.373688 
0.575162 
0.753843 
0.846917 
0.130616 
0.255982 
0.287651 
0.550901 
0.986293 
0.630453 
0.023730 
0.827739 
0.810277 
0.326713 
0.059351 
0.510630 
0.152339 
0.367268 
0.677416 
0.324488 
0.675610 
0.981811 
0.301735 
0.259768 
0.913270 
0.335665 
0.527060 
0.299494 
0.597056 
0.719994 
0.933351 
0.835607 
0.047171 
0.808036 
0.666099 
0.118201 
0.610542 
0.379122 
0.896565 
0.569458 
0.878550 
0.796204 
0.808183 
0.131381 
0.126853 
0.020217 
0.794727 
0.978048 
0.056274 
0.791524 
0.145424 
0.138132 
0.589524 
0.130756 
0.619170 
0.385856 
0.089148 
0.310928 
0.763324 
0.187960 
0.043694 
0.369265 
0.235048 
0.448666 
0.729932 
0.964718 
0.015458 
0.795334 
0.172113 
0.708388 
0.880632 
0.784458 
0.382344 
0.060574 
0.060625 
0.921103 
0.974758 
0.757512 
0.504916 
0.131601 
0.818301 
0.185675 
0.645836 
0.568472 
0.313609 
0.833021 
0.585464 
0.901408 
0.966672 
0.859599 
0.277055 
0.467237 
0.852018 
0.869156 
0.905802 
0.818750 
0.731383 
0.357359 
0.128208 
0.793152 
0.504532 
0.676412 
0.450641 
0.915929 
0.017026 
0.151055 
0.776726 
0.433567 
0.966991 
0.225874 
0.266100 
0.346085 
0.653374 
0.249764 
0.775255 
0.712571 
0.186339 
0.806763 
0.267396 
0.128616 
0.650703 
0.361419 
0.371377 
0.741383 
0.429789 
0.464637 
0.161273 
0.509158 
0.416622 
0.164037 
0.964694 
0.604886 
0.322968 
0.116911 
0.922468 
0.911358 
0.185543 
0.421778 
0.817527 
0.171175 
0.931782 
0.455773 
0.174633 
0.062859 
0.478683 
0.220927 
0.113533 
0.149147 
0.721624 
0.328571 
0.289241 
0.271244 
0.804918 
0.251988 
0.161085 
0.361979 
0.783565 
0.373849 
0.280394 
0.579542 
0.360165 
0.300616 
0.448197 
0.844160 
0.804763 
0.648867 
0.508909 
0.231369 
0.621836 
0.195781 
0.484388 
0.116787 
0.845553 
0.202367 
0.178771 
0.601669 
0.244666 
0.096062 
0.513798 
0.410399 
0.570231 
0.870292 
0.998371 
0.620605 
0.515774 
0.609888 
0.393685 
0.669465 
0.692591 
0.372777 
0.260014 
0.060049 
0.238100 
0.740209 
0.695943 
0.719497 
0.587992 
0.382119 
0.269246 
0.209915 
0.034872 
0.091350 
0.324692 
0.106284 
0.308168 
0.383509 
0.627796 
0.366256 
0.657074 
0.440489 
0.290404 
0.817962 
0.481544 
0.302015 
0.963470 
0.044709 
0.423542 
0.466897 
0.138549 
0.600753 
0.863651 
0.380242 
0.730590 
0.020482 
0.241122 
0.541626 
0.107972 
0.690974 
0.196015 
0.420661 
0.047334 
0.542351 
0.286218 
0.460827 
0.124432 
0.334391 
0.105411 
0.641114 
0.202412 
0.940104 
0.334624 
0.019198 
0.663595 
0.045119 
0.322126 
0.976407 
0.472220 
0.594138 
0.676137 
0.830868 
0.395730 
0.040624 
0.775233 
0.333525 
0.548184 
0.329799 
0.924207 
0.145774 
0.019391 
0.896567 
0.595410 
0.057856 
0.383453 
0.692020 
0.787541 
0.195515 
0.020165 
0.910128 
0.524930 
0.497917 
0.484413 
0.530114 
0.619220 
0.230643 
0.409538 
0.105011 
0.917214 
0.616334 
0.717226 
0.412184 
0.571451 
0.382008 
0.415813 
0.562464 
0.338075 
0.025758 
0.920296 
0.410737 
0.249201 
0.320124 
0.332262 
0.329332 
0.078585 
0.774672 
0.908103 
0.485319 
0.750594 
0.231929 
0.037482 
0.967949 
0.312546 
0.955050 
0.527564 
0.773785 
0.004066 
0.339997 
0.333746 
0.274303 
0.207658 
0.106893 
0.556282 
0.435588 
0.927259 
0.443101 
0.191827 
0.043679 
0.110392 
0.359629 
0.291424 
0.959518 
0.622806 
0.502451 
0.700563 
0.363873 
0.621172 
0.043713 
0.686241 
0.647005 
0.219820 
0.518925 
0.570600 
0.081463 
0.149335 
0.872011 
0.892121 
0.877611 
0.002098 
0.264829 
0.988057 
0.265673 
0.170784 
0.362288 
0.978717 
0.289156 
0.848872 
0.995763 
0.785127 
0.627459 
0.711485 
0.922082 
0.438254 
0.727885 
0.571449 
0.338564 
0.249551 
0.197321 
0.371193 
0.634823 
0.477852 
0.266072 
0.871158 
0.545776 
0.851997 
0.509300 
0.798303 
0.086035 
0.998317 
0.719783 
0.384821 
0.681698 
0.304851 
0.627671 
0.271285 
0.490406 
0.252238 
0.364440 
0.151084 
0.267588 
0.352102 
0.777194 
0.303498 
0.894463 
0.247292 
0.244658 
0.965941 
0.566533 
0.716312 
0.053138 
0.082203 
0.582939 
0.456816 
0.710991 
0.627845 
0.189597 
0.563924 
0.875989 
0.742932 
0.464105 
0.206904 
0.442685 
0.210550 
0.705899 
0.050888 
0.268951 
0.260307 
0.986130 
0.884250 
0.597711 
0.720629 
0.606836 
0.098010 
0.251501 
0.978202 
0.632973 
0.372128 
0.352466 
0.897016 
0.145399 
0.720549 
0.259300 
0.053185 
0.882731 
0.057137 
0.302802 
0.198385 
0.257491 
0.648930 
0.569538 
0.232418 
0.255100 
0.461659 
0.100403 
0.465719 
0.331942 
0.948797 
0.427690 
0.182927 
0.446207 
0.402805 
0.937504 
0.622817 
0.691012 
0.840493 
0.162901 
0.878801 
0.004764 
0.069917 
0.092944 
0.107444 
0.807231 
0.126542 
0.797016 
0.447987 
0.320095 
0.837980 
0.928784 
0.068856 
0.266940 
0.460457 
0.898947 
0.600812 
0.851871 
0.393675 
0.503413 
0.855340 
0.694656 
0.080165 
0.337573 
0.581043 
0.594587 
0.223246 
0.087654 
0.208819 
0.618541 
0.812079 
0.618166 
0.518403 
0.795840 
0.675690 
0.329802 
0.975751 
0.453646 
0.436043 
0.566335 
0.400436 
0.123057 
0.219295 
0.695046 
0.633669 
0.082928 
0.764847 
0.786355 
0.262699 
0.189837 
0.582741 
0.135587 
0.809064 
0.930897 
0.585014 
0.327987 
0.479842 
0.701417 
0.717396 
0.266938 
0.426592 
0.734938 
0.096583 
0.272750 
0.109839 
0.067013 
0.293285 
0.247026 
0.764617 
0.921412 
0.167554 
0.079945 
0.636193 
0.494132 
0.880324 
0.605804 
0.748694 
0.308114 
0.478882 
0.569478 
0.213879 
0.664275 
0.473818 
0.454934 
0.071907 
0.545515 
0.468353 
0.615707 
0.190078 
0.643344 
0.675436 
0.052010 
0.130744 
0.407404 
0.236385 
0.920340 
0.155658 
0.147414 
0.590296 
0.110469 
0.647756 
0.832899 
0.528288 
0.930719 
0.596523 
0.755122 
0.343167 
0.607192 
0.080557 
0.920598 
0.486935 
0.921666 
0.443311 
0.725128 
0.225052 
0.444756 
0.006838 
0.921193 
0.492737 
0.432287 
0.446393 
0.535238 
0.753368 
0.852578 
0.278463 
0.132362 
0.606596 
0.063039 
0.497908 
0.342685 
0.512308 
0.362440 
0.535404 
0.527636 
0.973106 
0.986259 
0.055176 
0.338612 
0.058531 
0.732330 
0.270927 
0.464360 
0.496115 
0.201326 
0.684957 
0.076099 
0.004282 
0.975181 
0.874045 
0.078751 
0.562284 
0.300559 
0.500189 
0.671883 
0.332085 
0.358387 
0.413441 
0.705129 
0.107474 
0.312626 
0.310749 
0.766302 
0.238906 
0.297218 
0.346396 
0.881920 
0.436813 
0.511643 
0.188905 
0.929103 
0.432455 
0.270061 
0.922285 
0.841957 
0.775025 
0.837282 
0.198238 
0.786636 
0.985373 
0.168874 
0.257919 
0.843344 
0.075902 
0.691662 
0.764821 
0.342952 
0.989312 
0.370308 
0.759517 
0.207751 
0.676362 
0.618165 
0.504480 
0.790114 
0.453822 
0.391217 
0.182836 
0.925254 
0.743670 
0.866004 
0.932130 
0.304395 
0.969099 
0.653320 
0.346319 
0.579143 
0.656598 
0.449711 
0.287945 
0.494763 
0.486299 
0.223246 
0.101515 
0.162242 
0.795566 
0.081463 
0.148944 
0.295122 
0.111855 
0.945104 
0.363736 
0.316870 
0.635826 
0.322437 
0.205963 
0.627643 
0.803613 
0.318338 
0.300605 
0.267157 
0.112045 
0.142450 
0.154015 
0.537173 
0.267471 
0.385774 
0.697150 
0.999929 
0.800718 
0.675496 
0.062848 
0.288385 
0.879608 
0.570124 
0.071190 
0.486246 
0.335955 
0.399398 
0.675654 
0.712810 
0.194223 
0.308071 
0.752892 
0.861174 
0.752982 
0.360738 
0.919341 
0.362892 
0.119218 
0.696649 
0.575155 
0.633294 
0.770366 
0.541838 
0.668000 
0.073893 
0.922554 
0.358070 
0.077219 
0.821191 
0.753063 
0.727777 
0.756334 
0.700125 
0.996411 
0.682775 
0.395190 
0.963453 
0.749326 
0.924342 
0.410827 
0.765270 
0.899679 
0.906040 
0.822337 
0.018446 
0.015533 
0.061844 
0.406217 
0.295258 
0.396881 
0.375419 
0.671631 
0.102637 
0.022297 
0.741274 
0.587337 
0.364704 
0.578743 
0.929701 
0.484659 
0.668228 
0.909323 
0.988700 
0.080291 
0.454120 
0.397393 
0.986711 
0.647623 
0.593806 
0.093251 
0.270460 
0.628380 
0.179568 
0.995795 
0.330672 
0.600520 
0.936074 
0.588178 
0.511305 
0.496928 
0.863467 
0.282518 
0.284816 
0.900325 
0.767006 
0.072455 
0.748269 
0.149608 
0.467890 
0.827452 
0.990963 
0.119068 
0.169655 
0.391044 
0.275653 
0.898470 
0.590688 
0.688000 
0.214121 
0.725042 
0.775960 
0.565592 
0.903407 
0.556017 
0.974894 
0.044142 
0.900478 
0.338587 
0.627345 
0.789430 
0.951306 
0.593992 
0.217937 
0.863914 
0.808872 
0.703388 
0.848099 
0.004772 
0.210588 
0.353148 
0.357505 
0.584702 
0.084868 
0.369431 
0.027919 
0.234516 
0.511578 
0.098895 
0.135197 
0.256812 
0.231588 
0.298062 
0.520241 
0.683146 
0.632705 
0.870612 
0.368246 
0.117033 
0.973070 
0.390304 
0.847222 
0.260143 
0.226936 
0.105503 
0.185765 
0.157969 
0.984519 
0.817911 
0.625010 
0.543405 
0.005799 
0.456971 
0.311545 
0.135627 
0.481662 
0.288410 
0.306403 
0.720325 
0.496225 
0.053890 
0.731713 
0.900706 
0.159710 
0.242415 
0.265123 
0.915766 
0.271684 
0.194192 
0.786201 
0.681641 
0.342685 
0.503535 
0.908580 
0.501837 
0.380838 
0.741032 
0.533011 
0.318161 
0.331265 
0.567260 
0.941594 
0.365098 
0.198607 
0.983962 
0.445990 
0.754464 
0.282183 
0.645823 
0.345515 
0.065101 
0.148602 
0.560506 
0.428349 
0.257372 
0.652572 
0.779001 
0.671228 
0.320799 
0.661973 
0.772195 
0.277970 
0.841098 
0.342300 
0.029100 
0.089498 
0.198604 
0.931353 
0.248978 
0.575489 
0.235996 
0.384453 
0.501864 
0.831191 
0.819976 
0.330066 
0.422702 
0.356407 
0.135719 
0.029945 
0.277501 
0.951688 
0.017273 
0.306035 
0.530762 
0.521094 
0.028779 
0.688380 
0.603326 
0.097610 
0.537235 
0.315140 
0.560246 
0.048000 
0.741188 
0.154187 
0.428015 
0.643353 
0.834843 
0.213679 
0.299946 
0.193291 
0.639476 
0.681047 
0.360401 
0.263967 
0.499490 
0.935373 
0.818070 
0.305565 
0.630457 
0.095466 
0.503105 
0.688660 
0.313822 
0.403849 
0.490532 
0.363292 
0.841263 
0.108272 
0.719573 
0.855653 
0.952278 
0.930097 
0.147733 
0.942617 
0.567637 
0.282315 
0.861069 
0.984911 
0.395943 
0.609793 
0.794289 
0.607080 
0.188947 
0.631817 
0.947377 
0.560731 
0.200330 
0.946670 
0.682447 
0.879283 
0.103436 
0.452323 
0.191114 
0.053407 
0.615134 
0.559840 
0.236562 
0.904949 
0.485780 
0.503849 
0.194056 
0.494758 
0.390340 
0.438426 
0.624660 
0.652974 
0.536468 
0.422879 
0.334904 
0.734828 
0.258623 
0.675507 
0.244764 
0.752732 
0.169717 
0.433790 
0.712856 
0.973573 
0.841015 
0.930876 
0.241311 
0.714483 
0.316512 
0.622224 
0.711397 
0.455311 
0.415227 
0.712032 
0.115624 
0.299532 
0.232604 
0.377618 
0.619145 
0.978220 
0.943453 
0.607721 
0.971203 
0.006399 
0.554474 
0.050429 
0.566270 
0.295368 
0.250447 
0.259012 
0.213718 
0.965281 
0.483736 
0.159127 
0.446062 
0.968788 
0.422315 
0.856404 
0.582684 
0.164123 
0.418035 
0.909069 
0.720089 
0.529109 
0.732920 
0.194340 
0.276685 
0.241971 
0.801498 
0.772565 
0.500567 
0.037233 
0.777476 
0.034640 
0.197387 
0.487429 
0.211857 
0.686931 
0.241138 
0.798394 
0.599726 
0.590384 
0.589543 
0.448186 
0.660319 
0.982119 
0.479849 
0.817310 
0.528962 
0.270549 
0.117746 
0.952189 
0.444214 
0.909427 
0.738567 
0.088191 
0.225688 
0.145789 
0.282255 
0.856257 
0.111367 
0.739837 
0.436656 
0.874212 
0.875065 
0.224760 
0.548548 
0.440424 
0.209207 
0.135605 
0.117493 
0.703590 
0.235156 
0.271036 
0.303901 
0.663991 
0.698676 
0.646565 
0.818650 
0.047274 
0.529955 
0.952557 
0.623164 
0.519317 
0.162861 
0.201945 
0.090694 
0.299232 
0.194935 
0.265683 
0.340960 
0.519954 
0.860842 
0.177625 
0.339683 
0.044310 
0.723262 
0.861863 
0.332533 
0.884412 
0.307427 
0.917480 
0.081935 
0.074536 
0.719343 
0.998325 
0.843400 
0.024184 
0.467762 
0.683685 
0.686186 
0.731633 
0.560119 
0.920441 
0.851171 
0.625375 
0.682902 
0.533699 
0.874836 
0.369984 
0.320989 
0.861846 
0.049179 
0.558792 
0.616736 
0.489453 
0.244104 
0.657195 
0.469013 
0.701250 
0.917027 
0.467887 
0.775047 
0.213934 
0.585830 
0.048372 
0.981622 
0.124941 
0.887720 
0.912544 
0.119266 
0.510489 
0.795131 
0.763933 
0.421634 
0.408555 
0.576909 
0.102399 
0.027867 
0.353423 
0.987389 
0.051723 
0.303345 
0.321224 
0.806391 
0.015168 
0.930416 
0.493777 
0.906480 
0.206728 
0.473079 
0.038368 
0.844867 
0.679431 
0.199456 
0.262484 
0.565132 
0.171541 
0.086665 
0.586965 
0.112562 
0.827458 
0.084434 
0.074871 
0.364018 
0.049570 
0.114769 
0.928033 
0.444539 
0.369313 
0.051096 
0.762298 
0.941272 
0.955324 
0.122535 
0.450733 
0.467201 
0.253551 
0.437572 
0.278025 
0.760462 
0.086273 
0.986299 
0.720495 
0.365982 
0.066971 
0.580045 
0.813779 
0.184790 
0.758939 
0.490907 
0.672417 
0.319183 
0.515890 
0.560971 
0.238118 
0.053867 
0.335879 
0.113995 
0.909329 
0.094692 
0.496556 
0.616999 
0.896130 
0.253407 
0.011883 
0.719043 
0.958112 
0.981685 
0.174270 
0.948203 
0.451722 
0.094354 
0.810613 
0.966997 
0.317897 
0.887413 
0.753464 
0.461625 
0.526941 
0.297368 
0.863169 
0.277680 
0.973903 
0.386467 
0.346043 
0.948406 
0.851959 
0.870253 
0.343288 
0.644662 
0.839095 
0.676546 
0.710379 
0.347651 
0.964124 
0.038246 
0.792253 
0.395273 
0.347210 
0.551034 
0.234543 
0.964702 
0.742216 
0.416536 
0.723500 
0.856332 
0.378072 
0.262386 
0.913658 
0.856714 
0.785208 
0.988027 
0.766727 
0.373714 
0.011788 
0.115506 
0.312237 
0.762825 
0.807390 
0.801697 
0.122995 
0.169983 
0.897638 
0.605702 
0.025140 
0.530258 
0.052407 
0.802825 
0.081787 
0.596425 
0.120257 
0.151526 
0.700228 
0.737199 
0.106840 
0.664585 
0.677696 
0.034875 
0.140320 
0.356633 
0.928785 
0.082044 
0.908113 
0.655425 
0.724419 
0.313607 
0.798100 
0.663854 
0.390461 
0.469784 
0.652185 
0.281166 
0.554159 
0.757651 
0.848593 
0.306101 
0.632480 
0.095531 
0.589984 
0.867451 
0.247336 
0.982270 
0.007860 
0.101334 
0.115295 
0.766962 
0.328637 
0.396883 
0.419787 
0.359352 
0.629209 
0.109895 
0.998743 
0.866964 
0.060633 
0.062823 
0.861026 
0.258686 
0.741505 
0.480736 
0.731247 
0.069586 
0.528129 
0.267789 
0.732569 
0.288640 
0.177130 
0.021896 
0.998450 
0.942886 
0.088156 
0.640284 
0.250774 
0.759760 
0.285039 
0.654775 
0.811659 
0.546408 
0.472255 
0.183205 
0.130837 
0.976653 
0.615210 
0.832283 
0.176310 
0.240653 
0.658829 
0.932377 
0.454406 
0.196640 
0.931467 
0.165272 
0.734453 
0.954741 
0.327905 
0.092712 
0.206922 
0.741300 
0.034856 
0.826968 
0.846671 
0.002895 
0.648062 
0.973462 
0.967523 
0.152075 
0.928073 
0.128603 
0.429686 
0.734282 
0.077079 
0.461658 
0.083005 
0.057216 
0.621311 
0.369554 
0.086121 
0.436655 
0.866025 
0.286539 
0.861593 
0.800510 
0.165894 
0.177898 
0.926937 
0.024999 
0.159549 
0.546387 
0.127863 
0.994376 
0.474239 
0.536248 
0.725695 
0.752248 
0.025018 
0.477652 
0.899786 
0.706184 
0.828988 
0.798604 
0.132377 
0.854121 
0.208665 
0.027433 
0.070408 
0.341726 
0.384626 
0.415481 
0.982036 
0.080533 
0.518479 
0.075381 
0.920212 
0.999533 
0.144470 
0.102058 
0.292374 
0.937685 
0.671861 
0.971744 
0.095545 
0.833197 
0.535755 
0.438329 
0.993769 
0.282530 
0.477008 
0.073789 
0.166903 
0.143744 
0.913318 
0.130347 
0.742530 
0.708304 
0.472801 
0.372513 
0.830172 
0.698893 
0.291657 
0.885789 
0.448059 
0.535648 
0.629545 
0.769400 
0.314096 
0.010419 
0.106481 
0.633514 
0.474313 
