0.000001 
0.009243 
0.346128 
0.369886 
0.665806 
0.198107 
0.590799 
0.559692 
0.739231 
0.249055 
0.872310 
0.915954 
0.430735 
0.370074 
0.829663 
0.138191 
0.575928 
0.627423 
0.091558 
0.813884 
0.940683 
0.050936 
0.078573 
0.581415 
0.845500 
0.323098 
0.302886 
0.610536 
0.278294 
0.295240 
0.106092 
0.088901 
0.155885 
0.956986 
0.055591 
0.312706 
0.644621 
0.146149 
0.320784 
0.415152 
0.464970 
0.752924 
0.391888 
0.461933 
0.713241 
0.443437 
0.842028 
0.960602 
0.839119 
0.070471 
0.401870 
0.230333 
0.201214 
0.811606 
0.664978 
0.291941 
0.645004 
0.577029 
0.132074 
0.774768 
0.526471 
0.395302 
0.841539 
0.740809 
0.777904 
0.224334 
0.386465 
0.316663 
0.155549 
0.309579 
0.097658 
0.335079 
0.671877 
0.233606 
0.218399 
0.631672 
0.510519 
0.297325 
0.149185 
0.348344 
0.611570 
0.652232 
0.056509 
0.739755 
0.065711 
0.399863 
0.490777 
0.481151 
0.711570 
0.359755 
0.403784 
0.403151 
0.766083 
0.549008 
0.176242 
0.105141 
0.104222 
0.667390 
0.824065 
0.063699 
0.581041 
0.555995 
0.610412 
0.197811 
0.605018 
0.543293 
0.124332 
0.641164 
0.036484 
0.185262 
0.705021 
0.281058 
0.733621 
0.963525 
0.960965 
0.947013 
0.448782 
0.685444 
0.259539 
0.072472 
0.034596 
0.459588 
0.288603 
0.542529 
0.280344 
0.740899 
0.296939 
0.656711 
0.334660 
0.638068 
0.014193 
0.535972 
0.081308 
0.545705 
0.669878 
0.647165 
0.903623 
0.194159 
0.236477 
0.467402 
0.624854 
0.918268 
0.337824 
0.808590 
0.966995 
0.283320 
0.753465 
0.489150 
0.145342 
0.761286 
0.935683 
0.020054 
0.053361 
0.842382 
0.913252 
0.033865 
0.166874 
0.647060 
0.130669 
0.149785 
0.429208 
0.701117 
0.665959 
0.780034 
0.038645 
0.511089 
0.876402 
0.693445 
0.726839 
0.981887 
0.579695 
0.933656 
0.950726 
0.857057 
0.556490 
0.926070 
0.465393 
0.860746 
0.564164 
0.903892 
0.717903 
0.788015 
0.166500 
0.363557 
0.307467 
0.593991 
0.208342 
0.598586 
0.436746 
0.398327 
0.675466 
0.560810 
0.533889 
0.065005 
0.540111 
0.651211 
0.911321 
0.564959 
0.264405 
0.849109 
0.967614 
0.686458 
0.306052 
0.818835 
0.164000 
0.349478 
0.682436 
0.699801 
0.547341 
0.155469 
0.967639 
0.102352 
0.224114 
0.685657 
0.832011 
0.600474 
0.173597 
0.650706 
0.418395 
0.966475 
0.548129 
0.402749 
0.010126 
0.184149 
0.993964 
0.551761 
0.441871 
0.528976 
0.500010 
0.674156 
0.544631 
0.607432 
0.112061 
0.402951 
0.389294 
0.860322 
0.437112 
0.543271 
0.753667 
0.879979 
0.812819 
0.056364 
0.315890 
0.155034 
0.653552 
0.251669 
0.803889 
0.956768 
0.406890 
0.606647 
0.909782 
0.702745 
0.038099 
0.328731 
0.982623 
0.948732 
0.331709 
0.025688 
0.743703 
0.414280 
0.811878 
0.235242 
0.704091 
0.662137 
0.532117 
0.289732 
0.524339 
0.559422 
0.198770 
0.732802 
0.200244 
0.500568 
0.050718 
0.417085 
0.942610 
0.451565 
0.445379 
0.478535 
0.744804 
0.925045 
0.226101 
0.075585 
0.364464 
0.543952 
0.201477 
0.228065 
0.096517 
0.153282 
0.207699 
0.792937 
0.895715 
0.286921 
0.280523 
0.753598 
0.716183 
0.880647 
0.033743 
0.123972 
0.601296 
0.984627 
0.623149 
0.262761 
0.222628 
0.703878 
0.080720 
0.656423 
0.493848 
0.096119 
0.476677 
0.504474 
0.693021 
0.596023 
0.351590 
0.169299 
0.414907 
0.336005 
0.230495 
0.936452 
0.953184 
0.169032 
0.926546 
0.466807 
0.623059 
0.754995 
0.204666 
0.827347 
0.215504 
0.982601 
0.568683 
0.856716 
0.831243 
0.693297 
0.237232 
0.153790 
0.748678 
0.033440 
0.028669 
0.845090 
0.428849 
0.665311 
0.882214 
0.377083 
0.635804 
0.958856 
0.486477 
0.226796 
0.753084 
0.083556 
0.332645 
0.762466 
0.772758 
0.748620 
0.060842 
0.564661 
0.260490 
0.059655 
0.615183 
0.386211 
0.048537 
0.759709 
0.435909 
0.330913 
0.656622 
0.841694 
0.358064 
0.987325 
0.978156 
0.870332 
0.672362 
0.391845 
0.734911 
0.641949 
0.242637 
0.996673 
0.080850 
0.844464 
0.907892 
0.942861 
0.670009 
0.839339 
0.769620 
0.000512 
0.597079 
0.103368 
0.311904 
0.162315 
0.023884 
0.411161 
0.381841 
0.598727 
0.798698 
0.713561 
0.828073 
0.418724 
0.489536 
0.633684 
0.323017 
0.949574 
0.490824 
0.272796 
0.890379 
0.593700 
0.323279 
0.341983 
0.706739 
0.158983 
0.021218 
0.615888 
0.225340 
0.286030 
0.309516 
0.039423 
0.584593 
0.253842 
0.314668 
0.629160 
0.284252 
0.419782 
0.283499 
0.764966 
0.783112 
0.761664 
0.286899 
0.908199 
0.106402 
0.304190 
0.517921 
0.697958 
0.578601 
0.547769 
0.353451 
0.455234 
0.117622 
0.878295 
0.508810 
0.566309 
0.957408 
0.163484 
0.668822 
0.887028 
0.278661 
0.460267 
0.710257 
0.291327 
0.331054 
0.029076 
0.680641 
0.533013 
0.353716 
0.907436 
0.282239 
0.589143 
0.726657 
0.930190 
0.707653 
0.528399 
0.798036 
0.592009 
0.895761 
0.054093 
0.140668 
0.209701 
0.436714 
0.856327 
0.289024 
0.625432 
0.636302 
0.335513 
0.959581 
0.670405 
0.493083 
0.250966 
0.977282 
0.179736 
0.825599 
0.843344 
0.083682 
0.440224 
0.836511 
0.241183 
0.559946 
0.015739 
0.521866 
0.999280 
0.896990 
0.702904 
0.705545 
0.089988 
0.433376 
0.755895 
0.323701 
0.447246 
0.866158 
0.518001 
0.047287 
0.745579 
0.950158 
0.305396 
0.789102 
0.433019 
0.746488 
0.216916 
0.701047 
0.490212 
0.989659 
0.206697 
0.960420 
0.787093 
0.673842 
0.261190 
0.814337 
0.559943 
0.954591 
0.817127 
0.454898 
0.463509 
0.192478 
0.977422 
0.530402 
0.463343 
0.413076 
0.568105 
0.145515 
0.666043 
0.185752 
0.935387 
0.049825 
0.402547 
0.615258 
0.643173 
0.806539 
0.508086 
0.398997 
0.945845 
0.815701 
0.489326 
0.104782 
0.065881 
0.265402 
0.604989 
0.058215 
0.412222 
0.223294 
0.901307 
0.271888 
0.614652 
0.455745 
0.698469 
0.172291 
0.695275 
0.488250 
0.022042 
0.453292 
0.480129 
0.520332 
0.216613 
0.620762 
0.155021 
0.440495 
0.398463 
0.960203 
0.124227 
0.884386 
0.880717 
0.214195 
0.968558 
0.552043 
0.184025 
0.905568 
0.876835 
0.962091 
0.869123 
0.357612 
0.385917 
0.112195 
0.667518 
0.979831 
0.015905 
0.311434 
0.276183 
0.813190 
0.286726 
0.997510 
0.150690 
0.640023 
0.864658 
0.300226 
0.905532 
0.278642 
0.134330 
0.687532 
0.352079 
0.387660 
0.404707 
0.906367 
0.312926 
0.353717 
0.929319 
0.061895 
0.261624 
0.112426 
0.547386 
0.917538 
0.065146 
0.903784 
0.904760 
0.297098 
0.325902 
0.428844 
0.588808 
0.100335 
0.335059 
0.330765 
0.159110 
0.160431 
0.365672 
0.850477 
0.961189 
0.709587 
0.029659 
0.477721 
0.062362 
0.118461 
0.977179 
0.441100 
0.574425 
0.365413 
0.498225 
0.665665 
0.834309 
0.232646 
0.084229 
0.639886 
0.560340 
0.629263 
0.030518 
0.920300 
0.476619 
0.534302 
0.005727 
0.249073 
0.163936 
0.277015 
0.796251 
0.591289 
0.802463 
0.995392 
0.552418 
0.484503 
0.034232 
0.340572 
0.995094 
0.543792 
0.509300 
0.807398 
0.932945 
0.011702 
0.671236 
0.460351 
0.112273 
0.970695 
0.468472 
0.613709 
0.603551 
0.881652 
0.926265 
0.732816 
0.440380 
0.474522 
0.288819 
0.179083 
0.839756 
0.776279 
0.915338 
0.084643 
0.596425 
0.107171 
0.220344 
0.328130 
0.874179 
0.320019 
0.564825 
0.019098 
0.973068 
0.356729 
0.550111 
0.713311 
0.617870 
0.534054 
0.850856 
0.336565 
0.654884 
0.636330 
0.792486 
0.319492 
0.709562 
0.615636 
0.997191 
0.785213 
0.067832 
0.057552 
0.281184 
0.867183 
0.743026 
0.039060 
0.476777 
0.190908 
0.587147 
0.186454 
0.740667 
0.386384 
0.959336 
0.556951 
0.678551 
0.405278 
0.513095 
0.580192 
0.285816 
0.710553 
0.256008 
0.721576 
0.532026 
0.767777 
0.028367 
0.770441 
0.800866 
0.151978 
0.302075 
0.969276 
0.623552 
0.041524 
0.888601 
0.720065 
0.140584 
0.802504 
0.679331 
0.508186 
0.078004 
0.010611 
0.336682 
0.619428 
0.725758 
0.818043 
0.841007 
0.810429 
0.874752 
0.948574 
0.690982 
0.334440 
0.929520 
0.438668 
0.687234 
0.340346 
0.191956 
0.202559 
0.414638 
0.820941 
0.554364 
0.203657 
0.857477 
0.618700 
0.496117 
0.239534 
0.852439 
0.941282 
0.134227 
0.944834 
0.832793 
0.750567 
0.779831 
0.625613 
0.670907 
0.929025 
0.122814 
0.131207 
0.194485 
0.704832 
0.103818 
0.863919 
0.893295 
0.601509 
0.562710 
0.463746 
0.170778 
0.265891 
0.827780 
0.498403 
0.655197 
0.901700 
0.864829 
0.178922 
0.134767 
0.028252 
0.825854 
0.132797 
0.919994 
0.338396 
0.424865 
0.710362 
0.053911 
0.087860 
0.659293 
0.735502 
0.575318 
0.371028 
0.872499 
0.083990 
0.611998 
0.848445 
0.816564 
0.988223 
0.064962 
0.817620 
0.740299 
0.206002 
0.278030 
0.856883 
0.631823 
0.043868 
0.290121 
0.058347 
0.644146 
0.169717 
0.427091 
0.116510 
0.175417 
0.236502 
0.882121 
0.812248 
0.444292 
0.208315 
0.144500 
0.614278 
0.177533 
0.794812 
0.405695 
0.521898 
0.536372 
0.809239 
0.873745 
0.029498 
0.774423 
0.726497 
0.239727 
0.093761 
0.842393 
0.100835 
0.731571 
0.515236 
0.573422 
0.495815 
0.163562 
0.994570 
0.730650 
0.042215 
0.499364 
0.816439 
0.882695 
0.453818 
0.317790 
0.095308 
0.836121 
0.688133 
0.443783 
0.657044 
0.931806 
0.860326 
0.494440 
0.057569 
0.562652 
0.492196 
0.332833 
0.932404 
0.917703 
0.839085 
0.499725 
0.877132 
0.956606 
0.681694 
0.228051 
0.847356 
0.516259 
0.756661 
0.207337 
0.717945 
0.502265 
0.568121 
0.416471 
0.635806 
0.997612 
0.861604 
0.984351 
0.988537 
0.346916 
0.618536 
0.727406 
0.510836 
0.624422 
0.660062 
0.666949 
0.410365 
0.000049 
0.816275 
0.128228 
0.123894 
0.291459 
0.557328 
0.005216 
0.659382 
0.232240 
0.256536 
0.599661 
0.499678 
0.088774 
0.023669 
0.801984 
0.941612 
0.670764 
0.538460 
0.905425 
0.485542 
0.511689 
0.952164 
0.020354 
0.085897 
0.665527 
0.514346 
0.617645 
0.754176 
0.439930 
0.900921 
0.776619 
0.641978 
0.731143 
0.322333 
0.453851 
0.868398 
0.173317 
0.937354 
0.100864 
0.217236 
0.092679 
0.661690 
0.029752 
0.034480 
0.506877 
0.084310 
0.992220 
0.237829 
0.184096 
0.104114 
0.836787 
0.872343 
0.467626 
0.397884 
0.233630 
0.618812 
0.367989 
0.790013 
0.755375 
0.586585 
0.738235 
0.508224 
0.728876 
0.219224 
0.497697 
0.798999 
0.780290 
0.339814 
0.259470 
0.915742 
0.881047 
0.748572 
0.257754 
0.077606 
0.331564 
0.593668 
0.770651 
0.327224 
0.659333 
0.414517 
0.793817 
0.688782 
0.357944 
0.969507 
0.511004 
0.439348 
0.119399 
0.744393 
0.020614 
0.457863 
0.304740 
0.759431 
0.754340 
0.188339 
0.420596 
0.964431 
0.184756 
0.200207 
0.876674 
0.252861 
0.827615 
0.730044 
0.845700 
0.675922 
0.222865 
0.686170 
0.453461 
0.312515 
0.440474 
0.049532 
0.479456 
0.216542 
0.426905 
0.986204 
0.137831 
0.531389 
0.047506 
0.433067 
0.557495 
0.820212 
0.302559 
0.110132 
0.994636 
0.852380 
0.958776 
0.143379 
0.763897 
0.812532 
0.217117 
0.081498 
0.738582 
0.352080 
0.416829 
0.646043 
0.047403 
0.701968 
0.977211 
0.990206 
0.397179 
0.390424 
0.850131 
0.147809 
0.229781 
0.929964 
0.911629 
0.755016 
0.548612 
0.518522 
0.802599 
0.279948 
0.090466 
0.456078 
0.300991 
0.761009 
0.276379 
0.102488 
0.514478 
0.824743 
0.462735 
0.185631 
0.907324 
0.399708 
0.884196 
0.689273 
0.603408 
0.474668 
0.742597 
0.827186 
0.509608 
0.976190 
0.828982 
0.701455 
0.353812 
0.525256 
0.984577 
0.787715 
0.130028 
0.376905 
0.636896 
0.309195 
0.639119 
0.669245 
0.003052 
0.302539 
0.776604 
0.380257 
0.975970 
0.124754 
0.734789 
0.599212 
0.959167 
0.718343 
0.185867 
0.866129 
0.027546 
0.968717 
0.226853 
0.722341 
0.380929 
0.273772 
0.288054 
0.331276 
0.749051 
0.301337 
0.565522 
0.723871 
0.101352 
0.429970 
0.506810 
0.951826 
0.342738 
0.392102 
0.051357 
0.152093 
0.223566 
0.469332 
0.064231 
0.528663 
0.236894 
0.484697 
0.299534 
0.273466 
0.136410 
0.634533 
0.590559 
0.521199 
0.793633 
0.591144 
0.359086 
0.161009 
0.082039 
0.830616 
0.168247 
0.720519 
0.760001 
0.336915 
0.529991 
0.554671 
0.351357 
0.259175 
0.952110 
0.116588 
0.496735 
0.629736 
0.973062 
0.255370 
0.004217 
0.868783 
0.640011 
0.665563 
0.110434 
0.061741 
0.677936 
0.068578 
0.584791 
0.584087 
0.748128 
0.783439 
0.253787 
0.403577 
0.920628 
0.001879 
0.581975 
0.251090 
0.069208 
0.178205 
0.083379 
0.354406 
0.504104 
0.479056 
0.486068 
0.349084 
0.054855 
0.949281 
0.559162 
0.840203 
0.286283 
0.551471 
0.572899 
0.714065 
0.294545 
0.419484 
0.259823 
0.842597 
0.527243 
0.369834 
0.792109 
0.977128 
0.590656 
0.152214 
0.268682 
0.740290 
0.046579 
0.853286 
0.176470 
0.928635 
0.575242 
0.091495 
0.759515 
0.169864 
0.901930 
0.732801 
0.179191 
0.663918 
0.472401 
0.648230 
0.798742 
0.451353 
0.895361 
0.332447 
0.437473 
0.601155 
0.605512 
0.845545 
0.067683 
0.544975 
0.389679 
0.334545 
0.704673 
0.445161 
0.819598 
0.987318 
0.858444 
0.868325 
0.933354 
0.879427 
0.527247 
0.442235 
0.648187 
0.081964 
0.563026 
0.781928 
0.860115 
0.950034 
0.224075 
0.024336 
0.020450 
0.706354 
0.696100 
0.351912 
0.586110 
0.743450 
0.158418 
0.535753 
0.395112 
0.642103 
0.829941 
0.810980 
0.133104 
0.074276 
0.363374 
0.222351 
0.055594 
0.368359 
0.009833 
0.255595 
0.781872 
0.922978 
0.483744 
0.287190 
0.798890 
0.938675 
0.314424 
0.526710 
0.411850 
0.955178 
0.681397 
0.236158 
0.099945 
0.773603 
0.943017 
0.280299 
0.980129 
0.034705 
0.285761 
0.789937 
0.465988 
0.867526 
0.517008 
0.357640 
0.859280 
0.912236 
0.944221 
0.515760 
0.376725 
0.619901 
0.675706 
0.587860 
0.171240 
0.027935 
0.506842 
0.500455 
0.141687 
0.325187 
0.425605 
0.135435 
0.262527 
0.296929 
0.480883 
0.206712 
0.208900 
0.980329 
0.387216 
0.944228 
0.641357 
0.295149 
0.574112 
0.093023 
0.436486 
0.028262 
0.999936 
0.927819 
0.849176 
0.093281 
0.766527 
0.019543 
0.467310 
0.075757 
0.249248 
0.109586 
0.812028 
0.749392 
0.034692 
0.071444 
0.759146 
0.969845 
0.192314 
0.218979 
0.379282 
0.589509 
0.880829 
0.091443 
0.885497 
0.555835 
0.921968 
0.520668 
0.865186 
0.177826 
0.717841 
0.752109 
0.693323 
0.687506 
0.917355 
0.989680 
0.551480 
0.726139 
0.223957 
0.046754 
0.789067 
0.842331 
0.063465 
0.660828 
0.540990 
0.415735 
0.264031 
0.561333 
0.324780 
0.570159 
0.662214 
0.825393 
0.383071 
0.281410 
0.659121 
0.853684 
0.862506 
0.134895 
0.179572 
0.064597 
0.679367 
0.126907 
0.929383 
0.144962 
0.381512 
0.066149 
0.763193 
0.977222 
0.170064 
0.267088 
0.956333 
0.088813 
0.671692 
0.130842 
0.062290 
0.901688 
0.665718 
0.726053 
0.779765 
0.510245 
0.694567 
0.592138 
0.057913 
0.341134 
0.445004 
0.188396 
0.377558 
0.615938 
0.069922 
0.186438 
0.457861 
0.268410 
0.161018 
0.234434 
0.134427 
0.315080 
0.555888 
0.803648 
0.910191 
0.582758 
0.408438 
0.610972 
0.599245 
0.504563 
0.192185 
0.053955 
0.817872 
0.978020 
0.577535 
0.625023 
0.767865 
0.509563 
0.217612 
0.397328 
0.899996 
0.231126 
0.528003 
0.146483 
0.941244 
0.488481 
0.893473 
0.593264 
0.986832 
0.687840 
0.522108 
0.066667 
0.480101 
0.055665 
0.555056 
0.821573 
0.179389 
0.984075 
0.353652 
0.827249 
0.568257 
0.698179 
0.294099 
0.928850 
0.179715 
0.477513 
0.568679 
0.781372 
0.516956 
0.480860 
0.812412 
0.203595 
0.828591 
0.134920 
0.598040 
0.258591 
0.140340 
0.690811 
0.460800 
0.673696 
0.810096 
0.283695 
0.062716 
0.071675 
0.642645 
0.941087 
0.842424 
0.624990 
0.211856 
0.670479 
0.748707 
0.516006 
0.517148 
0.713651 
0.337333 
0.560403 
0.686684 
0.101074 
0.755381 
0.695943 
0.715748 
0.581392 
0.447169 
0.575832 
0.014408 
0.153422 
0.556979 
0.148493 
0.723305 
0.590271 
0.686013 
0.827354 
0.333855 
0.097033 
0.832365 
0.564011 
0.337407 
0.794112 
0.645918 
0.946038 
0.068927 
0.459413 
0.347085 
0.459468 
0.286813 
0.464766 
0.329060 
0.503407 
0.756790 
0.370828 
0.497948 
0.015111 
0.975990 
0.460513 
0.837438 
0.823140 
0.508477 
0.965595 
0.753920 
0.127209 
0.002765 
0.463824 
0.486782 
0.344967 
0.862707 
0.518086 
0.466168 
0.888881 
0.417045 
0.281063 
0.825408 
0.638704 
0.700184 
0.995760 
0.742943 
0.638781 
0.998798 
0.797871 
0.822844 
0.537871 
0.000967 
0.257740 
0.841923 
0.202612 
0.294995 
0.980578 
0.574637 
0.922396 
0.712945 
0.461734 
0.356817 
0.016076 
0.187946 
0.806375 
0.748915 
0.014863 
0.800716 
0.628992 
0.465311 
0.481560 
0.580524 
0.867199 
0.015705 
0.947136 
0.521808 
0.020154 
0.730466 
0.943465 
0.822140 
0.711985 
0.325412 
0.192139 
0.274433 
0.391098 
0.176718 
0.107095 
0.942643 
0.994988 
0.771698 
0.934082 
0.116714 
0.618174 
0.657203 
0.618512 
0.336080 
0.489891 
0.602707 
0.694816 
0.772311 
0.232089 
0.722193 
0.901567 
0.628640 
0.544404 
0.804083 
0.219308 
0.906945 
0.019283 
0.097026 
0.717169 
0.459308 
0.582669 
0.922821 
0.844951 
0.085775 
0.619221 
0.249645 
0.783288 
0.714733 
0.519734 
0.175186 
0.350130 
0.636512 
0.854984 
0.713682 
0.850164 
0.705508 
0.481026 
0.609619 
0.861380 
0.215586 
0.361270 
0.870829 
0.023458 
0.262532 
0.371537 
0.430618 
0.392249 
0.520608 
0.850403 
0.725140 
0.420554 
0.258703 
0.027786 
0.001489 
0.018328 
0.032761 
0.620907 
0.575866 
0.577586 
0.481119 
0.160359 
0.153336 
0.120942 
0.674360 
0.969552 
0.253515 
0.823922 
0.663132 
0.258359 
0.246729 
0.772748 
0.568614 
0.691714 
0.642251 
0.307456 
0.413194 
0.553898 
0.360038 
0.160049 
0.942375 
0.499303 
0.783131 
0.080064 
0.638734 
0.199522 
0.369719 
0.873709 
0.434498 
0.614079 
0.831877 
0.363448 
0.464537 
0.470253 
0.533887 
0.041471 
0.005982 
0.546008 
0.750374 
0.533876 
0.854131 
0.385948 
0.621410 
0.042166 
0.684514 
0.628088 
0.278969 
0.636683 
0.724100 
0.940664 
0.738859 
0.009271 
0.819193 
0.171490 
0.229506 
0.305331 
0.706464 
0.547709 
0.351058 
0.226866 
0.943561 
0.428049 
0.213809 
0.492683 
0.530008 
0.849412 
0.064459 
0.355609 
0.716078 
0.130749 
0.499692 
0.329983 
0.018299 
0.558014 
0.538678 
0.557022 
0.860583 
0.820497 
0.096116 
0.426917 
0.187217 
0.554382 
0.498484 
0.017494 
0.026793 
0.305237 
0.114135 
0.263947 
0.159020 
0.646976 
0.719739 
0.648876 
0.657328 
0.713984 
0.921166 
0.036882 
0.882279 
0.458797 
0.999654 
0.192857 
0.355811 
0.117747 
0.978063 
0.308142 
0.940622 
0.035903 
0.416678 
0.104758 
0.675291 
0.609009 
0.610175 
0.206081 
0.597705 
0.627182 
0.045646 
0.170463 
0.968926 
0.737387 
0.260288 
0.659410 
0.707747 
0.097930 
0.912221 
0.705743 
0.427817 
0.326953 
0.091731 
0.725215 
0.682494 
0.674739 
0.341148 
0.666060 
0.473222 
0.449883 
0.188914 
0.080543 
0.688656 
0.233046 
0.802338 
0.888001 
0.635280 
0.150606 
0.230509 
0.172089 
0.292910 
0.934073 
0.964718 
0.022791 
0.046241 
0.174300 
0.463562 
0.083534 
0.949215 
0.463150 
0.156813 
0.561357 
0.728346 
0.316205 
0.450653 
0.119446 
0.525669 
0.911853 
0.514757 
0.512809 
0.781673 
0.574074 
0.464198 
0.769823 
0.407440 
0.837787 
0.678594 
0.135432 
0.199502 
0.023121 
0.591224 
0.697200 
0.834337 
0.702001 
0.536922 
0.046663 
0.267401 
0.213258 
0.231882 
0.232979 
0.672554 
0.619056 
0.473389 
0.252162 
0.083186 
0.099787 
0.120291 
0.739005 
0.452757 
0.495104 
0.220343 
0.304494 
0.630058 
0.391946 
0.441427 
0.062041 
0.716325 
0.281988 
0.378666 
0.238165 
0.845324 
0.357780 
0.213412 
0.821220 
0.247110 
0.182192 
0.097903 
0.448353 
0.461040 
0.700371 
0.133633 
0.977570 
0.014241 
0.348091 
0.362970 
0.443174 
0.418118 
0.305090 
0.641511 
0.872850 
0.991552 
0.017546 
0.902587 
0.778343 
0.616504 
0.589660 
0.411188 
0.836803 
0.153427 
0.647288 
0.963030 
0.653118 
0.954143 
0.287166 
0.397405 
0.181681 
0.517001 
0.233592 
0.985338 
0.567879 
0.339630 
0.155047 
0.873622 
0.962734 
0.669943 
0.739828 
0.288839 
0.520007 
0.757345 
0.699719 
0.173735 
0.958272 
0.677540 
0.417698 
0.246276 
0.158864 
0.031419 
0.054017 
0.861409 
0.700540 
0.968775 
0.199014 
0.820233 
0.651631 
0.958559 
0.503217 
0.565565 
0.443099 
0.161007 
0.047869 
0.536633 
0.195410 
0.254043 
0.698242 
0.361107 
0.133196 
0.631317 
0.543249 
0.389991 
0.582040 
0.344708 
0.502034 
0.687901 
0.559564 
0.584326 
0.766006 
0.258502 
0.647280 
0.832354 
0.366669 
0.612079 
0.205913 
0.782842 
0.220147 
0.013044 
0.229415 
0.773249 
0.000595 
0.005442 
0.459883 
0.245238 
0.712204 
0.021023 
0.335700 
0.107573 
0.983392 
0.866224 
0.634879 
0.410419 
0.914294 
0.534534 
0.919545 
0.797705 
0.029065 
0.493638 
0.569103 
0.920148 
0.921184 
0.341868 
0.778345 
0.642598 
0.136645 
0.599332 
0.976343 
0.399397 
0.657215 
0.809781 
0.988084 
0.728360 
0.553281 
0.993331 
0.915866 
0.955465 
0.497009 
0.226429 
0.588323 
0.951676 
0.820800 
0.181401 
0.814754 
0.568182 
0.440051 
0.936966 
0.595280 
0.877758 
0.480263 
0.784680 
0.124092 
0.619396 
0.187140 
0.255925 
0.327129 
0.049700 
0.300706 
0.958412 
0.033450 
0.185760 
0.071574 
0.938876 
0.690759 
0.586204 
0.325871 
0.915341 
0.131453 
0.323935 
0.382603 
0.406783 
0.808977 
0.469072 
0.693869 
0.854697 
0.890901 
0.371279 
0.082655 
0.179432 
0.717046 
0.393663 
0.288094 
0.987712 
0.481032 
0.697736 
0.845337 
0.575909 
0.303106 
0.297155 
0.284937 
0.937866 
0.709385 
0.628851 
0.099564 
0.370498 
0.959336 
0.563971 
0.667947 
0.183252 
0.922263 
0.472404 
0.692206 
0.909573 
0.197659 
0.050452 
0.951554 
0.769141 
0.944853 
0.146356 
0.812049 
0.107065 
0.443148 
0.990274 
0.528825 
0.965362 
0.846088 
0.204985 
0.175707 
0.114552 
0.280866 
0.519887 
0.733117 
0.503118 
0.901991 
0.770851 
0.693721 
0.375827 
0.532649 
0.230764 
0.450420 
0.214025 
0.117083 
0.811235 
0.429726 
0.399202 
0.396022 
0.934226 
0.539563 
0.428939 
0.174822 
0.233102 
0.753601 
0.779999 
0.439771 
0.239540 
0.957148 
0.785350 
0.377832 
0.224949 
0.725662 
0.205521 
0.189752 
0.156660 
0.977520 
0.185280 
0.997109 
0.402849 
