0.000001 
0.010746 
0.601383 
0.446107 
0.726631 
0.489417 
0.630963 
0.592258 
0.081256 
0.673965 
0.333346 
0.548352 
0.158679 
0.915420 
0.467508 
0.402825 
0.278365 
0.488104 
0.569610 
0.429688 
0.774392 
0.208243 
0.938934 
0.664931 
0.489307 
0.787141 
0.473212 
0.267795 
0.830735 
0.167117 
0.734686 
0.870500 
0.497908 
0.347960 
0.168777 
0.640428 
0.665592 
0.612754 
0.551597 
0.694330 
0.609995 
0.184390 
0.041543 
0.212730 
0.357561 
0.535003 
0.797717 
0.234468 
0.702888 
0.430784 
0.192860 
0.397330 
0.925713 
0.464297 
0.447092 
0.270817 
0.614386 
0.988367 
0.482081 
0.342724 
0.154822 
0.088696 
0.709934 
0.868866 
0.032228 
0.659620 
0.229988 
0.416408 
0.576265 
0.280315 
0.257480 
0.470841 
0.427169 
0.433312 
0.671348 
0.343172 
0.684118 
0.965477 
0.765310 
0.559082 
0.490843 
0.593153 
0.126661 
0.786354 
0.249129 
0.103312 
0.363113 
0.836258 
0.990674 
0.255668 
0.009649 
0.176568 
0.579874 
0.943936 
0.724793 
0.598949 
0.532682 
0.786898 
0.394108 
0.772615 
0.336807 
0.718358 
0.450547 
0.342586 
0.843937 
0.057529 
0.882055 
0.703063 
0.382805 
0.799632 
0.413203 
0.710323 
0.405810 
0.443624 
0.982562 
0.918077 
0.120388 
0.360808 
0.107830 
0.296786 
0.076631 
0.929732 
0.009527 
0.118452 
0.824651 
0.901147 
0.582301 
0.732992 
0.397535 
0.370083 
0.981784 
0.838179 
0.276576 
0.410037 
0.488351 
0.723588 
0.346888 
0.144438 
0.562814 
0.207234 
0.975380 
0.219122 
0.776319 
0.588648 
0.412095 
0.077898 
0.236670 
0.718546 
0.605889 
0.169556 
0.730476 
0.113916 
0.583628 
0.040297 
0.266635 
0.329802 
0.986552 
0.975794 
0.171387 
0.503518 
0.619223 
0.286734 
0.140866 
0.528355 
0.062710 
0.959124 
0.997714 
0.580948 
0.994877 
0.899349 
0.359798 
0.121854 
0.995214 
0.554394 
0.698612 
0.570275 
0.610487 
0.447760 
0.505163 
0.269301 
0.136901 
0.896651 
0.008132 
0.680918 
0.188952 
0.710034 
0.536031 
0.080321 
0.949748 
0.422441 
0.960555 
0.043177 
0.677417 
0.340603 
0.511916 
0.773170 
0.662357 
0.227509 
0.750235 
0.200530 
0.309512 
0.970794 
0.129729 
0.350771 
0.411661 
0.793255 
0.231147 
0.885543 
0.318797 
0.014783 
0.461107 
0.831946 
0.524732 
0.173079 
0.943565 
0.499112 
0.576926 
0.389009 
0.073206 
0.375928 
0.213870 
0.520724 
0.807708 
0.142114 
0.511188 
0.528846 
0.318958 
0.723357 
0.453441 
0.988668 
0.538339 
0.856905 
0.995647 
0.841025 
0.114734 
0.327030 
0.394712 
0.925411 
0.390165 
0.500603 
0.627435 
0.305155 
0.743198 
0.921136 
0.530336 
0.362017 
0.415528 
0.787166 
0.898950 
0.660394 
0.249052 
0.816993 
0.206867 
0.812318 
0.630941 
0.230829 
0.534662 
0.064581 
0.411604 
0.824561 
0.404495 
0.347999 
0.816018 
0.815507 
0.225738 
0.978664 
0.402131 
0.619040 
0.199756 
0.296475 
0.854306 
0.315225 
0.979370 
0.268973 
0.631841 
0.348009 
0.980106 
0.636773 
0.246923 
0.037330 
0.400031 
0.317340 
0.537179 
0.374129 
0.982750 
0.086481 
0.483926 
0.352630 
0.651287 
0.186878 
0.856746 
0.331027 
0.564910 
0.437502 
0.092565 
0.731692 
0.548120 
0.250816 
0.467045 
0.618029 
0.218953 
0.941381 
0.787187 
0.251841 
0.699262 
0.493030 
0.351442 
0.681602 
0.682030 
0.872686 
0.240912 
0.009601 
0.367259 
0.520278 
0.308778 
0.631951 
0.204462 
0.401142 
0.997224 
0.351466 
0.089880 
0.613824 
0.535529 
0.642344 
0.878075 
0.811132 
0.696772 
0.644463 
0.487555 
0.328765 
0.554019 
0.391106 
0.320677 
0.613170 
0.546939 
0.405515 
0.492263 
0.469355 
0.455385 
0.655776 
0.635292 
0.359640 
0.473293 
0.634639 
0.379283 
0.614217 
0.145626 
0.537445 
0.843964 
0.502004 
0.176120 
0.040521 
0.041097 
0.716579 
0.543313 
0.468167 
0.490810 
0.045104 
0.061508 
0.768062 
0.814990 
0.544745 
0.527131 
0.489963 
0.810010 
0.845553 
0.204918 
0.060090 
0.929004 
0.764609 
0.778181 
0.894493 
0.746944 
0.880129 
0.320920 
0.708255 
0.642283 
0.845511 
0.504591 
0.664193 
0.097958 
0.374854 
0.167476 
0.769623 
0.053551 
0.028669 
0.840637 
0.583848 
0.725883 
0.910289 
0.232525 
0.048027 
0.190469 
0.212454 
0.707141 
0.912826 
0.870874 
0.784729 
0.943184 
0.101227 
0.328950 
0.661432 
0.680662 
0.880222 
0.896149 
0.581950 
0.836692 
0.274864 
0.632000 
0.017544 
0.861952 
0.834147 
0.513672 
0.278175 
0.283691 
0.000708 
0.897780 
0.981678 
0.056091 
0.727602 
0.811357 
0.477362 
0.025328 
0.683283 
0.944192 
0.030188 
0.377735 
0.598896 
0.645571 
0.110150 
0.286442 
0.238811 
0.703214 
0.913547 
0.990344 
0.705794 
0.275632 
0.552467 
0.305074 
0.376706 
0.291788 
0.085476 
0.590333 
0.723109 
0.294274 
0.861915 
0.201964 
0.417297 
0.502669 
0.360635 
0.194339 
0.250545 
0.905758 
0.079722 
0.881124 
0.057994 
0.713551 
0.648458 
0.626486 
0.347392 
0.613156 
0.314919 
0.836248 
0.816882 
0.327544 
0.037865 
0.391739 
0.950600 
0.736244 
0.052046 
0.729046 
0.076694 
0.996451 
0.346975 
0.612657 
0.920331 
0.010072 
0.281479 
0.820093 
0.300715 
0.111606 
0.754115 
0.404337 
0.689256 
0.324781 
0.597872 
0.437521 
0.423839 
0.463189 
0.810198 
0.993600 
0.438670 
0.722468 
0.523468 
0.927116 
0.045453 
0.932741 
0.575198 
0.349227 
0.452612 
0.049896 
0.606118 
0.022470 
0.652041 
0.858427 
0.584924 
0.818507 
0.655105 
0.347320 
0.407801 
0.917091 
0.549366 
0.192764 
0.779776 
0.695660 
0.956306 
0.637826 
0.938188 
0.129756 
0.807088 
0.722399 
0.361565 
0.827089 
0.879320 
0.734155 
0.951132 
0.668424 
0.208889 
0.794030 
0.261707 
0.515139 
0.933617 
0.303830 
0.469640 
0.242979 
0.740766 
0.056617 
0.570241 
0.044366 
0.661855 
0.794182 
0.812008 
0.418783 
0.483908 
0.035819 
0.001623 
0.283435 
0.699406 
0.913256 
0.097047 
0.071437 
0.648826 
0.813184 
0.179692 
0.086719 
0.492303 
0.140819 
0.739919 
0.814394 
0.523361 
0.124774 
0.076684 
0.827487 
0.577667 
0.849356 
0.122633 
0.098184 
0.171606 
0.173873 
0.290342 
0.781500 
0.669184 
0.977986 
0.009199 
0.613924 
0.220578 
0.254283 
0.726365 
0.019136 
0.614056 
0.433116 
0.381604 
0.617766 
0.787381 
0.510374 
0.851969 
0.035742 
0.709818 
0.919200 
0.996135 
0.039781 
0.602374 
0.106060 
0.558563 
0.760747 
0.873538 
0.546701 
0.406397 
0.313278 
0.261820 
0.410975 
0.252804 
0.870262 
0.501647 
0.180268 
0.757185 
0.003315 
0.722661 
0.767827 
0.864889 
0.186927 
0.675729 
0.971329 
0.128245 
0.421907 
0.987356 
0.496786 
0.484939 
0.370248 
0.760137 
0.621432 
0.410350 
0.748219 
0.324866 
0.015775 
0.138599 
0.440061 
0.107589 
0.250600 
0.829387 
0.511789 
0.643223 
0.653313 
0.239074 
0.116832 
0.596868 
0.566953 
0.778491 
0.097033 
0.833923 
0.740031 
0.702866 
0.065489 
0.666598 
0.518917 
0.430806 
0.553491 
0.527070 
0.463355 
0.603726 
0.828624 
0.691163 
0.383257 
0.395655 
0.781166 
0.056676 
0.547050 
0.275704 
0.762118 
0.917147 
0.490909 
0.714828 
0.122457 
0.141131 
0.986036 
0.303778 
0.593697 
0.270654 
0.881895 
0.016552 
0.195496 
0.694314 
0.334319 
0.897340 
0.599674 
0.720483 
0.164391 
0.916624 
0.698156 
0.903681 
0.166288 
0.808218 
0.715682 
0.475040 
0.002362 
0.696276 
0.314459 
0.111207 
0.048481 
0.827456 
0.049199 
0.891749 
0.628857 
0.206676 
0.596666 
0.173776 
0.649677 
0.120358 
0.858676 
0.774880 
0.414919 
0.542816 
0.116547 
0.807091 
0.782920 
0.543281 
0.923045 
0.620790 
0.623202 
0.162519 
0.464442 
0.869744 
0.793136 
0.241872 
0.136704 
0.580422 
0.158851 
0.815771 
0.661802 
0.912361 
0.054805 
0.100315 
0.997593 
0.552878 
0.213222 
0.625393 
0.975162 
0.549321 
0.444383 
0.741860 
0.447936 
0.454741 
0.836283 
0.403914 
0.582420 
0.726267 
0.362184 
0.222777 
0.207933 
0.727574 
0.334864 
0.062207 
0.506497 
0.687302 
0.476476 
0.138047 
0.160366 
0.278339 
0.042494 
0.202566 
0.529459 
0.611831 
0.040046 
0.059742 
0.085617 
0.968923 
0.687682 
0.863795 
0.810009 
0.820759 
0.493205 
0.302429 
0.925386 
0.958001 
0.115479 
0.857149 
0.103521 
0.869115 
0.213826 
0.773674 
0.131216 
0.347295 
0.980145 
0.297734 
0.007745 
0.173605 
0.779622 
0.108841 
0.297342 
0.433102 
0.144684 
0.705843 
0.103067 
0.253580 
0.922158 
0.703253 
0.575196 
0.326491 
0.335337 
0.016435 
0.227485 
0.333645 
0.575605 
0.193817 
0.482922 
0.462449 
0.372242 
0.273785 
0.503240 
0.962761 
0.117385 
0.886714 
0.000714 
0.006699 
0.593075 
0.815360 
0.761488 
0.333000 
0.732358 
0.745252 
0.443548 
0.712272 
0.151221 
0.576148 
0.316546 
0.190293 
0.250212 
0.312017 
0.076402 
0.089192 
0.049205 
0.985955 
0.949213 
0.427939 
0.368304 
0.093013 
0.261403 
0.396403 
0.353273 
0.465717 
0.313307 
0.757323 
0.331418 
0.136962 
0.927415 
0.060982 
0.924272 
0.245926 
0.286270 
0.336708 
0.044455 
0.148419 
0.476275 
0.753722 
0.800791 
0.891283 
0.800547 
0.797161 
0.884352 
0.296620 
0.285990 
0.632152 
0.575397 
0.699562 
0.543574 
0.843037 
0.930542 
0.619763 
0.357402 
0.858870 
0.029515 
0.061807 
0.794078 
0.067158 
0.726605 
0.055351 
0.282157 
0.209878 
0.427640 
0.337444 
0.418954 
0.359848 
0.963752 
0.778160 
0.530113 
0.610603 
0.407538 
0.488078 
0.131216 
0.340486 
0.542269 
0.921103 
0.982130 
0.666108 
0.285130 
0.180025 
0.685039 
0.445229 
0.961865 
0.059036 
0.210824 
0.313729 
0.844421 
0.191631 
0.736028 
0.426527 
0.637915 
0.444819 
0.074738 
0.120847 
0.083345 
0.784138 
0.003171 
0.297254 
0.944206 
0.264330 
0.593743 
0.043320 
0.081568 
0.907591 
0.888420 
0.672595 
0.298948 
0.424121 
0.197712 
0.937446 
0.655235 
0.542726 
0.598905 
0.788441 
0.332472 
0.861599 
0.896970 
0.369133 
0.013494 
0.789813 
0.381200 
0.831521 
0.371282 
0.135498 
0.322578 
0.564182 
0.199353 
0.532481 
0.400138 
0.126280 
0.392304 
0.454669 
0.622342 
0.709133 
0.396499 
0.962954 
0.368756 
0.682345 
0.164556 
0.700205 
0.348651 
0.781810 
0.882759 
0.533246 
0.272606 
0.692555 
0.779616 
0.011051 
0.732680 
0.144601 
0.311286 
0.779212 
0.208034 
0.431101 
0.507520 
0.894662 
0.587462 
0.468033 
0.227768 
0.104436 
0.248964 
0.330515 
0.971689 
0.182263 
0.294085 
0.683892 
0.178484 
0.786534 
0.278200 
0.699608 
0.313383 
0.031417 
0.025638 
0.905389 
0.875641 
0.903397 
0.385011 
0.874223 
0.067852 
0.395096 
0.374449 
0.369124 
0.864566 
0.757242 
0.967524 
0.178160 
0.343521 
0.561142 
0.110576 
0.447484 
0.868047 
0.261364 
0.739106 
0.152136 
0.952733 
0.581978 
0.300889 
0.044154 
0.094870 
0.474169 
0.352338 
0.741407 
0.823948 
0.102262 
0.712114 
0.505752 
0.173000 
0.605538 
0.272700 
0.268622 
0.727855 
0.055229 
0.237596 
0.278104 
0.093269 
0.576980 
0.305852 
0.462012 
0.028212 
0.159525 
0.137052 
0.438468 
0.324814 
0.155039 
0.744197 
0.722331 
0.224730 
0.042596 
0.917034 
0.591943 
0.780527 
0.313896 
0.649071 
0.941852 
0.703685 
0.829153 
0.572347 
0.439872 
0.936360 
0.401920 
0.064044 
0.395634 
0.424158 
0.828932 
0.854673 
0.491286 
0.051816 
0.874904 
0.503696 
0.621904 
0.337609 
0.189990 
0.155269 
0.606550 
0.278469 
0.229260 
0.175951 
0.212533 
0.045192 
0.533852 
0.445994 
0.821834 
0.559463 
0.896436 
0.405850 
0.125480 
0.949278 
0.520563 
0.095832 
0.640834 
0.489020 
0.964884 
0.807358 
0.270498 
0.258700 
0.969949 
0.937234 
0.094997 
0.608286 
0.471022 
0.467479 
0.917872 
0.670861 
0.159920 
0.772835 
0.040589 
0.187370 
0.135644 
0.765618 
0.742439 
0.178703 
0.464411 
0.357133 
0.331089 
0.604479 
0.470363 
0.391906 
0.770065 
0.487498 
0.380577 
0.356372 
0.539506 
0.481244 
0.264056 
0.984638 
0.809127 
0.995221 
0.671899 
0.606963 
0.228582 
0.783567 
0.415063 
0.958386 
0.597169 
0.611760 
0.852888 
0.487272 
0.581109 
0.706362 
0.823740 
0.601699 
0.753309 
0.868451 
0.059293 
0.541122 
0.645758 
0.246771 
0.475023 
0.717419 
0.668486 
0.235888 
0.577203 
0.058902 
0.961400 
0.248812 
0.785137 
0.805314 
0.907720 
0.053029 
0.262502 
0.863356 
0.418958 
0.427468 
0.450241 
0.208143 
0.267253 
0.719534 
0.214908 
0.953562 
0.522369 
0.461432 
0.288890 
0.379053 
0.739585 
0.206699 
0.988165 
0.088552 
0.294709 
0.175907 
0.474194 
0.770258 
0.727756 
0.392548 
0.560656 
0.949825 
0.707343 
0.308461 
0.302554 
0.021475 
0.934572 
0.355291 
0.370081 
0.956113 
0.394234 
0.891119 
0.037604 
0.011813 
0.537457 
0.040547 
0.468166 
0.470602 
0.414535 
0.088566 
0.533421 
0.209983 
0.192126 
0.057932 
0.661264 
0.866691 
0.468495 
0.002554 
0.927017 
0.376480 
0.499419 
0.740240 
0.208594 
0.839234 
0.003412 
0.341710 
0.121598 
0.693497 
0.598368 
0.766899 
0.277164 
0.295046 
0.844750 
0.714128 
0.350862 
0.943211 
0.554554 
0.392253 
0.588509 
0.072253 
0.356915 
0.669099 
0.547255 
0.717687 
0.160579 
0.848611 
0.608378 
0.016472 
0.839890 
0.034030 
0.936461 
0.107990 
0.986482 
0.799820 
0.566416 
0.759015 
0.767701 
0.747175 
0.771446 
0.698412 
0.208082 
0.239776 
0.912556 
0.325789 
0.529643 
0.708373 
0.623614 
0.083495 
0.303563 
0.990241 
0.984548 
0.301424 
0.029562 
0.840210 
0.410949 
0.816898 
0.610076 
0.552017 
0.743870 
0.220363 
0.633515 
0.478672 
0.039691 
0.092973 
0.596701 
0.760519 
0.037654 
0.851363 
0.859067 
0.334669 
0.785118 
0.477694 
0.604371 
0.658637 
0.709329 
0.694030 
0.568459 
0.092788 
0.494329 
0.181299 
0.087936 
0.939069 
0.926157 
0.913209 
0.299251 
0.503927 
0.509097 
0.394686 
0.485812 
0.044143 
0.905260 
0.708175 
0.302197 
0.024661 
0.472088 
0.378055 
0.962197 
0.650256 
0.858975 
0.800748 
0.167869 
0.368176 
0.930415 
0.476707 
0.022564 
0.231520 
0.157141 
0.073023 
0.294882 
0.075123 
0.595509 
0.717023 
0.999926 
0.753510 
0.239558 
0.251545 
0.710789 
0.227632 
0.808312 
0.298065 
0.574274 
0.820035 
0.331849 
0.391122 
0.593253 
0.811255 
0.769101 
0.272310 
0.709608 
0.379897 
0.925279 
0.156136 
0.170515 
0.843820 
0.083648 
0.868045 
0.240358 
0.691682 
0.107451 
0.935779 
0.634713 
0.614433 
0.776404 
0.021970 
0.242615 
0.636605 
0.421831 
0.710406 
0.791273 
0.920570 
0.014723 
0.457681 
0.240591 
0.610768 
0.181015 
0.323289 
0.522874 
0.939636 
0.464795 
0.801717 
0.465046 
0.029013 
0.628245 
0.909717 
0.617251 
0.141497 
0.137359 
0.585276 
0.731204 
0.349442 
0.078553 
0.244067 
0.040680 
0.711290 
0.647600 
0.211535 
0.261527 
0.484103 
0.321336 
0.696624 
0.153298 
0.483437 
0.132289 
0.382427 
0.448369 
0.735832 
0.123650 
0.192101 
0.642352 
0.004714 
0.224082 
0.146490 
0.062248 
0.194223 
0.307359 
0.782954 
0.101090 
0.015820 
0.878919 
0.994055 
0.081832 
0.342529 
0.880676 
0.518102 
0.734605 
0.503476 
0.923991 
0.521938 
0.208884 
0.719836 
0.283476 
0.376684 
0.930367 
0.670419 
0.736554 
0.260017 
0.103250 
0.326690 
0.681588 
0.444672 
0.594648 
0.242701 
0.068400 
0.602483 
0.926075 
0.539657 
0.022818 
0.503066 
0.034994 
0.146218 
0.491734 
0.572863 
0.110856 
0.151062 
0.894881 
0.259555 
0.340541 
0.466916 
0.453083 
0.972921 
0.885945 
0.070394 
0.113094 
0.771221 
0.917203 
0.435732 
0.351226 
0.063769 
0.761007 
0.245238 
0.713629 
0.960901 
0.855869 
0.581897 
0.947029 
0.716796 
0.196999 
0.963798 
0.546240 
0.648641 
0.716923 
0.331485 
0.264758 
0.785762 
0.299121 
0.325583 
0.070372 
0.742938 
0.559993 
0.807885 
0.119093 
0.591966 
0.170092 
0.738839 
0.659589 
0.710818 
0.725694 
0.741612 
0.265164 
0.610019 
0.594257 
0.675508 
0.263454 
0.864970 
0.555226 
0.690305 
0.961019 
0.848110 
0.183558 
0.059820 
0.401128 
0.761119 
0.119473 
0.988520 
0.056644 
0.013511 
0.081611 
0.636093 
0.820354 
0.682801 
0.829178 
0.996881 
0.575652 
0.991457 
0.419676 
0.490071 
0.617737 
0.312320 
0.166633 
0.608911 
0.972734 
0.738508 
0.096590 
0.387931 
0.951467 
0.310540 
0.247277 
0.982459 
0.186962 
0.277029 
0.019592 
0.285150 
0.511542 
0.494207 
0.131072 
0.922803 
0.546445 
0.102997 
0.076627 
0.874963 
0.508085 
0.392407 
0.191027 
0.596020 
0.305915 
0.514768 
0.702246 
0.653835 
0.000898 
0.090641 
0.400804 
0.314545 
0.552722 
0.599066 
0.504935 
0.441048 
0.690906 
0.064510 
0.213402 
0.652272 
0.740878 
0.930102 
0.217505 
0.601999 
0.789085 
0.148241 
0.480990 
0.006057 
0.798696 
0.688744 
0.721747 
0.394247 
0.109968 
0.228774 
0.003437 
0.771096 
0.810806 
0.223894 
0.979206 
0.508613 
0.253963 
0.350870 
0.078576 
0.632138 
0.341905 
0.401191 
0.814391 
0.475002 
0.352781 
0.191398 
0.828322 
0.608907 
0.900543 
0.433950 
0.393098 
0.799114 
0.706469 
0.631005 
0.307737 
0.134311 
0.356915 
0.669756 
0.596429 
0.188534 
0.687190 
0.601059 
0.000950 
0.968219 
0.864526 
0.094928 
0.450665 
0.322164 
0.617457 
0.600909 
0.470474 
0.249792 
0.262517 
0.123723 
0.418094 
0.905327 
0.822830 
0.308598 
0.601464 
0.799827 
0.686308 
0.786392 
0.885631 
0.808546 
0.232756 
0.934187 
0.884558 
0.768374 
0.054197 
0.886262 
0.397968 
0.647777 
0.181751 
0.693656 
0.282351 
0.467503 
0.321963 
0.229938 
0.573915 
0.796447 
0.878592 
0.488079 
0.143268 
0.908679 
0.174466 
0.242306 
0.443676 
0.863255 
0.733839 
0.631689 
0.801504 
0.872289 
0.555064 
0.960249 
0.897457 
0.554779 
0.175339 
0.929928 
0.306080 
0.281734 
0.098018 
0.381865 
0.003139 
0.750825 
0.107375 
0.656340 
0.100183 
0.767571 
0.570137 
0.299532 
0.232753 
0.876836 
0.975647 
0.692573 
0.066030 
0.767946 
0.865051 
0.904829 
0.461106 
0.809594 
0.852809 
0.164279 
0.038788 
0.915882 
0.229489 
0.029585 
0.235575 
0.305392 
0.730960 
0.238791 
0.354549 
0.905086 
0.773240 
0.842417 
0.495206 
0.920716 
0.467422 
0.953569 
0.636908 
0.516962 
0.572781 
0.723733 
0.788105 
0.674391 
0.486123 
0.273683 
0.797609 
0.406439 
0.027098 
0.428863 
0.905596 
0.355386 
0.971685 
0.112154 
0.978579 
0.971416 
0.590603 
0.257621 
0.841808 
0.273936 
0.043249 
0.894214 
0.046677 
0.493779 
0.943780 
0.115826 
0.688045 
0.964896 
0.013520 
0.238913 
0.414097 
0.731724 
0.091802 
0.917883 
0.857567 
0.125394 
0.493401 
0.598137 
0.882586 
0.625993 
0.061982 
0.739125 
0.473761 
0.498137 
0.182693 
0.528061 
0.113775 
0.222632 
0.772672 
0.297878 
0.427205 
0.028507 
0.120136 
0.127924 
0.026650 
0.913882 
0.611430 
0.302145 
0.152561 
0.084817 
0.521397 
0.119347 
0.864224 
0.017884 
0.572118 
0.593603 
0.690377 
0.166327 
0.456711 
0.936808 
0.932037 
0.752293 
0.789568 
0.272638 
0.228106 
0.778921 
0.327643 
0.702557 
0.873890 
0.469447 
0.995254 
0.241745 
0.004856 
0.607697 
0.558323 
0.730386 
0.595702 
0.962720 
0.430660 
0.103493 
0.411718 
0.750874 
0.931828 
0.241556 
0.831639 
0.348418 
0.869228 
0.117097 
0.053759 
0.522705 
0.096927 
0.046310 
0.325379 
0.646829 
0.247506 
0.834668 
0.270127 
0.017061 
0.742376 
0.114309 
0.193686 
0.277709 
0.454497 
0.727423 
0.802063 
0.277057 
0.489706 
0.497008 
0.212036 
0.690331 
0.393489 
0.363207 
0.422452 
0.148810 
0.053133 
0.007837 
0.710876 
0.695045 
0.617438 
0.273555 
0.639409 
0.545981 
0.303449 
0.068484 
0.012207 
0.170164 
0.948318 
0.377831 
0.201705 
0.058431 
0.057714 
0.998860 
0.837964 
0.668737 
0.462770 
0.768899 
0.892523 
0.641949 
0.243928 
0.700408 
0.755728 
0.521736 
0.814486 
0.071127 
0.432371 
0.852017 
0.853527 
0.224839 
0.874922 
0.807070 
0.421186 
0.866713 
0.845053 
0.811693 
0.121489 
0.868927 
0.062280 
0.742531 
0.713259 
0.736221 
0.670682 
0.155705 
0.940554 
0.892822 
0.665031 
0.169425 
0.530273 
0.290149 
0.526216 
0.104659 
0.011483 
0.990627 
0.474729 
0.774535 
0.610704 
0.093760 
0.830685 
0.320304 
0.346009 
0.374639 
0.553634 
0.932872 
0.784817 
0.412953 
0.503227 
0.741642 
0.780256 
0.769546 
0.758537 
0.733941 
0.339184 
0.663818 
0.796643 
0.171646 
0.853969 
0.661056 
0.372788 
0.448348 
0.385383 
0.124573 
0.696984 
0.206744 
0.753357 
0.669637 
0.582665 
0.857956 
0.659763 
0.628865 
0.326928 
0.674781 
0.049551 
0.808954 
0.088961 
0.166574 
0.615409 
0.171294 
0.932092 
0.672893 
0.316512 
0.615477 
0.325824 
0.123523 
0.058813 
0.466673 
0.372806 
0.747073 
0.051218 
0.824116 
0.913869 
0.399429 
0.206540 
0.315593 
0.170044 
0.922470 
0.952908 
0.519660 
0.930433 
0.791077 
0.632438 
0.386102 
0.215640 
0.267415 
0.447478 
0.763267 
0.233456 
0.695052 
0.744170 
0.264958 
0.156391 
0.467567 
0.403324 
0.674588 
0.805678 
0.026524 
0.795018 
0.859895 
0.250846 
0.967744 
0.879564 
0.825046 
0.542221 
0.103968 
0.384746 
0.425629 
0.542156 
0.018302 
0.594313 
0.610939 
0.054506 
0.079895 
0.794944 
0.628823 
0.619847 
0.761774 
0.131112 
0.604135 
0.700130 
0.079926 
0.322512 
0.459583 
0.219010 
0.908517 
0.437819 
0.423926 
0.930664 
0.671626 
0.013933 
0.173006 
0.710552 
0.246741 
0.980835 
0.895325 
0.726021 
0.231958 
0.522764 
0.100040 
0.376154 
0.015130 
0.292887 
0.557092 
0.052539 
0.025631 
0.786687 
0.842009 
0.637475 
0.038460 
0.393533 
0.113873 
0.869402 
0.033289 
0.480537 
0.377413 
0.181233 
0.979409 
0.926756 
0.988321 
0.708523 
0.147743 
0.124776 
0.109656 
0.996189 
0.942889 
0.142362 
0.671005 
0.573236 
0.370574 
0.230926 
0.166100 
0.642671 
0.363437 
0.279161 
0.866203 
0.266226 
0.454446 
0.881197 
0.278720 
0.451594 
0.944192 
0.039463 
0.250014 
0.991203 
0.145977 
0.439326 
0.753078 
0.986682 
0.157903 
0.879788 
0.601425 
0.155756 
0.784033 
0.246402 
0.273025 
0.728743 
0.986517 
0.397496 
0.712683 
0.070655 
0.502325 
0.582795 
0.027629 
0.354618 
0.069915 
0.068400 
0.604940 
0.228940 
0.799729 
0.038959 
0.791979 
0.788179 
0.918228 
0.655255 
0.871935 
0.604425 
0.570714 
0.991622 
0.182674 
0.196183 
0.253869 
0.778944 
0.713828 
0.303175 
0.462908 
0.101557 
0.861817 
0.563835 
0.374398 
0.508286 
0.760172 
0.216643 
0.122214 
0.044183 
0.584699 
0.029715 
0.422638 
0.277213 
0.127036 
0.100856 
