0.000001 
0.012264 
0.119714 
0.033540 
0.704757 
0.846261 
0.109045 
0.718914 
0.781011 
0.457468 
0.663768 
0.947755 
0.925455 
0.122697 
0.174497 
0.774382 
0.040203 
0.691085 
0.063058 
0.812325 
0.741786 
0.200522 
0.172840 
0.926399 
0.993987 
0.943517 
0.697394 
0.108984 
0.691014 
0.870992 
0.765661 
0.472741 
0.364328 
0.263841 
0.376893 
0.440313 
0.343032 
0.344636 
0.295231 
0.955583 
0.485697 
0.109934 
0.656298 
0.408848 
0.508593 
0.929607 
0.898779 
0.771603 
0.336070 
0.336518 
0.856673 
0.097317 
0.605676 
0.592538 
0.779019 
0.968223 
0.916783 
0.372739 
0.627401 
0.729095 
0.904301 
0.591396 
0.587376 
0.029507 
0.924619 
0.068190 
0.061465 
0.048443 
0.178446 
0.146580 
0.564801 
0.608018 
0.950746 
0.187181 
0.951932 
0.114166 
0.786608 
0.515588 
0.481602 
0.292849 
0.910525 
0.189709 
0.447544 
0.864688 
0.809457 
0.543255 
0.494536 
0.663814 
0.720602 
0.150496 
0.392659 
0.416375 
0.006309 
0.040894 
0.299891 
0.274984 
0.653105 
0.730567 
0.647172 
0.020166 
0.923363 
0.955330 
0.226516 
0.061786 
0.439512 
0.879204 
0.783089 
0.369774 
0.795233 
0.482901 
0.118347 
0.050311 
0.574584 
0.032890 
0.785633 
0.138840 
0.476073 
0.355708 
0.381624 
0.950519 
0.379519 
0.581858 
0.279628 
0.700375 
0.197544 
0.115148 
0.287302 
0.685068 
0.940231 
0.463889 
0.584454 
0.914368 
0.775961 
0.575038 
0.669517 
0.571641 
0.565603 
0.094198 
0.184216 
0.121439 
0.017058 
0.700192 
0.125631 
0.480999 
0.153498 
0.839087 
0.537409 
0.231582 
0.196233 
0.082079 
0.502299 
0.135838 
0.036086 
0.490273 
0.019531 
0.264239 
0.064768 
0.557953 
0.514613 
0.100519 
0.415385 
0.368035 
0.568635 
0.055304 
0.493274 
0.463909 
0.922373 
0.321446 
0.546957 
0.711784 
0.960527 
0.572429 
0.810998 
0.436078 
0.165131 
0.356607 
0.486258 
0.540889 
0.716380 
0.201015 
0.466514 
0.704335 
0.754365 
0.616168 
0.933785 
0.129368 
0.294218 
0.921240 
0.280594 
0.946806 
0.967363 
0.468069 
0.832856 
0.816988 
0.118844 
0.406815 
0.337883 
0.792795 
0.501543 
0.430612 
0.300805 
0.633091 
0.357819 
0.856998 
0.568153 
0.939570 
0.358490 
0.146137 
0.119122 
0.080965 
0.782633 
0.714975 
0.578482 
0.540579 
0.514615 
0.136277 
0.411539 
0.728752 
0.141088 
0.268812 
0.917797 
0.410761 
0.655264 
0.026725 
0.158799 
0.932776 
0.173931 
0.253095 
0.770971 
0.702289 
0.365314 
0.838142 
0.659271 
0.366997 
0.118563 
0.694433 
0.331037 
0.738616 
0.918710 
0.752691 
0.471370 
0.316954 
0.049957 
0.622301 
0.020420 
0.202680 
0.450206 
0.615797 
0.698219 
0.975119 
0.821023 
0.932432 
0.377393 
0.842609 
0.733929 
0.151281 
0.573063 
0.468462 
0.440629 
0.645366 
0.669952 
0.878597 
0.585361 
0.157975 
0.082834 
0.195605 
0.539067 
0.106362 
0.627835 
0.022270 
0.286014 
0.034200 
0.803112 
0.900569 
0.859501 
0.628791 
0.082903 
0.348743 
0.316772 
0.994534 
0.138273 
0.947030 
0.732527 
0.587953 
0.730495 
0.433005 
0.510789 
0.824888 
0.891163 
0.782839 
0.171538 
0.031842 
0.164759 
0.097280 
0.983284 
0.049935 
0.265771 
0.816481 
0.602228 
0.643446 
0.404297 
0.012486 
0.857627 
0.138846 
0.584664 
0.442518 
0.405469 
0.721100 
0.524938 
0.640568 
0.023678 
0.948321 
0.435175 
0.979079 
0.378627 
0.587231 
0.584408 
0.151923 
0.364640 
0.504550 
0.973665 
0.387372 
0.561671 
0.007686 
0.183499 
0.065582 
0.235136 
0.927803 
0.582664 
0.836981 
0.138490 
0.606601 
0.144574 
0.858585 
0.238932 
0.729382 
0.731520 
0.652207 
0.638447 
0.385726 
0.896215 
0.685766 
0.663256 
0.338295 
0.729306 
0.443174 
0.427674 
0.912729 
0.235609 
0.884661 
0.500349 
0.366713 
0.344063 
0.672163 
0.037416 
0.849686 
0.667225 
0.044194 
0.762115 
0.859835 
0.239687 
0.417054 
0.427541 
0.686651 
0.547914 
0.796053 
0.267376 
0.783074 
0.125818 
0.630839 
0.509403 
0.535084 
0.162753 
0.397787 
0.605158 
0.893544 
0.790573 
0.163813 
0.212450 
0.653890 
0.929716 
0.732262 
0.129232 
0.994901 
0.302924 
0.237381 
0.665898 
0.747916 
0.229758 
0.548014 
0.472955 
0.948477 
0.046224 
0.879035 
0.937429 
0.361543 
0.455688 
0.753584 
0.483591 
0.709121 
0.199173 
0.500702 
0.291768 
0.736568 
0.504200 
0.082240 
0.212743 
0.565704 
0.782479 
0.121261 
0.034726 
0.647567 
0.650345 
0.344428 
0.804475 
0.813627 
0.621865 
0.684843 
0.149232 
0.137766 
0.433646 
0.294265 
0.719365 
0.372691 
0.821958 
0.649166 
0.538173 
0.071719 
0.379905 
0.063805 
0.374986 
0.384718 
0.951155 
0.063750 
0.445643 
0.930065 
0.597171 
0.653835 
0.000037 
0.621484 
0.284219 
0.863030 
0.948326 
0.513556 
0.330027 
0.765929 
0.968302 
0.248291 
0.028174 
0.516471 
0.334690 
0.127169 
0.336725 
0.334977 
0.962653 
0.301440 
0.305269 
0.653411 
0.875239 
0.143746 
0.934316 
0.046233 
0.031610 
0.266608 
0.887299 
0.840010 
0.050877 
0.092928 
0.843914 
0.666828 
0.384133 
0.129774 
0.109569 
0.526373 
0.751663 
0.196037 
0.800279 
0.287748 
0.178504 
0.110867 
0.335678 
0.739765 
0.233500 
0.438503 
0.913279 
0.481330 
0.708373 
0.625751 
0.993311 
0.583816 
0.201727 
0.430004 
0.077282 
0.872742 
0.170278 
0.858868 
0.988059 
0.306143 
0.352686 
0.597409 
0.658549 
0.228541 
0.086825 
0.263473 
0.194578 
0.269174 
0.008450 
0.011325 
0.340314 
0.649690 
0.343832 
0.788679 
0.329250 
0.710786 
0.178514 
0.277154 
0.119063 
0.086046 
0.172853 
0.143996 
0.139111 
0.038290 
0.547012 
0.636486 
0.413271 
0.852457 
0.241385 
0.950713 
0.630914 
0.772102 
0.710286 
0.769831 
0.551421 
0.738475 
0.549707 
0.921909 
0.518368 
0.215272 
0.071028 
0.771396 
0.850315 
0.247208 
0.824641 
0.749660 
0.536874 
0.236376 
0.765581 
0.127435 
0.807773 
0.242588 
0.171116 
0.948805 
0.572658 
0.657376 
0.523590 
0.979198 
0.385042 
0.403826 
0.098438 
0.451643 
0.770226 
0.195312 
0.613745 
0.219377 
0.064050 
0.486647 
0.077097 
0.763223 
0.497057 
0.041490 
0.328194 
0.956745 
0.021489 
0.159807 
0.881296 
0.935649 
0.448260 
0.902560 
0.317542 
0.934614 
0.059500 
0.008721 
0.567399 
0.274454 
0.754374 
0.766231 
0.039335 
0.105816 
0.451847 
0.200250 
0.604033 
0.980277 
0.519444 
0.297354 
0.634443 
0.085822 
0.408362 
0.336361 
0.223530 
0.866185 
0.973050 
0.048903 
0.905828 
0.244778 
0.990881 
0.733072 
0.748139 
0.977720 
0.547840 
0.550095 
0.451503 
0.415781 
0.024816 
0.086643 
0.206940 
0.032183 
0.899828 
0.409978 
0.496124 
0.362807 
0.704140 
0.480712 
0.332454 
0.561591 
0.658937 
0.750317 
0.577987 
0.223301 
0.018711 
0.470248 
0.450090 
0.666374 
0.739798 
0.779045 
0.411563 
0.137868 
0.147426 
0.781424 
0.394793 
0.285329 
0.527770 
0.236993 
0.133008 
0.473095 
0.310373 
0.440694 
0.742404 
0.584791 
0.587820 
0.491653 
0.207177 
0.029900 
0.533549 
0.364160 
0.442161 
0.400445 
0.275476 
0.917719 
0.108695 
0.844989 
0.724876 
0.995001 
0.980255 
0.153060 
0.487340 
0.726890 
0.838546 
0.442910 
0.981012 
0.876866 
0.493330 
0.391107 
0.335672 
0.639572 
0.286736 
0.179168 
0.274290 
0.995156 
0.592870 
0.360574 
0.167206 
0.231229 
0.263273 
0.836408 
0.508886 
0.854381 
0.578119 
0.443016 
0.766184 
0.251728 
0.800506 
0.110248 
0.944224 
0.573096 
0.022561 
0.184491 
0.746572 
0.640642 
0.266239 
0.676794 
0.869758 
0.025924 
0.701842 
0.861407 
0.669946 
0.787561 
0.537809 
0.956867 
0.064500 
0.047100 
0.605812 
0.883386 
0.073448 
0.446477 
0.938248 
0.138035 
0.951872 
0.111663 
0.716711 
0.763052 
0.610254 
0.539107 
0.771470 
0.103685 
0.629366 
0.750175 
0.192337 
0.611644 
0.893189 
0.819734 
0.275248 
0.089279 
0.505794 
0.878320 
0.922543 
0.179942 
0.277161 
0.244058 
0.876060 
0.945454 
0.245253 
0.964660 
0.035455 
0.896578 
0.784879 
0.456169 
0.832698 
0.153064 
0.549591 
0.978457 
0.923279 
0.546059 
0.611619 
0.478234 
0.686207 
0.081065 
0.459284 
0.186866 
0.662261 
0.616991 
0.772653 
0.981723 
0.826715 
0.595912 
0.489407 
0.462602 
0.951360 
0.499565 
0.192327 
0.444535 
0.298336 
0.134895 
0.177631 
0.443225 
0.289247 
0.381674 
0.803108 
0.843084 
0.714447 
0.707699 
0.297684 
0.173384 
0.061549 
0.451828 
0.876927 
0.514929 
0.413207 
0.765194 
0.617242 
0.992538 
0.578637 
0.149179 
0.243243 
0.190613 
0.628360 
0.843887 
0.208524 
0.662798 
0.637711 
0.016494 
0.209717 
0.720671 
0.310356 
0.161324 
0.369518 
0.497210 
0.612711 
0.832346 
0.240062 
0.725280 
0.778616 
0.199658 
0.644548 
0.910287 
0.188658 
0.778724 
0.022638 
0.478464 
0.546775 
0.646587 
0.185800 
0.747991 
0.486830 
0.147546 
0.799806 
0.332666 
0.119897 
0.103543 
0.243685 
0.612367 
0.044394 
0.126530 
0.587277 
0.366803 
0.853066 
0.473095 
0.299588 
0.181622 
0.518270 
0.564910 
0.434567 
0.765894 
0.379696 
0.554320 
0.463102 
0.357350 
0.976298 
0.644684 
0.205229 
0.277351 
0.438562 
0.918122 
0.881025 
0.386900 
0.633489 
0.044457 
0.191667 
0.354092 
0.228732 
0.301420 
0.963037 
0.769011 
0.765710 
0.290777 
0.088558 
0.398933 
0.864632 
0.870269 
0.614065 
0.589056 
0.272033 
0.053810 
0.391259 
0.897579 
0.613756 
0.399720 
0.089302 
0.900086 
0.752087 
0.318675 
0.973588 
0.090582 
0.407865 
0.983825 
0.149890 
0.198179 
0.792757 
0.870119 
0.093403 
0.819016 
0.199097 
0.229871 
0.448804 
0.055561 
0.813078 
0.403764 
0.057985 
0.555012 
0.087483 
0.329474 
0.471669 
0.347228 
0.858681 
0.853457 
0.054312 
0.820251 
0.963872 
0.790155 
0.133151 
0.871228 
0.724803 
0.756705 
0.939878 
0.523377 
0.404817 
0.761819 
0.897126 
0.996687 
0.326645 
0.920239 
0.448641 
0.308904 
0.757867 
0.471545 
0.252837 
0.425809 
0.580001 
0.068458 
0.578149 
0.952896 
0.321544 
0.182864 
0.397951 
0.362999 
0.916254 
0.482798 
0.380000 
0.666035 
0.054050 
0.417488 
0.723463 
0.238127 
0.208187 
0.997985 
0.139738 
0.572630 
0.199080 
0.933792 
0.242741 
0.750617 
0.619937 
0.286405 
0.613007 
0.810136 
0.956379 
0.867145 
0.104723 
0.080134 
0.817909 
0.603448 
0.156799 
0.313136 
0.875858 
0.537806 
0.903069 
0.873744 
0.016115 
0.844805 
0.641396 
0.948002 
0.061785 
0.422184 
0.654541 
0.872905 
0.918382 
0.248569 
0.707263 
0.961566 
0.043828 
0.612341 
0.622819 
0.712034 
0.150992 
0.718797 
0.813055 
0.017564 
0.194291 
0.454783 
0.538073 
0.397377 
0.711661 
0.883596 
0.600363 
0.293015 
0.698669 
0.526736 
0.843576 
0.974186 
0.137785 
0.753385 
0.139062 
0.219198 
0.065181 
0.494675 
0.007765 
0.498924 
0.410862 
0.355269 
0.007376 
0.968859 
0.621182 
0.209405 
0.472753 
0.567282 
0.301763 
0.734108 
0.155534 
0.063033 
0.394256 
0.256219 
0.275421 
0.000093 
0.566111 
0.632172 
0.914208 
0.101949 
0.453577 
0.265899 
0.957017 
0.581898 
0.965883 
0.591328 
0.450220 
0.851965 
0.982515 
0.121321 
0.047404 
0.716588 
0.689800 
0.460948 
0.155626 
0.599623 
0.865891 
0.027152 
0.349072 
0.855651 
0.917959 
0.136896 
0.818395 
0.761789 
0.383301 
0.146283 
0.570427 
0.163127 
0.681203 
0.981444 
0.137679 
0.966288 
0.405904 
0.033112 
0.518107 
0.825383 
0.210281 
0.190123 
0.404818 
0.776071 
0.427438 
0.953979 
0.528535 
0.089378 
0.173319 
0.977151 
0.970516 
0.470300 
0.328600 
0.783093 
0.437214 
0.256354 
0.533962 
0.306533 
0.905596 
0.345893 
0.416348 
0.562899 
0.635969 
0.724757 
0.993110 
0.192502 
0.378907 
0.287396 
0.260767 
0.706194 
0.994617 
0.532814 
0.007810 
0.266863 
0.161710 
0.860693 
0.675621 
0.155729 
0.334463 
0.321237 
0.036502 
0.489215 
0.238099 
0.724956 
0.328794 
0.044724 
0.678885 
0.018773 
0.517791 
0.519958 
0.927539 
0.142655 
0.608238 
0.660735 
0.965659 
0.832049 
0.246753 
0.169529 
0.271397 
0.370339 
0.286639 
0.540858 
0.206023 
0.621851 
0.443454 
0.129232 
0.002814 
0.287627 
0.154362 
0.361181 
0.375593 
0.597496 
0.110121 
0.805183 
0.717143 
0.020741 
0.599635 
0.067381 
0.467508 
0.408092 
0.803297 
0.010486 
0.241148 
0.982039 
0.133925 
0.869270 
0.814889 
0.831412 
0.537626 
0.884039 
0.040430 
0.507473 
0.097766 
0.146797 
0.222916 
0.554036 
0.678788 
0.386693 
0.153603 
0.608488 
0.863628 
0.994034 
0.735358 
0.164648 
0.233062 
0.076761 
0.129005 
0.180297 
0.258831 
0.180922 
0.756998 
0.865333 
0.646505 
0.813893 
0.094494 
0.163086 
0.989970 
0.432458 
0.320017 
0.527987 
0.870729 
0.338817 
0.490558 
0.814724 
0.072421 
0.178861 
0.117832 
0.402674 
0.737104 
0.510605 
0.743466 
0.438602 
0.588568 
0.065646 
0.316826 
0.897040 
0.549850 
0.330364 
0.431140 
0.174703 
0.228026 
0.429968 
0.474479 
0.569223 
0.937152 
0.708407 
0.189899 
0.631694 
0.882256 
0.079187 
0.890778 
0.312310 
0.989812 
0.775664 
0.581690 
0.456077 
0.286395 
0.443034 
0.072453 
0.719992 
0.903580 
0.465861 
0.724526 
0.102934 
0.019527 
0.197457 
0.652822 
0.977739 
0.853037 
0.997682 
0.036648 
0.936325 
0.816006 
0.619073 
0.758793 
0.040682 
0.742470 
0.694148 
0.543138 
0.523653 
0.028777 
0.654734 
0.122375 
0.750330 
0.800318 
0.948786 
0.254704 
0.803195 
0.301771 
0.858939 
0.183255 
0.967922 
0.863860 
0.893656 
0.674443 
0.361722 
0.458345 
0.409845 
0.265899 
0.960085 
0.144711 
0.163169 
0.382180 
0.294977 
0.683966 
0.424004 
0.236290 
0.331595 
0.116203 
0.022614 
0.072166 
0.894041 
0.151890 
0.822852 
0.669628 
0.439631 
0.873339 
0.216894 
0.339054 
0.472897 
0.976692 
0.262145 
0.877388 
0.267848 
0.719208 
0.731440 
0.317678 
0.209427 
0.833001 
0.251670 
0.814744 
0.399681 
0.431472 
0.754380 
0.857940 
0.399137 
0.288982 
0.914093 
0.166738 
0.367778 
0.249090 
0.456196 
0.292638 
0.365798 
0.963166 
0.929410 
0.588287 
0.339521 
0.329625 
0.999915 
0.577385 
0.113174 
0.109374 
0.248220 
0.833721 
0.350783 
0.606021 
0.402685 
0.933718 
0.002919 
0.060371 
0.647216 
0.767106 
0.758325 
0.171675 
0.336457 
0.834158 
0.685296 
0.770331 
0.952802 
0.739451 
0.950529 
0.537675 
0.697480 
0.551978 
0.102241 
0.357877 
0.842385 
0.964906 
0.183267 
0.162000 
0.737930 
0.394436 
0.280414 
0.923675 
0.208248 
0.022238 
0.753148 
0.152357 
0.659145 
0.247687 
0.869374 
0.573630 
0.003163 
0.165630 
0.741685 
0.494021 
0.015825 
0.963921 
0.625972 
0.711236 
0.741612 
0.265641 
0.633824 
0.686182 
0.653166 
0.762255 
0.221481 
0.424948 
0.101053 
0.398100 
0.864377 
0.577185 
0.744219 
0.090014 
0.870017 
0.380633 
0.300232 
0.996756 
0.483100 
0.469966 
0.713470 
0.286998 
0.575936 
0.756753 
0.753507 
0.191833 
0.134113 
0.029534 
0.379127 
0.993698 
0.084947 
0.696204 
0.102992 
0.982367 
0.633843 
0.997585 
0.410219 
0.542420 
0.451580 
0.700557 
0.268118 
0.256334 
0.212596 
0.101877 
0.239856 
0.254176 
0.928046 
0.660790 
0.889938 
0.181753 
0.724093 
0.832809 
0.016601 
0.012326 
0.161725 
0.106191 
0.752959 
0.983475 
0.271801 
0.163941 
0.348259 
0.184737 
0.866537 
0.894614 
0.775554 
0.737891 
0.731644 
0.739750 
0.975754 
0.504526 
0.563203 
0.756535 
0.084943 
0.642867 
0.672966 
0.532096 
0.933194 
0.188862 
0.203364 
0.933360 
0.988534 
0.295552 
0.336032 
0.689676 
0.390020 
0.073043 
0.630922 
0.913133 
0.021228 
0.777737 
0.426799 
0.204093 
0.194244 
0.665893 
0.660566 
0.136505 
0.237013 
0.478832 
0.733340 
0.242745 
0.814073 
0.128324 
0.734358 
0.348277 
0.486897 
0.277462 
0.304893 
0.339847 
0.815393 
0.307910 
0.038293 
0.584743 
0.780162 
0.186530 
0.004743 
0.712236 
0.552950 
0.433009 
0.578902 
0.598258 
0.924282 
0.414937 
0.844805 
0.633640 
0.594053 
0.256911 
0.899904 
0.682209 
0.884352 
0.297167 
0.493635 
0.524524 
0.680906 
0.993269 
0.870717 
0.136161 
0.451072 
0.170511 
0.785905 
0.704016 
0.388661 
0.229381 
0.214126 
0.809473 
0.805619 
0.035808 
0.821030 
0.048974 
0.106596 
0.561462 
0.493044 
0.588213 
0.094307 
0.009842 
0.415128 
0.048146 
0.181865 
0.608033 
0.214557 
0.062944 
0.896132 
0.292813 
0.304646 
0.191840 
0.261526 
0.464725 
0.633773 
0.817846 
0.535572 
0.351758 
0.989344 
0.899957 
0.579330 
0.797931 
0.824040 
0.640957 
0.567414 
0.534517 
0.623536 
0.775482 
0.524569 
0.428348 
0.246650 
0.445802 
0.599710 
0.320547 
0.429683 
0.687887 
0.321071 
0.233308 
0.205022 
0.813032 
0.631254 
0.489069 
0.776079 
0.567562 
0.006538 
0.886224 
0.761340 
0.837938 
0.222423 
0.257325 
0.864191 
0.451450 
0.524702 
0.658409 
0.887079 
0.137519 
0.285600 
0.082709 
0.098154 
0.674921 
0.391224 
0.309780 
0.468178 
0.661996 
0.171144 
0.416721 
0.822397 
0.032774 
0.839027 
0.534021 
0.297915 
0.060295 
0.383266 
0.545859 
0.254396 
0.634019 
0.960382 
0.144525 
0.026822 
0.797421 
0.262556 
0.771449 
0.748516 
0.313002 
0.625049 
0.190700 
0.101643 
0.306354 
0.888006 
0.715532 
0.939085 
0.207483 
0.170541 
0.288162 
0.141570 
0.360213 
0.101598 
0.551587 
0.515255 
0.893864 
0.179013 
0.667874 
0.965571 
0.352419 
0.107140 
0.694131 
0.253406 
0.994736 
0.519749 
0.426851 
0.079246 
0.881252 
0.208626 
0.376968 
0.701760 
0.472187 
0.054862 
0.064845 
0.846142 
0.108390 
0.714131 
0.392499 
0.724244 
0.374868 
0.410954 
0.910212 
0.935124 
0.634273 
0.229393 
0.404134 
0.283893 
0.391631 
0.143711 
0.344020 
0.940100 
0.255789 
0.039058 
0.451185 
0.062341 
0.757744 
0.400523 
0.591800 
0.389845 
0.123441 
0.669327 
0.379304 
0.959509 
0.461301 
0.088655 
0.029134 
0.659751 
0.436461 
0.601944 
0.873540 
0.594708 
0.259189 
0.196324 
0.621729 
0.405209 
0.348453 
0.441938 
0.657820 
0.984421 
0.163408 
0.405059 
0.822688 
0.909260 
0.930215 
0.120596 
0.856715 
0.801651 
0.348920 
0.293509 
0.997641 
0.355753 
0.148757 
0.152975 
0.057596 
0.009139 
0.591471 
0.860859 
0.463780 
0.755830 
0.241706 
0.348035 
0.430365 
0.137263 
0.976714 
0.638069 
0.031966 
0.258289 
0.060995 
0.140155 
0.584275 
0.903477 
0.741947 
0.895931 
0.918615 
0.154969 
0.558072 
0.512849 
0.460125 
0.321853 
0.378368 
0.232459 
0.933716 
0.971731 
0.882285 
0.560008 
0.046331 
0.680884 
0.619317 
0.863661 
0.558261 
0.689119 
0.019141 
0.697023 
0.865208 
0.553625 
0.767814 
0.652865 
0.696708 
0.571945 
0.680605 
0.931017 
0.598590 
0.501658 
0.372741 
0.666009 
0.605004 
0.305356 
0.112496 
0.728158 
0.155173 
0.995711 
0.907838 
0.030635 
0.888498 
0.994195 
0.427543 
0.716853 
0.152239 
0.676992 
0.198235 
0.731843 
0.089318 
0.176013 
0.248345 
0.939914 
0.142639 
0.332304 
0.032938 
0.588814 
0.204348 
0.472263 
0.325496 
0.619363 
0.637016 
0.333258 
0.073426 
0.073277 
0.558821 
0.098246 
0.220331 
0.105947 
0.647911 
0.440528 
0.946230 
0.289995 
0.940728 
0.807120 
0.259664 
0.167646 
0.621247 
0.293576 
0.139469 
0.061355 
0.187238 
0.913972 
0.133698 
0.059628 
0.165754 
0.828727 
0.412910 
0.775884 
0.277301 
0.599638 
0.119536 
0.035328 
0.761959 
0.247776 
0.371356 
0.385166 
0.487362 
0.088398 
0.700518 
0.608347 
0.489256 
0.928330 
0.437105 
0.428975 
0.775809 
0.019854 
0.686293 
0.523629 
0.635932 
0.115459 
0.513227 
0.806958 
0.548836 
0.292429 
0.850193 
0.188732 
0.018680 
0.949027 
0.296475 
0.863126 
0.558312 
0.546568 
0.167672 
0.060517 
0.115012 
0.999388 
0.717309 
0.813973 
0.436223 
0.606872 
0.699592 
0.035124 
0.336897 
0.234013 
0.058599 
0.869282 
0.028486 
0.760726 
0.518080 
0.363439 
0.323873 
0.341586 
0.039431 
0.722650 
0.580424 
0.192552 
0.217487 
0.298320 
0.859829 
0.150529 
0.938572 
0.571711 
0.744348 
0.263546 
0.413003 
0.335108 
0.156220 
0.581163 
0.609368 
0.653736 
0.343774 
0.805531 
0.552304 
0.570212 
0.548941 
0.056790 
0.466076 
0.341357 
0.187120 
0.929495 
0.017523 
0.507316 
0.462353 
0.769707 
0.464747 
0.001863 
0.303098 
0.165085 
0.584762 
0.098054 
0.988409 
0.181720 
0.163295 
0.492599 
0.117239 
0.437123 
0.725328 
0.585695 
0.770984 
0.932188 
0.287841 
0.744482 
0.506896 
0.404596 
0.044662 
0.630034 
0.982095 
0.070537 
0.522528 
0.126217 
0.327300 
0.923996 
0.605703 
0.057831 
0.963599 
0.215838 
0.584426 
0.450538 
0.188947 
0.625618 
0.769449 
0.121315 
0.949426 
0.995018 
0.266771 
0.619947 
0.442580 
0.449569 
0.914340 
0.319762 
0.237367 
0.435286 
0.855451 
0.563335 
0.963227 
0.953537 
0.097092 
0.829562 
0.451288 
0.789534 
0.700671 
0.183473 
0.630764 
0.258702 
0.007312 
0.898635 
0.354805 
0.204016 
0.901813 
0.778634 
0.508870 
0.571019 
0.120961 
0.996720 
0.879507 
0.881131 
0.164206 
0.812874 
0.968285 
0.967426 
0.531571 
0.108274 
0.757405 
0.709320 
0.548405 
0.044835 
0.544558 
0.391324 
0.981312 
0.914356 
0.579895 
0.290370 
0.244985 
0.468536 
0.680772 
0.728662 
0.622491 
0.202552 
0.283499 
0.773763 
0.631586 
0.062046 
0.809647 
0.738574 
0.216528 
0.182338 
0.561863 
0.227118 
0.173416 
0.604104 
0.177453 
0.460283 
0.976675 
0.969173 
0.891827 
0.938217 
0.610170 
0.122675 
0.799497 
0.141263 
0.211190 
0.470014 
0.520877 
0.382912 
0.599000 
0.397613 
0.685555 
0.116290 
0.491944 
0.108050 
0.992836 
0.586308 
0.076771 
0.286229 
0.642923 
0.614149 
0.003422 
0.518030 
0.536427 
0.725800 
0.527190 
0.479991 
0.208673 
0.163205 
0.987956 
0.582855 
0.047115 
0.861515 
0.486001 
0.210535 
0.463587 
0.509429 
0.972571 
0.993573 
0.979692 
0.688883 
0.049348 
0.390130 
0.910815 
0.071259 
0.643680 
0.327906 
0.114892 
0.985014 
0.126783 
0.849330 
0.689319 
0.377005 
0.327337 
0.550669 
0.099476 
0.887190 
0.996963 
0.954072 
0.084394 
0.407047 
0.244556 
0.247427 
0.499012 
0.899664 
0.657170 
0.052212 
0.524805 
0.399988 
0.596461 
0.723051 
0.323507 
0.177749 
0.429010 
0.372233 
0.120075 
0.101081 
0.874233 
0.228794 
0.338171 
0.642295 
0.050437 
0.690036 
0.433950 
0.393012 
0.352198 
0.394811 
0.585854 
0.447297 
0.725759 
0.839424 
0.202245 
0.124169 
0.906912 
0.468667 
0.887479 
0.860331 
0.587926 
0.276448 
0.268226 
0.068022 
0.237484 
0.399885 
