0.000001 
0.012734 
0.011981 
0.369859 
0.223765 
0.812295 
0.246596 
0.541591 
0.512894 
0.215252 
0.745342 
0.957880 
0.090437 
0.980618 
0.248824 
0.982080 
0.822215 
0.960048 
0.524949 
0.817264 
0.752320 
0.249680 
0.379203 
0.264998 
0.820177 
0.713531 
0.313121 
0.626877 
0.926152 
0.830954 
0.837097 
0.091991 
0.096211 
0.011021 
0.224764 
0.605226 
0.037086 
0.302950 
0.679861 
0.417826 
0.406017 
0.932267 
0.609316 
0.768472 
0.709944 
0.020721 
0.259932 
0.669686 
0.418498 
0.699116 
0.041357 
0.087004 
0.269582 
0.859004 
0.273429 
0.524121 
0.907215 
0.563782 
0.486778 
0.281581 
0.538161 
0.870581 
0.858750 
0.007025 
0.066595 
0.266716 
0.700066 
0.017113 
0.622420 
0.012435 
0.989745 
0.650443 
0.999275 
0.812089 
0.780978 
0.899010 
0.653357 
0.974385 
0.486642 
0.983705 
0.122798 
0.858748 
0.969466 
0.816750 
0.116775 
0.638083 
0.267141 
0.837285 
0.245321 
0.117969 
0.706992 
0.408067 
0.385619 
0.101809 
0.096314 
0.741799 
0.411998 
0.455414 
0.137810 
0.179202 
0.847040 
0.193568 
0.301559 
0.294528 
0.139174 
0.102403 
0.082377 
0.514118 
0.778458 
0.549892 
0.027154 
0.371956 
0.472143 
0.307921 
0.229882 
0.629797 
0.998450 
0.941759 
0.146715 
0.833117 
0.205155 
0.041278 
0.754916 
0.880351 
0.055139 
0.727725 
0.876478 
0.958906 
0.334879 
0.317644 
0.636826 
0.133807 
0.899482 
0.595142 
0.550290 
0.720523 
0.829123 
0.078660 
0.036196 
0.352636 
0.751598 
0.106709 
0.450161 
0.849768 
0.042592 
0.837393 
0.063411 
0.740768 
0.090153 
0.209663 
0.813172 
0.977670 
0.701794 
0.052121 
0.004963 
0.419219 
0.820918 
0.160682 
0.589837 
0.398560 
0.599764 
0.238541 
0.154544 
0.414154 
0.688295 
0.166420 
0.022783 
0.911291 
0.068219 
0.560991 
0.579309 
0.443741 
0.949900 
0.966496 
0.897044 
0.620420 
0.406600 
0.724331 
0.822942 
0.190206 
0.784951 
0.675783 
0.892375 
0.152843 
0.834249 
0.228132 
0.209121 
0.696782 
0.815907 
0.954342 
0.618953 
0.743809 
0.190209 
0.840612 
0.172533 
0.757427 
0.072581 
0.874842 
0.465865 
0.790432 
0.782648 
0.971946 
0.490218 
0.085728 
0.833047 
0.015750 
0.717462 
0.391681 
0.985202 
0.287001 
0.624342 
0.317973 
0.172425 
0.942899 
0.299476 
0.292102 
0.350079 
0.771972 
0.533217 
0.771766 
0.063341 
0.572628 
0.154509 
0.826089 
0.070431 
0.738116 
0.510520 
0.313839 
0.693918 
0.675573 
0.363348 
0.791103 
0.060392 
0.003895 
0.470263 
0.715279 
0.692787 
0.670535 
0.680115 
0.696635 
0.350938 
0.207201 
0.433490 
0.674208 
0.419415 
0.112164 
0.141344 
0.562796 
0.914488 
0.804415 
0.802045 
0.968134 
0.430133 
0.243730 
0.374029 
0.301936 
0.636486 
0.418116 
0.274348 
0.961079 
0.855145 
0.413834 
0.307838 
0.830903 
0.987091 
0.035897 
0.313378 
0.937493 
0.440643 
0.885917 
0.615408 
0.163780 
0.655816 
0.291784 
0.012385 
0.158929 
0.125005 
0.960692 
0.348685 
0.342123 
0.067626 
0.585078 
0.411501 
0.097384 
0.724643 
0.076260 
0.694354 
0.012184 
0.779785 
0.843445 
0.784360 
0.733125 
0.628629 
0.373500 
0.413403 
0.065887 
0.364014 
0.981120 
0.685274 
0.403885 
0.090485 
0.787055 
0.034052 
0.310085 
0.590458 
0.828958 
0.298467 
0.341563 
0.651611 
0.630634 
0.069894 
0.702565 
0.002571 
0.213760 
0.657962 
0.367214 
0.763773 
0.734638 
0.065903 
0.624061 
0.587207 
0.183315 
0.971818 
0.347483 
0.143939 
0.185515 
0.948032 
0.572135 
0.869812 
0.921996 
0.989358 
0.137167 
0.358151 
0.439641 
0.050889 
0.283156 
0.001393 
0.409790 
0.334240 
0.570246 
0.131552 
0.992815 
0.237471 
0.174478 
0.445808 
0.689243 
0.112843 
0.554569 
0.645396 
0.178267 
0.126399 
0.395432 
0.025393 
0.782137 
0.375798 
0.039846 
0.690858 
0.250098 
0.391168 
0.362445 
0.608150 
0.171376 
0.324575 
0.139235 
0.126647 
0.564249 
0.338239 
0.779873 
0.331019 
0.434828 
0.147925 
0.176504 
0.507849 
0.423867 
0.930180 
0.538478 
0.207570 
0.633391 
0.410757 
0.599157 
0.032321 
0.224244 
0.869981 
0.765606 
0.534688 
0.508117 
0.921133 
0.489381 
0.024771 
0.332877 
0.671026 
0.927997 
0.846972 
0.064575 
0.317930 
0.448775 
0.564394 
0.764570 
0.124953 
0.093006 
0.148727 
0.646868 
0.903450 
0.279768 
0.063390 
0.401918 
0.030078 
0.521634 
0.097060 
0.287359 
0.644863 
0.208418 
0.878182 
0.602032 
0.357295 
0.054735 
0.938592 
0.922935 
0.765667 
0.563590 
0.254973 
0.330421 
0.387624 
0.802405 
0.021267 
0.438541 
0.556865 
0.228262 
0.400833 
0.802049 
0.041545 
0.254586 
0.821652 
0.512266 
0.658623 
0.473654 
0.696616 
0.025392 
0.761366 
0.274508 
0.663321 
0.433408 
0.285850 
0.273488 
0.506033 
0.901191 
0.318715 
0.649630 
0.324722 
0.595596 
0.182221 
0.583857 
0.892694 
0.506706 
0.204362 
0.716939 
0.591367 
0.108551 
0.416091 
0.235402 
0.394468 
0.829113 
0.906464 
0.941782 
0.524337 
0.531395 
0.161951 
0.910143 
0.774122 
0.661091 
0.957872 
0.950314 
0.928059 
0.891135 
0.310118 
0.157596 
0.714776 
0.238140 
0.423373 
0.629470 
0.508072 
0.158008 
0.634272 
0.216620 
0.734464 
0.136007 
0.874616 
0.667579 
0.002628 
0.163286 
0.348571 
0.427324 
0.032379 
0.186950 
0.070225 
0.265078 
0.170116 
0.140457 
0.652725 
0.353532 
0.815864 
0.225167 
0.374770 
0.751545 
0.216068 
0.449870 
0.964102 
0.657579 
0.925775 
0.508006 
0.063443 
0.285374 
0.278679 
0.761614 
0.441252 
0.118653 
0.195734 
0.698785 
0.485151 
0.938916 
0.360774 
0.536247 
0.697504 
0.953135 
0.334647 
0.419877 
0.872197 
0.015195 
0.374280 
0.527894 
0.306723 
0.090310 
0.834182 
0.089661 
0.933231 
0.812984 
0.815817 
0.435384 
0.501955 
0.351666 
0.455305 
0.309641 
0.135732 
0.244223 
0.650602 
0.669804 
0.399235 
0.940228 
0.414325 
0.555641 
0.665862 
0.144675 
0.560124 
0.000990 
0.638086 
0.315351 
0.110060 
0.774106 
0.402782 
0.553174 
0.196655 
0.180455 
0.908464 
0.562174 
0.450038 
0.784796 
0.060266 
0.884342 
0.143403 
0.170711 
0.146759 
0.581764 
0.715355 
0.979583 
0.850586 
0.795980 
0.034026 
0.874578 
0.038699 
0.415199 
0.253226 
0.975870 
0.448729 
0.785920 
0.963859 
0.574765 
0.081684 
0.857156 
0.214522 
0.469564 
0.964111 
0.808495 
0.368944 
0.845434 
0.213937 
0.636013 
0.468669 
0.922948 
0.989587 
0.991246 
0.878846 
0.769346 
0.391054 
0.443685 
0.014782 
0.436955 
0.906332 
0.726708 
0.778772 
0.823870 
0.791063 
0.397240 
0.412493 
0.764498 
0.913651 
0.726459 
0.601800 
0.448650 
0.452581 
0.528582 
0.874050 
0.151959 
0.966754 
0.232743 
0.713523 
0.176621 
0.476314 
0.413727 
0.514003 
0.843709 
0.224822 
0.591059 
0.931494 
0.616150 
0.626428 
0.377352 
0.162005 
0.813259 
0.445647 
0.981640 
0.431195 
0.092908 
0.504406 
0.557579 
0.225257 
0.887051 
0.666810 
0.076870 
0.956211 
0.044620 
0.922194 
0.309922 
0.858382 
0.828646 
0.058964 
0.001611 
0.067772 
0.044116 
0.452998 
0.534012 
0.137443 
0.009487 
0.451739 
0.383554 
0.394960 
0.094863 
0.357571 
0.702370 
0.733317 
0.854283 
0.935959 
0.658156 
0.635060 
0.446448 
0.447684 
0.217936 
0.854671 
0.462744 
0.333503 
0.182293 
0.806665 
0.619789 
0.793456 
0.618274 
0.335647 
0.212557 
0.453478 
0.597184 
0.864442 
0.681916 
0.960704 
0.559269 
0.629389 
0.140030 
0.484178 
0.579558 
0.632210 
0.554132 
0.289196 
0.522746 
0.793935 
0.670184 
0.779768 
0.568928 
0.964903 
0.120843 
0.016602 
0.029880 
0.200983 
0.928929 
0.505205 
0.980389 
0.397256 
0.685015 
0.041819 
0.846575 
0.382703 
0.089774 
0.826477 
0.593162 
0.276888 
0.654197 
0.093288 
0.892594 
0.830235 
0.757840 
0.012082 
0.063908 
0.104159 
0.606706 
0.902252 
0.141197 
0.104612 
0.210610 
0.728767 
0.382109 
0.106535 
0.539299 
0.000223 
0.755108 
0.093827 
0.944800 
0.250597 
0.786045 
0.055519 
0.100949 
0.648883 
0.774113 
0.520858 
0.063784 
0.014151 
0.834995 
0.767775 
0.999418 
0.212163 
0.816779 
0.605140 
0.596064 
0.039246 
0.605517 
0.920936 
0.171196 
0.291043 
0.566400 
0.481343 
0.938515 
0.625949 
0.323416 
0.649596 
0.755111 
0.143837 
0.471266 
0.568606 
0.560388 
0.438166 
0.250150 
0.263980 
0.719654 
0.224891 
0.751389 
0.592426 
0.905613 
0.636337 
0.915204 
0.832011 
0.601014 
0.249705 
0.787473 
0.065254 
0.727415 
0.656313 
0.648828 
0.851791 
0.055601 
0.487774 
0.013404 
0.281601 
0.865585 
0.885486 
0.363009 
0.093944 
0.916740 
0.643235 
0.858630 
0.001408 
0.666855 
0.824429 
0.182659 
0.953785 
0.265495 
0.170905 
0.401942 
0.436298 
0.858989 
0.035703 
0.063806 
0.395553 
0.066025 
0.681942 
0.396297 
0.557943 
0.354806 
0.230422 
0.710311 
0.190992 
0.994415 
0.127678 
0.889256 
0.725255 
0.369062 
0.827204 
0.818037 
0.748883 
0.479124 
0.644504 
0.177872 
0.487830 
0.965858 
0.167342 
0.522085 
0.689241 
0.070268 
0.989002 
0.152444 
0.121549 
0.872628 
0.257458 
0.102681 
0.758077 
0.003350 
0.310492 
0.439556 
0.625034 
0.939685 
0.290163 
0.776855 
0.602325 
0.271926 
0.261102 
0.345507 
0.942477 
0.214538 
0.736318 
0.298082 
0.860296 
0.000041 
0.683954 
0.218844 
0.104712 
0.893679 
0.061645 
0.062252 
0.276056 
0.666472 
0.392202 
0.746869 
0.630054 
0.316171 
0.892562 
0.291311 
0.065748 
0.029596 
0.415824 
0.752191 
0.077135 
0.409979 
0.516794 
0.754106 
0.257796 
0.775711 
0.370728 
0.832802 
0.903768 
0.632034 
0.599795 
0.747239 
0.847697 
0.248886 
0.029569 
0.971317 
0.931976 
0.717256 
0.917086 
0.468778 
0.748159 
0.311773 
0.975252 
0.052063 
0.015084 
0.519775 
0.859766 
0.091997 
0.189650 
0.440673 
0.396705 
0.429151 
0.745133 
0.456676 
0.345534 
0.383681 
0.525807 
0.230752 
0.240619 
0.080538 
0.605211 
0.777149 
0.538392 
0.760295 
0.270995 
0.607761 
0.640811 
0.116477 
0.634631 
0.238416 
0.065568 
0.005432 
0.293721 
0.566458 
0.455609 
0.420072 
0.154482 
0.385088 
0.179145 
0.889421 
0.492887 
0.945545 
0.781687 
0.805539 
0.694282 
0.797226 
0.985091 
0.428833 
0.396530 
0.479956 
0.623503 
0.214323 
0.133621 
0.771141 
0.573541 
0.502113 
0.007091 
0.174520 
0.150619 
0.456292 
0.905739 
0.750850 
0.531729 
0.766751 
0.776357 
0.236374 
0.742517 
0.485574 
0.038889 
0.600649 
0.106067 
0.676083 
0.932174 
0.043056 
0.637082 
0.439234 
0.204420 
0.683777 
0.243563 
0.567634 
0.218788 
0.168843 
0.736511 
0.532822 
0.138127 
0.502573 
0.745930 
0.844040 
0.782891 
0.045140 
0.674368 
0.097638 
0.000956 
0.060625 
0.931191 
0.526967 
0.732772 
0.704937 
0.868570 
0.056692 
0.826186 
0.702456 
0.181539 
0.132752 
0.167199 
0.113168 
0.015739 
0.530123 
0.771646 
0.060604 
0.578793 
0.774980 
0.091930 
0.065446 
0.958171 
0.981409 
0.548251 
0.460850 
0.502274 
0.715727 
0.219156 
0.352183 
0.139100 
0.851702 
0.554605 
0.249999 
0.735476 
0.148750 
0.035423 
0.360018 
0.817199 
0.666490 
0.696953 
0.696802 
0.145695 
0.693658 
0.316020 
0.343068 
0.936059 
0.342806 
0.538571 
0.758866 
0.264530 
0.964091 
0.476406 
0.957518 
0.000403 
0.771539 
0.256595 
0.592475 
0.725793 
0.401921 
0.086154 
0.989886 
0.009194 
0.515554 
0.922119 
0.050988 
0.952857 
0.667729 
0.516043 
0.129335 
0.730978 
0.541241 
0.632372 
0.272762 
0.307588 
0.632306 
0.172961 
0.959909 
0.194405 
0.363173 
0.843872 
0.954746 
0.418479 
0.379534 
0.827316 
0.699277 
0.750095 
0.841631 
0.294015 
0.504263 
0.145366 
0.174346 
0.237065 
0.357749 
0.690024 
0.231638 
0.141188 
0.954619 
0.288901 
0.552767 
0.352331 
0.622430 
0.186493 
0.390154 
0.312809 
0.378209 
0.555449 
0.433282 
0.171274 
0.604660 
0.526451 
0.056647 
0.069908 
0.942912 
0.528045 
0.853204 
0.803513 
0.649075 
0.000385 
0.474802 
0.001358 
0.816684 
0.006041 
0.532115 
0.248604 
0.293262 
0.853453 
0.992327 
0.040969 
0.569720 
0.281110 
0.616631 
0.714472 
0.131442 
0.148147 
0.912343 
0.755642 
0.068363 
0.984153 
0.651585 
0.185572 
0.910495 
0.694707 
0.945519 
0.339270 
0.105913 
0.081024 
0.763919 
0.185928 
0.884989 
0.011420 
0.936376 
0.676977 
0.959609 
0.144683 
0.683045 
0.933491 
0.175277 
0.874323 
0.752291 
0.747087 
0.285524 
0.802417 
0.226005 
0.467079 
0.192094 
0.515713 
0.591764 
0.774364 
0.728706 
0.355579 
0.215629 
0.078424 
0.072970 
0.405947 
0.750070 
0.431803 
0.317739 
0.231566 
0.931208 
0.817959 
0.439273 
0.866421 
0.939125 
0.875346 
0.947693 
0.868332 
0.050577 
0.052418 
0.983763 
0.103911 
0.435869 
0.652656 
0.197288 
0.817657 
0.361681 
0.780230 
0.318191 
0.842757 
0.219404 
0.527426 
0.444470 
0.201408 
0.061584 
0.046883 
0.958035 
0.698786 
0.500037 
0.123789 
0.522097 
0.888798 
0.020790 
0.413507 
0.813508 
0.620568 
0.893961 
0.801083 
0.795232 
0.457833 
0.802811 
0.846464 
0.518211 
0.579429 
0.459359 
0.454934 
0.072385 
0.569320 
0.560278 
0.593365 
0.688880 
0.999854 
0.545158 
0.462758 
0.567824 
0.423670 
0.630012 
0.604739 
0.844544 
0.256313 
0.851456 
0.422181 
0.587868 
0.302488 
0.916642 
0.008096 
0.063167 
0.648258 
0.270742 
0.363818 
0.696737 
0.063253 
0.096794 
0.810723 
0.819272 
0.497754 
0.754622 
0.938836 
0.016470 
0.816528 
0.393732 
0.454575 
0.037346 
0.676278 
0.206648 
0.138237 
0.347835 
0.067929 
0.688881 
0.017745 
0.240541 
0.776524 
0.042026 
0.329575 
0.170712 
0.148731 
0.729287 
0.127897 
0.559416 
0.107930 
0.973695 
0.889269 
0.948487 
0.221393 
0.957809 
0.895750 
0.868796 
0.851996 
0.498092 
0.436191 
0.059214 
0.211328 
0.797099 
0.835266 
0.313808 
0.170576 
0.875218 
0.791058 
0.315431 
0.447993 
0.422065 
0.643822 
0.710527 
0.821425 
0.691276 
0.279696 
0.843252 
0.529208 
0.404743 
0.507417 
0.151980 
0.331251 
0.342150 
0.520193 
0.889215 
0.044862 
0.999912 
0.522914 
0.610168 
0.096331 
0.043302 
0.773749 
0.394846 
0.175493 
0.504256 
0.030734 
0.540363 
0.885911 
0.509267 
0.248298 
0.136436 
0.078695 
0.623111 
0.634444 
0.105920 
0.197402 
0.730829 
0.037069 
0.012451 
0.260240 
0.859477 
0.230421 
0.677949 
0.282238 
0.566407 
0.609383 
0.896729 
0.329020 
0.839574 
0.721600 
0.927399 
0.793758 
0.698034 
0.857805 
0.136165 
0.532153 
0.901997 
0.857043 
0.319382 
0.857241 
0.646552 
0.596350 
0.847939 
0.316383 
0.454210 
0.902553 
0.202589 
0.907582 
0.728527 
0.355583 
0.282216 
0.201926 
0.763051 
0.601269 
0.533726 
0.336561 
0.573333 
0.012577 
0.385029 
0.185118 
0.274949 
0.060915 
0.792290 
0.014863 
0.799283 
0.557577 
0.189537 
0.548586 
0.084120 
0.797668 
0.406540 
0.714893 
0.210565 
0.971354 
0.549586 
0.890269 
0.755482 
0.385288 
0.541932 
0.257003 
0.454095 
0.982329 
0.011654 
0.874965 
0.542709 
0.315582 
0.988973 
0.664203 
0.268173 
0.190208 
0.827628 
0.951342 
0.208197 
0.172012 
0.013995 
0.212575 
0.743413 
0.546083 
0.019208 
0.834703 
0.855782 
0.121285 
0.444241 
0.362331 
0.698829 
0.212581 
0.850173 
0.853051 
0.231408 
0.281153 
0.333667 
0.943546 
0.179851 
0.755934 
0.981101 
0.358375 
0.202012 
0.211783 
0.429695 
0.879312 
0.603831 
0.583883 
0.328599 
0.766892 
0.153993 
0.153337 
0.128189 
0.478352 
0.660080 
0.963537 
0.166384 
0.419338 
0.821674 
0.875457 
0.801219 
0.094235 
0.814638 
0.621811 
0.781367 
0.426968 
0.059372 
0.862417 
0.644379 
0.070896 
0.542195 
0.679043 
0.672077 
0.590265 
0.591893 
0.953914 
0.424250 
0.370546 
0.773568 
0.360836 
0.578852 
0.767027 
0.427342 
0.329272 
0.072943 
0.958122 
0.157833 
0.695267 
0.357190 
0.290241 
0.086567 
0.925019 
0.800174 
0.526079 
0.811619 
0.886472 
0.942883 
0.031227 
0.834413 
0.977660 
0.538700 
0.936154 
0.945654 
0.609120 
0.484457 
0.270199 
0.227080 
0.536725 
0.741963 
0.173282 
0.354751 
0.296377 
0.201447 
0.718209 
0.935770 
0.488962 
0.986204 
0.138489 
0.580563 
0.518353 
0.959678 
0.309943 
0.212784 
0.254307 
0.134769 
0.055534 
0.366584 
0.172950 
0.774354 
0.564986 
0.716589 
0.707894 
0.576314 
0.115131 
0.998728 
0.623744 
0.260791 
0.116225 
0.390876 
0.451249 
0.146872 
0.475198 
0.652441 
0.575182 
0.077002 
0.173727 
0.829974 
0.378579 
0.779651 
0.594663 
0.505541 
0.633477 
0.851623 
0.232105 
0.994559 
0.548132 
0.449457 
0.027645 
0.636712 
0.217951 
0.106634 
0.190295 
0.291246 
0.964641 
0.715106 
0.791834 
0.347831 
0.988969 
0.604136 
0.715649 
0.919360 
0.687866 
0.962795 
0.696442 
0.104583 
0.727293 
0.612660 
0.975437 
0.167638 
0.498553 
0.175672 
0.514833 
0.803236 
0.995257 
0.290808 
0.615249 
0.497462 
0.836000 
0.648197 
0.250841 
0.885419 
0.233570 
0.612661 
0.001483 
0.925397 
0.153065 
0.563311 
0.564199 
0.499409 
0.559740 
0.552586 
0.313688 
0.155419 
0.130914 
0.265883 
0.703513 
0.941403 
0.153892 
0.454905 
0.586633 
0.544961 
0.160351 
0.014277 
0.957522 
0.078995 
0.674008 
0.045241 
0.357100 
0.774391 
0.190070 
0.508190 
0.149373 
0.503701 
0.701615 
0.049981 
0.030196 
0.506863 
0.840863 
0.377782 
0.378676 
0.413093 
0.846427 
0.892337 
0.502511 
0.701744 
0.203884 
0.676409 
0.403189 
0.402319 
0.781957 
0.355305 
0.608966 
0.884021 
0.735483 
0.269096 
0.691992 
0.303057 
0.480278 
0.028300 
0.632362 
0.101865 
0.048446 
0.234491 
0.088681 
0.454513 
0.001612 
0.096933 
0.153914 
0.838428 
0.464403 
0.228170 
0.851415 
0.739979 
0.833489 
0.453368 
0.760593 
0.286312 
0.047772 
0.910196 
0.669967 
0.134011 
0.321077 
0.337665 
0.129890 
0.054398 
0.272113 
0.407412 
0.377870 
0.860474 
0.988673 
0.624499 
0.956414 
0.454639 
0.120328 
0.349250 
0.848712 
0.308892 
0.547079 
0.764297 
0.534694 
0.601806 
0.559995 
0.840693 
0.525501 
0.089476 
0.831445 
0.099098 
0.536498 
0.921850 
0.526587 
0.352145 
0.497784 
0.250728 
0.987689 
0.082239 
0.189741 
0.976144 
0.058437 
0.148523 
0.231816 
0.126518 
0.386218 
0.161025 
0.352338 
0.751205 
0.509259 
0.120125 
0.942080 
0.530333 
0.309901 
0.505397 
0.211326 
0.747722 
0.963360 
0.199830 
0.546894 
0.646717 
0.377552 
0.510947 
0.490494 
0.741040 
0.666341 
0.195920 
0.823534 
0.130908 
0.164250 
0.553796 
0.650689 
0.123278 
0.939560 
0.182640 
0.623575 
0.423137 
0.671151 
0.035576 
0.921017 
0.533000 
0.129256 
0.403672 
0.521598 
0.503359 
0.962288 
0.180726 
0.468060 
0.688319 
0.577117 
0.599753 
0.056179 
0.192542 
0.054542 
0.681571 
0.157021 
0.054782 
0.724689 
0.841452 
0.275439 
0.300141 
0.461833 
0.029014 
0.642966 
0.332297 
0.910862 
0.862395 
0.272532 
0.447505 
0.222127 
0.293975 
0.835093 
0.401405 
0.408088 
0.733486 
0.693416 
0.241674 
0.822863 
0.850167 
0.753328 
0.176912 
0.358137 
0.213686 
0.423407 
0.201899 
0.313434 
0.886878 
0.763571 
0.345132 
0.628311 
0.026282 
0.718872 
0.085998 
0.375730 
0.888736 
0.981440 
0.063704 
0.671115 
0.424399 
0.872065 
0.802179 
0.223154 
0.544568 
0.560820 
0.695190 
0.058819 
0.565802 
0.430430 
0.244084 
0.313789 
0.853945 
0.250923 
0.266538 
0.707044 
0.283869 
0.990264 
0.359783 
0.880676 
0.526734 
0.820785 
0.936147 
0.815087 
0.164201 
0.720867 
0.610048 
0.071258 
0.640620 
0.896631 
0.673211 
0.652812 
0.814794 
0.236288 
0.294874 
0.940901 
0.722442 
0.085747 
0.150163 
0.795388 
0.089512 
0.436377 
0.180895 
0.294272 
0.825147 
0.237436 
0.583493 
0.764349 
0.420154 
0.524081 
0.234938 
0.599318 
0.745207 
0.693899 
0.365234 
0.495435 
0.773262 
0.206711 
0.184630 
0.081648 
0.255112 
0.670169 
0.530154 
0.302712 
0.688757 
0.933536 
0.938332 
0.545592 
0.759994 
0.217649 
0.025637 
0.885166 
0.981997 
0.419244 
0.233070 
0.203682 
0.277315 
0.831807 
0.188021 
0.067211 
0.618123 
0.787874 
0.795619 
0.963706 
0.009188 
0.416277 
0.365276 
0.197476 
0.975934 
0.515322 
0.018764 
0.368378 
0.332044 
0.666333 
0.052987 
0.548909 
0.510908 
0.836891 
0.625739 
0.799069 
0.947452 
0.833236 
0.192380 
0.327216 
0.524696 
0.569948 
0.115460 
0.530562 
0.163159 
0.214625 
0.202471 
0.929624 
0.183330 
0.222505 
0.634375 
0.938014 
0.207890 
0.015413 
0.053832 
0.755913 
0.637742 
0.532533 
0.285316 
0.313195 
0.865455 
0.701890 
0.662428 
0.431025 
0.236682 
0.920161 
0.150849 
0.318261 
0.016525 
0.730719 
0.191227 
0.956655 
0.500606 
0.684513 
0.610244 
0.372812 
0.856548 
0.001799 
0.231363 
0.511915 
0.747546 
0.007638 
0.375685 
0.129703 
0.920595 
0.437136 
0.946720 
0.526646 
0.334338 
0.227120 
0.207453 
0.661945 
0.305000 
0.129707 
0.981390 
0.222674 
0.488863 
0.320870 
0.870239 
0.102079 
0.650032 
0.083065 
0.079480 
0.824122 
0.025528 
0.049053 
0.427672 
0.877025 
0.160220 
0.813181 
0.138447 
0.882576 
0.452255 
0.054623 
0.056578 
0.899482 
0.598233 
0.507716 
0.184625 
0.995926 
0.521719 
0.525075 
0.935259 
0.903161 
0.428789 
0.653855 
0.333088 
0.212059 
0.068705 
0.719394 
0.858114 
0.321730 
0.313670 
0.853955 
0.426852 
0.104478 
0.959081 
0.280185 
0.064993 
0.343333 
0.396604 
0.726705 
0.724692 
0.897754 
0.558287 
0.124828 
0.990882 
0.756520 
0.835353 
0.771266 
0.663635 
0.720739 
0.453226 
0.361451 
0.903508 
0.258675 
0.546856 
0.004407 
0.071279 
0.982155 
0.074168 
0.533866 
0.685919 
0.244267 
0.396220 
0.274881 
0.918280 
0.538296 
0.149033 
0.797323 
0.606449 
0.586251 
0.128708 
0.193186 
0.881009 
0.113118 
0.178584 
0.459076 
0.692752 
0.090593 
0.598476 
0.586655 
0.917512 
0.622142 
0.338824 
0.621102 
0.865031 
0.569195 
0.463062 
0.675352 
0.641902 
0.441303 
0.974083 
0.407516 
0.116107 
0.403221 
0.930732 
0.818799 
0.559844 
0.289923 
0.729589 
0.202867 
0.580449 
0.601080 
0.358490 
0.140533 
0.938066 
0.067555 
0.389139 
0.253633 
0.803704 
0.856634 
0.447478 
0.760051 
0.171425 
0.141265 
0.238966 
0.297624 
0.164166 
0.132230 
0.389926 
0.483766 
0.646898 
0.407171 
0.314889 
0.333137 
0.041709 
0.995012 
0.172784 
0.982649 
0.378266 
0.520135 
0.912586 
0.838893 
0.278571 
0.948901 
0.184913 
0.836347 
0.486778 
0.282325 
0.034251 
0.653087 
0.430512 
