0.000001 
0.009102 
0.978448 
0.768990 
0.410103 
0.608297 
0.649534 
0.712889 
0.519666 
0.021720 
0.047838 
0.012916 
0.081241 
0.412698 
0.207365 
0.175882 
0.041325 
0.546734 
0.952991 
0.912402 
0.737522 
0.536188 
0.716664 
0.979836 
0.097643 
0.092094 
0.818168 
0.955168 
0.507753 
0.807252 
0.484661 
0.703126 
0.436320 
0.232832 
0.201229 
0.063232 
0.736405 
0.758654 
0.705395 
0.576479 
0.888874 
0.306224 
0.705983 
0.454046 
0.152836 
0.716102 
0.533682 
0.591177 
0.914391 
0.161691 
0.546465 
0.433427 
0.602043 
0.531666 
0.716655 
0.825171 
0.647874 
0.819716 
0.974261 
0.409022 
0.436313 
0.111546 
0.760127 
0.447554 
0.035311 
0.464776 
0.494885 
0.526062 
0.522357 
0.249823 
0.770174 
0.322351 
0.757318 
0.246134 
0.769685 
0.096219 
0.150494 
0.359686 
0.247673 
0.641087 
0.747888 
0.751520 
0.799932 
0.454137 
0.673515 
0.771414 
0.158995 
0.229110 
0.654154 
0.369513 
0.409484 
0.205644 
0.252290 
0.230733 
0.937316 
0.465096 
0.876554 
0.249936 
0.676874 
0.215988 
0.103938 
0.884524 
0.187900 
0.027988 
0.395120 
0.776333 
0.834545 
0.197861 
0.441516 
0.565165 
0.732378 
0.084564 
0.264353 
0.981016 
0.927691 
0.699726 
0.292069 
0.809629 
0.430012 
0.207692 
0.686906 
0.821762 
0.346016 
0.488536 
0.823065 
0.257126 
0.520187 
0.774559 
0.016266 
0.381942 
0.298481 
0.570140 
0.344252 
0.839674 
0.405647 
0.702500 
0.924567 
0.198821 
0.580883 
0.898043 
0.404492 
0.296313 
0.140465 
0.797959 
0.300267 
0.583828 
0.395665 
0.936394 
0.977166 
0.223011 
0.142421 
0.667505 
0.753649 
0.573827 
0.317623 
0.287371 
0.840029 
0.366241 
0.408101 
0.960372 
0.973894 
0.239965 
0.090187 
0.772379 
0.380139 
0.000336 
0.646279 
0.016491 
0.170460 
0.927125 
0.194060 
0.572262 
0.009056 
0.197932 
0.636916 
0.646926 
0.889291 
0.305714 
0.132195 
0.807135 
0.522371 
0.496580 
0.025097 
0.802555 
0.537328 
0.864362 
0.333871 
0.365923 
0.076153 
0.896066 
0.179989 
0.078088 
0.426683 
0.257918 
0.824005 
0.046028 
0.590911 
0.440345 
0.875108 
0.941163 
0.123061 
0.284802 
0.666332 
0.050216 
0.984532 
0.026624 
0.474744 
0.026137 
0.287517 
0.293658 
0.515126 
0.721452 
0.445931 
0.764961 
0.696552 
0.953727 
0.292035 
0.237740 
0.700757 
0.615589 
0.204466 
0.454189 
0.560352 
0.844340 
0.820474 
0.710159 
0.640894 
0.510753 
0.223126 
0.082171 
0.045221 
0.021544 
0.091724 
0.611881 
0.883784 
0.754068 
0.628587 
0.663695 
0.725245 
0.196796 
0.548949 
0.189290 
0.400829 
0.739462 
0.133854 
0.678824 
0.996547 
0.972669 
0.642010 
0.257858 
0.815475 
0.692034 
0.022277 
0.408395 
0.890593 
0.203535 
0.812682 
0.740792 
0.493587 
0.719567 
0.756320 
0.474671 
0.787348 
0.960258 
0.060840 
0.537645 
0.192046 
0.710082 
0.354928 
0.273707 
0.201426 
0.361694 
0.994907 
0.399720 
0.096745 
0.992523 
0.332748 
0.494951 
0.635231 
0.320768 
0.147295 
0.584171 
0.160772 
0.091123 
0.503233 
0.835089 
0.341447 
0.697093 
0.041112 
0.974755 
0.711869 
0.376536 
0.441362 
0.970732 
0.087147 
0.675862 
0.204271 
0.174581 
0.176382 
0.456495 
0.317292 
0.730390 
0.669700 
0.652507 
0.678981 
0.640491 
0.725948 
0.009980 
0.738675 
0.907454 
0.579156 
0.869750 
0.881371 
0.198895 
0.831106 
0.402010 
0.576686 
0.361638 
0.042806 
0.433179 
0.442484 
0.828024 
0.600015 
0.453056 
0.516534 
0.391367 
0.701636 
0.389301 
0.982539 
0.531212 
0.075982 
0.034127 
0.573159 
0.079473 
0.705091 
0.467308 
0.047707 
0.817815 
0.020111 
0.009955 
0.311613 
0.284968 
0.463539 
0.708001 
0.371527 
0.252975 
0.747533 
0.791004 
0.409709 
0.974385 
0.484943 
0.440005 
0.156443 
0.331669 
0.358976 
0.302607 
0.908093 
0.324440 
0.859821 
0.008926 
0.025371 
0.404616 
0.387512 
0.905919 
0.784444 
0.156867 
0.456897 
0.071292 
0.210802 
0.950648 
0.543354 
0.149523 
0.039108 
0.288849 
0.683343 
0.950984 
0.182793 
0.201988 
0.810517 
0.355759 
0.238838 
0.152917 
0.074854 
0.072157 
0.742374 
0.081094 
0.947313 
0.488722 
0.943337 
0.663268 
0.539276 
0.619705 
0.387848 
0.563062 
0.375386 
0.107514 
0.990406 
0.746278 
0.698415 
0.257631 
0.005513 
0.649851 
0.039774 
0.479023 
0.938982 
0.463079 
0.976018 
0.929109 
0.530965 
0.936201 
0.726475 
0.871168 
0.716242 
0.876560 
0.348822 
0.656827 
0.289234 
0.148355 
0.398568 
0.737219 
0.436714 
0.850817 
0.686421 
0.679285 
0.746610 
0.267377 
0.812313 
0.550995 
0.572323 
0.026296 
0.953483 
0.194274 
0.156473 
0.843740 
0.744916 
0.803232 
0.927575 
0.752016 
0.140423 
0.091121 
0.464931 
0.089154 
0.409000 
0.063347 
0.678252 
0.388497 
0.475517 
0.012612 
0.964752 
0.583699 
0.227980 
0.652137 
0.459867 
0.978672 
0.535140 
0.103749 
0.712207 
0.055467 
0.233505 
0.526596 
0.502622 
0.574836 
0.274258 
0.453775 
0.597913 
0.118016 
0.502980 
0.590348 
0.980518 
0.572126 
0.720962 
0.204803 
0.131735 
0.070307 
0.658062 
0.054876 
0.309333 
0.955106 
0.463050 
0.485602 
0.508228 
0.790266 
0.001634 
0.465845 
0.450634 
0.806501 
0.855672 
0.277440 
0.930581 
0.282054 
0.479648 
0.448050 
0.379629 
0.423739 
0.777303 
0.123716 
0.295541 
0.155102 
0.799090 
0.306182 
0.999293 
0.117928 
0.014663 
0.443790 
0.783213 
0.452488 
0.973725 
0.393217 
0.798203 
0.403695 
0.898454 
0.310934 
0.869763 
0.101879 
0.276076 
0.011059 
0.869477 
0.293600 
0.536712 
0.524867 
0.446577 
0.618718 
0.800367 
0.771048 
0.009339 
0.965161 
0.460581 
0.983203 
0.692248 
0.616435 
0.427608 
0.811942 
0.314169 
0.240489 
0.900644 
0.122004 
0.515547 
0.799847 
0.036124 
0.130908 
0.176718 
0.093493 
0.329967 
0.752939 
0.637769 
0.984623 
0.565649 
0.854631 
0.790326 
0.001359 
0.839826 
0.963281 
0.857052 
0.477044 
0.685983 
0.315767 
0.103257 
0.443937 
0.249192 
0.168003 
0.632274 
0.628684 
0.295971 
0.377878 
0.998398 
0.079113 
0.657092 
0.747689 
0.411664 
0.838068 
0.416522 
0.481618 
0.549452 
0.639985 
0.221408 
0.209419 
0.704101 
0.824299 
0.995087 
0.432008 
0.755072 
0.496581 
0.033111 
0.497250 
0.277177 
0.522097 
0.887522 
0.580130 
0.249840 
0.053536 
0.779509 
0.203614 
0.132810 
0.140283 
0.732519 
0.447869 
0.335625 
0.853343 
0.132077 
0.824105 
0.740687 
0.731253 
0.171970 
0.305474 
0.096614 
0.793595 
0.949640 
0.601205 
0.459565 
0.906676 
0.498467 
0.740621 
0.614462 
0.255753 
0.448418 
0.557389 
0.039885 
0.349588 
0.522650 
0.179927 
0.026748 
0.560988 
0.528171 
0.975833 
0.824725 
0.146534 
0.795915 
0.941097 
0.017078 
0.022270 
0.300227 
0.906823 
0.982377 
0.809208 
0.364804 
0.258673 
0.515926 
0.167068 
0.919045 
0.396833 
0.578045 
0.207162 
0.765596 
0.370906 
0.816824 
0.368556 
0.318070 
0.804794 
0.173985 
0.168342 
0.326067 
0.211087 
0.746342 
0.769954 
0.622357 
0.952596 
0.274013 
0.333317 
0.057060 
0.005566 
0.546925 
0.164126 
0.472264 
0.334403 
0.309366 
0.515873 
0.277108 
0.362542 
0.248831 
0.095594 
0.646294 
0.259641 
0.786462 
0.073275 
0.536359 
0.584794 
0.633056 
0.780068 
0.605940 
0.027663 
0.928182 
0.948257 
0.360043 
0.238508 
0.608701 
0.442658 
0.750703 
0.071619 
0.704577 
0.821800 
0.988506 
0.820178 
0.730780 
0.222406 
0.981007 
0.791042 
0.049945 
0.423144 
0.778325 
0.314047 
0.180299 
0.287906 
0.843805 
0.830770 
0.750573 
0.876792 
0.247270 
0.865243 
0.145509 
0.576118 
0.816566 
0.030235 
0.159809 
0.906990 
0.774207 
0.100533 
0.650943 
0.392383 
0.777623 
0.506975 
0.721586 
0.697499 
0.871232 
0.791695 
0.010180 
0.098566 
0.606055 
0.966395 
0.205985 
0.987461 
0.253423 
0.273026 
0.740420 
0.240897 
0.760637 
0.018680 
0.959373 
0.189431 
0.773362 
0.893786 
0.864856 
0.631716 
0.253500 
0.574167 
0.029237 
0.381318 
0.803719 
0.104667 
0.143060 
0.403922 
0.711406 
0.600553 
0.493499 
0.235601 
0.744773 
0.393924 
0.677184 
0.431605 
0.990561 
0.360920 
0.974215 
0.639275 
0.300236 
0.061293 
0.143702 
0.191453 
0.742458 
0.485638 
0.113386 
0.686659 
0.671962 
0.669995 
0.611732 
0.387665 
0.486531 
0.133942 
0.166570 
0.540847 
0.010786 
0.280188 
0.113086 
0.643041 
0.591309 
0.131765 
0.579366 
0.401954 
0.647453 
0.748514 
0.267296 
0.444366 
0.455619 
0.584872 
0.945687 
0.166358 
0.974973 
0.369139 
0.116473 
0.564029 
0.636030 
0.749957 
0.522592 
0.200472 
0.335638 
0.066126 
0.381461 
0.221605 
0.520474 
0.606904 
0.234328 
0.354499 
0.070536 
0.504277 
0.380095 
0.255688 
0.351889 
0.192506 
0.445008 
0.255554 
0.103318 
0.465208 
0.746704 
0.862102 
0.346639 
0.958261 
0.499154 
0.276893 
0.734167 
0.146407 
0.667776 
0.317283 
0.573472 
0.337048 
0.765797 
0.743836 
0.657381 
0.594262 
0.765425 
0.501102 
0.014517 
0.986592 
0.653096 
0.583111 
0.343706 
0.660290 
0.496227 
0.087810 
0.816487 
0.694172 
0.949382 
0.255622 
0.234236 
0.807132 
0.471367 
0.264815 
0.745212 
0.779645 
0.493241 
0.907345 
0.744107 
0.204564 
0.101476 
0.502463 
0.896950 
0.041591 
0.025522 
0.951473 
0.414529 
0.989868 
0.710375 
0.271265 
0.155312 
0.330301 
0.366965 
0.587035 
0.305551 
0.395580 
0.514906 
0.031781 
0.139551 
0.436260 
0.219708 
0.634554 
0.954274 
0.476827 
0.039771 
0.438725 
0.650910 
0.851275 
0.386488 
0.710603 
0.110115 
0.703472 
0.252048 
0.173974 
0.982521 
0.224363 
0.873923 
0.016260 
0.277436 
0.874396 
0.972273 
0.989040 
0.798753 
0.643632 
0.515740 
0.044003 
0.553914 
0.626643 
0.994802 
0.637676 
0.416047 
0.499073 
0.924746 
0.213585 
0.726102 
0.601784 
0.187210 
0.432768 
0.532794 
0.666393 
0.062393 
0.635135 
0.707338 
0.237656 
0.280184 
0.060125 
0.526829 
0.410094 
0.446323 
0.343470 
0.705141 
0.296535 
0.870975 
0.468518 
0.377539 
0.297060 
0.694282 
0.803190 
0.216886 
0.200089 
0.887931 
0.448591 
0.470403 
0.062321 
0.428535 
0.395003 
0.809528 
0.730696 
0.802366 
0.370113 
0.494567 
0.194058 
0.537286 
0.166680 
0.397747 
0.929476 
0.710142 
0.360687 
0.063324 
0.285776 
0.031498 
0.379819 
0.625796 
0.753330 
0.218423 
0.034566 
0.944315 
0.103707 
0.999326 
0.672958 
0.411523 
0.462030 
0.333268 
0.239431 
0.121301 
0.703310 
0.526194 
0.746204 
0.449248 
0.511266 
0.840037 
0.502294 
0.061010 
0.403293 
0.147788 
0.865620 
0.476682 
0.595988 
0.764377 
0.889055 
0.347582 
0.816606 
0.704672 
0.428702 
0.195630 
0.949326 
0.317217 
0.458824 
0.462185 
0.944599 
0.874748 
0.881894 
0.989027 
0.577095 
0.230396 
0.261805 
0.154966 
0.520216 
0.264568 
0.597182 
0.831165 
0.383241 
0.126874 
0.378908 
0.303095 
0.125570 
0.450470 
0.046782 
0.263892 
0.239938 
0.638363 
0.964332 
0.529284 
0.669570 
0.460896 
0.283705 
0.237722 
0.388156 
0.733255 
0.816687 
0.050620 
0.771356 
0.176520 
0.764413 
0.495638 
0.183852 
0.007103 
0.383147 
0.553438 
0.627366 
0.142305 
0.727097 
0.326759 
0.835085 
0.273115 
0.240665 
0.851044 
0.500453 
0.121119 
0.643880 
0.694818 
0.802889 
0.150227 
0.872187 
0.847632 
0.150236 
0.017945 
0.607398 
0.543757 
0.918002 
0.864428 
0.439643 
0.076935 
0.040915 
0.655905 
0.797429 
0.383606 
0.266419 
0.696035 
0.254592 
0.935910 
0.832435 
0.740722 
0.306930 
0.565515 
0.610553 
0.565718 
0.020510 
0.711550 
0.014996 
0.032679 
0.233103 
0.769121 
0.619433 
0.805125 
0.742752 
0.434580 
0.981417 
0.667306 
0.413683 
0.770435 
0.701534 
0.674371 
0.159325 
0.781802 
0.741775 
0.011531 
0.798332 
0.569079 
0.510602 
0.680268 
0.270963 
0.075591 
0.465831 
0.221384 
0.801610 
0.664574 
0.497775 
0.112663 
0.529568 
0.448750 
0.142764 
0.429309 
0.399431 
0.234449 
0.379345 
0.658623 
0.468840 
0.800876 
0.328119 
0.691535 
0.622657 
0.003421 
0.500969 
0.784049 
0.506198 
0.669902 
0.047413 
0.877647 
0.605942 
0.062874 
0.716690 
0.416602 
0.826986 
0.158309 
0.706081 
0.096386 
0.963065 
0.226149 
0.887916 
0.197646 
0.842764 
0.333270 
0.270705 
0.746302 
0.102177 
0.292121 
0.684085 
0.410157 
0.501552 
0.583446 
0.970732 
0.093823 
0.877595 
0.735610 
0.403143 
0.626836 
0.228681 
0.446350 
0.801994 
0.109534 
0.945547 
0.806254 
0.702656 
0.539388 
0.499991 
0.341449 
0.741719 
0.069580 
0.436302 
0.934921 
0.215324 
0.946642 
0.219133 
0.973762 
0.023968 
0.823163 
0.903426 
0.888536 
0.620899 
0.447466 
0.568633 
0.020203 
0.546295 
0.574039 
0.876531 
0.860386 
0.515007 
0.716681 
0.252272 
0.928049 
0.713359 
0.429261 
0.582702 
0.477029 
0.430342 
0.765456 
0.011013 
0.096028 
0.940149 
0.085141 
0.966930 
0.191572 
0.758170 
0.569125 
0.286539 
0.862736 
0.005027 
0.484271 
0.140817 
0.710953 
0.993040 
0.028063 
0.660636 
0.305138 
0.459539 
0.465542 
0.371039 
0.046635 
0.799776 
0.830417 
0.813880 
0.887596 
0.830119 
0.807673 
0.557570 
0.085329 
0.122937 
0.199255 
0.871161 
0.610774 
0.273327 
0.811500 
0.887649 
0.717942 
0.454360 
0.425320 
0.356294 
0.238349 
0.929352 
0.612425 
0.024255 
0.657605 
0.373616 
0.363320 
0.311190 
0.163223 
0.285538 
0.044174 
0.428281 
0.115481 
0.894669 
0.695677 
0.241029 
0.982558 
0.859810 
0.821555 
0.879185 
0.457598 
0.844703 
0.925488 
0.682565 
0.861710 
0.756711 
0.036040 
0.728180 
0.527411 
0.195990 
0.008172 
0.348210 
0.363844 
0.131015 
0.963579 
0.880517 
0.847893 
0.540508 
0.324044 
0.213332 
0.463110 
0.494734 
0.990631 
0.540510 
0.349644 
0.473437 
0.048119 
0.739315 
0.672265 
0.756008 
0.232584 
0.039925 
0.026663 
0.119778 
0.107560 
0.766961 
0.320231 
0.125299 
0.899671 
0.769110 
0.437196 
0.947728 
0.472825 
0.766258 
0.496293 
0.202652 
0.979794 
0.405503 
0.284724 
0.350289 
0.313451 
0.171578 
0.713691 
0.999937 
0.944160 
0.500077 
0.797193 
0.428002 
0.437535 
0.654091 
0.304916 
0.718777 
0.480481 
0.450794 
0.501730 
0.576077 
0.127087 
0.945713 
0.597739 
0.206318 
0.578893 
0.453095 
0.161388 
0.447421 
0.802158 
0.866921 
0.339065 
0.673369 
0.317135 
0.092473 
0.200518 
0.100634 
0.358766 
0.779285 
0.437400 
0.386862 
0.991531 
0.657385 
0.665114 
0.577021 
0.996083 
0.174161 
0.128392 
0.890610 
0.478021 
0.105987 
0.330652 
0.271014 
0.932117 
0.092903 
0.423450 
0.930698 
0.243804 
0.610086 
0.722506 
0.163047 
0.326701 
0.867988 
0.280172 
0.846606 
0.912893 
0.985694 
0.553423 
0.387699 
0.060619 
0.825316 
0.083769 
0.903974 
0.085952 
0.593382 
0.976820 
0.406618 
0.020566 
0.659761 
0.607256 
0.151095 
0.448487 
0.716537 
0.838611 
0.542647 
0.276389 
0.269925 
0.633917 
0.245006 
0.823657 
0.207909 
0.320157 
0.872227 
0.515949 
0.556579 
0.423224 
0.118114 
0.136461 
0.499800 
0.145340 
0.734410 
0.234918 
0.271378 
0.048808 
0.319689 
0.007407 
0.482653 
0.945436 
0.943202 
0.395264 
0.203650 
0.753386 
0.166118 
0.945332 
0.192780 
0.048181 
0.784104 
0.440831 
0.044100 
0.190595 
0.335051 
0.202201 
0.387864 
0.831803 
0.119955 
0.083068 
0.118636 
0.907677 
0.318955 
0.675663 
0.862160 
0.329834 
0.524435 
0.173360 
0.658366 
0.151134 
0.113149 
0.694733 
0.376204 
0.863751 
0.066793 
0.597783 
0.944994 
0.509951 
0.750219 
0.936789 
0.617590 
0.827041 
0.078933 
0.627638 
0.706041 
0.436733 
0.169053 
0.275963 
0.102896 
0.378274 
0.648785 
0.130748 
0.479179 
0.569440 
0.576750 
0.436018 
0.155748 
0.664994 
0.556644 
0.516074 
0.660237 
0.596836 
0.028272 
0.164071 
0.538312 
0.403993 
0.903847 
0.961030 
0.031599 
0.087001 
0.226599 
0.453471 
0.489000 
0.617597 
0.949547 
0.039931 
0.117746 
0.956556 
0.842300 
0.537197 
0.665340 
0.372309 
0.404914 
0.396685 
0.088767 
0.903651 
0.670003 
0.733996 
0.270991 
0.552875 
0.166303 
0.056353 
0.121256 
0.941780 
0.504795 
0.081538 
0.415461 
0.660764 
0.454330 
0.920003 
0.487465 
0.825116 
0.724934 
0.962974 
0.705431 
0.174915 
0.794307 
0.911580 
0.929670 
0.968088 
0.648059 
0.935637 
0.245392 
0.311553 
0.271986 
0.264545 
0.199939 
0.367652 
0.123902 
0.422128 
0.712238 
0.591675 
0.281985 
0.314036 
0.999111 
0.056573 
0.824991 
0.621566 
0.656259 
0.752670 
0.117360 
0.468183 
0.754418 
0.500884 
0.359970 
0.021805 
0.481081 
0.528059 
0.083894 
0.011357 
0.871552 
0.171674 
0.321892 
0.042334 
0.503791 
0.222435 
0.472973 
0.256405 
0.400498 
0.170437 
0.526869 
0.088499 
0.404874 
0.724009 
0.415876 
0.626209 
0.691164 
0.389940 
0.728927 
0.068111 
0.743888 
0.530271 
0.266849 
0.938220 
0.667615 
0.610040 
0.942562 
0.633232 
0.722713 
0.630441 
0.828360 
0.249934 
0.634619 
0.043469 
0.590803 
0.632461 
0.777585 
0.867341 
0.401237 
0.585727 
0.313250 
0.790915 
0.913800 
0.236172 
0.350475 
0.429739 
0.624985 
0.129672 
0.392166 
0.137218 
0.230971 
0.928388 
0.423236 
0.321818 
0.802011 
0.395126 
0.890974 
0.600066 
0.304620 
0.748649 
0.539659 
0.046540 
0.194102 
0.274726 
0.314768 
0.309231 
0.238157 
0.703087 
0.790019 
0.842287 
0.313723 
0.735338 
0.817939 
0.109047 
0.760988 
0.928160 
0.591680 
0.366877 
0.104424 
0.050041 
0.034554 
0.751215 
0.671860 
0.949212 
0.398253 
0.445474 
0.082025 
0.601452 
0.610272 
0.841080 
0.025488 
0.379436 
0.186056 
0.041263 
0.513583 
0.781116 
0.209424 
0.792257 
0.465945 
0.133436 
0.667094 
0.845234 
0.852856 
0.943668 
0.229421 
0.871893 
0.902877 
0.654923 
0.286145 
0.243498 
0.473789 
0.971366 
0.746591 
0.959472 
0.852652 
0.526409 
0.358832 
0.897642 
0.661175 
0.364982 
0.260782 
0.964542 
0.057004 
0.064500 
0.048665 
0.913370 
0.004451 
0.803475 
0.999924 
0.730085 
0.546958 
0.724815 
0.970944 
0.655290 
0.463467 
0.493528 
0.732176 
0.685893 
0.796012 
0.569404 
0.980052 
0.731974 
0.294774 
0.261636 
0.316929 
0.629790 
0.884607 
0.593093 
0.111698 
0.308299 
0.572920 
0.060953 
0.443929 
0.114179 
0.009620 
0.684861 
0.455258 
0.528358 
0.112955 
0.431724 
0.983883 
0.114795 
0.360541 
0.617325 
0.386234 
0.433336 
0.078139 
0.282786 
0.781949 
0.223384 
0.408009 
0.400710 
0.728860 
0.944542 
0.915947 
0.319006 
0.536610 
0.808083 
0.448908 
0.790847 
0.766079 
0.482617 
0.341186 
0.305193 
0.375153 
0.202915 
0.393288 
0.984219 
0.771648 
0.084584 
0.610576 
0.949687 
0.395934 
0.464262 
0.849118 
0.126114 
0.589744 
0.825037 
0.401307 
0.766092 
0.710920 
0.430003 
0.068047 
0.658152 
0.555998 
0.651712 
0.322719 
0.934304 
0.840039 
0.537043 
0.088790 
0.290924 
0.554373 
0.352154 
0.655469 
0.474084 
0.923720 
0.965097 
0.384040 
0.565831 
0.913364 
0.914839 
0.695800 
0.318985 
0.186075 
0.362090 
0.642132 
0.310088 
0.654282 
0.519620 
0.259870 
0.633389 
0.368432 
0.242799 
0.718739 
0.844331 
0.664761 
0.634326 
0.117404 
0.207728 
0.286171 
0.670200 
0.045536 
0.329137 
0.810434 
0.962023 
0.726450 
0.445930 
0.742061 
0.816984 
0.052554 
0.281749 
0.360804 
0.026177 
0.963042 
0.846304 
0.832906 
0.648939 
0.717261 
0.008170 
0.305556 
0.482899 
0.082009 
0.320361 
0.299073 
0.520328 
0.147350 
0.511337 
0.047920 
0.386827 
0.408411 
0.171404 
0.779374 
0.931642 
0.107526 
0.182066 
0.975172 
0.717150 
0.140712 
0.942390 
0.741365 
0.115380 
0.197074 
0.228664 
0.157408 
0.558393 
0.916644 
0.041326 
0.572615 
0.948456 
0.699202 
0.493509 
0.397442 
0.814694 
0.556381 
0.103262 
0.525308 
0.847575 
0.196538 
0.217696 
0.809652 
0.814631 
0.500753 
0.154860 
0.723845 
0.659131 
0.018789 
0.783684 
0.384772 
0.862755 
0.322237 
0.842362 
0.580131 
0.259450 
0.581940 
0.662844 
0.425976 
0.370978 
0.022164 
0.503308 
0.093741 
0.511612 
0.656219 
0.072629 
0.667410 
0.166132 
0.185805 
0.822858 
0.777311 
0.268058 
0.246968 
0.784059 
0.683473 
0.132341 
0.263566 
0.761785 
0.316636 
0.707403 
0.324292 
0.381304 
0.569875 
0.887095 
0.411638 
0.396630 
0.159119 
0.319025 
0.847411 
0.436726 
0.047463 
0.704886 
0.018611 
0.789824 
0.576985 
0.380829 
0.594022 
0.727199 
0.027789 
0.047187 
0.067473 
0.012238 
0.679027 
0.403765 
0.080275 
0.174633 
0.051441 
0.565050 
0.792762 
0.942991 
0.841748 
0.260171 
0.690476 
0.825619 
0.177788 
0.087983 
0.722457 
0.332599 
0.983539 
0.342856 
0.373323 
0.447812 
0.372590 
0.128512 
0.897181 
0.925372 
0.732124 
0.803375 
0.331945 
0.002063 
0.673876 
0.832749 
0.019005 
0.416622 
0.173726 
0.808475 
0.044275 
0.131831 
0.682751 
0.993940 
0.152592 
0.620063 
0.390728 
0.967332 
0.946747 
0.969250 
0.190871 
0.974906 
0.248364 
0.247522 
0.103864 
0.643888 
0.817723 
0.472314 
0.176207 
0.513859 
0.424328 
0.685298 
0.806598 
0.498912 
0.214514 
0.335240 
0.381053 
0.354350 
0.556730 
0.961339 
0.217422 
0.209265 
0.113534 
0.158735 
0.855414 
0.945090 
0.135652 
0.911110 
0.029921 
0.881643 
0.770364 
0.500076 
0.782362 
0.163894 
0.565450 
0.512091 
0.711001 
0.791119 
0.330934 
0.002156 
0.235041 
0.333039 
0.390650 
0.651688 
0.918409 
0.692168 
0.269094 
0.671228 
0.333305 
0.859358 
0.229500 
0.200881 
0.203144 
0.239079 
0.206397 
0.915316 
0.714260 
0.570601 
0.085298 
0.602851 
0.118619 
0.630686 
0.933557 
0.292100 
0.316691 
0.631768 
0.120912 
0.170303 
0.278306 
0.492739 
0.462176 
0.789206 
0.191964 
0.338222 
0.490658 
0.483596 
0.795751 
0.190950 
0.296013 
0.090078 
0.937119 
0.163433 
0.819097 
0.566294 
0.697620 
0.898144 
0.105757 
0.454549 
0.602983 
0.329036 
0.111266 
0.055915 
0.766159 
0.833088 
0.712681 
0.025959 
0.290017 
0.320799 
0.676725 
0.720925 
0.594002 
0.396597 
0.608542 
0.767167 
0.768600 
0.858595 
0.405078 
0.145087 
0.476905 
0.335857 
0.754130 
0.670293 
0.606373 
0.304840 
0.446655 
0.933783 
0.094909 
0.133337 
0.991006 
0.844063 
0.172660 
0.890065 
0.330624 
0.791508 
0.874913 
0.666023 
0.847168 
0.347596 
0.052376 
0.280540 
0.039033 
0.030854 
0.562353 
0.462705 
0.677888 
0.261781 
0.748825 
0.498238 
0.881978 
0.407236 
0.408146 
0.715225 
0.793561 
0.373291 
0.895411 
0.172428 
0.993661 
