0.000001 
0.012624 
0.170452 
0.791385 
0.802663 
0.353554 
0.181168 
0.882966 
0.008788 
0.705103 
0.659641 
0.588851 
0.818608 
0.347103 
0.764814 
0.233617 
0.406412 
0.563957 
0.417174 
0.449445 
0.816529 
0.404877 
0.764385 
0.019325 
0.794066 
0.867194 
0.936118 
0.339369 
0.771286 
0.006963 
0.020429 
0.347500 
0.425438 
0.336679 
0.560261 
0.300080 
0.441807 
0.446010 
0.090114 
0.543303 
0.291276 
0.473722 
0.853612 
0.651226 
0.162962 
0.899461 
0.242329 
0.826800 
0.032598 
0.881176 
0.931597 
0.356077 
0.581337 
0.530162 
0.424733 
0.494412 
0.576114 
0.752539 
0.919590 
0.552668 
0.690260 
0.205438 
0.795429 
0.778937 
0.600134 
0.453727 
0.784393 
0.291090 
0.352159 
0.743735 
0.957258 
0.640544 
0.621285 
0.932944 
0.987534 
0.482546 
0.151116 
0.800666 
0.785466 
0.322505 
0.339934 
0.269305 
0.214351 
0.594602 
0.478401 
0.482624 
0.453533 
0.530142 
0.089553 
0.125559 
0.266981 
0.143339 
0.097114 
0.187595 
0.910482 
0.466209 
0.568256 
0.686283 
0.356661 
0.408760 
0.031515 
0.671313 
0.750715 
0.273555 
0.642586 
0.950323 
0.079210 
0.280438 
0.315706 
0.067594 
0.048432 
0.996906 
0.996046 
0.543747 
0.759557 
0.881907 
0.209895 
0.705014 
0.168193 
0.827178 
0.379173 
0.767413 
0.910682 
0.838356 
0.255034 
0.351457 
0.939003 
0.828344 
0.976128 
0.785101 
0.191272 
0.715938 
0.770660 
0.490451 
0.011443 
0.319117 
0.400969 
0.082285 
0.970734 
0.132023 
0.913539 
0.845188 
0.074437 
0.063722 
0.968470 
0.071122 
0.340677 
0.755291 
0.181572 
0.679894 
0.973968 
0.481243 
0.246462 
0.287690 
0.208363 
0.949724 
0.011149 
0.386712 
0.472285 
0.695684 
0.356742 
0.768756 
0.484498 
0.963756 
0.842790 
0.769168 
0.399354 
0.940327 
0.079925 
0.296176 
0.834926 
0.607101 
0.550823 
0.676065 
0.626264 
0.625531 
0.291853 
0.181527 
0.931411 
0.226061 
0.410649 
0.782445 
0.560173 
0.827619 
0.790808 
0.105087 
0.195644 
0.182489 
0.091001 
0.452583 
0.566915 
0.146136 
0.106827 
0.435100 
0.726672 
0.175617 
0.601152 
0.555697 
0.607523 
0.639807 
0.236885 
0.326213 
0.659324 
0.265691 
0.471238 
0.097975 
0.667036 
0.867721 
0.783116 
0.838926 
0.827943 
0.243940 
0.900505 
0.782358 
0.083008 
0.122409 
0.331086 
0.561887 
0.641720 
0.387743 
0.796047 
0.168192 
0.804685 
0.339570 
0.157717 
0.750203 
0.665316 
0.966332 
0.145230 
0.881807 
0.530474 
0.668745 
0.600130 
0.388619 
0.521533 
0.410415 
0.841712 
0.653087 
0.435787 
0.276382 
0.145705 
0.866144 
0.277333 
0.128763 
0.126316 
0.999951 
0.180078 
0.575163 
0.764026 
0.977579 
0.173140 
0.959804 
0.417827 
0.416802 
0.191339 
0.833450 
0.788354 
0.863197 
0.746480 
0.087413 
0.145266 
0.488945 
0.705927 
0.507220 
0.842764 
0.339829 
0.499372 
0.943562 
0.450988 
0.751066 
0.171883 
0.833545 
0.390185 
0.833834 
0.243379 
0.468564 
0.148515 
0.084570 
0.374572 
0.427686 
0.117443 
0.869534 
0.253074 
0.411850 
0.959342 
0.659500 
0.218189 
0.101815 
0.205773 
0.429304 
0.308035 
0.136159 
0.420393 
0.542382 
0.813042 
0.795498 
0.941091 
0.909371 
0.799230 
0.659782 
0.963708 
0.039656 
0.492886 
0.936796 
0.722439 
0.038789 
0.923434 
0.163455 
0.188721 
0.832952 
0.425777 
0.026574 
0.636845 
0.459001 
0.426117 
0.751884 
0.921921 
0.732005 
0.802275 
0.829508 
0.544047 
0.797595 
0.176117 
0.001530 
0.719836 
0.290864 
0.548356 
0.221791 
0.636144 
0.668826 
0.957489 
0.513368 
0.174983 
0.937395 
0.794765 
0.620609 
0.571756 
0.499687 
0.238555 
0.393858 
0.576640 
0.587837 
0.770154 
0.979368 
0.245291 
0.598494 
0.886304 
0.104807 
0.483113 
0.676425 
0.680321 
0.155398 
0.766416 
0.156476 
0.896842 
0.228809 
0.585344 
0.868720 
0.577722 
0.778502 
0.288842 
0.562035 
0.115267 
0.300299 
0.124943 
0.918337 
0.488371 
0.047287 
0.749805 
0.980564 
0.332270 
0.460173 
0.127327 
0.984448 
0.621008 
0.287994 
0.310271 
0.723823 
0.297819 
0.445261 
0.508380 
0.342782 
0.130473 
0.852441 
0.980610 
0.111612 
0.861578 
0.549706 
0.905935 
0.049743 
0.024809 
0.966109 
0.393464 
0.954616 
0.229146 
0.261754 
0.305696 
0.828673 
0.508635 
0.636766 
0.127164 
0.246096 
0.127391 
0.053022 
0.132913 
0.860660 
0.106033 
0.098583 
0.890324 
0.681936 
0.302498 
0.077553 
0.425020 
0.308591 
0.494970 
0.965143 
0.164689 
0.934047 
0.521832 
0.430898 
0.096663 
0.621985 
0.698364 
0.402138 
0.741428 
0.187687 
0.452503 
0.225069 
0.729283 
0.063126 
0.952682 
0.718283 
0.185203 
0.707612 
0.842261 
0.880150 
0.673412 
0.038695 
0.350389 
0.988803 
0.808197 
0.366986 
0.940427 
0.762837 
0.998299 
0.402963 
0.603619 
0.022651 
0.688860 
0.677134 
0.584463 
0.077297 
0.129634 
0.766636 
0.847963 
0.719989 
0.857944 
0.469018 
0.789892 
0.714015 
0.453766 
0.446441 
0.335665 
0.517575 
0.875695 
0.803405 
0.836034 
0.219460 
0.457073 
0.029096 
0.023999 
0.358855 
0.270411 
0.806024 
0.846479 
0.766566 
0.668060 
0.083049 
0.799570 
0.375129 
0.801180 
0.427084 
0.007426 
0.801726 
0.609521 
0.216583 
0.102492 
0.591153 
0.500454 
0.128076 
0.580974 
0.427949 
0.542856 
0.780301 
0.526904 
0.670296 
0.660969 
0.912450 
0.549383 
0.477104 
0.679157 
0.592621 
0.174249 
0.604328 
0.944387 
0.307708 
0.641116 
0.240120 
0.689168 
0.841066 
0.795534 
0.536145 
0.990479 
0.983087 
0.746613 
0.322303 
0.944511 
0.389146 
0.378948 
0.986768 
0.609053 
0.353390 
0.429056 
0.145917 
0.419660 
0.220812 
0.191674 
0.466815 
0.767495 
0.284875 
0.900887 
0.215531 
0.434871 
0.874384 
0.777075 
0.305066 
0.246412 
0.450691 
0.768072 
0.982937 
0.214141 
0.061740 
0.663144 
0.462158 
0.490732 
0.735338 
0.818049 
0.950577 
0.339463 
0.349262 
0.050421 
0.432306 
0.763048 
0.554147 
0.544704 
0.836916 
0.040889 
0.221041 
0.031768 
0.929484 
0.830488 
0.017255 
0.006363 
0.948854 
0.393307 
0.315228 
0.030860 
0.656081 
0.759256 
0.807226 
0.055761 
0.169260 
0.753453 
0.288302 
0.491085 
0.661903 
0.597347 
0.614441 
0.903763 
0.536396 
0.208023 
0.250202 
0.143085 
0.833245 
0.348312 
0.086107 
0.205136 
0.715176 
0.969898 
0.073391 
0.480093 
0.915244 
0.504061 
0.750882 
0.078722 
0.074302 
0.787931 
0.752745 
0.377507 
0.762065 
0.034160 
0.134576 
0.811168 
0.297274 
0.275872 
0.572716 
0.636087 
0.718611 
0.691555 
0.959990 
0.545166 
0.601566 
0.522035 
0.839665 
0.248751 
0.764462 
0.304673 
0.639626 
0.196074 
0.423234 
0.301071 
0.095334 
0.285417 
0.009474 
0.234119 
0.843817 
0.033371 
0.869294 
0.231768 
0.323235 
0.610718 
0.341966 
0.420098 
0.587492 
0.976293 
0.554806 
0.625270 
0.905831 
0.300447 
0.619168 
0.353729 
0.126528 
0.551080 
0.004533 
0.178450 
0.216234 
0.251115 
0.495385 
0.936920 
0.815594 
0.688690 
0.811250 
0.682588 
0.253600 
0.248376 
0.461339 
0.716236 
0.781290 
0.139327 
0.673240 
0.141178 
0.772774 
0.008393 
0.063106 
0.616515 
0.775669 
0.669799 
0.308496 
0.891112 
0.926219 
0.966012 
0.762512 
0.531869 
0.124843 
0.243463 
0.875557 
0.485916 
0.786973 
0.660688 
0.190559 
0.724125 
0.362458 
0.836414 
0.602505 
0.309403 
0.128983 
0.815894 
0.727878 
0.441515 
0.548206 
0.689992 
0.687831 
0.369517 
0.474412 
0.443134 
0.754042 
0.192228 
0.774317 
0.950506 
0.158691 
0.111627 
0.119857 
0.428252 
0.637173 
0.962746 
0.876411 
0.838217 
0.912844 
0.169137 
0.689835 
0.062013 
0.257755 
0.088368 
0.196023 
0.550986 
0.414582 
0.882176 
0.728214 
0.100865 
0.232803 
0.721340 
0.560676 
0.284864 
0.708515 
0.016699 
0.656051 
0.254142 
0.358380 
0.288266 
0.889746 
0.955951 
0.662416 
0.231554 
0.733076 
0.807315 
0.534937 
0.679681 
0.403743 
0.704585 
0.966188 
0.729159 
0.982767 
0.367064 
0.245169 
0.559036 
0.717167 
0.425106 
0.762535 
0.927563 
0.543874 
0.892947 
0.767577 
0.664672 
0.144475 
0.189440 
0.911779 
0.271107 
0.500584 
0.317949 
0.774861 
0.086337 
0.060319 
0.782700 
0.839953 
0.083225 
0.760802 
0.801878 
0.164517 
0.042900 
0.015976 
0.513220 
0.692779 
0.544045 
0.766383 
0.603418 
0.647505 
0.623110 
0.615121 
0.339121 
0.607861 
0.323653 
0.634759 
0.402220 
0.107083 
0.742491 
0.047595 
0.921189 
0.415608 
0.127385 
0.955943 
0.538188 
0.332243 
0.009797 
0.653770 
0.920577 
0.140517 
0.664550 
0.084935 
0.494339 
0.348822 
0.654291 
0.670990 
0.332230 
0.795926 
0.120634 
0.493938 
0.608362 
0.734253 
0.587250 
0.906111 
0.012704 
0.521409 
0.318223 
0.370959 
0.704726 
0.330621 
0.741873 
0.662261 
0.617070 
0.088031 
0.537777 
0.413216 
0.923584 
0.678999 
0.933048 
0.740007 
0.292529 
0.539256 
0.279556 
0.492500 
0.444548 
0.523352 
0.977842 
0.586249 
0.093168 
0.880090 
0.677241 
0.382869 
0.882559 
0.165411 
0.063150 
0.365914 
0.913497 
0.146215 
0.434578 
0.952396 
0.925188 
0.629148 
0.095746 
0.200617 
0.773708 
0.717888 
0.551432 
0.910702 
0.170273 
0.772629 
0.573171 
0.291098 
0.486883 
0.035220 
0.947275 
0.843915 
0.676510 
0.096377 
0.813557 
0.459782 
0.559446 
0.604176 
0.390228 
0.555934 
0.577402 
0.393616 
0.502936 
0.853730 
0.643898 
0.999201 
0.570545 
0.152418 
0.693118 
0.231029 
0.910911 
0.677159 
0.013967 
0.739572 
0.994111 
0.027226 
0.581185 
0.981176 
0.619437 
0.885815 
0.897348 
0.725452 
0.664277 
0.497524 
0.882894 
0.800428 
0.796764 
0.220316 
0.843083 
0.688221 
0.924571 
0.264249 
0.236792 
0.758536 
0.719595 
0.230418 
0.639263 
0.090951 
0.609300 
0.501781 
0.428275 
0.013762 
0.298036 
0.093304 
0.165265 
0.606774 
0.047265 
0.382678 
0.674460 
0.642211 
0.641135 
0.548987 
0.827977 
0.805106 
0.422990 
0.195170 
0.214768 
0.598866 
0.142664 
0.754959 
0.599649 
0.298634 
0.146072 
0.034152 
0.997395 
0.216817 
0.047186 
0.056359 
0.228579 
0.719469 
0.120578 
0.550797 
0.252588 
0.248086 
0.577152 
0.191865 
0.679078 
0.268798 
0.688922 
0.719684 
0.733222 
0.262267 
0.913708 
0.690331 
0.401174 
0.533315 
0.426878 
0.543240 
0.230560 
0.025758 
0.908689 
0.340197 
0.686508 
0.141979 
0.238449 
0.612858 
0.311419 
0.018297 
0.511533 
0.335754 
0.017013 
0.937450 
0.715874 
0.697509 
0.028941 
0.409663 
0.213028 
0.357375 
0.398656 
0.212959 
0.202046 
0.790370 
0.755297 
0.269572 
0.690784 
0.000211 
0.543326 
0.681280 
0.264781 
0.178027 
0.104600 
0.019937 
0.073634 
0.569644 
0.013371 
0.731094 
0.497567 
0.607123 
0.912730 
0.246464 
0.327573 
0.524931 
0.514446 
0.292222 
0.368554 
0.288299 
0.435048 
0.851340 
0.463240 
0.679496 
0.290343 
0.788622 
0.368571 
0.578829 
0.380819 
0.432110 
0.473438 
0.064883 
0.493258 
0.178865 
0.184591 
0.420007 
0.050503 
0.796231 
0.248001 
0.160462 
0.879145 
0.781681 
0.715168 
0.827442 
0.822571 
0.952018 
0.565543 
0.074805 
0.255773 
0.772617 
0.378725 
0.234752 
0.472653 
0.872693 
0.345261 
0.802931 
0.853020 
0.702487 
0.694354 
0.014783 
0.450330 
0.704412 
0.056203 
0.611848 
0.323079 
0.992313 
0.796489 
0.592294 
0.682055 
0.303810 
0.131510 
0.284380 
0.568426 
0.536318 
0.894516 
0.131680 
0.146256 
0.122954 
0.490090 
0.946907 
0.660152 
0.170880 
0.974810 
0.629972 
0.942925 
0.746103 
0.759057 
0.479000 
0.559050 
0.961154 
0.115652 
0.758455 
0.345425 
0.562500 
0.945581 
0.383487 
0.272220 
0.209927 
0.240471 
0.589045 
0.076507 
0.845249 
0.103495 
0.441333 
0.489864 
0.142368 
0.773655 
0.822865 
0.889980 
0.886056 
0.941186 
0.511358 
0.400623 
0.268788 
0.517862 
0.698249 
0.467695 
0.546333 
0.220200 
0.899396 
0.146998 
0.587199 
0.045336 
0.960613 
0.025653 
0.142113 
0.499119 
0.697577 
0.175551 
0.484853 
0.926361 
0.353602 
0.995540 
0.047511 
0.520589 
0.544580 
0.754530 
0.386984 
0.046148 
0.615217 
0.952324 
0.702904 
0.715085 
0.434552 
0.516264 
0.850406 
0.766964 
0.358494 
0.213545 
0.054091 
0.109605 
0.136219 
0.439190 
0.473953 
0.735859 
0.576422 
0.916221 
0.921451 
0.832146 
0.874301 
0.373338 
0.687385 
0.875823 
0.963029 
0.636370 
0.463277 
0.291776 
0.886122 
0.059793 
0.944342 
0.558114 
0.214843 
0.873570 
0.096832 
0.460601 
0.322586 
0.696893 
0.685627 
0.331929 
0.730425 
0.260325 
0.283227 
0.190226 
0.131346 
0.538287 
0.983936 
0.007682 
0.112177 
0.361719 
0.403835 
0.249151 
0.474830 
0.461916 
0.420903 
0.112436 
0.716428 
0.002224 
0.384500 
0.287984 
0.144321 
0.596563 
0.442567 
0.227864 
0.711878 
0.532195 
0.596430 
0.204985 
0.179621 
0.883446 
0.083527 
0.844953 
0.116736 
0.982711 
0.424300 
0.203209 
0.341924 
0.722275 
0.283688 
0.938950 
0.933093 
0.500080 
0.847900 
0.661332 
0.004418 
0.248296 
0.103847 
0.355345 
0.282550 
0.815295 
0.663143 
0.451350 
0.837047 
0.244388 
0.422217 
0.199022 
0.956826 
0.380647 
0.538247 
0.323969 
0.952159 
0.937778 
0.230694 
0.273773 
0.296804 
0.390523 
0.515801 
0.072184 
0.199293 
0.520241 
0.697233 
0.400724 
0.960191 
0.938484 
0.098060 
0.099606 
0.070614 
0.803712 
0.993674 
0.674148 
0.409242 
0.135235 
0.895592 
0.214318 
0.048854 
0.085358 
0.612296 
0.862534 
0.605142 
0.627572 
0.610381 
0.672544 
0.446367 
0.092094 
0.820728 
0.968025 
0.590694 
0.785845 
0.699548 
0.302780 
0.819910 
0.221594 
0.331154 
0.707809 
0.141584 
0.607808 
0.431063 
0.881560 
0.370829 
0.518187 
0.171831 
0.971353 
0.529754 
0.573514 
0.051596 
0.165854 
0.509753 
0.414425 
0.243038 
0.739137 
0.674562 
0.363167 
0.748445 
0.114495 
0.322786 
0.058475 
0.796390 
0.929918 
0.135089 
0.444138 
0.632938 
0.793783 
0.104536 
0.930522 
0.276600 
0.820005 
0.832308 
0.597181 
0.816748 
0.090635 
0.301871 
0.545365 
0.945844 
0.802749 
0.794287 
0.577973 
0.999913 
0.535624 
0.227536 
0.199375 
0.891116 
0.987742 
0.984565 
0.575949 
0.980556 
0.208097 
0.481626 
0.693285 
0.041455 
0.736020 
0.281543 
0.900390 
0.856225 
0.581044 
0.607774 
0.864419 
0.282622 
0.034291 
0.331336 
0.758308 
0.888344 
0.405451 
0.410283 
0.633220 
0.530802 
0.192338 
0.630255 
0.690049 
0.649191 
0.945261 
0.009769 
0.190739 
0.750417 
0.262840 
0.546795 
0.976867 
0.211998 
0.048193 
0.981047 
0.457732 
0.096428 
0.662515 
0.889813 
0.091166 
0.218587 
0.783539 
0.934711 
0.695101 
0.564914 
0.501263 
0.730925 
0.648252 
0.170745 
0.705499 
0.327536 
0.890518 
0.929801 
0.169199 
0.730210 
0.643267 
0.384445 
0.367705 
0.010426 
0.233543 
0.149505 
0.726719 
0.958035 
0.696908 
0.930968 
0.778512 
0.446066 
0.024661 
0.470585 
0.122799 
0.885975 
0.589431 
0.567666 
0.760584 
0.135302 
0.026150 
0.505505 
0.015671 
0.390165 
0.503577 
0.611795 
0.435178 
0.030248 
0.372686 
0.734827 
0.238971 
0.384121 
0.919800 
0.082251 
0.391184 
0.627273 
0.583825 
0.344269 
0.127739 
0.917015 
0.267594 
0.459973 
0.762528 
0.811654 
0.469232 
0.378126 
0.159123 
0.381886 
0.358925 
0.458673 
0.925322 
0.891337 
0.698795 
0.652182 
0.218391 
0.489561 
0.047362 
0.015885 
0.980089 
0.360847 
0.750664 
0.416090 
0.230980 
0.075618 
0.912106 
0.769140 
0.928293 
0.812397 
0.951187 
0.603386 
0.107674 
0.672635 
0.982417 
0.487622 
0.454893 
0.394817 
0.685311 
0.029509 
0.958194 
0.365301 
0.608298 
0.657509 
0.749895 
0.481489 
0.386204 
0.937653 
0.132327 
0.019705 
0.175844 
0.410402 
0.627943 
0.829942 
0.832017 
0.706678 
0.141382 
0.214928 
0.300685 
0.617887 
0.824287 
0.798191 
0.204334 
0.236376 
0.776562 
0.674952 
0.922040 
0.728723 
0.643550 
0.148544 
0.576254 
0.104574 
0.576448 
0.353331 
0.438457 
0.144996 
0.942819 
0.956314 
0.776900 
0.364684 
0.236331 
0.019932 
0.996208 
0.266306 
0.809919 
0.305339 
0.831287 
0.443892 
0.500341 
0.237820 
0.048230 
0.608111 
0.528393 
0.706053 
0.628385 
0.266409 
0.539092 
0.527327 
0.782384 
0.521340 
0.159310 
0.518366 
0.179826 
0.336386 
0.634892 
0.623868 
0.344390 
0.158487 
0.684593 
0.958571 
0.702954 
0.541456 
0.246527 
0.371024 
0.800535 
0.594028 
0.821060 
0.560482 
0.021816 
0.658505 
0.489716 
0.656548 
0.609847 
0.704824 
0.976428 
0.823342 
0.905465 
0.153312 
0.710386 
0.465070 
0.425560 
0.384894 
0.920182 
0.502136 
0.391882 
0.361411 
0.241890 
0.448679 
0.939733 
0.098205 
0.527330 
0.829420 
0.063447 
0.347296 
0.005659 
0.110923 
0.281096 
0.373035 
0.600816 
0.915789 
0.662791 
0.532079 
0.650967 
0.804684 
0.319840 
0.550953 
0.869186 
0.408333 
0.860127 
0.149121 
0.282330 
0.112522 
0.162506 
0.239340 
0.579882 
0.072859 
0.546777 
0.685421 
0.876305 
0.061600 
0.308784 
0.738578 
0.275288 
0.768052 
0.646622 
0.772309 
0.189835 
0.549675 
0.388432 
0.376577 
0.134090 
0.643436 
0.225425 
0.716338 
0.497988 
0.690081 
0.189453 
0.130315 
0.200766 
0.267996 
0.205583 
0.234431 
0.083697 
0.687138 
0.722189 
0.833493 
0.512958 
0.289312 
0.465235 
0.209877 
0.399942 
0.825212 
0.331719 
0.197031 
0.500499 
0.881599 
0.039216 
0.108370 
0.377558 
0.609920 
0.917363 
0.125945 
0.755909 
0.570404 
0.781404 
0.057124 
0.087460 
0.936144 
0.777051 
0.890550 
0.479001 
0.570407 
0.822485 
0.498974 
0.259796 
0.390687 
0.272280 
0.207319 
0.416192 
0.931305 
0.449319 
0.701985 
0.262201 
0.807224 
0.009382 
0.676328 
0.036314 
0.327620 
0.312436 
0.109764 
0.810952 
0.662128 
0.393262 
0.546295 
0.574712 
0.188781 
0.842444 
0.958918 
0.534663 
0.082762 
0.973886 
0.095725 
0.848751 
0.966291 
0.458208 
0.100150 
0.228475 
0.984215 
0.693728 
0.494366 
0.803988 
0.628974 
0.165318 
0.506603 
0.472919 
0.348992 
0.514727 
0.022565 
0.254623 
0.456692 
0.619934 
0.230071 
0.804008 
0.963027 
0.592730 
0.008570 
0.036500 
0.452987 
0.349677 
0.027919 
0.237334 
0.865182 
0.116811 
0.249245 
0.053017 
0.056895 
0.234123 
0.911539 
0.229852 
0.122147 
0.931359 
0.358140 
0.264558 
0.419030 
0.636493 
0.539292 
0.873921 
0.998283 
0.135137 
0.248971 
0.452920 
0.222696 
0.849502 
0.582148 
0.163485 
0.700159 
0.564332 
0.722371 
0.895395 
0.910276 
0.003909 
0.697698 
0.203402 
0.583450 
0.043369 
0.896034 
0.650590 
0.467485 
0.015874 
0.787044 
0.849764 
0.989787 
0.351936 
0.994302 
0.228328 
0.509603 
0.892033 
0.403146 
0.677425 
0.488944 
0.679153 
0.516447 
0.916957 
0.297727 
0.902653 
0.884186 
0.511356 
0.354870 
0.298878 
0.249148 
0.429578 
0.910425 
0.510930 
0.197373 
0.256261 
0.980209 
0.372529 
0.092191 
0.452502 
0.202239 
0.033555 
0.962401 
0.070247 
0.636252 
0.481257 
0.478467 
0.593882 
0.372534 
0.174235 
0.363135 
0.212832 
0.062888 
0.961351 
0.419397 
0.804963 
0.020083 
0.542689 
0.979510 
0.624812 
0.216063 
0.372858 
0.632266 
0.501208 
0.808477 
0.078390 
0.505049 
0.366350 
0.249865 
0.484980 
0.063156 
0.458210 
0.138633 
0.999780 
0.295584 
0.876427 
0.110872 
0.426307 
0.947352 
0.143131 
0.607030 
0.357888 
0.028707 
0.485029 
0.879172 
0.245691 
0.327551 
0.155785 
0.271593 
0.655990 
0.217782 
0.256012 
0.787106 
0.897927 
0.451140 
0.305922 
0.630520 
0.146133 
0.056550 
0.436349 
0.718082 
0.807170 
0.104419 
0.961885 
0.392908 
0.612866 
0.436774 
0.859049 
0.041979 
0.534917 
0.349855 
0.006737 
0.229492 
0.073679 
0.319473 
0.385778 
0.765803 
0.849406 
0.970605 
0.954453 
0.497055 
0.998367 
0.554981 
0.571420 
0.859262 
0.612329 
0.416179 
0.719813 
0.903670 
0.979363 
0.159686 
0.838167 
0.075289 
0.389664 
0.075070 
0.700845 
0.106309 
0.733124 
0.622329 
0.485580 
0.151119 
0.852531 
0.486388 
0.718975 
0.814358 
0.917788 
0.256879 
0.359274 
0.314880 
0.179905 
0.663354 
0.998409 
0.261851 
0.932908 
0.376357 
0.433594 
0.420295 
0.894563 
0.926362 
0.361726 
0.531764 
0.365836 
0.599426 
0.556972 
0.034165 
0.219296 
0.707724 
0.724886 
0.163550 
0.778061 
0.869279 
0.976581 
0.402115 
0.343583 
0.595764 
0.011555 
0.204262 
0.039537 
0.491848 
0.486661 
0.309266 
0.831709 
0.528940 
0.897654 
0.868292 
0.381008 
0.600029 
0.681633 
0.209175 
0.600407 
0.037389 
0.389237 
0.904535 
0.516273 
0.998903 
0.564956 
0.213878 
0.641148 
0.779654 
0.641207 
0.760767 
0.218328 
0.443958 
0.598866 
0.144840 
0.322464 
0.657928 
0.803371 
0.255364 
0.904806 
0.075798 
0.941209 
0.891587 
0.900984 
0.842156 
0.117221 
0.128944 
0.161844 
0.114923 
0.504739 
0.156681 
0.331961 
0.268629 
0.850940 
0.750023 
0.642498 
0.468729 
0.923612 
0.148104 
0.176532 
0.967414 
0.322787 
0.074699 
0.474225 
0.299751 
0.916813 
0.870621 
0.535332 
0.317272 
0.391094 
0.111971 
0.894974 
0.819812 
0.582447 
0.188343 
0.484734 
0.916604 
0.370372 
0.838038 
0.904184 
0.623393 
0.358245 
0.026399 
0.679746 
0.484204 
0.022390 
0.303339 
0.214472 
0.630961 
0.558573 
0.942616 
0.548658 
0.303178 
0.518163 
0.758341 
0.435392 
0.633766 
0.711094 
0.360141 
0.895163 
0.001544 
0.954839 
0.976028 
0.109366 
0.109302 
0.037982 
0.356314 
0.566180 
0.784221 
0.408161 
0.960981 
0.211646 
0.136013 
0.968204 
0.596450 
0.531070 
0.701564 
0.179196 
0.741274 
0.591899 
0.051234 
0.096646 
0.322728 
0.087959 
0.321434 
0.336334 
0.766830 
0.110096 
0.380078 
0.979104 
0.806456 
0.100419 
0.749346 
0.261384 
0.085673 
0.908471 
0.667610 
0.527120 
0.299696 
0.994843 
0.324565 
0.961561 
0.955781 
0.812225 
0.062944 
0.898050 
0.519571 
0.427950 
0.561123 
0.789499 
0.109726 
0.159704 
0.139702 
0.963191 
0.351517 
0.947353 
0.156968 
0.165840 
0.268098 
0.922141 
0.417505 
0.999014 
0.420572 
0.560371 
0.151830 
0.808633 
0.687663 
0.545927 
0.402744 
0.910598 
0.418097 
0.961082 
0.898033 
0.240913 
0.025003 
0.233626 
0.551552 
0.932238 
0.117874 
0.116141 
0.984947 
0.002987 
0.206793 
0.565499 
0.345912 
0.746950 
0.982145 
0.915989 
0.023630 
0.146752 
0.466451 
0.637585 
0.890766 
0.099542 
0.003504 
0.889375 
0.719203 
0.645961 
0.661956 
0.488098 
0.456260 
0.367903 
0.342511 
0.578382 
0.871035 
0.479035 
0.142131 
0.789446 
0.223366 
