0.000001 
0.011826 
0.753598 
0.719642 
0.020349 
0.011296 
0.847331 
0.084415 
0.764587 
0.416869 
0.320966 
0.471639 
0.838138 
0.588638 
0.238459 
0.780531 
0.376992 
0.106719 
0.631959 
0.341048 
0.998621 
0.821307 
0.713568 
0.943707 
0.889544 
0.558172 
0.189383 
0.958950 
0.071552 
0.575028 
0.498988 
0.494775 
0.681238 
0.566473 
0.718880 
0.219728 
0.961916 
0.916876 
0.936244 
0.457490 
0.026731 
0.275756 
0.633482 
0.939866 
0.320667 
0.444566 
0.828369 
0.400059 
0.792471 
0.064760 
0.417634 
0.173609 
0.852697 
0.277169 
0.384236 
0.849384 
0.592380 
0.127766 
0.358649 
0.813442 
0.512699 
0.930823 
0.334094 
0.117157 
0.058774 
0.816231 
0.398771 
0.144350 
0.097404 
0.071782 
0.434853 
0.568420 
0.438786 
0.670600 
0.778155 
0.448312 
0.777642 
0.820710 
0.676899 
0.648050 
0.779070 
0.831941 
0.427083 
0.976097 
0.255960 
0.921416 
0.240104 
0.435241 
0.097530 
0.180855 
0.632615 
0.357461 
0.852287 
0.384040 
0.556564 
0.172623 
0.278137 
0.654044 
0.522576 
0.938398 
0.661264 
0.866307 
0.023144 
0.977893 
0.453161 
0.270885 
0.770419 
0.435054 
0.944223 
0.553710 
0.203460 
0.550108 
0.670196 
0.976195 
0.904334 
0.147279 
0.321855 
0.408727 
0.467539 
0.926761 
0.075593 
0.486399 
0.902691 
0.532397 
0.997121 
0.610075 
0.537405 
0.162819 
0.505226 
0.333718 
0.802240 
0.242891 
0.260674 
0.156275 
0.514129 
0.966017 
0.852984 
0.108700 
0.922368 
0.238988 
0.664821 
0.654110 
0.622737 
0.336815 
0.857010 
0.774002 
0.646474 
0.289675 
0.561907 
0.963000 
0.145484 
0.150129 
0.214758 
0.432548 
0.833128 
0.386257 
0.825695 
0.462072 
0.044403 
0.289013 
0.443297 
0.488897 
0.888454 
0.253710 
0.111256 
0.874899 
0.428657 
0.437591 
0.593780 
0.652525 
0.982997 
0.225871 
0.214689 
0.274355 
0.082012 
0.377047 
0.027273 
0.369676 
0.150256 
0.344438 
0.969306 
0.130983 
0.425556 
0.315271 
0.760019 
0.637189 
0.240308 
0.864067 
0.380969 
0.939773 
0.759212 
0.077378 
0.499327 
0.194939 
0.335401 
0.079577 
0.452164 
0.516218 
0.068176 
0.828114 
0.117752 
0.050160 
0.034246 
0.576850 
0.120918 
0.268469 
0.156783 
0.050295 
0.310781 
0.288665 
0.597038 
0.418843 
0.490801 
0.898414 
0.648745 
0.457508 
0.335568 
0.888414 
0.575102 
0.732721 
0.848622 
0.793018 
0.255970 
0.080651 
0.507942 
0.981127 
0.793114 
0.863068 
0.576220 
0.527223 
0.033816 
0.348713 
0.818225 
0.905892 
0.323643 
0.474976 
0.926737 
0.668825 
0.941398 
0.071676 
0.650440 
0.952724 
0.425325 
0.440522 
0.848025 
0.753829 
0.605145 
0.665264 
0.096369 
0.667776 
0.305402 
0.899109 
0.328169 
0.534896 
0.003170 
0.277336 
0.180535 
0.248785 
0.329158 
0.150701 
0.830438 
0.179043 
0.177715 
0.863242 
0.505528 
0.411334 
0.283045 
0.130640 
0.669214 
0.482865 
0.511912 
0.713259 
0.740588 
0.068768 
0.783475 
0.867328 
0.176941 
0.844257 
0.420321 
0.336785 
0.337543 
0.084851 
0.098819 
0.845818 
0.669291 
0.765967 
0.606127 
0.183411 
0.595117 
0.126273 
0.266237 
0.643978 
0.331813 
0.772808 
0.581839 
0.968381 
0.574078 
0.529485 
0.058051 
0.667037 
0.897187 
0.022889 
0.692964 
0.645690 
0.112589 
0.281841 
0.905338 
0.008667 
0.673377 
0.449839 
0.447209 
0.244361 
0.972271 
0.960044 
0.451248 
0.125913 
0.217001 
0.141388 
0.310128 
0.326340 
0.801026 
0.844492 
0.378867 
0.623876 
0.487088 
0.486978 
0.636433 
0.526426 
0.647993 
0.824300 
0.011014 
0.111407 
0.411903 
0.849599 
0.214439 
0.079194 
0.012971 
0.011796 
0.255708 
0.680174 
0.676567 
0.065853 
0.793988 
0.557858 
0.927237 
0.080176 
0.521516 
0.113678 
0.586475 
0.877296 
0.716035 
0.406575 
0.308156 
0.169520 
0.121593 
0.605536 
0.245167 
0.518683 
0.508331 
0.524065 
0.962455 
0.979686 
0.590309 
0.330906 
0.541097 
0.212404 
0.867903 
0.852728 
0.800965 
0.813783 
0.246782 
0.669759 
0.640664 
0.640112 
0.368471 
0.891605 
0.201376 
0.525541 
0.760697 
0.038307 
0.833951 
0.206412 
0.171199 
0.342244 
0.086610 
0.651361 
0.427678 
0.989216 
0.754413 
0.415475 
0.888088 
0.100924 
0.232191 
0.439197 
0.582294 
0.613460 
0.420897 
0.009997 
0.018319 
0.884162 
0.112923 
0.897613 
0.187531 
0.829582 
0.782288 
0.917208 
0.516563 
0.873502 
0.955536 
0.699570 
0.665266 
0.124105 
0.837697 
0.170664 
0.355177 
0.455258 
0.526253 
0.729290 
0.173892 
0.606997 
0.800408 
0.460520 
0.962324 
0.771625 
0.702603 
0.645750 
0.120727 
0.058945 
0.693705 
0.108111 
0.019530 
0.239508 
0.405358 
0.845135 
0.180196 
0.556048 
0.504356 
0.707048 
0.356130 
0.478661 
0.863723 
0.597344 
0.566637 
0.470953 
0.299088 
0.773018 
0.107916 
0.740375 
0.484729 
0.842622 
0.943660 
0.100927 
0.284487 
0.374697 
0.537057 
0.313641 
0.371577 
0.095280 
0.370444 
0.058200 
0.171507 
0.515544 
0.748413 
0.569780 
0.292731 
0.928051 
0.747208 
0.330194 
0.575721 
0.138850 
0.648644 
0.763936 
0.478978 
0.185928 
0.897104 
0.631916 
0.613415 
0.667382 
0.683292 
0.093503 
0.508111 
0.816072 
0.726113 
0.778926 
0.413506 
0.803631 
0.619880 
0.320044 
0.984616 
0.442978 
0.131340 
0.432505 
0.119191 
0.246147 
0.996994 
0.479738 
0.951472 
0.394118 
0.939316 
0.091695 
0.111721 
0.698357 
0.284743 
0.674606 
0.107854 
0.700525 
0.716507 
0.341488 
0.393882 
0.981928 
0.272196 
0.791764 
0.176450 
0.596680 
0.399958 
0.091754 
0.114170 
0.847489 
0.748042 
0.335404 
0.132225 
0.306865 
0.473220 
0.407613 
0.753320 
0.056198 
0.519293 
0.757197 
0.203772 
0.800029 
0.086944 
0.270718 
0.954178 
0.877368 
0.925084 
0.890239 
0.240749 
0.276500 
0.135497 
0.296477 
0.885658 
0.255604 
0.934291 
0.621402 
0.897394 
0.498509 
0.440838 
0.168829 
0.508325 
0.417071 
0.709353 
0.099327 
0.384356 
0.870004 
0.150060 
0.065455 
0.108359 
0.191564 
0.614384 
0.956881 
0.305560 
0.542512 
0.005341 
0.766100 
0.837128 
0.608375 
0.959472 
0.850179 
0.960468 
0.587551 
0.964200 
0.306728 
0.173880 
0.394683 
0.443291 
0.399340 
0.701545 
0.862009 
0.777796 
0.419401 
0.878688 
0.106048 
0.344824 
0.463753 
0.292188 
0.811598 
0.533143 
0.537899 
0.473351 
0.615557 
0.667960 
0.407274 
0.059911 
0.919146 
0.093582 
0.838977 
0.685408 
0.655547 
0.775210 
0.949461 
0.594307 
0.509822 
0.586283 
0.659132 
0.035240 
0.276115 
0.667159 
0.945332 
0.198970 
0.094572 
0.467914 
0.233085 
0.462985 
0.387312 
0.547342 
0.184192 
0.711321 
0.173884 
0.470098 
0.941418 
0.412224 
0.254216 
0.607108 
0.668516 
0.741323 
0.419100 
0.806214 
0.045570 
0.889771 
0.388350 
0.993673 
0.670000 
0.694215 
0.664414 
0.811022 
0.847683 
0.000485 
0.151711 
0.813996 
0.835439 
0.217908 
0.371471 
0.319704 
0.260911 
0.123149 
0.757427 
0.079625 
0.258851 
0.510655 
0.575550 
0.273162 
0.035213 
0.830372 
0.063973 
0.199812 
0.239357 
0.869332 
0.866416 
0.854013 
0.401900 
0.739814 
0.048147 
0.206870 
0.871266 
0.373562 
0.450115 
0.087456 
0.867413 
0.612195 
0.164611 
0.613542 
0.808528 
0.922910 
0.353155 
0.469852 
0.809651 
0.799268 
0.292075 
0.901612 
0.393636 
0.837044 
0.201906 
0.435103 
0.773333 
0.403910 
0.520083 
0.027784 
0.965792 
0.074476 
0.716887 
0.717655 
0.624496 
0.904737 
0.910624 
0.858385 
0.882429 
0.986644 
0.521385 
0.911479 
0.220571 
0.140526 
0.824614 
0.295778 
0.134388 
0.661320 
0.809831 
0.824269 
0.488721 
0.937115 
0.090726 
0.833045 
0.992850 
0.837894 
0.490508 
0.974916 
0.410064 
0.949763 
0.665426 
0.814263 
0.321615 
0.388062 
0.165023 
0.537774 
0.367369 
0.375221 
0.343021 
0.160575 
0.789530 
0.629616 
0.951894 
0.490044 
0.174154 
0.013564 
0.968182 
0.236734 
0.791252 
0.569745 
0.701832 
0.693508 
0.789777 
0.786584 
0.116529 
0.501323 
0.733075 
0.798948 
0.921041 
0.937592 
0.106752 
0.176409 
0.898818 
0.438465 
0.276385 
0.199206 
0.058463 
0.595315 
0.461065 
0.123151 
0.804949 
0.777075 
0.294367 
0.434256 
0.538216 
0.793341 
0.690123 
0.896933 
0.751750 
0.655076 
0.863971 
0.765543 
0.487998 
0.775868 
0.020948 
0.079388 
0.267207 
0.950257 
0.971098 
0.239628 
0.424952 
0.171365 
0.133589 
0.222591 
0.089970 
0.125080 
0.219344 
0.518849 
0.301249 
0.099142 
0.277733 
0.865765 
0.906652 
0.106139 
0.882839 
0.875265 
0.583290 
0.359574 
0.352338 
0.740319 
0.540196 
0.073122 
0.959746 
0.451106 
0.737673 
0.066336 
0.910504 
0.846421 
0.805542 
0.748440 
0.038720 
0.773921 
0.287746 
0.145813 
0.677526 
0.172247 
0.958164 
0.864750 
0.845981 
0.407917 
0.863407 
0.287286 
0.413524 
0.105134 
0.981630 
0.259477 
0.022298 
0.768032 
0.315034 
0.779301 
0.703544 
0.460886 
0.106117 
0.513771 
0.947790 
0.503112 
0.795302 
0.647723 
0.281969 
0.057229 
0.849669 
0.379136 
0.138212 
0.930205 
0.948478 
0.077678 
0.529405 
0.715218 
0.676423 
0.647215 
0.750554 
0.555903 
0.066418 
0.291428 
0.031450 
0.586617 
0.270968 
0.153926 
0.027553 
0.075054 
0.430781 
0.131853 
0.060271 
0.982227 
0.286519 
0.526476 
0.483959 
0.901603 
0.237899 
0.366598 
0.411600 
0.756128 
0.238076 
0.335062 
0.379265 
0.298783 
0.646613 
0.620540 
0.409047 
0.851267 
0.245074 
0.954309 
0.077548 
0.354238 
0.680835 
0.800436 
0.933350 
0.817794 
0.667165 
0.050323 
0.778398 
0.539969 
0.259434 
0.305575 
0.800469 
0.490838 
0.517519 
0.945476 
0.616520 
0.854254 
0.440730 
0.341536 
0.197087 
0.442050 
0.535202 
0.137503 
0.012491 
0.940054 
0.494831 
0.619917 
0.945708 
0.510014 
0.799250 
0.998836 
0.443766 
0.373424 
0.133901 
0.479055 
0.472309 
0.105652 
0.700699 
0.642349 
0.954359 
0.909953 
0.581847 
0.107299 
0.369818 
0.523954 
0.097893 
0.285501 
0.422744 
0.064827 
0.541688 
0.156894 
0.911492 
0.443717 
0.545942 
0.643561 
0.328339 
0.393861 
0.625641 
0.145928 
0.615076 
0.587844 
0.900964 
0.501959 
0.432646 
0.476799 
0.557910 
0.788647 
0.786828 
0.221303 
0.440448 
0.612460 
0.620139 
0.681719 
0.651637 
0.067064 
0.143112 
0.277751 
0.168528 
0.445987 
0.698028 
0.763192 
0.975845 
0.019413 
0.280552 
0.233910 
0.321779 
0.134875 
0.850990 
0.582099 
0.345520 
0.159769 
0.229688 
0.362484 
0.260344 
0.609876 
0.182890 
0.830679 
0.218843 
0.090124 
0.707242 
0.613324 
0.138406 
0.197925 
0.526549 
0.701038 
0.343037 
0.421553 
0.048613 
0.044690 
0.099194 
0.146343 
0.587182 
0.763336 
0.391031 
0.054683 
0.060560 
0.830021 
0.160175 
0.063940 
0.631375 
0.518266 
0.499176 
0.648684 
0.436793 
0.177238 
0.842293 
0.424896 
0.229618 
0.191541 
0.234171 
0.719596 
0.243402 
0.860453 
0.640180 
0.509869 
0.362628 
0.681565 
0.060780 
0.534601 
0.046042 
0.820779 
0.836720 
0.759026 
0.954188 
0.029591 
0.335064 
0.413755 
0.985815 
0.599268 
0.891671 
0.314262 
0.804401 
0.570697 
0.711117 
0.736809 
0.545831 
0.774491 
0.868388 
0.997631 
0.177085 
0.272591 
0.439075 
0.533734 
0.465876 
0.972207 
0.879316 
0.661159 
0.098182 
0.137584 
0.379108 
0.674007 
0.029376 
0.730003 
0.162403 
0.506253 
0.589000 
0.319102 
0.144264 
0.642834 
0.116166 
0.407696 
0.148152 
0.983876 
0.011025 
0.301008 
0.046358 
0.144135 
0.472535 
0.898288 
0.518219 
0.714668 
0.432339 
0.314901 
0.546664 
0.787182 
0.175018 
0.524333 
0.471187 
0.241747 
0.038399 
0.378657 
0.082734 
0.504851 
0.036082 
0.421792 
0.063885 
0.717670 
0.876114 
0.844626 
0.621733 
0.460127 
0.349112 
0.524484 
0.005796 
0.412126 
0.600019 
0.517131 
0.416406 
0.532140 
0.670266 
0.154674 
0.601397 
0.685485 
0.941419 
0.433802 
0.903898 
0.810982 
0.166929 
0.580597 
0.089576 
0.508221 
0.675594 
0.709962 
0.336664 
0.308901 
0.700938 
0.665674 
0.979723 
0.204750 
0.231116 
0.359337 
0.375611 
0.890945 
0.119488 
0.226739 
0.803839 
0.128308 
0.474326 
0.005266 
0.500067 
0.626829 
0.113430 
0.420882 
0.758019 
0.027692 
0.415209 
0.413276 
0.923638 
0.577568 
0.181118 
0.053864 
0.290126 
0.144085 
0.640616 
0.826021 
0.939286 
0.581595 
0.873303 
0.610272 
0.845095 
0.504373 
0.004967 
0.473574 
0.350856 
0.839645 
0.915004 
0.467024 
0.271313 
0.963400 
0.870002 
0.127693 
0.130457 
0.588348 
0.369487 
0.965620 
0.171527 
0.852047 
0.347152 
0.576213 
0.413803 
0.788190 
0.116384 
0.060513 
0.043087 
0.167115 
0.704398 
0.819260 
0.305312 
0.371950 
0.359569 
0.268376 
0.602928 
0.406299 
0.674507 
0.432823 
0.456955 
0.043030 
0.205654 
0.418663 
0.461034 
0.595255 
0.449601 
0.442487 
0.884319 
0.751325 
0.522139 
0.586933 
0.586105 
0.675063 
0.781225 
0.056447 
0.710259 
0.321983 
0.564570 
0.735123 
0.213208 
0.382282 
0.016849 
0.181198 
0.395335 
0.393165 
0.918731 
0.107828 
0.261583 
0.419659 
0.216993 
0.001233 
0.731418 
0.946230 
0.294464 
0.048805 
0.257759 
0.148889 
0.377738 
0.646942 
0.156052 
0.771223 
0.939602 
0.896882 
0.893659 
0.720446 
0.540841 
0.906429 
0.355321 
0.871720 
0.002182 
0.672965 
0.529975 
0.286453 
0.419820 
0.909178 
0.553439 
0.650595 
0.546461 
0.363694 
0.600350 
0.088246 
0.143980 
0.869086 
0.721524 
0.652186 
0.289634 
0.878046 
0.322610 
0.108036 
0.760251 
0.546320 
0.997806 
0.121608 
0.866162 
0.585050 
0.931518 
0.016374 
0.205838 
0.522319 
0.612451 
0.464246 
0.580517 
0.749224 
0.215086 
0.952510 
0.829719 
0.086817 
0.139691 
0.792921 
0.615398 
0.997963 
0.764698 
0.281823 
0.592040 
0.419470 
0.036724 
0.226408 
0.241928 
0.089173 
0.729239 
0.326563 
0.536826 
0.434595 
0.245337 
0.384598 
0.936358 
0.370184 
0.678314 
0.416053 
0.597873 
0.457784 
0.975173 
0.725368 
0.255389 
0.327978 
0.324003 
0.520980 
0.104220 
0.625511 
0.965361 
0.819619 
0.344185 
0.718508 
0.959806 
0.462069 
0.999918 
0.628225 
0.582645 
0.521547 
0.639477 
0.689695 
0.709657 
0.207848 
0.307886 
0.643171 
0.767971 
0.289866 
0.775969 
0.717995 
0.338755 
0.458456 
0.268913 
0.620556 
0.692714 
0.438398 
0.159977 
0.728341 
0.226068 
0.529947 
0.812950 
0.252099 
0.031580 
0.761808 
0.699964 
0.296729 
0.117368 
0.606115 
0.976396 
0.289083 
0.609895 
0.511597 
0.417781 
0.642375 
0.395664 
0.931213 
0.899150 
0.012288 
0.516034 
0.975594 
0.802667 
0.430291 
0.909180 
0.593150 
0.073332 
0.487865 
0.554463 
0.861313 
0.087157 
0.848363 
0.428659 
0.471487 
0.283940 
0.179175 
0.396718 
0.640776 
0.526925 
0.024588 
0.245101 
0.409781 
0.182205 
0.317174 
0.742563 
0.255352 
0.701117 
0.673324 
0.557093 
0.063253 
0.100863 
0.210373 
0.734039 
0.995823 
0.793586 
0.797613 
0.479671 
0.826181 
0.627863 
0.494881 
0.458426 
0.772792 
0.308628 
0.115734 
0.147886 
0.512030 
0.686560 
0.020802 
0.616680 
0.534488 
0.134733 
0.451386 
0.438566 
0.975709 
0.736070 
0.130861 
0.381159 
0.145790 
0.293360 
0.508378 
0.315319 
0.564374 
0.433366 
0.577297 
0.631376 
0.533794 
0.470148 
0.769644 
0.398655 
0.187437 
0.257319 
0.761415 
0.097216 
0.915610 
0.664877 
0.587717 
0.765484 
0.495700 
0.231248 
0.577753 
0.287811 
0.241943 
0.333982 
0.231253 
0.661041 
0.112953 
0.393782 
0.288686 
0.940193 
0.824702 
0.761758 
0.872099 
0.361037 
0.941992 
0.053810 
0.390790 
0.005312 
0.277437 
0.880712 
0.123268 
0.762535 
0.929410 
0.586792 
0.215803 
0.009008 
0.397740 
0.818843 
0.291969 
0.123852 
0.585059 
0.088108 
0.824440 
0.357125 
0.194158 
0.219337 
0.399646 
0.849198 
0.474480 
0.577574 
0.287972 
0.939285 
0.569590 
0.094336 
0.511708 
0.275792 
0.239431 
0.121575 
0.307132 
0.972380 
0.798959 
0.096101 
0.174837 
0.486599 
0.262559 
0.836385 
0.117544 
0.570360 
0.045193 
0.560469 
0.806012 
0.635535 
0.428562 
0.837811 
0.086043 
0.124220 
0.768180 
0.807639 
0.986371 
0.931399 
0.024102 
0.078026 
0.387106 
0.093519 
0.769057 
0.549005 
0.118765 
0.091625 
0.938736 
0.340821 
0.181474 
0.027434 
0.085380 
0.973514 
0.857608 
0.813183 
0.165761 
0.949456 
0.514830 
0.743584 
0.414236 
0.067043 
0.783944 
0.745578 
0.929082 
0.074132 
0.943969 
0.288214 
0.004317 
0.559827 
0.009895 
0.307529 
0.644439 
0.078728 
0.189326 
0.998803 
0.884165 
0.158496 
0.842154 
0.077322 
0.549300 
0.085912 
0.916550 
0.457363 
0.902749 
0.498508 
0.416303 
0.797863 
0.685640 
0.548907 
0.484064 
0.662278 
0.899484 
0.629116 
0.555828 
0.803227 
0.829346 
0.821237 
0.538024 
0.573315 
0.703334 
0.932406 
0.952022 
0.632286 
0.829063 
0.057960 
0.140942 
0.817726 
0.518693 
0.669140 
0.230998 
0.385010 
0.863947 
0.358737 
0.285308 
0.166826 
0.845741 
0.371154 
0.987661 
0.618151 
0.261980 
0.091749 
0.022914 
0.116879 
0.389985 
0.474866 
0.066237 
0.242752 
0.932995 
0.845014 
0.157228 
0.537031 
0.885069 
0.362298 
0.147837 
0.689220 
0.724280 
0.966464 
0.352360 
0.116517 
0.298596 
0.509749 
0.354287 
0.506674 
0.667841 
0.406948 
0.579715 
0.266057 
0.623664 
0.926301 
0.344893 
0.616178 
0.099955 
0.939686 
0.306419 
0.980841 
0.994579 
0.888250 
0.818654 
0.123737 
0.654145 
0.216555 
0.634953 
0.655227 
0.394111 
0.827845 
0.598978 
0.025117 
0.144528 
0.080980 
0.038915 
0.051385 
0.630362 
0.497799 
0.510571 
0.173793 
0.934541 
0.832771 
0.381194 
0.722382 
0.076826 
0.219280 
0.446488 
0.125056 
0.813500 
0.495307 
0.631662 
0.337901 
0.099870 
0.518198 
0.361034 
0.897381 
0.288418 
0.440453 
0.699560 
0.504184 
0.813350 
0.968955 
0.233649 
0.939896 
0.837285 
0.253962 
0.335687 
0.895267 
0.757813 
0.560649 
0.832750 
0.033570 
0.208446 
0.355230 
0.356371 
0.524104 
0.614877 
0.232782 
0.361178 
0.323204 
0.083542 
0.088094 
0.601200 
0.373256 
0.307948 
0.682974 
0.746966 
0.257367 
0.573847 
0.640390 
0.037292 
0.759122 
0.556331 
0.261740 
0.056175 
0.140912 
0.299753 
0.953260 
0.442101 
0.389317 
0.250936 
0.488118 
0.804902 
0.981751 
0.292799 
0.065809 
0.053160 
0.453908 
0.838649 
0.175989 
0.840357 
0.875019 
0.437193 
0.900927 
0.876852 
0.246431 
0.768504 
0.254573 
0.603860 
0.078698 
0.673717 
0.157782 
0.849933 
0.829155 
0.603786 
0.827167 
0.202939 
0.799500 
0.190037 
0.954686 
0.402382 
0.828499 
0.588335 
0.152649 
0.579661 
0.370470 
0.491492 
0.498072 
0.092997 
0.995666 
0.162345 
0.530164 
0.459138 
0.734528 
0.217111 
0.978519 
0.964366 
0.097251 
0.498393 
0.494733 
0.982429 
0.688908 
0.475267 
0.808098 
0.708054 
0.270088 
0.369507 
0.305785 
0.329951 
0.481770 
0.116485 
0.771420 
0.255878 
0.535390 
0.292438 
0.999496 
0.535116 
0.701411 
0.617594 
0.897064 
0.947524 
0.028455 
0.248772 
0.105206 
0.196893 
0.184144 
0.905518 
0.043217 
0.346125 
0.323835 
0.697460 
0.216392 
0.893423 
0.757267 
0.383378 
0.438533 
0.432316 
0.935902 
0.697736 
0.843850 
0.583729 
0.738094 
0.153630 
0.059162 
0.335620 
0.770908 
0.644555 
0.033247 
0.778848 
0.093942 
0.874861 
0.784531 
0.614551 
0.764552 
0.829367 
0.173823 
0.446918 
0.348685 
0.350427 
0.629219 
0.282325 
0.039291 
0.363422 
0.040340 
0.990597 
0.969819 
0.745671 
0.488947 
0.739149 
0.885130 
0.387357 
0.309639 
0.096295 
0.425308 
0.155384 
0.531789 
0.785126 
0.604888 
0.356504 
0.756333 
0.691273 
0.227173 
0.093155 
0.661891 
0.403707 
0.106486 
0.716881 
0.614832 
0.481035 
0.762014 
0.165191 
0.362420 
0.196639 
0.914476 
0.596734 
0.315299 
0.225304 
0.690232 
0.732318 
0.073060 
0.926000 
0.282359 
0.608691 
0.263661 
0.349951 
0.622295 
0.917410 
0.902313 
0.172955 
0.862761 
0.415841 
0.034308 
0.619784 
0.715028 
0.478099 
0.414713 
0.079585 
0.592991 
0.407177 
0.430343 
0.778588 
0.731422 
0.001758 
0.555070 
0.068566 
0.380445 
0.132438 
0.893165 
0.428494 
0.701218 
0.379222 
0.585699 
0.844122 
0.152818 
0.419577 
0.829965 
0.216730 
0.578192 
0.676600 
0.620813 
0.007008 
0.775650 
0.349442 
0.072214 
0.698459 
0.000369 
0.204683 
0.106138 
0.854594 
0.155388 
0.603682 
0.091247 
0.595378 
0.516615 
0.756176 
0.050359 
0.379017 
0.144444 
0.678675 
0.492649 
0.956570 
0.075675 
0.862501 
0.060443 
0.860593 
0.991167 
0.540662 
0.912178 
0.970644 
0.609528 
0.341460 
0.919440 
0.029673 
0.721959 
0.962117 
0.293751 
0.071846 
0.508278 
0.633753 
0.486751 
0.829444 
0.468602 
0.795513 
0.181978 
0.510952 
0.575442 
0.452193 
0.006508 
0.384452 
0.479129 
0.713916 
0.786515 
0.951433 
0.733878 
0.279971 
0.471109 
0.927942 
0.921442 
0.668825 
0.943738 
0.401474 
0.576432 
0.089113 
0.722729 
0.909318 
0.914365 
0.734379 
0.714770 
0.138440 
0.763490 
0.973271 
0.764041 
0.236170 
0.313198 
0.915254 
0.676836 
0.579093 
0.821814 
0.234614 
0.157464 
0.495742 
0.934455 
0.379555 
0.181616 
0.414946 
0.003030 
0.933103 
0.666852 
0.786628 
0.855143 
0.380079 
0.985358 
0.905148 
0.829072 
0.210802 
0.942407 
0.034063 
0.497119 
0.080519 
0.284948 
0.119320 
0.413003 
0.338246 
0.902873 
0.578897 
0.528071 
0.293398 
0.146407 
0.670422 
0.777055 
0.968070 
0.360793 
0.841123 
0.752041 
0.558461 
0.050537 
0.367610 
0.427300 
0.638219 
0.549326 
0.519383 
0.268484 
0.413738 
0.698955 
0.344719 
0.689797 
0.410977 
0.286848 
0.059641 
0.384798 
0.308341 
0.294667 
0.475776 
0.366742 
0.829345 
0.804254 
0.101024 
0.909766 
0.432548 
0.827501 
0.810588 
0.545469 
0.692627 
0.984760 
0.857358 
0.618218 
0.385165 
0.474339 
0.209518 
0.373262 
0.414528 
0.964573 
0.580244 
0.154864 
0.798086 
0.426590 
0.690875 
0.538836 
0.214786 
0.909596 
0.587467 
0.553066 
0.385837 
0.756261 
0.482647 
0.846550 
0.963249 
0.322018 
0.159234 
0.239342 
0.616799 
0.536606 
0.737082 
0.138094 
0.939364 
0.892082 
0.218239 
0.943447 
0.516434 
0.714442 
0.625921 
0.859336 
0.853372 
0.626320 
0.566965 
0.972389 
0.945734 
0.955780 
0.797050 
0.011173 
0.779330 
0.196965 
0.392277 
0.999260 
0.569988 
0.791040 
0.003973 
0.770176 
0.352663 
0.203172 
0.705547 
0.121646 
0.503729 
0.179423 
0.563485 
0.490721 
0.556067 
0.813474 
0.055066 
0.499541 
0.782922 
0.571299 
