0.000001 
0.011920 
0.332051 
0.786906 
0.524151 
0.404503 
0.474841 
0.648950 
0.910964 
0.568426 
0.537281 
0.073664 
0.071135 
0.560222 
0.653324 
0.422070 
0.733394 
0.160512 
0.724338 
0.942036 
0.800728 
0.831139 
0.954841 
0.011427 
0.054781 
0.712174 
0.512528 
0.062529 
0.918580 
0.567020 
0.913275 
0.418625 
0.827614 
0.715909 
0.288454 
0.052710 
0.900726 
0.508539 
0.013170 
0.349938 
0.410796 
0.240223 
0.424086 
0.611790 
0.360937 
0.262789 
0.700600 
0.979676 
0.408957 
0.337279 
0.654571 
0.371547 
0.585478 
0.130462 
0.683118 
0.160563 
0.590466 
0.965974 
0.130524 
0.723939 
0.239471 
0.786660 
0.388369 
0.312661 
0.887169 
0.655937 
0.326491 
0.338085 
0.186199 
0.444953 
0.319842 
0.576905 
0.048491 
0.995582 
0.743964 
0.805281 
0.350991 
0.112470 
0.277907 
0.786221 
0.021525 
0.765748 
0.931467 
0.166509 
0.517424 
0.340382 
0.794625 
0.269935 
0.802474 
0.174350 
0.295481 
0.155800 
0.528149 
0.596223 
0.715849 
0.265986 
0.429916 
0.599014 
0.620704 
0.170206 
0.646000 
0.313955 
0.638152 
0.424442 
0.593093 
0.115525 
0.630277 
0.063922 
0.340868 
0.967108 
0.185221 
0.014437 
0.649707 
0.631201 
0.593184 
0.645471 
0.426330 
0.325937 
0.020557 
0.503281 
0.640720 
0.578283 
0.197749 
0.568392 
0.968640 
0.932591 
0.055240 
0.417587 
0.384156 
0.504469 
0.612714 
0.886778 
0.085379 
0.960296 
0.690284 
0.595794 
0.505688 
0.105592 
0.692764 
0.285227 
0.811729 
0.735413 
0.087643 
0.010569 
0.634829 
0.573663 
0.551674 
0.991512 
0.340691 
0.988517 
0.007659 
0.718495 
0.747899 
0.944918 
0.230215 
0.217253 
0.376925 
0.982618 
0.859448 
0.748621 
0.080173 
0.462998 
0.605636 
0.925480 
0.550260 
0.215401 
0.248739 
0.555560 
0.298032 
0.022366 
0.906753 
0.800133 
0.842469 
0.380438 
0.028395 
0.229810 
0.411341 
0.406365 
0.771568 
0.742276 
0.432994 
0.325272 
0.853158 
0.022606 
0.940112 
0.456942 
0.823289 
0.019176 
0.288031 
0.941280 
0.089530 
0.732526 
0.570798 
0.399664 
0.146138 
0.149699 
0.999104 
0.932627 
0.661040 
0.100078 
0.014120 
0.317931 
0.460726 
0.422596 
0.573897 
0.483705 
0.628577 
0.499404 
0.483997 
0.529872 
0.565380 
0.339442 
0.009590 
0.178878 
0.405717 
0.888673 
0.923276 
0.497058 
0.053527 
0.633312 
0.077731 
0.425392 
0.555818 
0.640524 
0.290268 
0.542194 
0.660432 
0.875216 
0.760809 
0.921880 
0.033423 
0.739305 
0.498449 
0.433271 
0.993983 
0.879146 
0.799087 
0.255209 
0.293679 
0.860464 
0.826354 
0.530773 
0.702032 
0.050903 
0.527824 
0.135726 
0.143372 
0.654664 
0.939622 
0.233635 
0.701607 
0.906250 
0.338717 
0.815121 
0.731190 
0.107467 
0.193219 
0.438716 
0.495901 
0.613843 
0.867477 
0.686090 
0.122211 
0.997827 
0.486379 
0.579392 
0.837907 
0.696866 
0.231776 
0.455595 
0.177791 
0.139175 
0.111129 
0.747011 
0.014052 
0.173355 
0.585361 
0.166646 
0.826704 
0.406302 
0.723414 
0.412461 
0.234613 
0.147704 
0.468120 
0.694618 
0.442841 
0.820871 
0.372841 
0.338394 
0.388801 
0.584234 
0.224587 
0.628052 
0.667863 
0.771571 
0.793727 
0.162413 
0.674661 
0.019125 
0.434425 
0.377803 
0.728249 
0.679938 
0.713748 
0.959129 
0.083937 
0.732760 
0.498712 
0.847852 
0.856452 
0.395209 
0.285750 
0.606980 
0.507115 
0.081909 
0.652874 
0.857931 
0.250381 
0.150242 
0.123734 
0.603681 
0.060897 
0.491835 
0.279176 
0.110964 
0.979012 
0.255293 
0.705423 
0.041303 
0.181187 
0.217520 
0.854618 
0.565810 
0.576830 
0.789949 
0.666946 
0.363313 
0.194866 
0.117078 
0.723635 
0.127263 
0.908831 
0.725095 
0.670538 
0.729390 
0.858550 
0.642046 
0.868432 
0.736017 
0.241245 
0.612319 
0.244421 
0.991515 
0.389269 
0.443568 
0.049893 
0.559864 
0.634142 
0.024587 
0.236147 
0.930551 
0.769716 
0.621423 
0.256843 
0.766043 
0.882076 
0.052088 
0.442005 
0.774581 
0.374487 
0.998043 
0.109683 
0.445328 
0.633475 
0.820592 
0.684775 
0.019456 
0.000359 
0.027361 
0.854472 
0.104809 
0.519349 
0.696384 
0.132963 
0.705508 
0.478725 
0.937509 
0.713415 
0.372448 
0.727703 
0.496828 
0.192341 
0.676305 
0.658394 
0.630906 
0.642638 
0.812194 
0.546591 
0.560939 
0.702834 
0.526847 
0.709867 
0.738222 
0.294126 
0.381144 
0.880030 
0.664688 
0.418453 
0.932789 
0.387293 
0.236276 
0.083264 
0.422185 
0.665741 
0.103480 
0.189598 
0.576908 
0.097179 
0.292162 
0.364674 
0.067751 
0.695975 
0.257568 
0.942465 
0.003625 
0.924465 
0.490254 
0.697891 
0.455760 
0.952842 
0.413481 
0.379457 
0.534838 
0.022792 
0.064766 
0.524245 
0.981359 
0.708396 
0.009266 
0.739544 
0.511420 
0.434142 
0.622939 
0.734289 
0.200070 
0.577998 
0.420643 
0.744039 
0.058447 
0.313167 
0.392265 
0.795681 
0.009043 
0.985399 
0.596741 
0.428797 
0.786308 
0.478615 
0.076531 
0.263537 
0.272120 
0.523383 
0.504815 
0.420138 
0.266328 
0.169423 
0.493637 
0.561762 
0.537702 
0.163392 
0.128044 
0.042676 
0.258881 
0.008795 
0.824228 
0.796314 
0.657460 
0.932266 
0.597224 
0.542589 
0.299721 
0.406267 
0.134550 
0.377743 
0.734566 
0.853128 
0.528410 
0.986479 
0.758872 
0.360709 
0.431969 
0.110211 
0.308989 
0.176983 
0.560980 
0.387884 
0.160981 
0.599324 
0.842919 
0.943184 
0.097682 
0.742332 
0.372221 
0.912152 
0.536664 
0.707638 
0.270739 
0.310975 
0.553592 
0.216118 
0.291103 
0.566336 
0.406846 
0.852506 
0.060054 
0.329504 
0.970037 
0.410501 
0.294388 
0.776558 
0.606456 
0.703318 
0.670943 
0.537596 
0.369682 
0.245455 
0.370093 
0.152445 
0.151187 
0.006232 
0.734814 
0.010731 
0.347605 
0.201789 
0.468454 
0.300239 
0.120523 
0.621682 
0.612531 
0.806656 
0.468090 
0.196509 
0.720314 
0.320140 
0.585195 
0.367569 
0.731387 
0.429635 
0.879682 
0.808302 
0.138501 
0.781849 
0.538726 
0.372960 
0.332686 
0.453363 
0.665620 
0.075253 
0.777188 
0.190845 
0.539541 
0.064285 
0.434659 
0.314325 
0.868005 
0.556106 
0.474403 
0.289737 
0.613395 
0.327913 
0.231732 
0.712653 
0.558638 
0.037149 
0.371406 
0.218698 
0.656412 
0.322027 
0.315518 
0.917433 
0.299478 
0.321090 
0.566046 
0.534085 
0.373305 
0.141613 
0.088167 
0.825886 
0.669420 
0.939976 
0.172918 
0.229811 
0.428762 
0.209481 
0.749015 
0.697470 
0.372864 
0.728421 
0.574473 
0.175466 
0.053911 
0.083328 
0.498914 
0.240020 
0.016892 
0.898798 
0.095130 
0.845157 
0.549327 
0.535826 
0.629377 
0.940520 
0.322883 
0.688685 
0.723047 
0.251715 
0.581618 
0.261390 
0.174573 
0.046206 
0.588465 
0.333968 
0.002746 
0.152240 
0.704360 
0.185880 
0.083655 
0.988830 
0.263042 
0.948620 
0.454937 
0.132554 
0.831835 
0.653995 
0.695579 
0.603401 
0.358078 
0.224167 
0.574701 
0.998592 
0.342654 
0.993983 
0.877807 
0.306125 
0.046699 
0.864506 
0.757267 
0.384333 
0.486144 
0.616165 
0.891218 
0.695339 
0.556871 
0.323172 
0.559590 
0.027791 
0.091695 
0.122874 
0.139705 
0.022327 
0.251044 
0.301167 
0.717365 
0.755086 
0.723710 
0.391261 
0.919305 
0.762656 
0.960094 
0.302068 
0.861937 
0.582788 
0.914530 
0.502042 
0.817404 
0.115344 
0.585592 
0.049739 
0.957980 
0.764936 
0.279618 
0.541139 
0.929706 
0.569262 
0.591718 
0.002856 
0.996626 
0.294128 
0.402924 
0.949694 
0.514300 
0.841770 
0.624011 
0.750709 
0.161442 
0.363771 
0.904083 
0.916070 
0.389762 
0.725362 
0.153466 
0.311363 
0.075892 
0.520312 
0.876487 
0.120028 
0.303324 
0.964412 
0.867092 
0.212924 
0.612251 
0.102656 
0.338216 
0.395630 
0.351772 
0.235929 
0.261048 
0.436216 
0.487637 
0.721389 
0.388041 
0.802138 
0.525151 
0.215395 
0.144554 
0.524524 
0.679983 
0.471810 
0.709289 
0.015445 
0.584538 
0.333327 
0.234640 
0.597979 
0.231685 
0.935620 
0.960880 
0.518341 
0.751708 
0.956299 
0.512557 
0.544351 
0.910969 
0.653076 
0.249997 
0.700829 
0.830962 
0.970662 
0.915884 
0.256639 
0.334172 
0.430437 
0.362700 
0.900506 
0.808208 
0.552323 
0.886788 
0.252472 
0.292073 
0.863912 
0.776110 
0.086207 
0.884221 
0.095320 
0.046932 
0.789994 
0.428741 
0.856997 
0.550113 
0.744969 
0.688223 
0.957583 
0.090640 
0.380041 
0.344793 
0.931802 
0.800266 
0.073454 
0.542327 
0.881540 
0.036416 
0.040038 
0.912019 
0.309866 
0.918466 
0.666441 
0.882189 
0.955367 
0.853628 
0.921674 
0.582769 
0.596975 
0.356288 
0.131456 
0.386241 
0.554934 
0.780753 
0.122677 
0.829049 
0.827951 
0.376887 
0.332912 
0.249966 
0.172799 
0.239471 
0.790784 
0.708783 
0.516665 
0.595789 
0.424271 
0.717982 
0.130597 
0.947905 
0.434159 
0.902998 
0.682500 
0.780920 
0.914319 
0.963466 
0.979562 
0.502993 
0.808195 
0.334851 
0.846269 
0.247384 
0.780857 
0.860686 
0.557200 
0.857456 
0.270333 
0.486091 
0.735433 
0.417767 
0.406011 
0.822925 
0.894878 
0.206516 
0.908950 
0.729647 
0.181139 
0.409353 
0.999539 
0.249030 
0.446908 
0.179479 
0.503448 
0.442153 
0.266473 
0.611618 
0.465814 
0.935737 
0.935419 
0.581525 
0.685261 
0.174032 
0.957185 
0.414347 
0.938327 
0.469089 
0.978115 
0.175624 
0.720598 
0.085420 
0.655950 
0.558120 
0.330462 
0.081315 
0.654257 
0.099000 
0.892984 
0.380953 
0.675742 
0.200391 
0.976229 
0.478477 
0.759417 
0.528291 
0.982404 
0.272075 
0.772670 
0.268638 
0.002028 
0.087023 
0.603243 
0.709526 
0.995130 
0.155196 
0.372848 
0.450773 
0.139901 
0.321056 
0.981831 
0.632814 
0.702819 
0.285215 
0.612196 
0.179504 
0.929953 
0.725456 
0.734111 
0.209207 
0.149184 
0.335555 
0.678824 
0.993135 
0.622193 
0.198089 
0.286400 
0.528960 
0.225829 
0.510824 
0.423378 
0.717360 
0.677432 
0.605776 
0.275254 
0.192696 
0.646126 
0.447047 
0.525386 
0.166217 
0.603849 
0.891616 
0.394429 
0.168161 
0.277180 
0.561112 
0.603396 
0.272661 
0.620747 
0.898214 
0.291053 
0.721025 
0.273424 
0.432866 
0.176605 
0.205725 
0.626240 
0.215593 
0.474048 
0.330356 
0.296151 
0.410933 
0.547429 
0.632493 
0.305168 
0.961178 
0.511611 
0.649770 
0.685491 
0.048625 
0.238424 
0.185601 
0.400489 
0.012547 
0.883531 
0.506729 
0.597113 
0.677761 
0.133251 
0.548121 
0.274366 
0.264249 
0.234444 
0.297200 
0.037998 
0.635379 
0.809092 
0.403195 
0.495915 
0.842366 
0.639353 
0.605893 
0.247413 
0.268393 
0.875661 
0.235141 
0.008774 
0.472620 
0.329644 
0.332755 
0.616439 
0.496316 
0.582184 
0.773293 
0.729997 
0.064221 
0.364700 
0.520233 
0.553197 
0.579271 
0.799842 
0.941456 
0.049823 
0.374740 
0.261497 
0.977463 
0.222621 
0.586091 
0.437008 
0.796324 
0.809362 
0.949196 
0.140922 
0.483000 
0.779032 
0.185115 
0.223506 
0.463033 
0.198507 
0.307546 
0.920232 
0.338845 
0.965275 
0.370802 
0.068844 
0.061263 
0.647384 
0.591080 
0.275345 
0.728872 
0.146259 
0.170898 
0.290580 
0.785110 
0.350860 
0.902976 
0.318785 
0.825291 
0.668181 
0.115886 
0.687738 
0.812727 
0.503746 
0.454864 
0.904401 
0.264431 
0.288810 
0.023627 
0.104670 
0.187764 
0.747768 
0.729006 
0.410107 
0.659959 
0.930473 
0.463620 
0.069187 
0.818254 
0.397427 
0.554428 
0.267237 
0.448272 
0.115171 
0.673095 
0.708797 
0.748983 
0.163492 
0.812655 
0.288498 
0.793273 
0.532392 
0.906546 
0.323253 
0.917011 
0.204843 
0.789987 
0.319055 
0.354896 
0.741522 
0.763370 
0.955390 
0.244586 
0.760343 
0.091034 
0.005665 
0.210866 
0.018650 
0.453000 
0.563001 
0.353411 
0.771601 
0.291828 
0.753402 
0.419786 
0.348121 
0.872483 
0.816257 
0.835803 
0.345978 
0.854201 
0.553798 
0.690157 
0.468344 
0.457200 
0.155255 
0.368753 
0.634314 
0.917151 
0.550343 
0.612792 
0.189274 
0.130233 
0.820437 
0.079839 
0.850513 
0.569314 
0.458801 
0.074404 
0.510272 
0.142243 
0.685157 
0.437948 
0.587331 
0.263752 
0.872814 
0.376650 
0.356608 
0.503633 
0.554778 
0.160195 
0.404308 
0.209781 
0.793728 
0.193413 
0.695839 
0.971806 
0.147597 
0.668830 
0.025586 
0.023663 
0.696891 
0.652193 
0.402498 
0.784489 
0.906961 
0.301588 
0.796582 
0.156746 
0.428216 
0.029690 
0.999631 
0.791302 
0.414977 
0.519876 
0.557094 
0.086725 
0.582690 
0.270734 
0.225785 
0.764768 
0.452186 
0.884417 
0.394957 
0.036102 
0.771858 
0.617611 
0.188126 
0.837865 
0.990388 
0.447178 
0.718765 
0.289033 
0.773421 
0.884338 
0.076550 
0.574925 
0.766097 
0.792338 
0.817614 
0.630213 
0.995474 
0.933568 
0.484127 
0.727861 
0.163953 
0.560549 
0.147240 
0.660902 
0.779442 
0.086869 
0.005820 
0.816859 
0.945195 
0.890763 
0.049328 
0.057055 
0.925627 
0.019957 
0.411365 
0.819816 
0.649840 
0.860237 
0.002163 
0.352890 
0.029053 
0.295591 
0.005374 
0.327469 
0.779596 
0.666925 
0.016135 
0.178584 
0.464985 
0.003783 
0.572611 
0.879326 
0.825920 
0.231698 
0.140827 
0.881686 
0.489889 
0.558167 
0.113264 
0.622422 
0.054188 
0.743845 
0.804837 
0.897729 
0.125301 
0.928237 
0.882037 
0.396622 
0.020710 
0.073241 
0.967288 
0.209143 
0.058869 
0.411676 
0.034573 
0.067306 
0.220047 
0.336964 
0.359782 
0.848659 
0.405643 
0.639412 
0.598457 
0.264319 
0.402169 
0.261342 
0.374491 
0.069662 
0.811982 
0.989632 
0.740833 
0.173581 
0.380289 
0.524739 
0.291383 
0.268771 
0.229162 
0.532320 
0.698570 
0.860267 
0.502346 
0.932931 
0.765195 
0.625523 
0.159517 
0.009068 
0.401018 
0.910981 
0.849432 
0.401564 
0.082757 
0.904121 
0.567881 
0.382909 
0.559015 
0.371054 
0.297964 
0.872766 
0.584128 
0.445567 
0.641891 
0.266469 
0.551433 
0.940223 
0.330810 
0.915904 
0.601469 
0.889118 
0.400933 
0.487513 
0.624987 
0.149958 
0.338113 
0.666214 
0.052113 
0.861068 
0.965447 
0.261464 
0.419357 
0.131410 
0.614960 
0.637451 
0.631856 
0.610826 
0.150569 
0.619098 
0.177003 
0.893929 
0.268467 
0.122597 
0.493237 
0.826733 
0.904889 
0.469745 
0.005117 
0.999918 
0.617331 
0.482044 
0.718938 
0.198493 
0.077701 
0.918470 
0.721743 
0.328200 
0.062574 
0.675460 
0.454974 
0.748379 
0.014233 
0.214377 
0.039860 
0.926244 
0.380614 
0.976838 
0.723812 
0.115582 
0.587864 
0.238453 
0.674460 
0.645349 
0.387788 
0.546721 
0.746680 
0.444769 
0.225624 
0.060061 
0.439519 
0.996725 
0.954515 
0.539292 
0.885614 
0.515738 
0.009488 
0.472268 
0.407172 
0.347720 
0.134159 
0.806035 
0.032316 
0.131345 
0.516435 
0.730431 
0.357622 
0.561009 
0.875592 
0.069786 
0.900582 
0.084540 
0.866351 
0.758337 
0.374636 
0.505917 
0.946978 
0.859167 
0.023099 
0.221381 
0.747483 
0.949231 
0.731367 
0.088351 
0.911354 
0.127017 
0.782198 
0.400927 
0.385488 
0.898380 
0.078978 
0.374993 
0.512507 
0.700160 
0.587451 
0.284998 
0.953517 
0.762765 
0.798328 
0.503134 
0.173199 
0.949824 
0.684951 
0.978849 
0.515727 
0.823448 
0.687506 
0.913059 
0.775434 
0.724158 
0.927217 
0.734744 
0.838160 
0.961572 
0.145602 
0.129738 
0.514428 
0.998349 
0.256147 
0.064056 
0.581244 
0.974342 
0.764753 
0.201202 
0.599089 
0.887879 
0.585022 
0.459321 
0.815465 
0.514329 
0.325259 
0.633949 
0.780698 
0.190642 
0.125397 
0.545736 
0.191326 
0.615376 
0.619425 
0.676499 
0.919204 
0.061109 
0.066498 
0.637759 
0.819456 
0.592168 
0.559912 
0.437941 
0.481581 
0.925158 
0.133700 
0.096067 
0.605696 
0.927107 
0.887924 
0.340141 
0.751273 
0.639371 
0.913657 
0.839394 
0.692083 
0.833449 
0.773985 
0.359818 
0.455108 
0.005770 
0.984618 
0.479879 
0.332011 
0.111600 
0.654563 
0.243672 
0.389558 
0.295103 
0.798612 
0.276671 
0.016321 
0.303990 
0.159916 
0.699964 
0.292244 
0.746216 
0.644265 
0.169870 
0.013455 
0.146282 
0.555032 
0.428298 
0.405534 
0.816635 
0.184523 
0.273569 
0.869144 
0.706214 
0.342077 
0.284457 
0.861694 
0.498120 
0.895982 
0.772730 
0.268402 
0.033699 
0.377697 
0.947046 
0.994734 
0.498469 
0.775605 
0.588375 
0.811544 
0.614507 
0.026940 
0.787448 
0.639022 
0.047934 
0.634861 
0.103993 
0.815275 
0.319354 
0.390930 
0.362059 
0.120043 
0.555779 
0.978844 
0.427970 
0.890229 
0.085028 
0.069129 
0.856401 
0.534802 
0.415935 
0.624674 
0.887562 
0.250130 
0.936807 
0.913958 
0.900002 
0.341274 
0.790833 
0.535788 
0.983201 
0.654580 
0.525061 
0.699193 
0.328857 
0.105455 
0.389925 
0.474906 
0.746121 
0.061946 
0.122939 
0.240625 
0.179910 
0.740507 
0.697925 
0.019117 
0.305908 
0.395783 
0.933253 
0.186121 
0.142942 
0.430330 
0.564294 
0.095244 
0.772431 
0.255808 
0.368838 
0.058964 
0.003802 
0.898353 
0.613606 
0.875035 
0.708838 
0.446015 
0.181980 
0.533860 
0.586548 
0.108971 
0.475444 
0.794156 
0.372667 
0.413508 
0.823541 
0.252013 
0.579984 
0.790552 
0.802830 
0.163510 
0.114009 
0.151031 
0.376204 
0.855721 
0.109023 
0.346723 
0.369958 
0.890766 
0.098094 
0.669013 
0.102390 
0.868929 
0.084022 
0.154506 
0.784844 
0.866288 
0.698068 
0.424325 
0.630498 
0.779006 
0.750446 
0.746290 
0.899044 
0.228830 
0.947947 
0.145983 
0.527905 
0.497764 
0.927718 
0.160096 
0.739381 
0.781496 
0.606722 
0.174899 
0.523123 
0.127221 
0.205256 
0.741016 
0.263283 
0.999830 
0.149441 
0.649114 
0.651524 
0.155700 
0.852954 
0.590360 
0.174659 
0.498499 
0.266584 
0.479976 
0.955826 
0.571884 
0.646812 
0.973043 
0.935976 
0.947083 
0.615584 
0.128127 
0.434604 
0.386040 
0.170953 
0.208840 
0.982255 
0.767708 
0.864305 
0.365984 
0.087664 
0.365957 
0.634251 
0.855738 
0.395515 
0.418996 
0.058383 
0.237495 
0.575587 
0.888988 
0.217611 
0.390754 
0.408254 
0.522655 
0.261892 
0.622004 
0.015528 
0.971003 
0.647110 
0.984283 
0.844800 
0.546095 
0.212355 
0.055777 
0.439528 
0.147891 
0.606893 
0.056090 
0.712912 
0.914929 
0.206172 
0.139030 
0.679179 
0.957799 
0.727444 
0.148662 
0.559542 
0.227005 
0.276750 
0.341912 
0.516857 
0.811362 
0.566058 
0.743081 
0.958400 
0.826137 
0.881290 
0.842194 
0.755532 
0.219407 
0.576317 
0.161032 
0.467856 
0.248958 
0.243815 
0.796072 
0.586504 
0.367923 
0.688436 
0.548618 
0.626276 
0.814866 
0.454024 
0.785482 
0.595403 
0.931069 
0.471285 
0.885801 
0.655403 
0.366269 
0.881346 
0.787346 
0.916517 
0.896142 
0.459499 
0.796458 
0.073993 
0.592036 
0.341347 
0.026523 
0.774082 
0.996311 
0.006609 
0.078641 
0.727203 
0.109222 
0.697872 
0.140850 
0.266860 
0.122132 
0.674099 
0.579506 
0.762012 
0.130544 
0.044632 
0.131878 
0.470342 
0.036174 
0.982981 
0.958788 
0.356131 
0.487130 
0.187610 
0.162303 
0.826080 
0.925103 
0.212928 
0.675292 
0.639539 
0.739086 
0.822443 
0.791870 
0.952175 
0.205432 
0.691511 
0.220186 
0.672666 
0.497275 
0.701015 
0.951014 
0.693745 
0.778025 
0.259582 
0.788272 
0.480700 
0.122356 
0.429668 
0.434062 
0.287526 
0.441498 
0.263944 
0.105988 
0.346923 
0.738076 
0.835582 
0.626527 
0.046537 
0.146847 
0.049561 
0.969833 
0.979734 
0.389577 
0.627520 
0.734626 
0.857126 
0.722024 
0.059632 
0.232396 
0.872993 
0.392228 
0.181757 
0.790328 
0.037110 
0.704443 
0.568392 
0.970855 
0.157785 
0.891546 
0.215574 
0.157284 
0.469919 
0.926341 
0.005493 
0.326262 
0.478385 
0.221371 
0.590627 
0.668881 
0.889500 
0.822407 
0.190382 
0.747005 
0.914000 
0.594272 
0.926922 
0.783360 
0.930340 
0.232064 
0.305040 
0.805921 
0.109361 
0.033723 
0.777561 
0.475717 
0.381856 
0.851010 
0.919299 
0.651122 
0.415075 
0.170622 
0.638907 
0.116887 
0.527165 
0.069216 
0.316324 
0.462264 
0.277132 
0.761632 
0.755261 
0.677789 
0.592471 
0.659378 
0.172251 
0.019390 
0.884866 
0.946417 
0.427899 
0.701506 
0.205001 
0.443557 
0.863814 
0.117413 
0.362001 
0.159051 
0.162311 
0.956937 
0.236921 
0.933915 
0.305498 
0.507749 
0.736682 
0.408426 
0.409936 
0.788081 
0.270652 
0.846246 
0.861927 
0.413253 
0.542963 
0.579552 
0.538247 
0.311447 
0.491698 
0.969262 
0.390483 
0.846193 
0.962106 
0.119137 
0.332254 
0.197935 
0.690660 
0.916917 
0.631038 
0.856170 
0.644815 
0.399868 
0.577751 
0.260591 
0.753516 
0.338671 
0.046094 
0.696589 
0.572903 
0.772606 
0.197200 
0.347294 
0.962810 
0.941533 
0.341957 
0.263563 
0.700191 
0.114244 
0.093517 
0.747754 
0.503145 
0.361078 
0.645966 
0.746316 
0.333916 
0.126028 
0.157675 
0.040563 
0.739452 
0.964953 
0.961818 
0.278089 
0.844172 
0.992259 
0.899658 
0.545613 
0.112580 
0.126543 
0.801007 
0.532259 
0.678809 
0.749547 
0.640075 
0.738041 
0.259694 
0.681462 
0.340114 
0.294189 
0.437930 
0.296025 
0.295739 
0.487116 
0.960090 
0.227264 
0.623758 
0.507118 
0.136569 
0.312787 
0.005501 
0.462902 
0.996628 
0.334692 
0.163280 
0.252079 
0.697934 
0.174361 
0.489474 
0.582955 
0.717270 
0.157043 
0.417362 
0.607338 
0.524818 
0.618751 
0.340715 
0.403017 
0.511994 
0.087569 
0.776186 
0.363345 
0.746641 
0.794217 
0.410060 
0.878864 
0.064603 
0.785649 
0.410070 
0.049659 
0.613754 
0.360596 
0.531899 
0.629081 
0.960077 
0.015255 
0.396615 
0.914545 
0.763145 
0.181092 
0.620103 
0.071294 
0.230313 
0.874354 
0.267422 
0.564302 
0.227831 
0.154100 
0.965572 
0.360723 
0.668733 
0.391377 
0.881196 
0.260774 
0.835446 
0.341188 
0.354710 
0.614739 
0.917789 
0.272672 
0.802530 
0.126420 
0.735871 
0.787640 
0.858047 
0.197887 
0.881906 
0.196504 
0.643858 
0.327487 
0.076802 
0.814430 
0.128245 
0.417344 
0.300826 
0.978883 
0.091912 
0.766949 
0.106931 
0.194421 
0.632220 
0.718415 
0.398907 
0.434064 
0.318854 
0.987264 
0.952049 
0.082466 
0.014175 
0.231698 
0.155181 
0.121989 
0.270050 
0.722509 
0.208377 
0.193570 
0.334015 
0.781736 
0.634445 
0.124500 
0.468111 
0.537864 
0.872482 
0.801872 
0.069349 
0.543396 
0.855258 
0.327616 
0.243173 
0.000339 
0.703850 
0.608461 
0.403210 
0.757496 
0.229859 
0.236037 
0.069253 
0.926789 
0.541277 
0.247869 
0.930573 
0.132547 
0.713281 
0.119580 
0.786159 
0.971202 
0.999966 
0.430412 
0.942855 
0.555861 
0.360699 
0.265996 
0.588337 
0.186921 
0.583636 
0.166176 
0.920419 
0.485804 
0.915274 
0.004041 
0.910940 
0.169125 
0.479329 
0.090126 
0.741404 
0.775769 
0.355638 
0.205751 
0.055540 
0.457886 
0.692787 
0.666043 
0.177425 
