0.000001 
0.010182 
0.130662 
0.042524 
0.703822 
0.130176 
0.865901 
0.205046 
0.202997 
0.764624 
0.035458 
0.936203 
0.760700 
0.085915 
0.978316 
0.553587 
0.139952 
0.165349 
0.015340 
0.823762 
0.961751 
0.149253 
0.491299 
0.258612 
0.497880 
0.863125 
0.534340 
0.646323 
0.748570 
0.215163 
0.248963 
0.327400 
0.619650 
0.451345 
0.751332 
0.642532 
0.032728 
0.062777 
0.090042 
0.339639 
0.305611 
0.397590 
0.297922 
0.181181 
0.115941 
0.625666 
0.564334 
0.756768 
0.003974 
0.795667 
0.771239 
0.209706 
0.529026 
0.344538 
0.653799 
0.403738 
0.625868 
0.959115 
0.850829 
0.879740 
0.794190 
0.953673 
0.384286 
0.695845 
0.061856 
0.621388 
0.663667 
0.254004 
0.043496 
0.041289 
0.947547 
0.419930 
0.768935 
0.483422 
0.876492 
0.201359 
0.244018 
0.214920 
0.159263 
0.730055 
0.036115 
0.990308 
0.100354 
0.643879 
0.680347 
0.589518 
0.035987 
0.828093 
0.761010 
0.294701 
0.032450 
0.386537 
0.524702 
0.670838 
0.769087 
0.038771 
0.622010 
0.117082 
0.805342 
0.381771 
0.428395 
0.032472 
0.760496 
0.663295 
0.004343 
0.989690 
0.722909 
0.929851 
0.002934 
0.319243 
0.522635 
0.924349 
0.528739 
0.513587 
0.849463 
0.928928 
0.493536 
0.857547 
0.789721 
0.837668 
0.685868 
0.378428 
0.239180 
0.902481 
0.995536 
0.966054 
0.475290 
0.204387 
0.123957 
0.345577 
0.118937 
0.974851 
0.328350 
0.585913 
0.431424 
0.944930 
0.430664 
0.163083 
0.940437 
0.929797 
0.093933 
0.731302 
0.986883 
0.546126 
0.745182 
0.279931 
0.805468 
0.507523 
0.933184 
0.016455 
0.557429 
0.703718 
0.384778 
0.966079 
0.884116 
0.343826 
0.679173 
0.852519 
0.281118 
0.745868 
0.797968 
0.442128 
0.837776 
0.497735 
0.428685 
0.916111 
0.077222 
0.873134 
0.769363 
0.680301 
0.817259 
0.676279 
0.228531 
0.917893 
0.020316 
0.453698 
0.306076 
0.227630 
0.777288 
0.882273 
0.354777 
0.730912 
0.442520 
0.436908 
0.108395 
0.791518 
0.038148 
0.149670 
0.507373 
0.413398 
0.978647 
0.112289 
0.248594 
0.112254 
0.647489 
0.352435 
0.380718 
0.729053 
0.193049 
0.568747 
0.931300 
0.364168 
0.570850 
0.276295 
0.693788 
0.501839 
0.400380 
0.190889 
0.279501 
0.567540 
0.651057 
0.308348 
0.412000 
0.490296 
0.401732 
0.912123 
0.050678 
0.737145 
0.202652 
0.972383 
0.839217 
0.726484 
0.008614 
0.782877 
0.817229 
0.162439 
0.115050 
0.650464 
0.345905 
0.620726 
0.540698 
0.513352 
0.914302 
0.676747 
0.092694 
0.902015 
0.160612 
0.407109 
0.276478 
0.767869 
0.571954 
0.836859 
0.082957 
0.258848 
0.451542 
0.070636 
0.186164 
0.850767 
0.839428 
0.265239 
0.871826 
0.774150 
0.143579 
0.130973 
0.262822 
0.250042 
0.458554 
0.924996 
0.411141 
0.045706 
0.182264 
0.305715 
0.149046 
0.007993 
0.340630 
0.970314 
0.072959 
0.221683 
0.824386 
0.460098 
0.859033 
0.759728 
0.756125 
0.199515 
0.248379 
0.511842 
0.529583 
0.702434 
0.808629 
0.620223 
0.084807 
0.351682 
0.722411 
0.562813 
0.189773 
0.514575 
0.463648 
0.527874 
0.984942 
0.914150 
0.121360 
0.689487 
0.208265 
0.306038 
0.576421 
0.912550 
0.230229 
0.453250 
0.767389 
0.505503 
0.995526 
0.811898 
0.575477 
0.046355 
0.092309 
0.429302 
0.279844 
0.337046 
0.730022 
0.484607 
0.785453 
0.104509 
0.486383 
0.638661 
0.973576 
0.895971 
0.589225 
0.101883 
0.355709 
0.408053 
0.153630 
0.058692 
0.443353 
0.434588 
0.125547 
0.067213 
0.641297 
0.271265 
0.142978 
0.026747 
0.532978 
0.754428 
0.664385 
0.315902 
0.372591 
0.140987 
0.568416 
0.360256 
0.820434 
0.034352 
0.352888 
0.991181 
0.784235 
0.631220 
0.919481 
0.718934 
0.123423 
0.367237 
0.152219 
0.349677 
0.024859 
0.806058 
0.423501 
0.784610 
0.937255 
0.439975 
0.662450 
0.798019 
0.306644 
0.764930 
0.172835 
0.839558 
0.450690 
0.746862 
0.515531 
0.523717 
0.119882 
0.863931 
0.082763 
0.999822 
0.011955 
0.924789 
0.932829 
0.048833 
0.730894 
0.134333 
0.741886 
0.882017 
0.066623 
0.729873 
0.974831 
0.984475 
0.078577 
0.644777 
0.775433 
0.703786 
0.534354 
0.894090 
0.971867 
0.168453 
0.194840 
0.672602 
0.429570 
0.789805 
0.250539 
0.808148 
0.540428 
0.971546 
0.773549 
0.040566 
0.789486 
0.886032 
0.546643 
0.428383 
0.825120 
0.798337 
0.655889 
0.527748 
0.854502 
0.618226 
0.529789 
0.161126 
0.040267 
0.769050 
0.420308 
0.111377 
0.917707 
0.895967 
0.516369 
0.616614 
0.425765 
0.833975 
0.623417 
0.767627 
0.505021 
0.882939 
0.555305 
0.011044 
0.620457 
0.024257 
0.686571 
0.194970 
0.858617 
0.775328 
0.934768 
0.653487 
0.156298 
0.906598 
0.191479 
0.193077 
0.036866 
0.601023 
0.385304 
0.811191 
0.683067 
0.299600 
0.381468 
0.335690 
0.946812 
0.065686 
0.977301 
0.502519 
0.838595 
0.273647 
0.191073 
0.359396 
0.370233 
0.502289 
0.977464 
0.237405 
0.060973 
0.775462 
0.186423 
0.206674 
0.563099 
0.008202 
0.858450 
0.969942 
0.819995 
0.658930 
0.640560 
0.892046 
0.614262 
0.909261 
0.942510 
0.766461 
0.912676 
0.341008 
0.326250 
0.278390 
0.904733 
0.852224 
0.323410 
0.555515 
0.539359 
0.012259 
0.038030 
0.173645 
0.452009 
0.914834 
0.617388 
0.441886 
0.776352 
0.146418 
0.847180 
0.558000 
0.314272 
0.974022 
0.389180 
0.945265 
0.061118 
0.210167 
0.276936 
0.466355 
0.032639 
0.568089 
0.871725 
0.079600 
0.844766 
0.977822 
0.253558 
0.553332 
0.853449 
0.918783 
0.980374 
0.146507 
0.345820 
0.202901 
0.154998 
0.053184 
0.856403 
0.564018 
0.446498 
0.299341 
0.028504 
0.070227 
0.311449 
0.531511 
0.101991 
0.154757 
0.999414 
0.149043 
0.964518 
0.648217 
0.582750 
0.271476 
0.699679 
0.506106 
0.127254 
0.765530 
0.268194 
0.537088 
0.845475 
0.890433 
0.499344 
0.481509 
0.723051 
0.324055 
0.385394 
0.321383 
0.477742 
0.413782 
0.428224 
0.167356 
0.749324 
0.888920 
0.070798 
0.895582 
0.049182 
0.601524 
0.813060 
0.094513 
0.473824 
0.566311 
0.986170 
0.564855 
0.518381 
0.426263 
0.198259 
0.135277 
0.599222 
0.119161 
0.745346 
0.025469 
0.050776 
0.388181 
0.151363 
0.959943 
0.753748 
0.237354 
0.200644 
0.221025 
0.760170 
0.173622 
0.058992 
0.481727 
0.384923 
0.408211 
0.803991 
0.672958 
0.407688 
0.008514 
0.086660 
0.500867 
0.065355 
0.413308 
0.474332 
0.102493 
0.594009 
0.511747 
0.924019 
0.988272 
0.887991 
0.462959 
0.951586 
0.312525 
0.613484 
0.823876 
0.890708 
0.136359 
0.779455 
0.297977 
0.106117 
0.514820 
0.573853 
0.754225 
0.254420 
0.038533 
0.622500 
0.361208 
0.817541 
0.404854 
0.387060 
0.319483 
0.550272 
0.427034 
0.162068 
0.879078 
0.656249 
0.581233 
0.782111 
0.933600 
0.023278 
0.234549 
0.058994 
0.509487 
0.949458 
0.540289 
0.636009 
0.398349 
0.055922 
0.875767 
0.019811 
0.965218 
0.421056 
0.695177 
0.844204 
0.536575 
0.221285 
0.140166 
0.770605 
0.555137 
0.193457 
0.438272 
0.041003 
0.135277 
0.596295 
0.924029 
0.148955 
0.490319 
0.795829 
0.497445 
0.556677 
0.064538 
0.696892 
0.662210 
0.770867 
0.959301 
0.979130 
0.243652 
0.064341 
0.373855 
0.375054 
0.529089 
0.406537 
0.673961 
0.267933 
0.155519 
0.809396 
0.517618 
0.598937 
0.341946 
0.079463 
0.536801 
0.010250 
0.266464 
0.464028 
0.926205 
0.730571 
0.711231 
0.656962 
0.552925 
0.006660 
0.926355 
0.242726 
0.499696 
0.386912 
0.824170 
0.831127 
0.759737 
0.905906 
0.569704 
0.023036 
0.158067 
0.628973 
0.143342 
0.148494 
0.733174 
0.459422 
0.504325 
0.185170 
0.153341 
0.204567 
0.155626 
0.612419 
0.930174 
0.441854 
0.242038 
0.930084 
0.916229 
0.054844 
0.762207 
0.411412 
0.606186 
0.172179 
0.816195 
0.791468 
0.206604 
0.391218 
0.197495 
0.295531 
0.992439 
0.917701 
0.805165 
0.414951 
0.083666 
0.166935 
0.668487 
0.258937 
0.955990 
0.316576 
0.686038 
0.248326 
0.619941 
0.351708 
0.164311 
0.580944 
0.933080 
0.276974 
0.100174 
0.620412 
0.265107 
0.652659 
0.234322 
0.254471 
0.886066 
0.112654 
0.372759 
0.957627 
0.834528 
0.915266 
0.875062 
0.168191 
0.793415 
0.925155 
0.086053 
0.294013 
0.480494 
0.665104 
0.400983 
0.316615 
0.343649 
0.710975 
0.357139 
0.429043 
0.931435 
0.626576 
0.856958 
0.884809 
0.980674 
0.190993 
0.027168 
0.613322 
0.097529 
0.176058 
0.999951 
0.171399 
0.699756 
0.797723 
0.334583 
0.334273 
0.134066 
0.245348 
0.555831 
0.851625 
0.259028 
0.484550 
0.830440 
0.205911 
0.746942 
0.856313 
0.051431 
0.401260 
0.969931 
0.634808 
0.211787 
0.507426 
0.312624 
0.275891 
0.896994 
0.772801 
0.469531 
0.401121 
0.637705 
0.900092 
0.848194 
0.602714 
0.806944 
0.314202 
0.789540 
0.802633 
0.857777 
0.656902 
0.552621 
0.898881 
0.498914 
0.252065 
0.453548 
0.775389 
0.957683 
0.773935 
0.527515 
0.937490 
0.402176 
0.377689 
0.815250 
0.898382 
0.104844 
0.107383 
0.788097 
0.538846 
0.383170 
0.945108 
0.435974 
0.410655 
0.872950 
0.663155 
0.647565 
0.620933 
0.025420 
0.239674 
0.206431 
0.482587 
0.836220 
0.355564 
0.964160 
0.637753 
0.718363 
0.518558 
0.405965 
0.054187 
0.727175 
0.629348 
0.458392 
0.200520 
0.134021 
0.498970 
0.191589 
0.038863 
0.171897 
0.071420 
0.349717 
0.701997 
0.455489 
0.395978 
0.194024 
0.958636 
0.788776 
0.962645 
0.173323 
0.031677 
0.394286 
0.772580 
0.744069 
0.572436 
0.925865 
0.016195 
0.184445 
0.964593 
0.911002 
0.204866 
0.190212 
0.898465 
0.499863 
0.191968 
0.414357 
0.090261 
0.012170 
0.544235 
0.950636 
0.330978 
0.740104 
0.933085 
0.358869 
0.511589 
0.274503 
0.580087 
0.529031 
0.423248 
0.529335 
0.526463 
0.270244 
0.999222 
0.923366 
0.007446 
0.136648 
0.637627 
0.590741 
0.576238 
0.832310 
0.639874 
0.355383 
0.917668 
0.238341 
0.790645 
0.368206 
0.431130 
0.001317 
0.139867 
0.749660 
0.539456 
0.643846 
0.115338 
0.481979 
0.620961 
0.499119 
0.695839 
0.974162 
0.740472 
0.106032 
0.079276 
0.386601 
0.603606 
0.812622 
0.740778 
0.252707 
0.249523 
0.735714 
0.140910 
0.277315 
0.834421 
0.121642 
0.439389 
0.807267 
0.732131 
0.927987 
0.676608 
0.750003 
0.301276 
0.552703 
0.287170 
0.461002 
0.057748 
0.565849 
0.224564 
0.251909 
0.830227 
0.624181 
0.609736 
0.836216 
0.277206 
0.007825 
0.517267 
0.713242 
0.452977 
0.186592 
0.043490 
0.933630 
0.513733 
0.313118 
0.577720 
0.737304 
0.873925 
0.055619 
0.780973 
0.813561 
0.523786 
0.275477 
0.944501 
0.231007 
0.526401 
0.225628 
0.124487 
0.258591 
0.139737 
0.562401 
0.279191 
0.357636 
0.787019 
0.423838 
0.440281 
0.799092 
0.336822 
0.969734 
0.312764 
0.629930 
0.227525 
0.008427 
0.632161 
0.729091 
0.838646 
0.120891 
0.814328 
0.413550 
0.540264 
0.219575 
0.404180 
0.052333 
0.560898 
0.007876 
0.365873 
0.224072 
0.982457 
0.161746 
0.462275 
0.459244 
0.514425 
0.935504 
0.007708 
0.553318 
0.620685 
0.853426 
0.522487 
0.432934 
0.315412 
0.137740 
0.001067 
0.937639 
0.901997 
0.862600 
0.711212 
0.337020 
0.288145 
0.861088 
0.308962 
0.718061 
0.448159 
0.203001 
0.834545 
0.194057 
0.514151 
0.340979 
0.828414 
0.159686 
0.850188 
0.117332 
0.999438 
0.561673 
0.031322 
0.427619 
0.993655 
0.358534 
0.884860 
0.839407 
0.911722 
0.309935 
0.081747 
0.917120 
0.034859 
0.876376 
0.244728 
0.139294 
0.106345 
0.333031 
0.256866 
0.144737 
0.601031 
0.526813 
0.145938 
0.782897 
0.152636 
0.345888 
0.336738 
0.560518 
0.618631 
0.335615 
0.684771 
0.939659 
0.841071 
0.875496 
0.457727 
0.010056 
0.011485 
0.029477 
0.428310 
0.599354 
0.349958 
0.750327 
0.744086 
0.849779 
0.230464 
0.401997 
0.369170 
0.637185 
0.167688 
0.324931 
0.119184 
0.125199 
0.212016 
0.355088 
0.972334 
0.009231 
0.144051 
0.064196 
0.936387 
0.851701 
0.540729 
0.033501 
0.047240 
0.962066 
0.439111 
0.145380 
0.407095 
0.039347 
0.304426 
0.486297 
0.196511 
0.768431 
0.014461 
0.046716 
0.148580 
0.184363 
0.590713 
0.109982 
0.468582 
0.452804 
0.273773 
0.309499 
0.744815 
0.107634 
0.002698 
0.347752 
0.672042 
0.003601 
0.519294 
0.778962 
0.010361 
0.138430 
0.592961 
0.896405 
0.879676 
0.708446 
0.847862 
0.013543 
0.621693 
0.795777 
0.632428 
0.211104 
0.030697 
0.932411 
0.030528 
0.087839 
0.306050 
0.777434 
0.329101 
0.197324 
0.423238 
0.361115 
0.253245 
0.289449 
0.773286 
0.624365 
0.698695 
0.959667 
0.119402 
0.793793 
0.287133 
0.838657 
0.304372 
0.586233 
0.824724 
0.133957 
0.414689 
0.683344 
0.966316 
0.865320 
0.432814 
0.306125 
0.046777 
0.179884 
0.313320 
0.970834 
0.813816 
0.805757 
0.361664 
0.483986 
0.349835 
0.670101 
0.394611 
0.221955 
0.401349 
0.468595 
0.674321 
0.319329 
0.962538 
0.378149 
0.551522 
0.423508 
0.898570 
0.258988 
0.809072 
0.067021 
0.421763 
0.571356 
0.781586 
0.121977 
0.074523 
0.513948 
0.920613 
0.737324 
0.210122 
0.524384 
0.318799 
0.047278 
0.606004 
0.105244 
0.840080 
0.222649 
0.062107 
0.828359 
0.223230 
0.827686 
0.918110 
0.676553 
0.830647 
0.688841 
0.351111 
0.114823 
0.826390 
0.141089 
0.281827 
0.665138 
0.982412 
0.390434 
0.018640 
0.287926 
0.167973 
0.125955 
0.923018 
0.165257 
0.466244 
0.154741 
0.733513 
0.152691 
0.273696 
0.009985 
0.815858 
0.133121 
0.358843 
0.077351 
0.031866 
0.574391 
0.785111 
0.365847 
0.797840 
0.302977 
0.140294 
0.917441 
0.422727 
0.778178 
0.838660 
0.356363 
0.391760 
0.310879 
0.946783 
0.587447 
0.229219 
0.483701 
0.563634 
0.998838 
0.471033 
0.651078 
0.662844 
0.416114 
0.633365 
0.959458 
0.604142 
0.807022 
0.623037 
0.380003 
0.703085 
0.753939 
0.453083 
0.973187 
0.358229 
0.760975 
0.707199 
0.885307 
0.361816 
0.035249 
0.432627 
0.159847 
0.540565 
0.284309 
0.373786 
0.213722 
0.031320 
0.399593 
0.956836 
0.535875 
0.458737 
0.999930 
0.818876 
0.843165 
0.067196 
0.356691 
0.899599 
0.555436 
0.214699 
0.452389 
0.303617 
0.886916 
0.400474 
0.758793 
0.033826 
0.515368 
0.783886 
0.765623 
0.819553 
0.220530 
0.443651 
0.436883 
0.686679 
0.009341 
0.000967 
0.245962 
0.877552 
0.016602 
0.026546 
0.165886 
0.041061 
0.120249 
0.021546 
0.120643 
0.644008 
0.845449 
0.466306 
0.203529 
0.717889 
0.555102 
0.601925 
0.549169 
0.879541 
0.441006 
0.982957 
0.550808 
0.422772 
0.537289 
0.214883 
0.538984 
0.702656 
0.536305 
0.674102 
0.632953 
0.033567 
0.159289 
0.166383 
0.399342 
0.742625 
0.303859 
0.950132 
0.873944 
0.373917 
0.422817 
0.282015 
0.824652 
0.919023 
0.014609 
0.535548 
0.954436 
0.210453 
0.084565 
0.288083 
0.803589 
0.923028 
0.326926 
0.642333 
0.693882 
0.069288 
0.525514 
0.313608 
0.810622 
0.124315 
0.358976 
0.309995 
0.079765 
0.615864 
0.825545 
0.941198 
0.722843 
0.814734 
0.235804 
0.161726 
0.134538 
0.182828 
0.785952 
0.502579 
0.846874 
0.418432 
0.580336 
0.714542 
0.306196 
0.233223 
0.782416 
0.057744 
0.496233 
0.195939 
0.142568 
0.137303 
0.659604 
0.967774 
0.374354 
0.775550 
0.666295 
0.423958 
0.462262 
0.244348 
0.749838 
0.524567 
0.392386 
0.830513 
0.439347 
0.102353 
0.255091 
0.312222 
0.517876 
0.937697 
0.866323 
0.291166 
0.620986 
0.913025 
0.203303 
0.917232 
0.911348 
0.034150 
0.954804 
0.388174 
0.043023 
0.082341 
0.909273 
0.143577 
0.103776 
0.169008 
0.521548 
0.649346 
0.558846 
0.527968 
0.565665 
0.127373 
0.750705 
0.091232 
0.338274 
0.368737 
0.365737 
0.934875 
0.442501 
0.116214 
0.215988 
0.107835 
0.390342 
0.479350 
0.435754 
0.713204 
0.818008 
0.262764 
0.272490 
0.731126 
0.042227 
0.716413 
0.753917 
0.085095 
0.197927 
0.551585 
0.490422 
0.524463 
0.643325 
0.371006 
0.495127 
0.594921 
0.834572 
0.656384 
0.845910 
0.214177 
0.667657 
0.318702 
0.426202 
0.183946 
0.574858 
0.638255 
0.144764 
0.045843 
0.477002 
0.974425 
0.163145 
0.978574 
0.891243 
0.117501 
0.836701 
0.429857 
0.606356 
0.025345 
0.969165 
0.756517 
0.781398 
0.949754 
0.520544 
0.786729 
0.555891 
0.856820 
0.577924 
0.165317 
0.477434 
0.231583 
0.207957 
0.125686 
0.399071 
0.193736 
0.121407 
0.491134 
0.492366 
0.203585 
0.650784 
0.727911 
0.000725 
0.186244 
0.201473 
0.157057 
0.654165 
0.546194 
0.875052 
0.995792 
0.279018 
0.451118 
0.940947 
0.497308 
0.247538 
0.366298 
0.369000 
0.775387 
0.928537 
0.927212 
0.653295 
0.924399 
0.376984 
0.973679 
0.621099 
0.806176 
0.405028 
0.311039 
0.626360 
0.232276 
0.868221 
0.198569 
0.344845 
0.807135 
0.512643 
0.995110 
0.807681 
0.700441 
0.307651 
0.698093 
0.857413 
0.537080 
0.710720 
0.072796 
0.486907 
0.443538 
0.536758 
0.284784 
0.371192 
0.628688 
0.352227 
0.871499 
0.289454 
0.856262 
0.187995 
0.626320 
0.568365 
0.517653 
0.199087 
0.054154 
0.162385 
0.204867 
0.200316 
0.713749 
0.986334 
0.309289 
0.216860 
0.766570 
0.746770 
0.958584 
0.922295 
0.019506 
0.841286 
0.499621 
0.135131 
0.144184 
0.293474 
0.423037 
0.982886 
0.361606 
0.518940 
0.819792 
0.244638 
0.622794 
0.292212 
0.200960 
0.538103 
0.902678 
0.317415 
0.785618 
0.887480 
0.876931 
0.579575 
0.915337 
0.065155 
0.067332 
0.649919 
0.181516 
0.737708 
0.665805 
0.178925 
0.191680 
0.571047 
0.587757 
0.436556 
0.203344 
0.609599 
0.533314 
0.414583 
0.897375 
0.174599 
0.486400 
0.931359 
0.355315 
0.779416 
0.645509 
0.063795 
0.210319 
0.829655 
0.015176 
0.064974 
0.022968 
0.028784 
0.778446 
0.340192 
0.603658 
0.682954 
0.400508 
0.342562 
0.437444 
0.116350 
0.497226 
0.873861 
0.985261 
0.278453 
0.962882 
0.155794 
0.429787 
0.429301 
0.268159 
0.951128 
0.611276 
0.719960 
0.363967 
0.198444 
0.248771 
0.093639 
0.784042 
0.399478 
0.020623 
0.613240 
0.724448 
0.791892 
0.335409 
0.216304 
0.417323 
0.941196 
0.685980 
0.271752 
0.334737 
0.919605 
0.800850 
0.885060 
0.205810 
0.049763 
0.360803 
0.014892 
0.285551 
0.263429 
0.459416 
0.398583 
0.978114 
0.169833 
0.382634 
0.937482 
0.254853 
0.310365 
0.300665 
0.268299 
0.294367 
0.419660 
0.220241 
0.589416 
0.307627 
0.286035 
0.392867 
0.916867 
0.781274 
0.877747 
0.285747 
0.544494 
0.309414 
0.329017 
0.790221 
0.244308 
0.080237 
0.546027 
0.067835 
0.101176 
0.472816 
0.611249 
0.258861 
0.683641 
0.955282 
0.417599 
0.579079 
0.584621 
0.718869 
0.026964 
0.186194 
0.357790 
0.383495 
0.400432 
0.061972 
0.566859 
0.195506 
0.869390 
0.834640 
0.788398 
0.603125 
0.723584 
0.281389 
0.304689 
0.901872 
0.764280 
0.246371 
0.749691 
0.059926 
0.169833 
0.380474 
0.633052 
0.707784 
0.722928 
0.256907 
0.835563 
0.310053 
0.052998 
0.734433 
0.614176 
0.461054 
0.927116 
0.046432 
0.374964 
0.025863 
0.680493 
0.048517 
0.419795 
0.486695 
0.880560 
0.564092 
0.695039 
0.522684 
0.745554 
0.525773 
0.668834 
0.090506 
0.129615 
0.443039 
0.155037 
0.706732 
0.050940 
0.142053 
0.484415 
0.560269 
0.434318 
0.577949 
0.588496 
0.857177 
0.566959 
0.879240 
0.382980 
0.741235 
0.943179 
0.015513 
0.727094 
0.271943 
0.544417 
0.013438 
0.855141 
0.349313 
0.910312 
0.620627 
0.875403 
0.902791 
0.213846 
0.101677 
0.879917 
0.766348 
0.007174 
0.572653 
0.587244 
0.813471 
0.999906 
0.421210 
0.276611 
0.005170 
0.884837 
0.463499 
0.020220 
0.830705 
0.657260 
0.573940 
0.206181 
0.276414 
0.693512 
0.853625 
0.871860 
0.344747 
0.169099 
0.048198 
0.067990 
0.711020 
0.115952 
0.806831 
0.401054 
0.508766 
0.837228 
0.291678 
0.238484 
0.198482 
0.889492 
0.697741 
0.924954 
0.709828 
0.076048 
0.144947 
0.126043 
0.409668 
0.294265 
0.719616 
0.581900 
0.001328 
0.325971 
0.586724 
0.078413 
0.885333 
0.787476 
0.112471 
0.294890 
0.223222 
0.685074 
0.036535 
0.036372 
0.307943 
0.604241 
0.476817 
0.867826 
0.553519 
0.001982 
0.307877 
0.490282 
0.177280 
0.539897 
0.045642 
0.110012 
0.971050 
0.441878 
0.646669 
0.565268 
0.466991 
0.725315 
0.361148 
0.820305 
0.859889 
0.156906 
0.119673 
0.348881 
0.647512 
0.737070 
0.936854 
0.708218 
0.012432 
0.947397 
0.899472 
0.418876 
0.056225 
0.977456 
0.110852 
0.094939 
0.637402 
0.813790 
0.360445 
0.993056 
0.296758 
0.615978 
0.747060 
0.835868 
0.430337 
0.677824 
0.182399 
0.583235 
0.434622 
0.690384 
0.280921 
0.433005 
0.509936 
0.487269 
0.530183 
0.789974 
0.099909 
0.165290 
0.036895 
0.101026 
0.939976 
0.168410 
0.464045 
0.200097 
0.027005 
0.875086 
0.576978 
0.275165 
0.702344 
0.299744 
0.792358 
0.156714 
0.899498 
0.862874 
0.326484 
0.222990 
0.791486 
0.513084 
0.411001 
0.701912 
0.034697 
0.157456 
0.359438 
0.072336 
0.757264 
0.330918 
0.740740 
0.609841 
0.604067 
0.558943 
0.160424 
0.243667 
0.307897 
0.829822 
0.812681 
0.721195 
0.122966 
0.683840 
0.296390 
0.425508 
0.513546 
0.160539 
0.183589 
0.579444 
0.721034 
0.420880 
0.736332 
0.536481 
0.632861 
0.493760 
0.625623 
0.841662 
0.820487 
0.919733 
0.959785 
0.110071 
0.956359 
0.523254 
0.334312 
0.782277 
0.731113 
0.811036 
0.090151 
0.172699 
0.560198 
0.253733 
0.497221 
0.792459 
0.860726 
0.227497 
0.542860 
0.843758 
0.035290 
0.118248 
0.396239 
0.589211 
0.870466 
0.914852 
0.914281 
0.327879 
0.664249 
0.039173 
0.372331 
0.774734 
0.951788 
0.707056 
0.498335 
0.520272 
0.212428 
0.270241 
0.947341 
0.959368 
0.099765 
0.744923 
0.923610 
0.110294 
0.717477 
0.638102 
0.583999 
0.276176 
0.682396 
0.027210 
0.321365 
0.189685 
0.033951 
0.618736 
0.090600 
0.718384 
0.877108 
0.546653 
0.600813 
0.865669 
0.294796 
0.635596 
0.455522 
0.963295 
0.105211 
0.277231 
0.419539 
0.194150 
0.086821 
0.201817 
0.939883 
0.610446 
0.762710 
0.871029 
0.379844 
0.032204 
0.247593 
0.291594 
0.818616 
0.481419 
0.216334 
0.932157 
0.759976 
0.915285 
0.194730 
0.829148 
0.492800 
0.489794 
0.963865 
0.681979 
0.017843 
0.894464 
0.262679 
0.847949 
0.486004 
0.272692 
0.136701 
0.526898 
0.571918 
0.230972 
0.953550 
0.317225 
0.592929 
0.362185 
0.241795 
0.844758 
0.848507 
0.854685 
0.686594 
0.577319 
0.005719 
0.117738 
0.828313 
0.464104 
