0.000001 
0.012968 
0.958115 
0.038019 
0.983269 
0.795312 
0.815372 
0.952929 
0.878836 
0.594144 
0.786129 
0.462942 
0.672929 
0.909579 
0.285987 
0.585929 
0.713220 
0.094529 
0.755895 
0.319733 
0.757588 
0.774260 
0.982384 
0.934297 
0.733272 
0.098538 
0.120984 
0.385824 
0.543721 
0.310934 
0.872815 
0.401616 
0.962152 
0.884611 
0.648699 
0.687683 
0.884113 
0.282107 
0.372175 
0.148948 
0.366177 
0.343433 
0.085824 
0.448284 
0.310619 
0.566278 
0.440508 
0.618728 
0.959712 
0.880415 
0.133699 
0.081847 
0.601535 
0.992237 
0.520634 
0.302071 
0.902431 
0.159304 
0.416467 
0.557824 
0.355091 
0.010174 
0.994437 
0.495784 
0.637584 
0.865980 
0.519367 
0.001448 
0.344407 
0.445362 
0.202218 
0.671656 
0.523539 
0.124543 
0.195501 
0.791431 
0.586732 
0.203783 
0.989161 
0.829132 
0.228934 
0.693267 
0.730427 
0.292781 
0.770434 
0.685497 
0.153443 
0.924020 
0.007681 
0.101705 
0.364158 
0.403914 
0.575274 
0.632266 
0.494525 
0.475206 
0.791445 
0.817837 
0.383130 
0.258720 
0.308878 
0.312688 
0.339080 
0.910900 
0.489005 
0.714002 
0.232022 
0.586290 
0.770071 
0.583387 
0.981557 
0.032779 
0.920923 
0.945437 
0.952007 
0.375276 
0.259638 
0.734785 
0.529260 
0.274416 
0.117973 
0.770988 
0.992561 
0.970339 
0.483937 
0.534014 
0.171065 
0.095825 
0.532204 
0.744521 
0.163012 
0.743527 
0.461243 
0.105194 
0.990676 
0.294964 
0.460884 
0.070891 
0.462186 
0.968235 
0.118868 
0.809967 
0.112425 
0.534152 
0.487138 
0.336546 
0.326411 
0.995361 
0.037114 
0.773456 
0.468608 
0.898586 
0.534648 
0.833046 
0.997679 
0.996710 
0.698992 
0.962047 
0.127450 
0.047581 
0.691954 
0.673794 
0.447498 
0.093579 
0.785805 
0.017676 
0.072988 
0.706213 
0.328850 
0.985595 
0.888700 
0.379397 
0.519351 
0.731705 
0.763001 
0.752327 
0.366771 
0.316051 
0.876223 
0.684801 
0.444170 
0.161508 
0.461380 
0.421181 
0.784481 
0.777513 
0.666573 
0.084553 
0.083564 
0.458109 
0.444748 
0.881678 
0.368885 
0.852425 
0.699377 
0.432733 
0.939931 
0.415865 
0.448026 
0.970341 
0.523570 
0.641373 
0.556417 
0.700093 
0.465494 
0.553840 
0.396949 
0.514453 
0.418242 
0.390019 
0.045197 
0.619472 
0.469396 
0.144059 
0.191906 
0.370014 
0.819349 
0.793582 
0.729281 
0.023242 
0.636113 
0.153561 
0.904131 
0.725771 
0.026247 
0.140785 
0.178815 
0.344211 
0.155391 
0.662216 
0.862365 
0.767583 
0.760952 
0.322345 
0.646113 
0.225702 
0.373662 
0.136494 
0.060818 
0.168608 
0.790721 
0.652325 
0.625257 
0.700162 
0.618913 
0.066906 
0.486912 
0.536296 
0.522623 
0.719063 
0.292556 
0.985985 
0.456503 
0.444291 
0.194078 
0.877264 
0.168197 
0.892943 
0.691207 
0.118935 
0.947741 
0.681452 
0.169076 
0.667367 
0.439219 
0.956042 
0.200533 
0.353058 
0.847047 
0.317741 
0.280105 
0.728570 
0.082167 
0.987391 
0.088828 
0.923999 
0.646056 
0.266667 
0.864641 
0.015918 
0.532302 
0.404103 
0.750988 
0.852099 
0.221717 
0.397887 
0.286137 
0.105832 
0.724096 
0.873748 
0.090771 
0.583766 
0.360565 
0.011610 
0.128463 
0.073863 
0.413135 
0.563439 
0.726797 
0.284104 
0.933580 
0.674339 
0.622264 
0.395704 
0.593355 
0.522178 
0.244966 
0.151795 
0.214948 
0.625667 
0.593002 
0.579686 
0.786269 
0.831100 
0.297629 
0.257206 
0.853455 
0.025996 
0.916534 
0.183816 
0.393978 
0.581286 
0.676892 
0.517381 
0.624159 
0.245481 
0.804480 
0.894301 
0.513385 
0.464504 
0.914792 
0.902449 
0.464939 
0.230169 
0.456867 
0.560043 
0.636329 
0.788581 
0.682136 
0.662507 
0.749220 
0.146339 
0.524579 
0.592569 
0.304059 
0.312278 
0.455428 
0.375489 
0.850290 
0.825069 
0.939425 
0.909792 
0.866058 
0.837124 
0.544989 
0.634926 
0.202675 
0.353050 
0.705695 
0.613750 
0.292381 
0.048538 
0.773092 
0.365527 
0.416014 
0.948347 
0.873670 
0.778273 
0.433619 
0.836822 
0.467186 
0.997214 
0.180397 
0.936907 
0.592691 
0.360946 
0.416069 
0.868181 
0.509911 
0.071791 
0.583624 
0.970235 
0.740355 
0.150958 
0.150571 
0.643485 
0.048751 
0.360113 
0.422278 
0.225309 
0.770061 
0.417757 
0.247347 
0.157346 
0.508181 
0.992391 
0.118746 
0.770063 
0.445635 
0.784948 
0.623503 
0.219951 
0.709291 
0.051368 
0.342986 
0.561756 
0.438746 
0.999599 
0.254351 
0.870408 
0.949931 
0.488843 
0.992100 
0.230834 
0.633705 
0.675290 
0.596956 
0.041981 
0.573884 
0.276502 
0.165636 
0.848499 
0.721754 
0.517262 
0.620922 
0.833228 
0.066211 
0.806534 
0.411297 
0.671171 
0.374825 
0.689520 
0.756901 
0.236524 
0.265112 
0.745448 
0.746339 
0.711170 
0.642030 
0.601021 
0.352872 
0.718597 
0.454611 
0.653454 
0.594036 
0.968822 
0.993922 
0.850299 
0.972995 
0.135158 
0.605986 
0.812202 
0.670678 
0.092570 
0.825217 
0.424688 
0.734416 
0.336121 
0.186516 
0.781230 
0.124545 
0.220554 
0.843891 
0.279368 
0.342856 
0.377088 
0.717488 
0.818750 
0.739225 
0.158222 
0.244741 
0.360584 
0.337304 
0.073516 
0.589346 
0.138375 
0.672024 
0.713336 
0.045808 
0.888772 
0.594268 
0.867129 
0.834659 
0.105679 
0.145056 
0.963346 
0.957737 
0.688493 
0.507286 
0.953021 
0.421992 
0.425984 
0.509927 
0.344054 
0.520198 
0.968184 
0.261145 
0.057613 
0.302745 
0.231594 
0.394522 
0.723479 
0.518742 
0.495581 
0.226813 
0.040218 
0.941928 
0.980706 
0.718506 
0.937164 
0.923248 
0.033721 
0.753394 
0.287028 
0.072621 
0.539402 
0.734069 
0.505155 
0.141300 
0.836376 
0.971606 
0.785225 
0.272750 
0.111459 
0.295335 
0.703587 
0.187603 
0.047435 
0.245963 
0.905790 
0.604941 
0.250549 
0.975562 
0.265254 
0.124993 
0.758521 
0.464541 
0.545440 
0.217418 
0.141801 
0.257800 
0.840857 
0.291277 
0.491504 
0.707466 
0.386518 
0.216062 
0.346624 
0.717601 
0.712168 
0.413235 
0.242610 
0.553857 
0.672797 
0.695334 
0.483428 
0.972569 
0.959246 
0.054954 
0.603939 
0.409869 
0.673026 
0.555824 
0.733572 
0.143032 
0.933870 
0.551850 
0.944902 
0.966576 
0.235322 
0.056042 
0.894274 
0.062289 
0.889471 
0.335231 
0.226145 
0.826909 
0.860588 
0.899277 
0.155492 
0.350090 
0.959445 
0.389394 
0.541653 
0.568601 
0.479033 
0.102858 
0.732825 
0.595859 
0.604221 
0.144150 
0.722603 
0.793694 
0.619474 
0.503684 
0.411108 
0.498823 
0.716242 
0.872616 
0.053777 
0.831744 
0.129567 
0.633667 
0.043138 
0.026732 
0.288897 
0.485429 
0.601202 
0.394238 
0.960758 
0.460843 
0.387970 
0.606331 
0.603425 
0.767006 
0.073597 
0.952786 
0.467985 
0.430809 
0.611469 
0.959004 
0.987582 
0.283904 
0.568319 
0.740816 
0.889774 
0.425478 
0.008940 
0.261649 
0.530440 
0.112189 
0.553402 
0.027342 
0.534702 
0.733861 
0.997095 
0.169294 
0.329177 
0.471073 
0.329796 
0.882907 
0.020866 
0.690105 
0.599820 
0.182698 
0.610230 
0.129013 
0.322910 
0.140407 
0.821103 
0.279702 
0.949933 
0.520799 
0.060889 
0.367365 
0.302193 
0.963920 
0.607314 
0.125149 
0.378523 
0.843727 
0.516730 
0.687481 
0.498801 
0.348770 
0.778849 
0.117084 
0.832100 
0.109469 
0.842991 
0.157273 
0.291681 
0.284753 
0.849886 
0.028157 
0.237320 
0.644862 
0.196537 
0.203819 
0.593153 
0.126395 
0.314069 
0.558548 
0.509207 
0.249027 
0.391646 
0.391157 
0.174267 
0.913572 
0.397010 
0.540803 
0.283779 
0.471971 
0.423497 
0.714986 
0.777091 
0.575029 
0.510876 
0.300675 
0.445722 
0.256024 
0.992314 
0.818732 
0.422688 
0.112381 
0.787485 
0.255998 
0.566387 
0.269225 
0.869843 
0.454901 
0.528890 
0.059160 
0.304284 
0.093604 
0.200845 
0.598119 
0.578829 
0.381359 
0.508217 
0.610205 
0.711742 
0.254197 
0.287049 
0.430669 
0.261672 
0.921955 
0.290040 
0.709645 
0.000191 
0.215753 
0.167157 
0.404021 
0.376756 
0.131879 
0.483193 
0.021223 
0.686920 
0.062305 
0.159934 
0.018114 
0.434870 
0.858168 
0.230778 
0.690839 
0.923339 
0.556975 
0.084638 
0.506492 
0.606447 
0.559587 
0.979464 
0.845854 
0.260009 
0.975140 
0.184636 
0.178069 
0.800662 
0.727738 
0.099780 
0.995077 
0.265932 
0.523208 
0.551644 
0.477312 
0.176472 
0.963244 
0.235341 
0.378230 
0.910398 
0.066588 
0.139452 
0.764093 
0.118969 
0.512625 
0.684387 
0.494416 
0.657939 
0.980114 
0.773234 
0.739797 
0.771727 
0.423731 
0.646892 
0.309552 
0.644057 
0.667954 
0.298613 
0.789260 
0.094853 
0.195151 
0.898653 
0.656065 
0.488095 
0.417481 
0.598163 
0.318139 
0.966979 
0.009373 
0.536267 
0.036057 
0.014774 
0.309675 
0.707284 
0.317353 
0.751677 
0.430288 
0.857816 
0.310646 
0.035602 
0.367050 
0.003084 
0.832173 
0.333341 
0.459226 
0.206347 
0.082011 
0.359805 
0.249525 
0.771152 
0.744015 
0.658214 
0.602219 
0.491693 
0.886584 
0.825289 
0.631569 
0.782113 
0.966041 
0.247410 
0.218609 
0.163791 
0.829686 
0.535285 
0.540223 
0.530260 
0.081951 
0.357975 
0.491878 
0.000673 
0.316578 
0.722455 
0.293655 
0.451505 
0.450772 
0.130267 
0.398038 
0.831679 
0.034501 
0.866350 
0.746457 
0.700274 
0.497038 
0.716078 
0.118501 
0.643054 
0.807653 
0.230843 
0.777287 
0.867551 
0.932197 
0.437301 
0.721622 
0.301734 
0.246165 
0.300595 
0.093615 
0.393131 
0.350035 
0.045990 
0.956451 
0.066473 
0.218454 
0.550918 
0.281426 
0.920444 
0.900430 
0.524214 
0.462800 
0.277629 
0.111828 
0.499103 
0.419803 
0.636374 
0.540758 
0.515879 
0.378812 
0.696099 
0.339993 
0.254058 
0.956544 
0.634267 
0.131250 
0.920271 
0.993153 
0.918977 
0.242553 
0.595823 
0.000612 
0.292239 
0.662129 
0.402270 
0.946289 
0.276438 
0.095083 
0.057534 
0.980941 
0.683016 
0.456051 
0.844049 
0.927248 
0.259643 
0.814536 
0.899321 
0.892650 
0.762817 
0.669137 
0.186670 
0.354978 
0.115402 
0.564389 
0.691675 
0.981995 
0.385035 
0.281398 
0.452818 
0.517588 
0.106213 
0.117417 
0.435194 
0.300445 
0.583284 
0.252971 
0.676125 
0.640225 
0.266749 
0.250581 
0.516669 
0.656388 
0.921364 
0.369992 
0.458569 
0.164624 
0.835138 
0.169461 
0.132003 
0.572990 
0.241413 
0.420052 
0.820531 
0.667668 
0.500047 
0.288291 
0.314866 
0.957065 
0.387913 
0.648070 
0.116645 
0.451357 
0.951445 
0.932237 
0.105211 
0.288000 
0.415536 
0.907074 
0.189403 
0.289536 
0.227723 
0.343838 
0.880561 
0.582883 
0.517268 
0.731062 
0.964521 
0.699910 
0.389840 
0.044629 
0.083800 
0.433709 
0.352680 
0.495220 
0.169649 
0.289849 
0.492052 
0.921654 
0.244482 
0.007620 
0.071841 
0.438154 
0.055171 
0.263064 
0.324262 
0.874155 
0.921203 
0.662217 
0.883089 
0.079646 
0.603845 
0.827894 
0.413758 
0.029627 
0.947806 
0.770265 
0.837701 
0.235396 
0.304222 
0.066878 
0.021494 
0.247110 
0.185322 
0.713018 
0.690481 
0.921093 
0.807266 
0.717308 
0.795416 
0.560128 
0.066653 
0.240129 
0.844005 
0.184667 
0.691228 
0.470355 
0.257504 
0.871630 
0.477300 
0.981861 
0.144604 
0.353399 
0.584050 
0.120273 
0.427460 
0.328025 
0.114044 
0.734542 
0.439074 
0.521728 
0.686909 
0.873643 
0.310013 
0.396217 
0.214790 
0.971143 
0.000633 
0.633320 
0.210474 
0.437816 
0.377688 
0.805412 
0.555382 
0.308954 
0.584167 
0.099679 
0.307149 
0.248088 
0.612159 
0.560392 
0.501684 
0.810838 
0.756775 
0.124125 
0.163790 
0.824145 
0.406531 
0.571655 
0.805967 
0.882747 
0.334871 
0.184290 
0.364454 
0.374722 
0.959884 
0.774184 
0.704714 
0.127307 
0.653213 
0.547201 
0.803942 
0.860738 
0.416034 
0.288176 
0.375969 
0.916968 
0.480997 
0.123038 
0.894016 
0.721495 
0.165268 
0.666145 
0.892926 
0.404652 
0.994360 
0.214474 
0.665522 
0.429446 
0.695719 
0.947641 
0.003299 
0.441929 
0.507366 
0.301982 
0.406695 
0.314923 
0.905316 
0.637862 
0.544513 
0.625279 
0.062609 
0.265419 
0.904982 
0.033172 
0.519828 
0.741501 
0.402285 
0.196459 
0.881836 
0.019207 
0.809001 
0.885685 
0.713407 
0.237208 
0.754723 
0.636861 
0.718061 
0.458443 
0.043654 
0.699938 
0.860330 
0.570301 
0.053349 
0.645040 
0.187924 
0.445666 
0.303797 
0.921168 
0.074785 
0.919787 
0.855372 
0.242243 
0.384588 
0.775151 
0.954824 
0.719887 
0.140635 
0.658317 
0.336464 
0.950168 
0.469930 
0.108022 
0.523707 
0.948211 
0.582548 
0.880021 
0.509178 
0.762602 
0.055037 
0.009172 
0.151268 
0.364232 
0.645661 
0.623816 
0.483896 
0.841756 
0.390629 
0.293866 
0.010735 
0.416837 
0.785063 
0.553134 
0.519306 
0.979505 
0.534644 
0.769206 
0.043941 
0.524096 
0.489866 
0.179692 
0.077367 
0.304646 
0.192459 
0.653011 
0.157545 
0.867133 
0.906458 
0.833347 
0.068282 
0.619656 
0.564373 
0.420069 
0.094595 
0.857933 
0.287220 
0.298611 
0.757986 
0.469852 
0.796283 
0.132726 
0.718185 
0.527187 
0.427194 
0.854754 
0.849702 
0.934166 
0.535072 
0.948444 
0.498534 
0.864621 
0.676981 
0.025311 
0.404414 
0.989725 
0.301348 
0.756235 
0.036693 
0.691844 
0.816385 
0.978851 
0.549279 
0.725946 
0.967522 
0.146174 
0.748581 
0.402190 
0.607487 
0.027785 
0.981852 
0.990017 
0.219008 
0.867726 
0.862867 
0.208987 
0.446177 
0.888784 
0.798654 
0.976466 
0.467648 
0.753874 
0.361461 
0.082497 
0.527890 
0.240574 
0.332924 
0.457998 
0.578746 
0.984540 
0.169941 
0.194721 
0.670797 
0.088733 
0.327310 
0.095746 
0.202464 
0.816626 
0.040745 
0.792863 
0.643770 
0.844641 
0.875158 
0.785245 
0.605050 
0.074406 
0.541711 
0.529538 
0.951737 
0.835528 
0.713323 
0.822803 
0.851037 
0.376218 
0.090270 
0.164996 
0.082624 
0.655762 
0.392104 
0.085949 
0.549116 
0.999090 
0.702915 
0.895420 
0.328266 
0.174098 
0.066745 
0.789648 
0.616066 
0.215592 
0.454897 
0.457389 
0.329928 
0.094060 
0.865999 
0.839364 
0.186992 
0.779215 
0.273306 
0.456254 
0.255907 
0.036762 
0.866222 
0.587647 
0.579868 
0.836174 
0.580988 
0.669268 
0.379016 
0.114806 
0.545071 
0.015294 
0.048521 
0.486146 
0.664063 
0.902481 
0.999910 
0.495678 
0.858665 
0.589810 
0.940843 
0.743763 
0.416878 
0.460228 
0.055041 
0.079241 
0.809085 
0.298682 
0.940292 
0.488893 
0.825491 
0.032205 
0.266439 
0.034588 
0.316232 
0.910937 
0.119842 
0.185878 
0.043412 
0.621523 
0.940475 
0.569642 
0.965803 
0.244418 
0.928419 
0.931621 
0.753461 
0.412530 
0.390396 
0.385182 
0.750891 
0.228800 
0.442927 
0.275589 
0.827674 
0.722052 
0.523422 
0.161721 
0.044386 
0.999046 
0.968246 
0.311709 
0.901067 
0.227564 
0.673402 
0.871868 
0.490897 
0.505755 
0.221985 
0.900554 
0.606412 
0.959798 
0.317994 
0.520776 
0.689849 
0.292367 
0.809473 
0.819816 
0.645355 
0.489084 
0.040313 
0.546365 
0.753426 
0.831978 
0.048809 
0.337987 
0.542755 
0.087896 
0.269444 
0.553003 
0.321842 
0.193963 
0.939094 
0.361115 
0.257323 
0.820637 
0.443659 
0.581084 
0.270425 
0.037403 
0.629647 
0.482311 
0.200560 
0.813656 
0.108955 
0.202163 
0.757669 
0.146027 
0.268201 
0.657145 
0.635145 
0.876075 
0.192368 
0.130931 
0.556970 
0.988467 
0.170151 
0.728248 
0.666766 
0.335650 
0.275372 
0.175765 
0.085500 
0.990401 
0.671763 
0.327134 
0.139358 
0.197607 
0.172983 
0.329361 
0.567232 
0.468012 
0.881999 
0.764955 
0.605829 
0.167687 
0.315140 
0.565411 
0.862940 
0.440701 
0.863274 
0.054391 
0.156416 
0.884290 
0.264392 
0.635574 
0.090602 
0.750848 
0.495853 
0.797530 
0.081560 
0.784170 
0.537501 
0.776664 
0.386368 
0.684787 
0.211343 
0.043848 
0.958650 
0.038406 
0.491936 
0.960679 
0.136285 
0.538091 
0.694787 
0.279148 
0.641445 
0.764026 
0.980804 
0.366708 
0.269196 
0.381681 
0.916904 
0.402524 
0.215832 
0.480617 
0.733316 
0.839953 
0.090269 
0.144811 
0.846668 
0.949636 
0.533413 
0.079244 
0.853375 
0.671025 
0.910810 
0.989990 
0.755288 
0.122240 
0.491922 
0.730021 
0.454593 
0.338035 
0.358099 
0.563127 
0.476305 
0.265097 
0.479868 
0.143036 
0.000167 
0.808453 
0.677586 
0.191843 
0.306590 
0.859309 
0.409218 
0.725305 
0.209325 
0.118752 
0.872244 
0.802997 
0.968035 
0.759626 
0.029002 
0.440428 
0.265877 
0.600729 
0.455631 
0.789195 
0.002722 
0.754504 
0.953967 
0.323406 
0.483951 
0.757825 
0.757193 
0.141224 
0.550026 
0.289209 
0.738863 
0.078417 
0.955551 
0.944511 
0.403421 
0.303874 
0.210876 
0.186894 
0.120831 
0.810612 
0.955297 
0.668903 
0.257457 
0.071516 
0.974605 
0.182957 
0.965667 
0.960417 
0.729554 
0.608023 
0.050861 
0.818567 
0.655213 
0.166653 
0.945109 
0.441499 
0.276333 
0.330307 
0.470148 
0.781234 
0.206119 
0.238919 
0.518164 
0.789693 
0.375771 
0.588687 
0.063523 
0.625694 
0.045663 
0.462277 
0.486895 
0.237430 
0.489107 
0.418624 
0.819968 
0.203490 
0.062055 
0.951531 
0.387135 
0.585414 
0.050580 
0.099110 
0.738207 
0.045263 
0.742556 
0.141995 
0.507794 
0.485837 
0.468582 
0.462587 
0.696009 
0.816151 
0.057480 
0.066681 
0.701681 
0.153523 
0.252938 
0.124108 
0.885414 
0.156559 
0.280826 
0.845113 
0.808099 
0.723449 
0.004917 
0.645176 
0.470595 
0.283107 
0.174490 
0.653246 
0.098318 
0.431908 
0.076316 
0.641024 
0.691500 
0.043952 
0.704753 
0.776630 
0.817344 
0.098362 
0.170788 
0.427357 
0.583887 
0.391805 
0.066069 
0.422575 
0.211802 
0.756399 
0.792741 
0.592400 
0.474990 
0.164158 
0.999166 
0.984452 
0.682078 
0.677355 
0.298600 
0.570803 
0.480573 
0.983792 
0.597520 
0.524167 
0.680327 
0.261108 
0.447321 
0.117563 
0.884174 
0.315884 
0.067073 
0.300351 
0.003453 
0.035056 
0.185787 
0.524595 
0.872205 
0.149229 
0.090440 
0.024641 
0.148882 
0.262018 
0.729207 
0.775758 
0.170372 
0.443230 
0.366353 
0.291963 
0.026743 
0.464184 
0.537270 
0.893603 
0.781243 
0.348574 
0.489739 
0.046239 
0.139395 
0.805027 
0.083797 
0.369627 
0.321271 
0.598842 
0.742369 
0.991709 
0.654235 
0.720337 
0.700180 
0.928649 
0.806409 
0.323144 
0.073917 
0.318810 
0.247821 
0.130287 
0.736020 
0.291060 
0.850340 
0.672297 
0.299604 
0.452735 
0.118789 
0.488876 
0.533787 
0.355765 
0.344870 
0.226871 
0.015759 
0.864144 
0.672907 
0.540150 
0.307773 
0.747906 
0.051043 
0.882622 
0.225422 
0.672714 
0.306357 
0.946015 
0.673617 
0.485733 
0.722261 
0.041305 
0.213651 
0.836265 
0.105495 
0.046558 
0.495331 
0.032654 
0.808014 
0.294158 
0.916358 
0.223210 
0.490252 
0.666374 
0.753087 
0.130209 
0.429400 
0.925792 
0.786195 
0.574122 
0.276551 
0.997618 
0.973068 
0.345530 
0.319536 
0.442095 
0.289531 
0.144138 
0.520260 
0.015720 
0.199474 
0.563173 
0.246952 
0.528020 
0.424734 
0.504226 
0.524501 
0.281613 
0.066856 
0.642784 
0.265080 
0.199387 
0.091784 
0.616630 
0.705026 
0.365332 
0.132523 
0.321634 
0.705586 
0.784626 
0.201301 
0.261872 
0.274810 
0.736170 
0.807700 
0.009958 
0.364097 
0.377376 
0.552830 
0.415786 
0.108621 
0.593278 
0.228730 
0.257796 
0.771406 
0.024945 
0.249875 
0.646196 
0.610054 
0.172242 
0.872700 
0.472103 
0.635863 
0.948477 
0.045175 
0.252971 
0.686315 
0.902425 
0.064879 
0.413053 
0.179612 
0.741249 
0.173455 
0.251854 
0.902489 
0.134774 
0.154843 
0.449577 
0.048884 
0.585878 
0.848461 
0.089704 
0.657029 
0.690707 
0.707224 
0.316885 
0.881605 
0.135136 
0.235502 
0.076386 
0.825936 
0.512625 
0.689733 
0.334726 
0.736374 
0.238154 
0.653257 
0.288921 
0.903200 
0.088333 
0.606337 
0.704800 
0.575976 
0.429336 
0.847944 
0.402012 
0.609150 
0.980383 
0.293682 
0.913926 
0.360985 
0.070729 
0.741083 
0.383902 
0.238026 
0.497499 
0.468253 
0.928412 
0.826795 
0.936326 
0.834844 
0.230529 
0.500804 
0.011550 
0.113211 
0.728909 
0.779529 
0.551026 
0.095226 
0.460535 
0.211875 
0.985538 
0.933906 
0.163857 
0.936859 
0.791561 
0.758338 
0.388473 
0.064726 
0.857188 
0.752600 
0.955575 
0.341222 
0.922365 
0.182051 
0.727413 
0.625391 
0.943027 
0.455163 
0.928930 
0.524419 
0.905659 
0.408322 
0.671089 
0.985387 
0.391377 
0.877236 
0.702654 
0.499153 
0.264222 
0.774488 
0.821391 
0.113213 
0.767126 
0.078549 
0.171814 
0.683820 
0.962955 
0.389582 
0.704399 
0.830319 
0.168206 
0.042270 
0.432205 
0.068483 
0.992258 
0.880342 
0.910352 
0.278644 
0.178017 
0.931466 
0.140987 
0.572697 
0.311426 
0.136545 
0.915974 
0.776567 
0.761856 
0.517640 
0.970220 
0.494615 
0.995948 
0.899059 
0.487993 
0.690264 
0.260622 
0.268373 
0.552064 
0.542214 
0.995518 
0.665616 
0.002679 
0.027278 
0.462693 
0.476868 
0.713692 
0.026124 
0.069599 
0.755485 
0.440535 
0.067179 
0.074973 
0.065377 
0.786258 
0.644551 
0.962911 
0.648746 
0.468911 
0.986125 
0.805368 
0.828344 
0.974586 
0.872157 
0.337024 
0.361862 
0.815515 
0.355491 
0.743653 
0.582768 
0.579577 
0.947785 
0.420825 
0.806998 
0.213366 
0.034482 
0.542495 
0.712783 
0.752041 
0.554579 
0.807794 
0.587371 
0.936835 
0.385669 
0.945569 
0.185253 
0.551585 
0.482721 
0.091279 
0.127688 
0.059276 
0.252165 
0.139081 
0.542670 
0.653503 
0.418247 
0.476367 
0.301613 
0.212992 
0.756302 
0.164989 
0.968609 
0.413264 
0.733770 
0.470827 
0.196002 
0.201663 
0.356946 
0.194225 
0.338226 
0.567990 
0.208481 
0.931940 
0.112903 
0.569086 
0.625798 
0.784972 
0.025700 
0.946883 
0.266798 
0.081648 
0.251316 
0.874342 
0.061573 
0.857399 
0.296647 
0.738331 
0.121693 
0.296204 
0.301237 
0.891594 
0.027130 
0.968225 
0.963804 
0.651770 
0.304177 
0.299088 
0.769864 
0.098187 
0.231430 
0.648726 
0.137425 
0.703108 
0.141947 
0.702006 
0.618246 
0.855820 
0.762304 
0.046779 
0.216245 
0.437884 
0.513161 
0.702329 
0.042342 
0.646044 
0.053273 
0.355309 
0.681203 
0.977805 
0.972607 
0.609813 
0.133593 
0.296347 
0.702085 
0.949636 
0.538187 
0.317295 
0.772621 
0.447605 
0.898825 
0.555093 
0.452504 
0.229718 
0.862729 
0.892687 
0.390860 
0.182022 
0.246960 
0.652114 
0.087903 
0.382215 
0.880992 
0.838929 
0.883714 
0.582218 
0.344031 
0.123198 
0.582342 
0.425571 
0.571021 
0.151860 
0.307908 
0.009319 
0.631852 
0.529259 
0.263741 
0.700430 
0.125328 
0.393781 
0.275827 
0.823607 
0.365157 
0.199592 
0.535528 
0.611093 
0.647687 
0.679081 
0.306795 
0.304884 
0.183524 
0.479612 
0.847204 
0.960558 
0.091943 
0.289375 
0.517365 
0.360888 
0.445826 
