0.000001 
0.012499 
0.065848 
0.701700 
0.464261 
0.829278 
0.677821 
0.130252 
0.146953 
0.836360 
0.704555 
0.452818 
0.507946 
0.051658 
0.211661 
0.378231 
0.931209 
0.825566 
0.294003 
0.314794 
0.747053 
0.725101 
0.776022 
0.595699 
0.907082 
0.328524 
0.505258 
0.867931 
0.308583 
0.350973 
0.801379 
0.782366 
0.230269 
0.137431 
0.800828 
0.522770 
0.190059 
0.323793 
0.987546 
0.686705 
0.445857 
0.521100 
0.132807 
0.088660 
0.109268 
0.475164 
0.079355 
0.720645 
0.877284 
0.517817 
0.949015 
0.092160 
0.937629 
0.725771 
0.026224 
0.746172 
0.911999 
0.968261 
0.557090 
0.005338 
0.721231 
0.730988 
0.723063 
0.518266 
0.495607 
0.667453 
0.880766 
0.032778 
0.900433 
0.579507 
0.777273 
0.629230 
0.475010 
0.499635 
0.366455 
0.006588 
0.719982 
0.744986 
0.984122 
0.138277 
0.016661 
0.024229 
0.208505 
0.340719 
0.463116 
0.590669 
0.380838 
0.750549 
0.482962 
0.134233 
0.049825 
0.412221 
0.195964 
0.571351 
0.698102 
0.008391 
0.032551 
0.092991 
0.892491 
0.099684 
0.385201 
0.074449 
0.264037 
0.678157 
0.789343 
0.490803 
0.932733 
0.441946 
0.786846 
0.516396 
0.072750 
0.711134 
0.023364 
0.670406 
0.507758 
0.884318 
0.737261 
0.148734 
0.764169 
0.391818 
0.292337 
0.311568 
0.517272 
0.790363 
0.626341 
0.921436 
0.581890 
0.821987 
0.137555 
0.890766 
0.110640 
0.524087 
0.337721 
0.085090 
0.109903 
0.146082 
0.197363 
0.086429 
0.610206 
0.737037 
0.384328 
0.403450 
0.787896 
0.165383 
0.598045 
0.338240 
0.800410 
0.486175 
0.143193 
0.645871 
0.157735 
0.056754 
0.868940 
0.271197 
0.012247 
0.841729 
0.942843 
0.359318 
0.052225 
0.749539 
0.507574 
0.803288 
0.861590 
0.734729 
0.590785 
0.315165 
0.972578 
0.116369 
0.807588 
0.136388 
0.269918 
0.508085 
0.380449 
0.201287 
0.031088 
0.488514 
0.446429 
0.132610 
0.769661 
0.695611 
0.125733 
0.190059 
0.323370 
0.884506 
0.884017 
0.678750 
0.751669 
0.309011 
0.548251 
0.450574 
0.793158 
0.605939 
0.011533 
0.828800 
0.645688 
0.082121 
0.205232 
0.333818 
0.483704 
0.610522 
0.041727 
0.302518 
0.424018 
0.471363 
0.200600 
0.477660 
0.037976 
0.268909 
0.552162 
0.183983 
0.203488 
0.016474 
0.875453 
0.741739 
0.407046 
0.214189 
0.880809 
0.750362 
0.337152 
0.520289 
0.490569 
0.991694 
0.404886 
0.926407 
0.114615 
0.335446 
0.842225 
0.283467 
0.232444 
0.688931 
0.864331 
0.814622 
0.359831 
0.685446 
0.294413 
0.204856 
0.011912 
0.204575 
0.299412 
0.224663 
0.911154 
0.762078 
0.241724 
0.648255 
0.219918 
0.157422 
0.795775 
0.589297 
0.306354 
0.889767 
0.311534 
0.950283 
0.403763 
0.043170 
0.553979 
0.726608 
0.104774 
0.943289 
0.857488 
0.803223 
0.762548 
0.146216 
0.446599 
0.994439 
0.534963 
0.115751 
0.426223 
0.521927 
0.034239 
0.454094 
0.950711 
0.598990 
0.229464 
0.596176 
0.935943 
0.393860 
0.603954 
0.654717 
0.832729 
0.668329 
0.602949 
0.766054 
0.072014 
0.342668 
0.227569 
0.754632 
0.102571 
0.918536 
0.835474 
0.813142 
0.477949 
0.882483 
0.896694 
0.735390 
0.698343 
0.057911 
0.314893 
0.398801 
0.643751 
0.523666 
0.247391 
0.899771 
0.445839 
0.224465 
0.587561 
0.135738 
0.351968 
0.531331 
0.088275 
0.635601 
0.546786 
0.825443 
0.218873 
0.596419 
0.018295 
0.477222 
0.674091 
0.443280 
0.215271 
0.064305 
0.780436 
0.785343 
0.266745 
0.177585 
0.663719 
0.125548 
0.091584 
0.249969 
0.226238 
0.379489 
0.063924 
0.371884 
0.251362 
0.649113 
0.644910 
0.006269 
0.366456 
0.030998 
0.986344 
0.477986 
0.513883 
0.839290 
0.950363 
0.756386 
0.587557 
0.066209 
0.770258 
0.733649 
0.440503 
0.531464 
0.313374 
0.881072 
0.184728 
0.727150 
0.206607 
0.444766 
0.179041 
0.147146 
0.076641 
0.111140 
0.923918 
0.294215 
0.876058 
0.912943 
0.837281 
0.180151 
0.802807 
0.781474 
0.228419 
0.032833 
0.828664 
0.355794 
0.835301 
0.910827 
0.267669 
0.716011 
0.999072 
0.398602 
0.311604 
0.126524 
0.481019 
0.478253 
0.999606 
0.380253 
0.918806 
0.372749 
0.793516 
0.618649 
0.627265 
0.440446 
0.571990 
0.438237 
0.446598 
0.971805 
0.127679 
0.905159 
0.010041 
0.759077 
0.804272 
0.401063 
0.673950 
0.073785 
0.097609 
0.508168 
0.783795 
0.242079 
0.621410 
0.043669 
0.939769 
0.704310 
0.339795 
0.927992 
0.764263 
0.973230 
0.080885 
0.434181 
0.280229 
0.803889 
0.957449 
0.850678 
0.344310 
0.812343 
0.053495 
0.087548 
0.421613 
0.043854 
0.047519 
0.649991 
0.390369 
0.932927 
0.708266 
0.819652 
0.886404 
0.788008 
0.052133 
0.201859 
0.646894 
0.339613 
0.880701 
0.947996 
0.973770 
0.148219 
0.117088 
0.893522 
0.418030 
0.833560 
0.643509 
0.448960 
0.676448 
0.056034 
0.758455 
0.355513 
0.114709 
0.920842 
0.583507 
0.009190 
0.448318 
0.880981 
0.645665 
0.689574 
0.664392 
0.437673 
0.969037 
0.604195 
0.705818 
0.685703 
0.606414 
0.001536 
0.809018 
0.163960 
0.671003 
0.540044 
0.518814 
0.708754 
0.030891 
0.176817 
0.757527 
0.762944 
0.800938 
0.370168 
0.421875 
0.448886 
0.433886 
0.327561 
0.323872 
0.308669 
0.791494 
0.646665 
0.497970 
0.373551 
0.275149 
0.428664 
0.554830 
0.029846 
0.620251 
0.561973 
0.079087 
0.223300 
0.002706 
0.475471 
0.237206 
0.726854 
0.230797 
0.007509 
0.205323 
0.859522 
0.986276 
0.334452 
0.133044 
0.078848 
0.203638 
0.537026 
0.803965 
0.236200 
0.809883 
0.697903 
0.657398 
0.892416 
0.829002 
0.041456 
0.749943 
0.287269 
0.122258 
0.794810 
0.373959 
0.136167 
0.556791 
0.982954 
0.502597 
0.149998 
0.008504 
0.930070 
0.692801 
0.914068 
0.741469 
0.867446 
0.167093 
0.325328 
0.786491 
0.561531 
0.652810 
0.778424 
0.980187 
0.996941 
0.593738 
0.953090 
0.582408 
0.533832 
0.111049 
0.399115 
0.918489 
0.046740 
0.566391 
0.329183 
0.580838 
0.147275 
0.247551 
0.588966 
0.750610 
0.502409 
0.983441 
0.687884 
0.261105 
0.390775 
0.757044 
0.635721 
0.568681 
0.823783 
0.320230 
0.106101 
0.237477 
0.269255 
0.368422 
0.069695 
0.365941 
0.365814 
0.241143 
0.888569 
0.178121 
0.674907 
0.156363 
0.992295 
0.508064 
0.030187 
0.359116 
0.670498 
0.060509 
0.981486 
0.833185 
0.334907 
0.784072 
0.894386 
0.944194 
0.071394 
0.924190 
0.860917 
0.438515 
0.129655 
0.106559 
0.928716 
0.925948 
0.409124 
0.148441 
0.844232 
0.002831 
0.585014 
0.327236 
0.852214 
0.163306 
0.686983 
0.121283 
0.406510 
0.218654 
0.925570 
0.060295 
0.379321 
0.250814 
0.429314 
0.474353 
0.445695 
0.789095 
0.316335 
0.649604 
0.897167 
0.686230 
0.463469 
0.527151 
0.818514 
0.766357 
0.156978 
0.337456 
0.628716 
0.835646 
0.697597 
0.518996 
0.757610 
0.154715 
0.297342 
0.420220 
0.633485 
0.979483 
0.164950 
0.318707 
0.515337 
0.267815 
0.163872 
0.204607 
0.830831 
0.772016 
0.268136 
0.564686 
0.669911 
0.195966 
0.596403 
0.750562 
0.701028 
0.171624 
0.480918 
0.780847 
0.689500 
0.431160 
0.502244 
0.215997 
0.268307 
0.441150 
0.410876 
0.598059 
0.572640 
0.357165 
0.865575 
0.714644 
0.024632 
0.985366 
0.043010 
0.867210 
0.198552 
0.064481 
0.728950 
0.463186 
0.771434 
0.486936 
0.925509 
0.028365 
0.727341 
0.422267 
0.033469 
0.515798 
0.020100 
0.815313 
0.966822 
0.380605 
0.834759 
0.786806 
0.856563 
0.253370 
0.382025 
0.689391 
0.597387 
0.277718 
0.599770 
0.331847 
0.348054 
0.740805 
0.715167 
0.817425 
0.454202 
0.777206 
0.493374 
0.132742 
0.988014 
0.555509 
0.431888 
0.735352 
0.065746 
0.990033 
0.492305 
0.167287 
0.600718 
0.271594 
0.678107 
0.943571 
0.596652 
0.932379 
0.498139 
0.229800 
0.254007 
0.102210 
0.837776 
0.498674 
0.213220 
0.588750 
0.115238 
0.805203 
0.044465 
0.325655 
0.281025 
0.191848 
0.391678 
0.938142 
0.350281 
0.169540 
0.454730 
0.643026 
0.341311 
0.420199 
0.278559 
0.740790 
0.463589 
0.535225 
0.521120 
0.468715 
0.690527 
0.689697 
0.738826 
0.449185 
0.448922 
0.032212 
0.391465 
0.350753 
0.111254 
0.846795 
0.076460 
0.058879 
0.581156 
0.485375 
0.700559 
0.288654 
0.411491 
0.920961 
0.599823 
0.221087 
0.803080 
0.373118 
0.001807 
0.363707 
0.815912 
0.033544 
0.781369 
0.469669 
0.729544 
0.445055 
0.039498 
0.848943 
0.183516 
0.354469 
0.557972 
0.831456 
0.276334 
0.341248 
0.359976 
0.117475 
0.399003 
0.047517 
0.623107 
0.558067 
0.428646 
0.245062 
0.764191 
0.761599 
0.189751 
0.151831 
0.818705 
0.976796 
0.009977 
0.685463 
0.582032 
0.218570 
0.507503 
0.596924 
0.495387 
0.974761 
0.800800 
0.040423 
0.384638 
0.612181 
0.921265 
0.709096 
0.772245 
0.114358 
0.021442 
0.371872 
0.051399 
0.858626 
0.928928 
0.495399 
0.163540 
0.623787 
0.996399 
0.484470 
0.490714 
0.435799 
0.472283 
0.668080 
0.422964 
0.748785 
0.825483 
0.893709 
0.573740 
0.842806 
0.043497 
0.061904 
0.418081 
0.684349 
0.853382 
0.792326 
0.614989 
0.116878 
0.373682 
0.481653 
0.140351 
0.874527 
0.178839 
0.753029 
0.163293 
0.461826 
0.910656 
0.396996 
0.313009 
0.744917 
0.823464 
0.952757 
0.991774 
0.751014 
0.294429 
0.474427 
0.699487 
0.274293 
0.044556 
0.859388 
0.741368 
0.166839 
0.058031 
0.333658 
0.782026 
0.502979 
0.573294 
0.359678 
0.108129 
0.322324 
0.304993 
0.019668 
0.560089 
0.411844 
0.868008 
0.613512 
0.304079 
0.654776 
0.812113 
0.175599 
0.297363 
0.784913 
0.031337 
0.676286 
0.343798 
0.206436 
0.575501 
0.452841 
0.901949 
0.058526 
0.650396 
0.201823 
0.032242 
0.887884 
0.661117 
0.401236 
0.566012 
0.969562 
0.421109 
0.574118 
0.195501 
0.792284 
0.924351 
0.564764 
0.982025 
0.900761 
0.095485 
0.821130 
0.726682 
0.336089 
0.651960 
0.487224 
0.769828 
0.499243 
0.776041 
0.929024 
0.101479 
0.559196 
0.414376 
0.424572 
0.780329 
0.981177 
0.649671 
0.016291 
0.800707 
0.490911 
0.744115 
0.336861 
0.616246 
0.254829 
0.918780 
0.938973 
0.311608 
0.193666 
0.943703 
0.816312 
0.759088 
0.990383 
0.369666 
0.968512 
0.773922 
0.302514 
0.357619 
0.504769 
0.645046 
0.289941 
0.040734 
0.619172 
0.425638 
0.695725 
0.052781 
0.081945 
0.243828 
0.013238 
0.497049 
0.904404 
0.312297 
0.773922 
0.305778 
0.208877 
0.592188 
0.902151 
0.453879 
0.346715 
0.236777 
0.512225 
0.962326 
0.819718 
0.002311 
0.840455 
0.525788 
0.913619 
0.197905 
0.197278 
0.643215 
0.515922 
0.093203 
0.465401 
0.993802 
0.838100 
0.949975 
0.228795 
0.363818 
0.691627 
0.169078 
0.686518 
0.312187 
0.922266 
0.517406 
0.034488 
0.640176 
0.435917 
0.462067 
0.966875 
0.275684 
0.416975 
0.100690 
0.296201 
0.244011 
0.087288 
0.041014 
0.318461 
0.369764 
0.622200 
0.313943 
0.440278 
0.754544 
0.623732 
0.064240 
0.676213 
0.118814 
0.911836 
0.230471 
0.534193 
0.173949 
0.566682 
0.227066 
0.296338 
0.558800 
0.755811 
0.915949 
0.350679 
0.870039 
0.742822 
0.605992 
0.899857 
0.893906 
0.872179 
0.706695 
0.417747 
0.077303 
0.235823 
0.471345 
0.900975 
0.684979 
0.443821 
0.307258 
0.091245 
0.550494 
0.147400 
0.359653 
0.691852 
0.958911 
0.413511 
0.877801 
0.203498 
0.191683 
0.611916 
0.478087 
0.207549 
0.274333 
0.720113 
0.938185 
0.081569 
0.928926 
0.460430 
0.452703 
0.579208 
0.747610 
0.080453 
0.181070 
0.240454 
0.304728 
0.571739 
0.215105 
0.261503 
0.073133 
0.140543 
0.105550 
0.976221 
0.343034 
0.366456 
0.022585 
0.583221 
0.202265 
0.464992 
0.114510 
0.569238 
0.183424 
0.807986 
0.822572 
0.975395 
0.468916 
0.067903 
0.243717 
0.148355 
0.409815 
0.757020 
0.241562 
0.931057 
0.272941 
0.323636 
0.349723 
0.795976 
0.961249 
0.704686 
0.664808 
0.427622 
0.050686 
0.874396 
0.980843 
0.022918 
0.186581 
0.865526 
0.895865 
0.804312 
0.067768 
0.983508 
0.824366 
0.126397 
0.350822 
0.260001 
0.831800 
0.070046 
0.266593 
0.623496 
0.095785 
0.862282 
0.372931 
0.858643 
0.209535 
0.651255 
0.636762 
0.065617 
0.832930 
0.047137 
0.228384 
0.451358 
0.965618 
0.147171 
0.506450 
0.903389 
0.257003 
0.442160 
0.387203 
0.713538 
0.433514 
0.072672 
0.402823 
0.245933 
0.395510 
0.341154 
0.783542 
0.986960 
0.841375 
0.986044 
0.449544 
0.485001 
0.419780 
0.240603 
0.806349 
0.310341 
0.900291 
0.189671 
0.792899 
0.254861 
0.446677 
0.294321 
0.646195 
0.603714 
0.626634 
0.832389 
0.965496 
0.094401 
0.591536 
0.939036 
0.372550 
0.456227 
0.801180 
0.428196 
0.685791 
0.097682 
0.737840 
0.869530 
0.194697 
0.271488 
0.899244 
0.588166 
0.307365 
0.885244 
0.299981 
0.777381 
0.436143 
0.261848 
0.878397 
0.215663 
0.642525 
0.922126 
0.170755 
0.875629 
0.695974 
0.239012 
0.066369 
0.463406 
0.465003 
0.299134 
0.545660 
0.912975 
0.364598 
0.801703 
0.222601 
0.251412 
0.486574 
0.845930 
0.553771 
0.223823 
0.789237 
0.714077 
0.487144 
0.432912 
0.951197 
0.763693 
0.396188 
0.736450 
0.513069 
0.158945 
0.395907 
0.009691 
0.871307 
0.057790 
0.272781 
0.638354 
0.813847 
0.320693 
0.890435 
0.536160 
0.235265 
0.090487 
0.814275 
0.522479 
0.305395 
0.775617 
0.793410 
0.838517 
0.962738 
0.743097 
0.223534 
0.931786 
0.522790 
0.532713 
0.311233 
0.899762 
0.306781 
0.061046 
0.992196 
0.840194 
0.143694 
0.064509 
0.199534 
0.567312 
0.808247 
0.202068 
0.153960 
0.606320 
0.426025 
0.199962 
0.767759 
0.730245 
0.233015 
0.282933 
0.251153 
0.132467 
0.375950 
0.600031 
0.726729 
0.129910 
0.398273 
0.779449 
0.194059 
0.547366 
0.587352 
0.617402 
0.670846 
0.914344 
0.380119 
0.656790 
0.663531 
0.965268 
0.264269 
0.576472 
0.761617 
0.501789 
0.563444 
0.802901 
0.357556 
0.439733 
0.588222 
0.250881 
0.554832 
0.055203 
0.802685 
0.723217 
0.105515 
0.389149 
0.430469 
0.900027 
0.758889 
0.647209 
0.635780 
0.554240 
0.114368 
0.187243 
0.999914 
0.550149 
0.361671 
0.602853 
0.145761 
0.803735 
0.372814 
0.890757 
0.953471 
0.982226 
0.271641 
0.473141 
0.078242 
0.007702 
0.447381 
0.125185 
0.979784 
0.234301 
0.895608 
0.483866 
0.341815 
0.888260 
0.981490 
0.898957 
0.778479 
0.891200 
0.390095 
0.320057 
0.204396 
0.287145 
0.039998 
0.245510 
0.288752 
0.058018 
0.103907 
0.358717 
0.953141 
0.440022 
0.444657 
0.342255 
0.280571 
0.552365 
0.594378 
0.715436 
0.324858 
0.880990 
0.794812 
0.405202 
0.235017 
0.933237 
0.914280 
0.309409 
0.235069 
0.810612 
0.958020 
0.444054 
0.208109 
0.681762 
0.377603 
0.380754 
0.337193 
0.205339 
0.124703 
0.881151 
0.509584 
0.575464 
0.831154 
0.197748 
0.549758 
0.777166 
0.836319 
0.009276 
0.898795 
0.042333 
0.491238 
0.235823 
0.482036 
0.581593 
0.841849 
0.959902 
0.067305 
0.189493 
0.813439 
0.476604 
0.278544 
0.482348 
0.822749 
0.936275 
0.976464 
0.429001 
0.220276 
0.182380 
0.268146 
0.723271 
0.020112 
0.026609 
0.224026 
0.213094 
0.471020 
0.436682 
0.316675 
0.363918 
0.371651 
0.333756 
0.436191 
0.066806 
0.802983 
0.734261 
0.725894 
0.098028 
0.560987 
0.508496 
0.289834 
0.232945 
0.100102 
0.419080 
0.477703 
0.746912 
0.356372 
0.549062 
0.088883 
0.858154 
0.996449 
0.317924 
0.344387 
0.113375 
0.500782 
0.649494 
0.043593 
0.671099 
0.165777 
0.205856 
0.824307 
0.129544 
0.251208 
0.054507 
0.105847 
0.974250 
0.216071 
0.503684 
0.417933 
0.199774 
0.604083 
0.815531 
0.626808 
0.764155 
0.152472 
0.603700 
0.389604 
0.078938 
0.702708 
0.416505 
0.202983 
0.541119 
0.579304 
0.359412 
0.630233 
0.319149 
0.941873 
0.053437 
0.121367 
0.818591 
0.055618 
0.771433 
0.468997 
0.440898 
0.180966 
0.501239 
0.319758 
0.179014 
0.689538 
0.062169 
0.867951 
0.650705 
0.393844 
0.332434 
0.214233 
0.617286 
0.719302 
0.309182 
0.415003 
0.953144 
0.489046 
0.397361 
0.453993 
0.264997 
0.806340 
0.154721 
0.402911 
0.733444 
0.993676 
0.711112 
0.662216 
0.859172 
0.100165 
0.473981 
0.193091 
0.277080 
0.890354 
0.179459 
0.159690 
0.907884 
0.813906 
0.321874 
0.730445 
0.591396 
0.594741 
0.806566 
0.949227 
0.657964 
0.395436 
0.089037 
0.447430 
0.958278 
0.782719 
0.154033 
0.826201 
0.957987 
0.890322 
0.646522 
0.094006 
0.963470 
0.033173 
0.536842 
0.704652 
0.088255 
0.301846 
0.117810 
0.036478 
0.083997 
0.737580 
0.503794 
0.259564 
0.488240 
0.848054 
0.236724 
0.618211 
0.269249 
0.268158 
0.939091 
0.306158 
0.598974 
0.960064 
0.802433 
0.489542 
0.739019 
0.690108 
0.641605 
0.462949 
0.787045 
0.862067 
0.767190 
0.163503 
0.992309 
0.738425 
0.713444 
0.846170 
0.578481 
0.531375 
0.826176 
0.544418 
0.038983 
0.194481 
0.645085 
0.944343 
0.572890 
0.558187 
0.456419 
0.028281 
0.325145 
0.717529 
0.517129 
0.382212 
0.843543 
0.430613 
0.312247 
0.941337 
0.052800 
0.403491 
0.473854 
0.057901 
0.137719 
0.646353 
0.250467 
0.601979 
0.462670 
0.101711 
0.449818 
0.085005 
0.675526 
0.557960 
0.631938 
0.983501 
0.694770 
0.992163 
0.282291 
0.472466 
0.739116 
0.324880 
0.254793 
0.302649 
0.626601 
0.282618 
0.962030 
0.842938 
0.254369 
0.171676 
0.365548 
0.760116 
0.270279 
0.572871 
0.248623 
0.610746 
0.815367 
0.877827 
0.642221 
0.805473 
0.579463 
0.028532 
0.540577 
0.469441 
0.900164 
0.057619 
0.400191 
0.008594 
0.436388 
0.376272 
0.003615 
0.756410 
0.979329 
0.584808 
0.861477 
0.841953 
0.702873 
0.190413 
0.272773 
0.491069 
0.404212 
0.584135 
0.553602 
0.389519 
0.642337 
0.757854 
0.259168 
0.843418 
0.319786 
0.650021 
0.896704 
0.901669 
0.350190 
0.648587 
0.795595 
0.571527 
0.650624 
0.033582 
0.407166 
0.231209 
0.931107 
0.109604 
0.107802 
0.825482 
0.871029 
0.377230 
0.098582 
0.875415 
0.102450 
0.874359 
0.349051 
0.503433 
0.191341 
0.874976 
0.727858 
0.105036 
0.344080 
0.950374 
0.942709 
0.107679 
0.762114 
0.853949 
0.323270 
0.201852 
0.522642 
0.045689 
0.890606 
0.418502 
0.761109 
0.952177 
0.236761 
0.237277 
0.908291 
0.649144 
0.164526 
0.194637 
0.270613 
0.189207 
0.001537 
0.835244 
0.947088 
0.704437 
0.476636 
0.821827 
0.440988 
0.677399 
0.052483 
0.079783 
0.918838 
0.916400 
0.934431 
0.986750 
0.300029 
0.583825 
0.352909 
0.345458 
0.105290 
0.617340 
0.635003 
0.493470 
0.748910 
0.935879 
0.321358 
0.060080 
0.768180 
0.794600 
0.844416 
0.092932 
0.912982 
0.487809 
0.601102 
0.717188 
0.780439 
0.841192 
0.920401 
0.177164 
0.591060 
0.952555 
0.584337 
0.960350 
0.604857 
0.838641 
0.032430 
0.042709 
0.806594 
0.417823 
0.351491 
0.508497 
0.307036 
0.353003 
0.920600 
0.532070 
0.500090 
0.019204 
0.760439 
0.693710 
0.182383 
0.313139 
0.934015 
0.995110 
0.806218 
0.102874 
0.009456 
0.930519 
0.229939 
0.591713 
0.913377 
0.125094 
0.458479 
0.655966 
0.821869 
0.153923 
0.980673 
0.163703 
0.354901 
0.817563 
0.784519 
0.416701 
0.489268 
0.126822 
0.498488 
0.091156 
0.060455 
0.062529 
0.929176 
0.669186 
0.002882 
0.430903 
0.194454 
0.186648 
0.986865 
0.235537 
0.668060 
0.082720 
0.274983 
0.639706 
0.537874 
0.050860 
0.811140 
0.825852 
0.097203 
0.686133 
0.845391 
0.484065 
0.684966 
0.227532 
0.128945 
0.182561 
0.295448 
0.592027 
0.203580 
0.566838 
0.853595 
0.378039 
0.704929 
0.740085 
0.600824 
0.053611 
0.043240 
0.741803 
0.479790 
0.835735 
0.191111 
0.006645 
0.676850 
0.818040 
0.802024 
0.620706 
0.204642 
0.412267 
0.977372 
0.698733 
0.600286 
0.013513 
0.111836 
0.635031 
0.968108 
0.989610 
0.376249 
0.617258 
0.261960 
0.766994 
0.862395 
0.274035 
0.702761 
0.298349 
0.354800 
0.126402 
0.441568 
0.440654 
0.075511 
0.118326 
0.702710 
0.455261 
0.578110 
0.298674 
0.814757 
0.622771 
0.916123 
0.284089 
0.679951 
0.929239 
0.720588 
0.920879 
0.205492 
0.711827 
0.670089 
0.182915 
0.256324 
0.032989 
0.441176 
0.853317 
0.692298 
0.452714 
0.766423 
0.263040 
0.915366 
0.550876 
0.565540 
0.027425 
0.926003 
0.337997 
0.710827 
0.861896 
0.893739 
0.064586 
0.498265 
0.342490 
0.222228 
0.980910 
0.147638 
0.350577 
0.150773 
0.047674 
0.251233 
0.473476 
0.718260 
0.793963 
0.133583 
0.132204 
0.960055 
0.639214 
0.268971 
0.590024 
0.541607 
0.780869 
0.069118 
0.671574 
0.138397 
0.040646 
0.143158 
0.056483 
0.309986 
0.931150 
0.844805 
0.636082 
0.633843 
0.005771 
0.998745 
0.905587 
0.199618 
0.975088 
0.299427 
0.465003 
0.305090 
0.645917 
0.928625 
0.397349 
0.237571 
0.850542 
0.052365 
0.102623 
0.790495 
0.855064 
0.068904 
0.065097 
0.078705 
0.796520 
0.117216 
0.053044 
0.508375 
0.254508 
0.515760 
0.380012 
0.865772 
0.029941 
0.220916 
0.933480 
0.990793 
0.265581 
0.623636 
0.446177 
0.896204 
0.496477 
0.290312 
0.267973 
0.817215 
0.934770 
0.680793 
0.091641 
0.213567 
0.421790 
0.017968 
0.985467 
0.739688 
0.944302 
0.876351 
0.826580 
0.338349 
0.625190 
0.573783 
0.568905 
0.593330 
0.101276 
0.142720 
0.697567 
0.010853 
0.403639 
0.967961 
0.520226 
0.441796 
0.270394 
0.513686 
0.515478 
0.640966 
0.709682 
0.628430 
0.017083 
0.117580 
0.167411 
0.668437 
0.423684 
0.848626 
0.849775 
0.168009 
0.730448 
0.638699 
0.609132 
0.685133 
0.030624 
0.703147 
0.784758 
0.426698 
0.505779 
0.625755 
0.066582 
0.040589 
0.178754 
0.312539 
0.844158 
0.768644 
0.601975 
0.390347 
0.561010 
0.901035 
0.699136 
0.373485 
0.156119 
0.892640 
0.594652 
0.316683 
0.495112 
0.339593 
0.545772 
0.788353 
0.844006 
0.215823 
0.343163 
0.535143 
0.143679 
0.818002 
0.153821 
0.266479 
0.705041 
0.632391 
0.596468 
0.842043 
0.224038 
0.401068 
0.745616 
0.565311 
0.175544 
0.367426 
0.333388 
0.251348 
0.408961 
0.407881 
0.256958 
0.687158 
0.068318 
0.223711 
0.913938 
0.550046 
0.629077 
0.898851 
0.995139 
0.296180 
0.894563 
0.925047 
0.263378 
0.590070 
0.312613 
0.094530 
0.771829 
0.130670 
0.170024 
0.585928 
0.696480 
0.735201 
0.516110 
0.267101 
0.168467 
0.420560 
0.353950 
0.842668 
0.718260 
0.790433 
0.810041 
0.354204 
0.108845 
0.361190 
0.518378 
0.372903 
0.373619 
0.418190 
0.522622 
0.712137 
0.881613 
0.275275 
0.551136 
0.945286 
0.415199 
