0.000001 
0.009024 
0.663070 
0.212936 
0.823602 
0.280625 
0.459942 
0.242442 
0.731019 
0.228756 
0.700909 
0.177895 
0.887077 
0.103044 
0.861643 
0.641265 
0.744323 
0.835240 
0.876009 
0.078245 
0.069100 
0.361329 
0.848937 
0.090069 
0.793278 
0.630425 
0.548881 
0.035519 
0.968564 
0.647258 
0.472755 
0.599918 
0.814340 
0.608302 
0.726584 
0.702413 
0.454063 
0.432269 
0.141290 
0.666106 
0.235487 
0.835835 
0.880480 
0.227442 
0.619278 
0.200917 
0.806823 
0.274830 
0.067319 
0.434592 
0.182351 
0.768479 
0.824725 
0.153922 
0.967587 
0.232521 
0.982802 
0.954543 
0.997698 
0.316941 
0.830670 
0.065015 
0.714898 
0.284634 
0.844981 
0.598355 
0.555118 
0.864617 
0.615028 
0.772180 
0.032684 
0.315280 
0.915897 
0.475316 
0.631511 
0.798745 
0.506036 
0.949887 
0.746833 
0.025944 
0.045842 
0.473347 
0.546278 
0.295460 
0.788962 
0.088943 
0.863561 
0.866865 
0.400034 
0.374934 
0.523762 
0.873695 
0.189071 
0.720581 
0.804579 
0.553961 
0.416739 
0.129128 
0.261767 
0.522815 
0.949992 
0.511484 
0.508726 
0.155864 
0.611843 
0.239134 
0.117997 
0.173803 
0.110979 
0.220667 
0.747577 
0.530956 
0.781426 
0.435177 
0.020316 
0.451233 
0.871673 
0.211954 
0.302497 
0.060593 
0.382633 
0.911858 
0.600134 
0.458540 
0.680133 
0.988363 
0.421991 
0.395586 
0.617158 
0.572983 
0.123086 
0.700233 
0.823665 
0.336324 
0.592184 
0.844353 
0.047314 
0.201410 
0.105553 
0.026177 
0.948735 
0.395227 
0.586377 
0.236498 
0.818751 
0.750777 
0.307998 
0.518196 
0.328179 
0.701747 
0.257275 
0.027200 
0.142697 
0.313519 
0.320051 
0.094874 
0.547337 
0.099119 
0.895564 
0.744032 
0.943164 
0.761547 
0.325869 
0.879238 
0.347636 
0.716584 
0.629544 
0.751517 
0.750250 
0.452257 
0.090930 
0.260377 
0.152572 
0.276195 
0.014930 
0.936291 
0.235900 
0.775140 
0.781102 
0.975604 
0.969299 
0.001339 
0.502095 
0.713109 
0.220584 
0.347902 
0.181387 
0.570000 
0.986934 
0.394810 
0.571391 
0.365465 
0.367124 
0.253980 
0.648390 
0.487593 
0.968461 
0.926670 
0.547721 
0.547860 
0.876087 
0.394993 
0.644266 
0.178761 
0.440383 
0.513928 
0.581582 
0.651880 
0.143170 
0.259319 
0.374841 
0.954286 
0.680274 
0.364574 
0.399075 
0.261090 
0.135612 
0.230537 
0.635402 
0.198430 
0.013542 
0.593878 
0.310478 
0.211113 
0.168535 
0.575936 
0.751463 
0.833962 
0.402635 
0.086623 
0.878882 
0.362717 
0.191538 
0.172398 
0.491834 
0.250594 
0.734962 
0.508375 
0.265011 
0.039472 
0.402355 
0.374249 
0.003574 
0.064144 
0.067355 
0.027243 
0.881358 
0.981502 
0.105965 
0.952975 
0.651972 
0.686084 
0.013487 
0.674875 
0.617244 
0.011759 
0.635445 
0.915850 
0.687967 
0.666948 
0.392121 
0.385464 
0.500269 
0.014770 
0.243464 
0.897596 
0.896327 
0.571561 
0.219460 
0.463099 
0.313193 
0.840098 
0.519456 
0.501184 
0.404598 
0.070833 
0.492398 
0.726292 
0.796579 
0.096170 
0.325736 
0.644496 
0.047610 
0.172885 
0.670875 
0.394547 
0.144186 
0.332544 
0.059675 
0.964654 
0.943065 
0.092989 
0.864050 
0.091362 
0.515460 
0.339870 
0.187897 
0.980474 
0.829208 
0.496422 
0.369594 
0.767962 
0.140296 
0.957300 
0.344682 
0.076084 
0.743782 
0.739903 
0.550896 
0.909110 
0.404786 
0.244042 
0.620138 
0.659782 
0.951217 
0.105346 
0.546792 
0.931185 
0.425928 
0.579927 
0.840227 
0.695367 
0.031657 
0.063090 
0.356461 
0.038045 
0.416153 
0.281912 
0.101348 
0.350376 
0.767504 
0.445699 
0.870896 
0.149297 
0.236432 
0.708346 
0.169395 
0.024885 
0.237479 
0.312535 
0.772390 
0.567127 
0.701170 
0.568637 
0.085443 
0.045297 
0.300005 
0.184031 
0.008078 
0.758784 
0.880601 
0.268551 
0.542888 
0.313340 
0.302579 
0.437580 
0.404154 
0.623456 
0.421645 
0.591825 
0.797294 
0.112229 
0.238006 
0.163822 
0.354656 
0.695501 
0.278420 
0.405159 
0.509935 
0.483317 
0.103600 
0.209287 
0.481592 
0.117836 
0.462506 
0.343495 
0.113293 
0.123725 
0.444132 
0.531548 
0.721737 
0.237587 
0.118063 
0.277040 
0.203747 
0.369305 
0.904774 
0.531811 
0.144168 
0.032457 
0.506265 
0.789785 
0.921057 
0.198805 
0.311969 
0.259642 
0.805621 
0.077781 
0.258188 
0.360317 
0.847254 
0.792156 
0.771160 
0.888490 
0.845783 
0.076467 
0.173128 
0.769787 
0.811869 
0.075184 
0.624786 
0.777693 
0.678269 
0.666960 
0.590019 
0.449975 
0.736446 
0.442006 
0.795829 
0.499582 
0.466493 
0.344791 
0.908378 
0.107666 
0.546725 
0.802482 
0.309198 
0.691571 
0.235501 
0.069922 
0.175723 
0.382629 
0.844724 
0.268988 
0.876086 
0.379301 
0.911001 
0.190090 
0.846868 
0.315617 
0.568414 
0.327424 
0.019413 
0.270025 
0.315585 
0.032620 
0.250448 
0.279055 
0.081994 
0.070511 
0.086724 
0.576022 
0.200538 
0.450050 
0.994855 
0.534499 
0.331190 
0.312944 
0.643364 
0.011320 
0.259264 
0.444356 
0.295116 
0.007913 
0.991740 
0.169452 
0.984468 
0.954146 
0.325484 
0.406416 
0.625339 
0.068047 
0.661987 
0.009514 
0.898320 
0.061283 
0.990250 
0.130040 
0.588905 
0.732501 
0.146163 
0.553892 
0.268172 
0.169492 
0.647103 
0.864054 
0.161298 
0.937135 
0.429029 
0.685476 
0.788508 
0.448497 
0.887113 
0.704704 
0.960645 
0.556014 
0.931865 
0.849383 
0.582417 
0.680161 
0.473074 
0.951824 
0.300006 
0.195778 
0.446298 
0.922372 
0.314449 
0.952175 
0.200626 
0.927309 
0.278519 
0.061485 
0.378191 
0.260074 
0.065620 
0.870809 
0.690031 
0.358144 
0.317996 
0.559047 
0.909633 
0.202392 
0.608619 
0.051607 
0.355777 
0.537258 
0.688779 
0.305789 
0.401687 
0.157137 
0.994869 
0.758529 
0.600376 
0.515291 
0.503390 
0.473491 
0.965972 
0.096495 
0.797636 
0.867530 
0.575886 
0.916420 
0.278118 
0.337178 
0.952148 
0.745719 
0.293373 
0.719166 
0.022567 
0.282517 
0.257369 
0.597302 
0.859141 
0.586442 
0.333567 
0.259742 
0.482421 
0.048890 
0.698468 
0.151082 
0.227869 
0.797827 
0.080184 
0.654079 
0.100734 
0.029422 
0.493231 
0.727503 
0.137273 
0.149865 
0.780094 
0.044115 
0.433808 
0.003355 
0.393193 
0.399364 
0.106473 
0.495629 
0.041561 
0.518577 
0.722784 
0.835389 
0.386223 
0.245339 
0.408930 
0.887341 
0.547130 
0.621574 
0.789394 
0.341984 
0.719496 
0.565577 
0.657893 
0.215603 
0.635937 
0.189504 
0.992241 
0.588912 
0.837734 
0.803262 
0.423055 
0.277846 
0.757766 
0.772323 
0.425964 
0.176281 
0.756608 
0.309708 
0.254410 
0.861047 
0.608541 
0.743711 
0.549849 
0.309444 
0.830633 
0.441676 
0.256223 
0.343143 
0.196574 
0.818964 
0.331763 
0.949114 
0.755788 
0.530641 
0.482294 
0.908817 
0.479527 
0.409359 
0.101196 
0.793360 
0.004438 
0.586043 
0.617094 
0.503024 
0.328993 
0.385426 
0.846829 
0.661763 
0.243903 
0.280781 
0.094141 
0.231176 
0.370363 
0.690159 
0.497677 
0.460830 
0.164002 
0.389448 
0.445920 
0.576181 
0.873564 
0.997750 
0.192203 
0.359207 
0.186223 
0.852401 
0.308630 
0.145584 
0.833010 
0.390729 
0.978164 
0.995045 
0.727016 
0.962654 
0.324763 
0.287878 
0.357271 
0.652632 
0.790113 
0.432691 
0.239189 
0.048466 
0.569898 
0.272129 
0.676201 
0.911666 
0.369660 
0.868804 
0.982501 
0.890710 
0.154938 
0.050164 
0.105012 
0.941531 
0.304241 
0.382962 
0.438144 
0.879258 
0.688200 
0.583435 
0.795140 
0.912008 
0.116586 
0.461251 
0.237405 
0.058531 
0.735672 
0.437562 
0.107832 
0.339721 
0.692936 
0.180530 
0.164151 
0.879517 
0.034747 
0.987912 
0.834138 
0.353074 
0.122762 
0.262480 
0.500001 
0.514068 
0.939174 
0.700567 
0.423612 
0.649109 
0.579137 
0.562698 
0.259329 
0.535289 
0.610480 
0.344984 
0.150929 
0.660210 
0.143369 
0.597289 
0.636098 
0.891018 
0.337490 
0.189632 
0.148922 
0.931039 
0.973950 
0.185516 
0.959599 
0.984986 
0.654478 
0.806891 
0.419335 
0.758844 
0.890094 
0.801693 
0.050976 
0.759256 
0.817463 
0.107188 
0.501021 
0.667826 
0.147848 
0.889700 
0.196261 
0.552397 
0.134139 
0.482070 
0.157113 
0.604638 
0.152875 
0.363406 
0.761064 
0.196165 
0.949502 
0.274363 
0.222848 
0.399545 
0.145045 
0.778800 
0.296693 
0.514996 
0.537175 
0.301563 
0.364379 
0.113933 
0.879903 
0.534805 
0.461712 
0.989196 
0.423091 
0.894752 
0.092379 
0.606239 
0.063963 
0.021003 
0.995511 
0.554536 
0.086852 
0.720940 
0.841370 
0.911467 
0.025961 
0.321886 
0.942673 
0.501597 
0.344263 
0.022193 
0.998404 
0.174219 
0.104294 
0.863564 
0.928067 
0.025537 
0.208554 
0.167794 
0.113491 
0.449908 
0.609480 
0.526665 
0.651854 
0.715185 
0.115374 
0.097797 
0.671821 
0.303896 
0.581470 
0.764238 
0.544048 
0.811659 
0.549522 
0.824294 
0.914123 
0.673589 
0.018014 
0.760966 
0.556040 
0.364467 
0.600623 
0.666601 
0.566203 
0.182122 
0.920848 
0.691167 
0.443003 
0.555130 
0.072196 
0.391783 
0.692141 
0.810133 
0.900718 
0.370396 
0.239672 
0.160396 
0.777317 
0.365715 
0.575488 
0.227270 
0.719819 
0.001930 
0.436293 
0.784506 
0.190573 
0.967955 
0.422248 
0.720227 
0.847366 
0.672684 
0.802433 
0.490912 
0.758132 
0.921039 
0.905379 
0.697216 
0.104902 
0.094875 
0.568516 
0.040374 
0.563566 
0.851289 
0.611309 
0.265106 
0.628600 
0.887162 
0.523710 
0.995561 
0.386166 
0.292220 
0.342477 
0.004389 
0.758114 
0.629100 
0.282805 
0.107487 
0.537681 
0.811385 
0.952947 
0.182100 
0.551897 
0.736758 
0.696904 
0.870611 
0.359090 
0.217821 
0.914843 
0.769650 
0.509554 
0.077895 
0.184735 
0.833784 
0.408971 
0.567281 
0.287089 
0.100755 
0.395555 
0.094036 
0.455686 
0.707745 
0.066766 
0.128749 
0.885350 
0.082992 
0.847813 
0.196251 
0.393553 
0.443191 
0.716451 
0.394036 
0.560788 
0.157229 
0.545875 
0.522770 
0.196312 
0.422486 
0.716198 
0.148160 
0.126880 
0.469490 
0.721455 
0.501569 
0.867097 
0.294788 
0.497515 
0.734326 
0.818596 
0.140933 
0.664861 
0.322615 
0.185987 
0.876621 
0.375329 
0.153120 
0.483293 
0.699658 
0.149427 
0.424098 
0.808577 
0.747082 
0.203011 
0.999517 
0.879093 
0.918738 
0.227109 
0.029012 
0.600375 
0.503654 
0.906699 
0.888377 
0.953226 
0.871613 
0.205326 
0.912186 
0.104052 
0.802665 
0.389782 
0.069589 
0.580002 
0.100249 
0.884645 
0.221715 
0.358379 
0.283383 
0.810166 
0.458230 
0.464734 
0.784798 
0.102544 
0.451474 
0.923353 
0.798724 
0.155376 
0.399289 
0.850372 
0.206783 
0.409770 
0.007004 
0.712249 
0.761820 
0.913499 
0.173740 
0.052979 
0.416314 
0.997702 
0.371522 
0.175204 
0.656532 
0.340918 
0.803348 
0.866347 
0.687509 
0.957653 
0.277751 
0.163284 
0.315669 
0.442463 
0.467604 
0.021795 
0.316759 
0.760659 
0.394549 
0.193187 
0.890635 
0.904598 
0.573130 
0.598738 
0.996454 
0.410392 
0.463354 
0.590257 
0.452091 
0.294404 
0.046380 
0.503240 
0.952406 
0.092891 
0.220873 
0.206590 
0.155644 
0.910072 
0.575333 
0.623468 
0.623855 
0.133657 
0.372003 
0.255688 
0.345119 
0.412319 
0.846405 
0.523190 
0.259658 
0.065512 
0.053111 
0.644122 
0.755248 
0.448906 
0.769857 
0.981731 
0.949143 
0.241532 
0.423462 
0.126616 
0.029254 
0.678117 
0.111259 
0.925301 
0.532013 
0.535866 
0.300629 
0.673534 
0.080157 
0.193199 
0.103465 
0.943208 
0.504262 
0.130426 
0.068709 
0.786505 
0.794647 
0.637368 
0.238551 
0.333016 
0.001875 
0.512062 
0.224028 
0.246865 
0.056576 
0.873647 
0.391995 
0.254548 
0.180540 
0.331275 
0.737445 
0.230797 
0.002829 
0.545725 
0.007539 
0.713497 
0.739644 
0.195451 
0.946168 
0.242537 
0.317776 
0.857613 
0.901957 
0.198892 
0.780626 
0.983276 
0.922358 
0.068287 
0.694124 
0.146427 
0.004709 
0.150600 
0.138197 
0.683877 
0.928134 
0.155767 
0.975153 
0.399188 
0.154993 
0.964965 
0.162455 
0.380826 
0.542211 
0.947041 
0.920556 
0.783313 
0.148361 
0.502424 
0.243667 
0.319339 
0.138068 
0.507662 
0.267688 
0.028667 
0.802170 
0.075619 
0.925724 
0.644891 
0.681553 
0.863626 
0.966180 
0.592370 
0.965306 
0.897243 
0.958163 
0.853260 
0.748508 
0.179304 
0.565014 
0.184981 
0.981439 
0.043637 
0.408226 
0.052353 
0.893127 
0.786982 
0.811800 
0.922172 
0.951686 
0.979205 
0.506234 
0.266475 
0.646852 
0.648936 
0.670898 
0.778313 
0.099628 
0.439517 
0.968894 
0.206141 
0.606767 
0.925745 
0.995442 
0.390622 
0.181613 
0.364239 
0.769701 
0.366221 
0.072648 
0.987697 
0.218574 
0.578010 
0.620857 
0.743735 
0.953799 
0.500842 
0.643732 
0.209586 
0.504415 
0.702586 
0.357395 
0.742461 
0.536454 
0.188245 
0.832016 
0.687269 
0.927668 
0.313729 
0.848358 
0.355138 
0.805505 
0.127543 
0.619836 
0.581290 
0.738180 
0.589800 
0.769437 
0.934664 
0.904716 
0.563689 
0.919775 
0.654102 
0.484946 
0.482517 
0.669708 
0.779779 
0.746492 
0.294240 
0.294393 
0.870795 
0.452963 
0.947003 
0.277181 
0.587901 
0.857245 
0.709679 
0.580149 
0.560468 
0.788347 
0.754747 
0.027350 
0.664463 
0.630388 
0.933337 
0.588482 
0.609973 
0.814383 
0.329533 
0.459913 
0.755274 
0.898320 
0.064265 
0.106147 
0.015668 
0.334606 
0.716819 
0.569613 
0.477891 
0.915629 
0.981422 
0.765097 
0.978346 
0.058936 
0.534932 
0.601003 
0.054359 
0.604281 
0.156412 
0.820122 
0.786067 
0.427537 
0.618171 
0.592268 
0.249484 
0.078721 
0.069747 
0.232938 
0.990447 
0.443130 
0.691533 
0.599914 
0.754609 
0.711903 
0.946765 
0.284606 
0.374507 
0.335759 
0.096779 
0.570586 
0.845318 
0.259653 
0.992625 
0.041690 
0.691756 
0.346569 
0.787624 
0.602954 
0.855220 
0.682035 
0.954104 
0.628522 
0.571768 
0.704581 
0.897849 
0.141193 
0.037094 
0.434112 
0.121652 
0.607421 
0.923578 
0.578399 
0.146319 
0.189195 
0.803734 
0.349187 
0.778175 
0.781003 
0.317478 
0.847351 
0.435357 
0.050545 
0.515122 
0.651531 
0.287332 
0.187012 
0.116274 
0.211228 
0.110665 
0.941139 
0.723376 
0.781499 
0.658133 
0.246629 
0.094484 
0.999938 
0.953239 
0.083911 
0.299367 
0.462156 
0.447531 
0.646747 
0.876671 
0.201848 
0.464312 
0.694554 
0.364140 
0.099069 
0.046888 
0.049361 
0.613236 
0.658542 
0.112178 
0.382991 
0.923543 
0.984416 
0.085888 
0.523267 
0.551971 
0.979703 
0.870728 
0.329855 
0.879791 
0.646630 
0.918020 
0.160374 
0.409564 
0.536588 
0.437003 
0.716221 
0.520100 
0.328724 
0.856822 
0.610325 
0.731760 
0.683468 
0.043129 
0.864319 
0.616717 
0.163783 
0.693664 
0.408527 
0.119723 
0.190967 
0.587365 
0.847317 
0.856449 
0.331894 
0.145044 
0.759923 
0.027548 
0.994959 
0.273057 
0.266986 
0.234821 
0.642319 
0.458206 
0.071874 
0.982447 
0.982185 
0.590802 
0.606337 
0.704448 
0.656776 
0.427096 
0.208688 
0.427486 
0.755986 
0.863375 
0.744770 
0.345588 
0.299804 
0.813135 
0.367346 
0.990461 
0.682281 
0.091726 
0.631744 
0.726690 
0.480376 
0.682622 
0.826944 
0.443660 
0.596032 
0.507601 
0.243568 
0.651399 
0.067734 
0.412606 
0.668873 
0.740564 
0.658298 
0.021100 
0.634995 
0.353472 
0.800956 
0.667876 
0.987798 
0.919737 
0.026255 
0.260505 
0.312360 
0.838825 
0.126459 
0.402647 
0.281038 
0.409077 
0.354526 
0.519465 
0.643342 
0.656981 
0.885905 
0.413394 
0.910393 
0.971239 
0.614579 
0.224453 
0.384412 
0.809371 
0.104620 
0.349857 
0.049093 
0.112002 
0.409683 
0.533987 
0.722067 
0.772919 
0.454869 
0.986452 
0.306602 
0.055008 
0.511610 
0.636387 
0.755873 
0.963524 
0.946698 
0.153625 
0.980280 
0.566254 
0.024865 
0.909875 
0.272261 
0.889209 
0.931255 
0.597379 
0.156057 
0.844853 
0.447113 
0.631753 
0.874100 
0.994616 
0.508865 
0.502179 
0.114577 
0.692306 
0.592947 
0.660510 
0.199203 
0.008429 
0.674236 
0.876240 
0.972858 
0.824000 
0.970996 
0.538136 
0.452121 
0.796293 
0.301658 
0.961342 
0.268066 
0.390292 
0.635573 
0.083738 
0.392207 
0.829985 
0.561364 
0.844693 
0.756963 
0.279372 
0.412307 
0.643420 
0.959117 
0.880021 
0.515690 
0.202042 
0.718665 
0.606082 
0.413610 
0.538275 
0.786782 
0.439261 
0.658506 
0.506245 
0.464357 
0.448288 
0.373903 
0.180833 
0.265143 
0.263695 
0.915594 
0.384396 
0.536466 
0.381948 
0.392272 
0.918993 
0.518433 
0.302855 
0.088220 
0.709389 
0.707248 
0.713588 
0.269010 
0.257708 
0.293389 
0.982116 
0.429173 
0.110132 
0.984501 
0.510945 
0.449883 
0.191458 
0.830324 
0.260385 
0.294339 
0.951690 
0.049737 
0.924780 
0.781639 
0.001841 
0.947280 
0.931085 
0.744394 
0.028456 
0.258727 
0.421272 
0.326863 
0.587112 
0.585444 
0.559302 
0.186877 
0.839755 
0.762489 
0.145755 
0.708065 
0.454892 
0.371299 
0.414258 
0.435516 
0.714547 
0.399752 
0.635943 
0.288437 
0.761421 
0.195789 
0.634052 
0.513910 
0.286129 
0.968840 
0.286652 
0.758189 
0.878862 
0.026043 
0.698967 
0.542648 
0.280459 
0.669575 
0.548685 
0.743075 
0.862621 
0.066686 
0.783357 
0.881880 
0.750080 
0.596885 
0.844304 
0.214627 
0.238441 
0.477298 
0.945391 
0.178511 
0.232598 
0.274435 
0.424947 
0.077652 
0.100113 
0.604463 
0.213290 
0.770179 
0.402047 
0.206615 
0.575130 
0.203978 
0.264997 
0.811889 
0.415013 
0.127085 
0.916388 
0.725647 
0.953175 
0.016849 
0.174256 
0.721317 
0.171244 
0.096064 
0.543288 
0.044784 
0.691085 
0.063989 
0.465322 
0.658820 
0.779888 
0.572142 
0.982543 
0.592297 
0.728419 
0.533667 
0.337438 
0.327761 
0.681540 
0.650538 
0.586823 
0.726263 
0.298164 
0.243670 
0.356397 
0.969495 
0.298862 
0.976062 
0.681536 
0.573918 
0.831877 
0.350158 
0.113373 
0.452415 
0.745963 
0.402702 
0.213284 
0.664249 
0.038085 
0.088579 
0.745594 
0.199420 
0.652410 
0.063008 
0.981070 
0.850232 
0.848041 
0.025028 
0.652579 
0.900889 
0.240740 
0.118086 
0.679127 
0.089150 
0.348338 
0.513951 
0.981400 
0.391325 
0.996660 
0.859958 
0.321932 
0.703278 
0.001538 
0.847500 
0.935264 
0.982372 
0.722743 
0.135320 
0.331073 
0.349268 
0.154629 
0.857955 
0.647913 
0.480653 
0.340470 
0.278482 
0.439954 
0.304746 
0.863412 
0.365393 
0.160650 
0.046249 
0.309947 
0.276506 
0.234978 
0.273302 
0.384909 
0.157431 
0.938645 
0.811619 
0.881511 
0.547925 
0.977453 
0.050229 
0.203232 
0.718576 
0.109868 
0.545424 
0.935199 
0.889161 
0.129881 
0.917100 
0.704696 
0.823245 
0.278606 
0.524828 
0.787667 
0.320797 
0.632686 
0.557792 
0.802854 
0.572305 
0.727297 
0.683825 
0.048544 
0.886833 
0.004202 
0.628162 
0.510715 
0.579932 
0.912128 
0.133027 
0.777752 
0.681852 
0.889071 
0.616089 
0.615042 
0.012066 
0.797428 
0.374011 
0.001090 
0.323910 
0.949531 
0.763277 
0.388473 
0.064022 
0.018787 
0.748121 
0.677063 
0.392171 
0.216038 
0.948035 
0.629588 
0.488714 
0.820666 
0.939976 
0.181456 
0.737538 
0.794169 
0.596775 
0.998071 
0.581942 
0.698540 
0.369827 
0.686852 
0.925415 
0.454678 
0.766590 
0.082106 
0.958193 
0.343536 
0.801709 
0.319108 
0.243878 
0.855802 
0.460707 
0.106575 
0.209549 
0.896400 
0.794900 
0.891125 
0.131012 
0.915314 
0.686977 
0.029871 
0.045145 
0.748491 
0.892029 
0.338962 
0.936025 
0.769697 
0.289421 
0.292333 
0.232670 
0.484830 
0.533110 
0.974362 
0.094916 
0.254332 
0.565211 
0.502344 
0.903699 
0.471556 
0.439644 
0.101275 
0.123436 
0.588457 
0.199339 
0.289714 
0.229488 
0.004791 
0.523862 
0.547732 
0.727342 
0.432183 
0.691847 
0.867741 
0.129817 
0.831403 
0.388111 
0.986134 
0.956355 
0.455353 
0.112462 
0.150502 
0.482568 
0.522485 
0.400251 
0.013609 
0.729915 
0.678116 
0.101656 
0.528435 
0.404282 
0.772154 
0.595229 
0.010612 
0.356413 
0.226192 
0.606775 
0.075025 
0.947213 
0.806537 
0.474229 
0.366526 
0.197221 
0.695230 
0.738257 
0.887342 
0.550871 
0.496636 
0.968738 
0.576747 
0.382235 
0.228068 
0.145220 
0.712937 
0.339619 
0.972708 
0.306234 
0.869937 
0.039170 
0.328731 
0.977716 
0.474538 
0.567172 
0.452056 
0.698645 
0.126871 
0.314904 
0.587064 
0.785245 
0.609691 
0.076314 
0.615667 
0.509067 
0.882708 
0.678325 
0.610781 
0.389580 
0.673806 
0.649105 
0.507002 
0.178904 
0.845074 
0.157024 
0.094853 
0.198164 
0.540701 
0.564114 
0.068396 
0.532867 
0.897449 
0.430317 
0.329895 
0.538490 
0.393032 
0.684357 
0.990077 
0.231333 
0.017546 
0.900082 
0.686251 
0.822801 
0.821618 
0.925672 
0.769864 
0.099150 
0.410578 
0.588181 
0.551391 
0.233479 
0.073927 
0.488494 
0.118606 
0.409278 
0.729530 
0.217535 
0.104459 
0.646621 
0.765531 
0.278110 
0.195466 
0.197418 
0.000150 
0.515434 
0.902798 
0.328580 
0.445651 
0.053940 
0.577282 
0.374874 
0.514325 
0.261318 
0.970220 
0.485216 
0.019065 
0.417067 
0.649184 
0.836811 
0.290639 
0.767789 
0.235539 
0.707231 
0.429350 
0.079621 
0.183616 
0.037897 
0.941588 
0.269444 
0.543760 
0.975714 
0.824078 
0.273289 
0.163007 
0.666524 
0.260945 
0.704429 
0.332028 
0.398115 
0.121449 
0.198912 
0.112237 
0.370898 
0.675465 
0.533026 
0.574741 
0.666111 
0.332143 
0.327519 
0.606209 
0.556571 
0.294660 
0.346868 
0.807833 
0.254083 
0.377931 
0.891857 
0.433008 
0.560674 
0.246750 
0.119487 
0.218780 
0.029909 
0.677695 
0.027142 
0.180985 
0.818575 
0.782454 
0.708013 
0.576437 
0.175344 
0.006079 
0.168758 
0.321519 
0.763801 
0.207085 
0.476022 
0.494940 
0.461070 
0.210368 
0.662060 
0.242785 
0.491438 
0.592350 
0.619388 
0.058545 
0.958528 
0.976080 
0.969382 
0.402228 
0.240022 
0.043360 
0.759597 
0.552329 
0.999903 
0.368124 
0.055794 
0.734269 
0.860993 
0.703327 
0.820059 
0.727073 
0.917886 
0.906419 
0.184267 
0.981823 
0.492260 
0.415682 
0.369234 
0.714477 
0.212688 
0.641926 
0.851193 
0.002661 
0.725055 
0.999466 
0.021746 
0.480198 
0.686484 
0.741660 
0.080586 
0.400628 
0.357171 
0.974103 
0.749152 
0.003635 
0.086745 
0.926291 
0.174247 
0.566245 
0.881510 
0.532210 
0.849574 
0.794742 
0.233767 
0.921963 
0.439821 
0.079834 
0.774848 
0.861978 
0.266546 
0.844929 
0.716621 
0.244830 
0.857808 
0.173865 
0.149679 
0.652834 
0.174728 
0.659165 
0.583641 
0.260468 
0.687691 
0.018726 
0.732063 
0.783717 
0.931217 
0.962661 
0.441438 
0.253223 
0.921414 
0.208799 
0.284089 
0.676241 
0.580327 
0.563665 
0.520716 
0.673822 
0.925172 
0.370941 
0.401039 
0.269827 
0.988556 
