0.000000 
0.008210 
0.983140 
0.629983 
0.123988 
0.872832 
0.688186 
0.349802 
0.129088 
0.581930 
0.492848 
0.293679 
0.867774 
0.682648 
0.266144 
0.081255 
0.655503 
0.035704 
0.075397 
0.203018 
0.117507 
0.942787 
0.424575 
0.836498 
0.027883 
0.629068 
0.748288 
0.471170 
0.960991 
0.383325 
0.548934 
0.926551 
0.545744 
0.313190 
0.790275 
0.149897 
0.317703 
0.637858 
0.474600 
0.598217 
0.240266 
0.143791 
0.695250 
0.070760 
0.270271 
0.442985 
0.247491 
0.584819 
0.057778 
0.072755 
0.795565 
0.053022 
0.140621 
0.425381 
0.377275 
0.868963 
0.666053 
0.356735 
0.641445 
0.759299 
0.531980 
0.981094 
0.244517 
0.590270 
0.665555 
0.987576 
0.181543 
0.185588 
0.178807 
0.204698 
0.362780 
0.241742 
0.965113 
0.658809 
0.594497 
0.705016 
0.203670 
0.087972 
0.538099 
0.828461 
0.944570 
0.380348 
0.508279 
0.645219 
0.189611 
0.791241 
0.391045 
0.299516 
0.957186 
0.431315 
0.112252 
0.621427 
0.331601 
0.214995 
0.424114 
0.078148 
0.434657 
0.272728 
0.744661 
0.513819 
0.748952 
0.631870 
0.845320 
0.285778 
0.065761 
0.252256 
0.665897 
0.723608 
0.673388 
0.637883 
0.905645 
0.173437 
0.958991 
0.758457 
0.383618 
0.466907 
0.299554 
0.596131 
0.176339 
0.730756 
0.818198 
0.448863 
0.042967 
0.146581 
0.593633 
0.193229 
0.600753 
0.854267 
0.666434 
0.759808 
0.098974 
0.453205 
0.009562 
0.701477 
0.732178 
0.719624 
0.723879 
0.228343 
0.762120 
0.958768 
0.008867 
0.023932 
0.223859 
0.397299 
0.410989 
0.487047 
0.796262 
0.768940 
0.578716 
0.480600 
0.451762 
0.768025 
0.188803 
0.206316 
0.545302 
0.892908 
0.103345 
0.921055 
0.165175 
0.094093 
0.423573 
0.986004 
0.776961 
0.390564 
0.209601 
0.765565 
0.855500 
0.395786 
0.980063 
0.913632 
0.418374 
0.616770 
0.045141 
0.690138 
0.146281 
0.545680 
0.240641 
0.457174 
0.729727 
0.527674 
0.617341 
0.650828 
0.462878 
0.582872 
0.326446 
0.576712 
0.795555 
0.892394 
0.459058 
0.381748 
0.041968 
0.354183 
0.747713 
0.813032 
0.621996 
0.879865 
0.894983 
0.984455 
0.742896 
0.857506 
0.107559 
0.740978 
0.614775 
0.515629 
0.181233 
0.981882 
0.492697 
0.759603 
0.641965 
0.502191 
0.315879 
0.975755 
0.517439 
0.600554 
0.505317 
0.857661 
0.708809 
0.955623 
0.155712 
0.059977 
0.027932 
0.446642 
0.711788 
0.025548 
0.388373 
0.380014 
0.901374 
0.395339 
0.469527 
0.332930 
0.548956 
0.310920 
0.629595 
0.601774 
0.015554 
0.414461 
0.841262 
0.093049 
0.878575 
0.203301 
0.877771 
0.697821 
0.272115 
0.440839 
0.175763 
0.050805 
0.883386 
0.073370 
0.131099 
0.382195 
0.551534 
0.624200 
0.922071 
0.246265 
0.974405 
0.817290 
0.192178 
0.936450 
0.909521 
0.319712 
0.404454 
0.657721 
0.314642 
0.181695 
0.742752 
0.441091 
0.420856 
0.330934 
0.010593 
0.032777 
0.875577 
0.815492 
0.974770 
0.956411 
0.406264 
0.085259 
0.952754 
0.932247 
0.274598 
0.160349 
0.981524 
0.471879 
0.870722 
0.223205 
0.414352 
0.012905 
0.892672 
0.141230 
0.652732 
0.459603 
0.547507 
0.944098 
0.460007 
0.345914 
0.769920 
0.045553 
0.617609 
0.161767 
0.818594 
0.111663 
0.713534 
0.358710 
0.834493 
0.327153 
0.467972 
0.206255 
0.529252 
0.131100 
0.397996 
0.126328 
0.191345 
0.936687 
0.903317 
0.053002 
0.800370 
0.820041 
0.435893 
0.054478 
0.610407 
0.106109 
0.376755 
0.115733 
0.120736 
0.207443 
0.491698 
0.963494 
0.447133 
0.965070 
0.936959 
0.469683 
0.959334 
0.526053 
0.367363 
0.275466 
0.762374 
0.215139 
0.834948 
0.978408 
0.098106 
0.859366 
0.364473 
0.701575 
0.372530 
0.119254 
0.310173 
0.085443 
0.045711 
0.271508 
0.231113 
0.316535 
0.995447 
0.485438 
0.761916 
0.522718 
0.316049 
0.841302 
0.763190 
0.933222 
0.664619 
0.253967 
0.425291 
0.871404 
0.683147 
0.646010 
0.484851 
0.897294 
0.822257 
0.677374 
0.620921 
0.823070 
0.330162 
0.030825 
0.083426 
0.139297 
0.165801 
0.625608 
0.590499 
0.509790 
0.033734 
0.959752 
0.543888 
0.118151 
0.767431 
0.207818 
0.802021 
0.566696 
0.462366 
0.979939 
0.832812 
0.072027 
0.562942 
0.358616 
0.266425 
0.810534 
0.652433 
0.441773 
0.883865 
0.125405 
0.679826 
0.828250 
0.401361 
0.672135 
0.577578 
0.346943 
0.076519 
0.055692 
0.023080 
0.912842 
0.133261 
0.720614 
0.367216 
0.805550 
0.883351 
0.487112 
0.898465 
0.498720 
0.987451 
0.095979 
0.127341 
0.228154 
0.576193 
0.082122 
0.216729 
0.562829 
0.467922 
0.367566 
0.676799 
0.953563 
0.532559 
0.723632 
0.087020 
0.541525 
0.402528 
0.291559 
0.240255 
0.970413 
0.738630 
0.146058 
0.793898 
0.050375 
0.644636 
0.405436 
0.167705 
0.619477 
0.543841 
0.331499 
0.509731 
0.050069 
0.501311 
0.533362 
0.217670 
0.384429 
0.103525 
0.952387 
0.775892 
0.414302 
0.168620 
0.990701 
0.705888 
0.852450 
0.128333 
0.887363 
0.912035 
0.570946 
0.887541 
0.904385 
0.991940 
0.537640 
0.113124 
0.283027 
0.830859 
0.245777 
0.776604 
0.377259 
0.596997 
0.727915 
0.071789 
0.549360 
0.097799 
0.700255 
0.180680 
0.695605 
0.040167 
0.087421 
0.290383 
0.462613 
0.139811 
0.797966 
0.412880 
0.281062 
0.800646 
0.453142 
0.964945 
0.826743 
0.067404 
0.851916 
0.149632 
0.869907 
0.529016 
0.169548 
0.600394 
0.824339 
0.667568 
0.816454 
0.142382 
0.009166 
0.057986 
0.565335 
0.585826 
0.972894 
0.431193 
0.067214 
0.665848 
0.905306 
0.476873 
0.812211 
0.823801 
0.629395 
0.243346 
0.914519 
0.325416 
0.272602 
0.614433 
0.769415 
0.558725 
0.487063 
0.062037 
0.660688 
0.179852 
0.780430 
0.694378 
0.403033 
0.776925 
0.773236 
0.771948 
0.128961 
0.450395 
0.781634 
0.917364 
0.128395 
0.927237 
0.074870 
0.338895 
0.813270 
0.621685 
0.661109 
0.261707 
0.510325 
0.037877 
0.606557 
0.399809 
0.591128 
0.080867 
0.124179 
0.068440 
0.277077 
0.825724 
0.940404 
0.370939 
0.375095 
0.222060 
0.156913 
0.236004 
0.526564 
0.965021 
0.112631 
0.989071 
0.317563 
0.283608 
0.592548 
0.961248 
0.694082 
0.431105 
0.582411 
0.579757 
0.974790 
0.291145 
0.277463 
0.324890 
0.418896 
0.386991 
0.158997 
0.258584 
0.025464 
0.979157 
0.685881 
0.607060 
0.852585 
0.400758 
0.541839 
0.695361 
0.930001 
0.518760 
0.798931 
0.631481 
0.302506 
0.221041 
0.038828 
0.576568 
0.386489 
0.719674 
0.562411 
0.450040 
0.827551 
0.651202 
0.756218 
0.749073 
0.678129 
0.320794 
0.586503 
0.353304 
0.975848 
0.077876 
0.867829 
0.605667 
0.438264 
0.906139 
0.476111 
0.005383 
0.464955 
0.503920 
0.385620 
0.123002 
0.300644 
0.921011 
0.436556 
0.189093 
0.079287 
0.576023 
0.212693 
0.728235 
0.449921 
0.818154 
0.718710 
0.356560 
0.703653 
0.288226 
0.206582 
0.022424 
0.873842 
0.661539 
0.480922 
0.859940 
0.010387 
0.578546 
0.620477 
0.361699 
0.069844 
0.874042 
0.017705 
0.567536 
0.579046 
0.029160 
0.087431 
0.450432 
0.410381 
0.268650 
0.193164 
0.502885 
0.996422 
0.863047 
0.236602 
0.576444 
0.296465 
0.684888 
0.916725 
0.390960 
0.869567 
0.819453 
0.538502 
0.605299 
0.252247 
0.517626 
0.740211 
0.730559 
0.511134 
0.630332 
0.991652 
0.698737 
0.666396 
0.113209 
0.709993 
0.852695 
0.252962 
0.537857 
0.762122 
0.987522 
0.278700 
0.117886 
0.304444 
0.784130 
0.867039 
0.328967 
0.945231 
0.503935 
0.640416 
0.467233 
0.787513 
0.734706 
0.206737 
0.624363 
0.663812 
0.695745 
0.386481 
0.590156 
0.743556 
0.937563 
0.626518 
0.886190 
0.200643 
0.207720 
0.145930 
0.644574 
0.353768 
0.777423 
0.154307 
0.432364 
0.733972 
0.869068 
0.429765 
0.054982 
0.078828 
0.859778 
0.292767 
0.528529 
0.984004 
0.148540 
0.507093 
0.705140 
0.292215 
0.262115 
0.374380 
0.202666 
0.209545 
0.828811 
0.834562 
0.483562 
0.228473 
0.937452 
0.755444 
0.752566 
0.369450 
0.344730 
0.884180 
0.415021 
0.256236 
0.552967 
0.724674 
0.597652 
0.741800 
0.438749 
0.051574 
0.796802 
0.845353 
0.845457 
0.596067 
0.100057 
0.654131 
0.974289 
0.882721 
0.892478 
0.879278 
0.018011 
0.717365 
0.759022 
0.887217 
0.460738 
0.620322 
0.744576 
0.096565 
0.965510 
0.330890 
0.268880 
0.065056 
0.403587 
0.083840 
0.090913 
0.975364 
0.940941 
0.397177 
0.353076 
0.151806 
0.399212 
0.551352 
0.564707 
0.038392 
0.258107 
0.006183 
0.916074 
0.448099 
0.208034 
0.435538 
0.089446 
0.322880 
0.642086 
0.547056 
0.377627 
0.778733 
0.165258 
0.491577 
0.942561 
0.627941 
0.803168 
0.841244 
0.780871 
0.099281 
0.618209 
0.241309 
0.678255 
0.428091 
0.925187 
0.619937 
0.275769 
0.853153 
0.942503 
0.650850 
0.836469 
0.539189 
0.146501 
0.240759 
0.439633 
0.909153 
0.133813 
0.989008 
0.255900 
0.919570 
0.219382 
0.153552 
0.752792 
0.179561 
0.886132 
0.223184 
0.058745 
0.330425 
0.453648 
0.455186 
0.307765 
0.611054 
0.981280 
0.367958 
0.269215 
0.704801 
0.586025 
0.323856 
0.045178 
0.308781 
0.682283 
0.123978 
0.698969 
0.576223 
0.577570 
0.216407 
0.157751 
0.314524 
0.197530 
0.888089 
0.112992 
0.063461 
0.582604 
0.820797 
0.140540 
0.055962 
0.552795 
0.827712 
0.359220 
0.409369 
0.257817 
0.127576 
0.178146 
0.092483 
0.355049 
0.314261 
0.785853 
0.826139 
0.926503 
0.735996 
0.887478 
0.841219 
0.372648 
0.088252 
0.244603 
0.050428 
0.539151 
0.516932 
0.078005 
0.036305 
0.175241 
0.271701 
0.474141 
0.892883 
0.684016 
0.257904 
0.587617 
0.078675 
0.287759 
0.371760 
0.173469 
0.497899 
0.187473 
0.854894 
0.197691 
0.585987 
0.687783 
0.574522 
0.997430 
0.810111 
0.532292 
0.229019 
0.119129 
0.205436 
0.759616 
0.862019 
0.950180 
0.670723 
0.841514 
0.333854 
0.075996 
0.258791 
0.496905 
0.485852 
0.715778 
0.083625 
0.490110 
0.280568 
0.510674 
0.892581 
0.605884 
0.095605 
0.829916 
0.399226 
0.798532 
0.922670 
0.321283 
0.805224 
0.393842 
0.304055 
0.258213 
0.792387 
0.653924 
0.495179 
0.468993 
0.369365 
0.925583 
0.268594 
0.257553 
0.686464 
0.402575 
0.074376 
0.044439 
0.881555 
0.300775 
0.123446 
0.748592 
0.594022 
0.730212 
0.669837 
0.955236 
0.647773 
0.127624 
0.978314 
0.515942 
0.443191 
0.703749 
0.908206 
0.213350 
0.768065 
0.864649 
0.152011 
0.842900 
0.625050 
0.218132 
0.141590 
0.703008 
0.456718 
0.064699 
0.391033 
0.098863 
0.591374 
0.222065 
0.240170 
0.534995 
0.655982 
0.085125 
0.690503 
0.276895 
0.778190 
0.046466 
0.947714 
0.224275 
0.389182 
0.982471 
0.391763 
0.357869 
0.699663 
0.241802 
0.964611 
0.218194 
0.194589 
0.454714 
0.374793 
0.146698 
0.558991 
0.962588 
0.209263 
0.075396 
0.175093 
0.790679 
0.942998 
0.960905 
0.922995 
0.781506 
0.773877 
0.558978 
0.741594 
0.976739 
0.047913 
0.271318 
0.042196 
0.192453 
0.562077 
0.819985 
0.488895 
0.850575 
0.610816 
0.981496 
0.008261 
0.835228 
0.675129 
0.897837 
0.947295 
0.188392 
0.312255 
0.064634 
0.299114 
0.209737 
0.048032 
0.272959 
0.620741 
0.787237 
0.085217 
0.237557 
0.614553 
0.793439 
0.335343 
0.113067 
0.324555 
0.792558 
0.528784 
0.270897 
0.971995 
0.322325 
0.314901 
0.546508 
0.156427 
0.062911 
0.351331 
0.815842 
0.862563 
0.097507 
0.801362 
0.496806 
0.810993 
0.366040 
0.033465 
0.444578 
0.026228 
0.806881 
0.250622 
0.198745 
0.306163 
0.680799 
0.187639 
0.656076 
0.676672 
0.820486 
0.908401 
0.493068 
0.993564 
0.830968 
0.076294 
0.281410 
0.661673 
0.735003 
0.189841 
0.654838 
0.861691 
0.445292 
0.015912 
0.436805 
0.380012 
0.854846 
0.403189 
0.395886 
0.657895 
0.247730 
0.598557 
0.949352 
0.751032 
0.598421 
0.665194 
0.921411 
0.162717 
0.789592 
0.672104 
0.048351 
0.630171 
0.289027 
0.675122 
0.769719 
0.673703 
0.929268 
0.209595 
0.664957 
0.937234 
0.089369 
0.032617 
0.190795 
0.698034 
0.858228 
0.239206 
0.334841 
0.669104 
0.626474 
0.143178 
0.397650 
0.305247 
0.278356 
0.321356 
0.025495 
0.502694 
0.774681 
0.069483 
0.794510 
0.332338 
0.597650 
0.697918 
0.906371 
0.372532 
0.145512 
0.619453 
0.141299 
0.816904 
0.705589 
0.839183 
0.151222 
0.586573 
0.524880 
0.656582 
0.172188 
0.957978 
0.730038 
0.752621 
0.297008 
0.808768 
0.960151 
0.252706 
0.230912 
0.938854 
0.311454 
0.607301 
0.913931 
0.436697 
0.567291 
0.466970 
0.365278 
0.228280 
0.708668 
0.577870 
0.265683 
0.340225 
0.155402 
0.833942 
0.064512 
0.259562 
0.462147 
0.301068 
0.048580 
0.478671 
0.023279 
0.258231 
0.092341 
0.971192 
0.824757 
0.693949 
0.206507 
0.755358 
0.300555 
0.426691 
0.400514 
0.442505 
0.174998 
0.196315 
0.459410 
0.311483 
0.094070 
0.038202 
0.065316 
0.770897 
0.458068 
0.750831 
0.215230 
0.378598 
0.097128 
0.425039 
0.635436 
0.776079 
0.554609 
0.311499 
0.359415 
0.695371 
0.108160 
0.844969 
0.398485 
0.343084 
0.215899 
0.607959 
0.962471 
0.252983 
0.889871 
0.068757 
0.603703 
0.444334 
0.922690 
0.650726 
0.756878 
0.844275 
0.722709 
0.562305 
0.660377 
0.949999 
0.626571 
0.771901 
0.332127 
0.062033 
0.581360 
0.912832 
0.964885 
0.816640 
0.274315 
0.406612 
0.929006 
0.799178 
0.780592 
0.403201 
0.604576 
0.113016 
0.463646 
0.504325 
0.187737 
0.297736 
0.043113 
0.592870 
0.360073 
0.748788 
0.872488 
0.909665 
0.739305 
0.495499 
0.843525 
0.130777 
0.968046 
0.945838 
0.707596 
0.557859 
0.928466 
0.731609 
0.151551 
0.121749 
0.230931 
0.253888 
0.102040 
0.988336 
0.957691 
0.916305 
0.331419 
0.153907 
0.706726 
0.946505 
0.901808 
0.686995 
0.332908 
0.188302 
0.786567 
0.825138 
0.086395 
0.035719 
0.337236 
0.931258 
0.649167 
0.541601 
0.685270 
0.335036 
0.952563 
0.727036 
0.288841 
0.556697 
0.406496 
0.977469 
0.325553 
0.571081 
0.158206 
0.962859 
0.764069 
0.700415 
0.871715 
0.911756 
0.885361 
0.266082 
0.042829 
0.827159 
0.054739 
0.999943 
0.047656 
0.955788 
0.921974 
0.617347 
0.751483 
0.170371 
0.422921 
0.025793 
0.496152 
0.829650 
0.933203 
0.338181 
0.812824 
0.127303 
0.574401 
0.961674 
0.858348 
0.253909 
0.449954 
0.369170 
0.636684 
0.749269 
0.966191 
0.765576 
0.028095 
0.198628 
0.344233 
0.524992 
0.534261 
0.323706 
0.520063 
0.693739 
0.669919 
0.328114 
0.611956 
0.146428 
0.008505 
0.946427 
0.606779 
0.129191 
0.320245 
0.350972 
0.791792 
0.648576 
0.613750 
0.291019 
0.160963 
0.297766 
0.560404 
0.714515 
0.849449 
0.687907 
0.655812 
0.236045 
0.200258 
0.737825 
0.618766 
0.592427 
0.921360 
0.290367 
0.193112 
0.636076 
0.528696 
0.795588 
0.441241 
0.941065 
0.471783 
0.258419 
0.255008 
0.917532 
0.957877 
0.046860 
0.578214 
0.038390 
0.218146 
0.374237 
0.795298 
0.580526 
0.898520 
0.429933 
0.879636 
0.039636 
0.154638 
0.005130 
0.216019 
0.638737 
0.256201 
0.966381 
0.967453 
0.978754 
0.914413 
0.534305 
0.060558 
0.802816 
0.934824 
0.579840 
0.363516 
0.619349 
0.397044 
0.121598 
0.703037 
0.942932 
0.849787 
0.371675 
0.738309 
0.755998 
0.061515 
0.886952 
0.005530 
0.945194 
0.881285 
0.757067 
0.019010 
0.500318 
0.838832 
0.251791 
0.848786 
0.544668 
0.232289 
0.089066 
0.931875 
0.015827 
0.996557 
0.138549 
0.585429 
0.312662 
0.905021 
0.693631 
0.862231 
0.519035 
0.428267 
0.890857 
0.628611 
0.067325 
0.523593 
0.030077 
0.512203 
0.594025 
0.782946 
0.971454 
0.223897 
0.032362 
0.913270 
0.325311 
0.502566 
0.633653 
0.802931 
0.868939 
0.250348 
0.595580 
0.909151 
0.098891 
0.067397 
0.744953 
0.422682 
0.011969 
0.157663 
0.839715 
0.085195 
0.865569 
0.623483 
0.872475 
0.694573 
0.686273 
0.194429 
0.761950 
0.088791 
0.312728 
0.018651 
0.468582 
0.454737 
0.763607 
0.944013 
0.031398 
0.701142 
0.085617 
0.967772 
0.351627 
0.789813 
0.388440 
0.503975 
0.306205 
0.386870 
0.132272 
0.101429 
0.715623 
0.482344 
0.749314 
0.717209 
0.131726 
0.914813 
0.265288 
0.688335 
0.848512 
0.935633 
0.181936 
0.803167 
0.824033 
0.529275 
0.523178 
0.046569 
0.686154 
0.187004 
0.976980 
0.101675 
0.847140 
0.886091 
0.532085 
0.745901 
0.358054 
0.812398 
0.977053 
0.335776 
0.383264 
0.511321 
0.778137 
0.147732 
0.937350 
0.042706 
0.759933 
0.189530 
0.432560 
0.036410 
0.948766 
0.918334 
0.440599 
0.140628 
0.534919 
0.380158 
0.321053 
0.933300 
0.966990 
0.194216 
0.195747 
0.922557 
0.413590 
0.206288 
0.085346 
0.417099 
0.178560 
0.052801 
0.434632 
0.862713 
0.611478 
0.106594 
0.527190 
0.489070 
0.792507 
0.665379 
0.022109 
0.592851 
0.039771 
0.433270 
0.969072 
0.194366 
0.707346 
0.371839 
0.495562 
0.913374 
0.083341 
0.704379 
0.501572 
0.923415 
0.840711 
0.833413 
0.180675 
0.611636 
0.771238 
0.197920 
0.433117 
0.402923 
0.926701 
0.056279 
0.873333 
0.109923 
0.480565 
0.859353 
0.146689 
0.399544 
0.143230 
0.262033 
0.996258 
0.108165 
0.935176 
0.503031 
0.450028 
0.617319 
0.283137 
0.686053 
0.489230 
0.484598 
0.639131 
0.874022 
0.689279 
0.715794 
0.357306 
0.235024 
0.043080 
0.047137 
0.230106 
0.389671 
0.198789 
0.050200 
0.715242 
0.074410 
0.606818 
0.792398 
0.832412 
0.345975 
0.803971 
0.344274 
0.215199 
0.851797 
0.157070 
0.875197 
0.436406 
0.680561 
0.192818 
0.691337 
0.296458 
0.574998 
0.994641 
0.936631 
0.963065 
0.234672 
0.132567 
0.051842 
0.312758 
0.516792 
0.717259 
0.977889 
0.385854 
0.045907 
0.564648 
0.043919 
0.145981 
0.504708 
0.619760 
0.313543 
0.721105 
0.617290 
0.786468 
0.166479 
0.019878 
0.088576 
0.697478 
0.505099 
0.190890 
0.281997 
0.528095 
0.689154 
0.617741 
0.364749 
0.338276 
0.408965 
0.469968 
0.746231 
0.904179 
0.539815 
0.666206 
0.917163 
0.754987 
0.062876 
0.757239 
0.913882 
0.618161 
0.424643 
0.973138 
0.523931 
0.701221 
0.424247 
0.322594 
0.841540 
0.767027 
0.429494 
0.502164 
0.864407 
0.086908 
0.668823 
0.909044 
0.294459 
0.978039 
0.893078 
0.965566 
0.263245 
0.365581 
0.327090 
0.393803 
0.644832 
0.698780 
0.400494 
0.094662 
0.978004 
0.317770 
0.754297 
0.471616 
0.453034 
0.140235 
0.922975 
0.442139 
0.032308 
0.000997 
0.754574 
0.123790 
0.539675 
0.322670 
0.110343 
0.541703 
0.408723 
0.402901 
0.556169 
0.531237 
0.494959 
0.778077 
0.148477 
0.455636 
0.866379 
0.228389 
0.534192 
0.161568 
0.473901 
0.859446 
0.711830 
0.721031 
0.362378 
0.491366 
0.386697 
0.223125 
0.058660 
0.905705 
0.183156 
0.306728 
0.179100 
0.130388 
0.432041 
0.318978 
0.057292 
0.907786 
0.156555 
0.222168 
0.969391 
0.546209 
0.140710 
0.914473 
0.546074 
0.871196 
0.192054 
0.847928 
0.129990 
0.750247 
0.406199 
0.991047 
0.523056 
0.996546 
0.941003 
0.440119 
0.078724 
0.117041 
0.115792 
0.113409 
0.065878 
0.203949 
0.770277 
0.045225 
0.091387 
0.934946 
0.633776 
0.877561 
0.168895 
0.620366 
0.489850 
0.913979 
0.237922 
0.748353 
0.561830 
0.672534 
0.274210 
0.655368 
0.770455 
0.041073 
0.309772 
0.340623 
0.859125 
0.315603 
0.336870 
0.781962 
0.435956 
0.105872 
0.396866 
0.125093 
0.435477 
0.066407 
0.097827 
0.181185 
0.177762 
0.642654 
0.090774 
0.634160 
0.332383 
0.354280 
0.376662 
0.562105 
0.291336 
0.483723 
0.936709 
0.273661 
0.421137 
0.044216 
0.144284 
0.981567 
0.203175 
0.761646 
0.984511 
0.682679 
0.783569 
0.439043 
0.990169 
0.771876 
0.915764 
0.251703 
0.378219 
0.725814 
0.747854 
0.187928 
0.500732 
0.803675 
0.360215 
0.137114 
0.470069 
0.452207 
0.248163 
0.876736 
0.304662 
0.454039 
0.040504 
0.754229 
0.330492 
0.585834 
0.106232 
0.440490 
0.315088 
0.688145 
0.660730 
0.884531 
0.311337 
0.641983 
0.802261 
0.606214 
0.639413 
0.622147 
0.429203 
0.619480 
0.595291 
0.060919 
0.859119 
0.216036 
0.913130 
0.971053 
0.488977 
0.241078 
0.798097 
0.623485 
0.918549 
0.057532 
0.934805 
0.267755 
0.162676 
0.101521 
0.264384 
0.495239 
0.486523 
0.991815 
0.440337 
0.748196 
0.924390 
0.227156 
0.814263 
0.312811 
0.408051 
0.109035 
0.556376 
0.004227 
0.046137 
0.417828 
0.437769 
0.581073 
0.100108 
0.512057 
0.146626 
0.338140 
0.119940 
0.823843 
0.324017 
0.748195 
0.909285 
0.359225 
0.495991 
0.118056 
0.167283 
0.517806 
0.760266 
0.795324 
0.004073 
0.460539 
0.278759 
0.107475 
0.336990 
0.787884 
0.965670 
0.016767 
0.801628 
0.966343 
0.331811 
0.742676 
0.161355 
0.887890 
0.771070 
0.375621 
0.065184 
0.545265 
0.268027 
0.731726 
0.125315 
0.162692 
0.359556 
0.065259 
0.802712 
0.181373 
0.327633 
0.524710 
0.809192 
0.094105 
0.629657 
0.639042 
0.376305 
0.565838 
0.036497 
0.398860 
0.634335 
0.261511 
0.213021 
0.246968 
0.795079 
0.888679 
0.024635 
0.042952 
0.898055 
0.611171 
0.946223 
0.165814 
0.830643 
0.617472 
0.858020 
0.749890 
0.395837 
0.836651 
0.593007 
0.665283 
0.415058 
0.886509 
0.554122 
0.132481 
0.610076 
0.552964 
0.659942 
0.648607 
0.130180 
0.943508 
0.533753 
0.785372 
0.739332 
0.955384 
0.135494 
0.255114 
0.708448 
0.881476 
0.968343 
0.946552 
0.698094 
0.867712 
0.640810 
0.087324 
0.656370 
0.608591 
0.593827 
0.447473 
0.670752 
0.325262 
0.684539 
0.040961 
0.423445 
0.839850 
0.353159 
0.543506 
0.711775 
0.800955 
0.648466 
0.774083 
0.018538 
0.573927 
0.997757 
0.293578 
0.168176 
0.541962 
0.747560 
0.242656 
0.323925 
0.201923 
0.725406 
0.904508 
0.072126 
0.229426 
0.962921 
0.818891 
0.100425 
0.845830 
0.859237 
0.188085 
0.147297 
0.622113 
0.855969 
0.265725 
0.039072 
0.690656 
0.855582 
0.769392 
0.177260 
0.203731 
0.103028 
0.594608 
0.571934 
0.490730 
0.692739 
0.857868 
0.190808 
0.906795 
0.497189 
0.255570 
0.368460 
0.702394 
0.143810 
0.011271 
0.435108 
0.857576 
0.276662 
0.855771 
0.937804 
0.672336 
0.951158 
0.105136 
0.017467 
0.571008 
0.939069 
0.926986 
0.856214 
0.393415 
0.120841 
0.982424 
0.604360 
0.472541 
0.003803 
0.910679 
0.785622 
0.953417 
0.082796 
0.554414 
0.042698 
0.629131 
0.798477 
0.000810 
0.616756 
0.809928 
0.453453 
0.183928 
0.274615 
0.454088 
0.857788 
0.850832 
0.927473 
0.043160 
0.390533 
0.691441 
0.043226 
0.493934 
0.546502 
0.059575 
0.282783 
0.735469 
