0.000001 
0.010104 
0.815284 
0.486471 
0.117320 
0.802503 
0.676310 
0.734600 
0.414349 
0.971660 
0.688529 
0.101182 
0.566536 
0.776262 
0.632595 
0.018971 
0.842950 
0.453855 
0.938358 
0.989605 
0.293329 
0.974393 
0.623572 
0.368846 
0.193515 
0.401456 
0.265052 
0.726674 
0.209380 
0.055170 
0.237057 
0.224192 
0.997669 
0.826815 
0.276687 
0.281713 
0.750386 
0.736391 
0.525937 
0.429265 
0.652224 
0.927201 
0.472420 
0.954577 
0.582383 
0.110480 
0.837475 
0.440421 
0.156903 
0.068567 
0.407125 
0.544758 
0.751709 
0.966794 
0.904731 
0.811088 
0.960796 
0.093941 
0.874266 
0.787659 
0.188547 
0.907142 
0.339057 
0.532925 
0.871527 
0.754967 
0.723900 
0.592559 
0.136167 
0.563647 
0.210056 
0.412859 
0.927513 
0.712604 
0.738318 
0.903885 
0.599560 
0.805120 
0.658423 
0.114912 
0.334070 
0.712135 
0.846700 
0.485202 
0.795794 
0.907047 
0.740552 
0.465848 
0.506890 
0.300122 
0.146728 
0.054588 
0.461484 
0.160685 
0.636350 
0.127635 
0.162194 
0.996275 
0.390236 
0.688598 
0.274449 
0.659432 
0.081323 
0.791172 
0.221066 
0.452490 
0.006361 
0.905794 
0.672397 
0.974745 
0.537834 
0.370741 
0.045812 
0.967748 
0.942088 
0.680435 
0.073140 
0.259872 
0.662206 
0.690568 
0.381595 
0.468525 
0.493299 
0.872485 
0.852603 
0.697291 
0.377094 
0.825414 
0.724849 
0.536618 
0.943542 
0.104945 
0.807764 
0.082562 
0.617962 
0.086782 
0.553410 
0.165673 
0.465107 
0.057931 
0.638176 
0.830216 
0.432795 
0.984665 
0.263667 
0.446880 
0.717801 
0.089325 
0.284197 
0.495191 
0.672283 
0.063412 
0.773827 
0.705771 
0.886544 
0.151329 
0.386481 
0.585397 
0.768580 
0.529527 
0.767238 
0.963710 
0.073458 
0.604593 
0.396182 
0.632359 
0.060487 
0.608160 
0.349152 
0.205433 
0.714129 
0.364394 
0.372047 
0.996156 
0.398331 
0.743063 
0.652686 
0.697056 
0.426194 
0.050741 
0.801704 
0.235671 
0.919519 
0.347462 
0.791651 
0.275057 
0.885664 
0.353747 
0.418154 
0.912142 
0.370048 
0.399666 
0.189035 
0.108316 
0.471874 
0.794000 
0.758268 
0.215378 
0.865662 
0.175444 
0.684326 
0.474359 
0.548784 
0.404840 
0.149639 
0.989142 
0.507218 
0.816632 
0.135154 
0.533201 
0.510772 
0.541182 
0.646343 
0.089909 
0.104255 
0.219486 
0.894254 
0.729942 
0.137297 
0.555224 
0.648293 
0.866172 
0.758740 
0.149650 
0.165290 
0.028216 
0.225619 
0.973673 
0.525414 
0.625178 
0.374359 
0.854526 
0.014115 
0.237264 
0.700744 
0.398540 
0.266987 
0.251789 
0.816244 
0.610545 
0.425360 
0.021817 
0.685701 
0.583530 
0.385043 
0.419056 
0.070974 
0.859600 
0.303383 
0.960356 
0.708322 
0.768200 
0.134789 
0.397453 
0.989472 
0.058266 
0.281317 
0.100054 
0.605521 
0.993087 
0.818065 
0.216509 
0.861966 
0.062505 
0.523254 
0.330266 
0.777241 
0.083161 
0.688918 
0.649490 
0.970800 
0.238132 
0.280675 
0.300979 
0.556232 
0.590152 
0.689233 
0.933776 
0.969977 
0.395625 
0.263248 
0.412007 
0.609249 
0.644574 
0.357415 
0.074033 
0.266387 
0.163325 
0.003505 
0.904049 
0.352556 
0.405940 
0.630953 
0.426668 
0.004735 
0.576558 
0.213855 
0.259143 
0.420215 
0.545430 
0.047828 
0.849470 
0.046073 
0.351149 
0.758009 
0.864895 
0.297678 
0.066969 
0.542243 
0.486262 
0.611083 
0.478802 
0.225150 
0.099547 
0.093687 
0.599307 
0.559331 
0.671431 
0.738832 
0.554802 
0.551373 
0.926035 
0.874995 
0.044622 
0.965474 
0.713890 
0.355814 
0.163876 
0.261787 
0.845911 
0.224500 
0.166000 
0.962122 
0.385726 
0.903932 
0.382025 
0.690103 
0.567325 
0.037802 
0.336932 
0.813665 
0.273340 
0.021865 
0.491857 
0.633397 
0.511256 
0.675895 
0.760264 
0.750588 
0.134076 
0.420517 
0.634605 
0.809946 
0.766281 
0.880858 
0.574948 
0.158511 
0.097035 
0.868468 
0.347828 
0.944758 
0.547171 
0.301184 
0.004765 
0.085742 
0.062351 
0.941405 
0.197797 
0.381896 
0.532491 
0.572201 
0.984553 
0.375313 
0.877819 
0.510057 
0.526844 
0.672387 
0.803754 
0.700238 
0.905662 
0.457730 
0.069145 
0.121786 
0.849660 
0.236806 
0.991997 
0.491815 
0.937179 
0.172698 
0.537643 
0.161828 
0.842682 
0.962779 
0.425548 
0.187122 
0.960276 
0.355644 
0.303048 
0.333322 
0.143252 
0.631227 
0.028338 
0.278029 
0.837849 
0.731922 
0.411724 
0.853000 
0.368426 
0.135405 
0.757210 
0.428099 
0.067651 
0.002294 
0.559449 
0.661504 
0.904526 
0.364919 
0.189618 
0.913630 
0.378976 
0.455544 
0.327949 
0.845374 
0.196008 
0.305136 
0.418043 
0.052190 
0.151620 
0.283636 
0.067883 
0.908811 
0.383325 
0.546867 
0.200575 
0.065939 
0.229556 
0.139724 
0.344672 
0.897925 
0.417572 
0.140349 
0.839293 
0.995717 
0.017869 
0.320399 
0.943723 
0.156399 
0.602134 
0.064054 
0.552498 
0.836046 
0.426404 
0.579267 
0.745026 
0.650788 
0.790146 
0.989216 
0.759766 
0.387322 
0.722129 
0.817614 
0.644982 
0.207280 
0.760811 
0.956926 
0.059638 
0.339938 
0.333740 
0.164961 
0.493220 
0.544937 
0.755289 
0.144514 
0.848467 
0.182767 
0.772868 
0.593593 
0.515943 
0.452105 
0.525290 
0.542668 
0.615850 
0.589948 
0.259162 
0.735829 
0.069813 
0.343656 
0.833340 
0.950456 
0.318256 
0.926248 
0.442333 
0.283836 
0.427383 
0.030522 
0.990299 
0.950596 
0.668303 
0.172507 
0.319244 
0.534899 
0.044063 
0.562279 
0.218343 
0.695724 
0.037973 
0.212449 
0.638558 
0.247189 
0.501436 
0.633623 
0.303883 
0.361878 
0.076978 
0.769918 
0.006257 
0.166375 
0.267444 
0.936282 
0.087364 
0.319459 
0.147692 
0.254750 
0.579900 
0.374942 
0.642324 
0.539647 
0.854097 
0.811429 
0.695458 
0.566674 
0.095630 
0.250724 
0.923019 
0.185496 
0.622964 
0.150104 
0.802754 
0.888767 
0.502152 
0.667362 
0.360016 
0.793626 
0.474672 
0.813723 
0.242604 
0.450776 
0.188589 
0.617636 
0.602540 
0.895285 
0.047803 
0.430313 
0.276754 
0.396908 
0.832894 
0.449961 
0.500535 
0.498458 
0.584602 
0.408655 
0.263656 
0.258038 
0.842511 
0.088506 
0.515164 
0.354519 
0.406076 
0.923868 
0.447073 
0.962794 
0.681658 
0.629701 
0.388839 
0.222561 
0.578125 
0.553735 
0.631273 
0.800222 
0.323923 
0.168356 
0.559833 
0.113281 
0.921711 
0.190745 
0.846971 
0.044532 
0.449655 
0.343545 
0.961406 
0.347675 
0.370477 
0.611744 
0.576187 
0.968772 
0.154943 
0.130948 
0.838062 
0.299666 
0.490903 
0.606386 
0.534865 
0.473787 
0.929808 
0.280936 
0.695212 
0.420452 
0.532379 
0.685553 
0.090729 
0.889528 
0.301068 
0.041505 
0.568511 
0.956068 
0.638512 
0.470758 
0.032088 
0.296424 
0.000245 
0.122556 
0.792980 
0.614677 
0.874291 
0.207841 
0.189317 
0.845680 
0.347340 
0.740367 
0.352323 
0.486322 
0.612820 
0.657995 
0.928365 
0.023183 
0.636240 
0.280361 
0.034983 
0.960866 
0.282297 
0.572018 
0.899781 
0.624578 
0.284471 
0.101909 
0.787451 
0.690136 
0.121229 
0.493220 
0.548005 
0.318102 
0.341800 
0.639319 
0.027525 
0.604869 
0.035082 
0.630912 
0.736296 
0.924905 
0.875482 
0.227068 
0.328364 
0.811429 
0.692789 
0.712289 
0.434215 
0.851029 
0.249391 
0.520413 
0.580750 
0.657236 
0.162680 
0.158489 
0.727943 
0.546380 
0.000833 
0.004536 
0.244255 
0.185957 
0.380664 
0.825694 
0.443852 
0.824433 
0.239823 
0.705790 
0.206768 
0.151469 
0.733844 
0.714195 
0.472866 
0.463595 
0.644755 
0.392465 
0.165199 
0.499123 
0.767185 
0.072639 
0.838589 
0.160635 
0.785412 
0.418544 
0.462328 
0.343381 
0.206813 
0.913147 
0.254462 
0.735362 
0.221005 
0.436675 
0.190687 
0.868605 
0.637174 
0.983932 
0.949203 
0.261824 
0.478751 
0.370049 
0.412353 
0.411789 
0.944544 
0.943738 
0.409692 
0.691109 
0.474701 
0.305368 
0.314918 
0.821511 
0.131226 
0.522723 
0.399666 
0.191031 
0.650452 
0.151232 
0.749784 
0.613914 
0.049971 
0.862039 
0.285947 
0.904910 
0.821047 
0.341813 
0.856015 
0.045803 
0.805030 
0.139935 
0.890181 
0.278247 
0.496239 
0.281763 
0.585953 
0.105267 
0.216951 
0.293299 
0.480792 
0.666811 
0.096780 
0.588344 
0.304559 
0.728129 
0.669774 
0.890552 
0.510150 
0.090803 
0.131667 
0.926499 
0.673401 
0.848248 
0.509852 
0.088892 
0.015887 
0.009031 
0.787587 
0.979146 
0.504278 
0.404224 
0.786689 
0.883097 
0.210863 
0.966401 
0.306726 
0.141870 
0.405130 
0.017524 
0.520300 
0.683544 
0.318936 
0.365316 
0.862709 
0.556388 
0.212103 
0.821327 
0.050791 
0.643923 
0.411666 
0.875056 
0.064109 
0.472370 
0.129975 
0.497949 
0.022523 
0.542275 
0.018753 
0.179113 
0.353714 
0.862826 
0.516846 
0.638807 
0.420905 
0.156937 
0.640291 
0.374086 
0.269150 
0.602496 
0.146254 
0.092251 
0.467347 
0.707228 
0.375684 
0.125007 
0.997922 
0.073943 
0.756641 
0.866303 
0.958827 
0.000350 
0.888623 
0.084101 
0.489262 
0.028460 
0.331567 
0.643467 
0.745597 
0.243889 
0.050123 
0.412449 
0.031120 
0.033675 
0.974138 
0.332538 
0.961901 
0.663067 
0.165775 
0.176891 
0.002953 
0.634247 
0.787070 
0.282962 
0.737899 
0.862125 
0.737754 
0.427686 
0.119525 
0.858585 
0.244090 
0.412785 
0.675427 
0.902644 
0.732057 
0.679830 
0.898617 
0.057614 
0.319587 
0.300914 
0.457175 
0.738563 
0.033837 
0.695750 
0.466827 
0.957089 
0.787793 
0.439818 
0.014977 
0.721197 
0.160673 
0.432903 
0.802832 
0.201844 
0.386095 
0.105899 
0.844550 
0.349650 
0.571117 
0.771253 
0.449342 
0.084561 
0.223899 
0.062189 
0.203780 
0.937194 
0.418219 
0.009595 
0.256391 
0.155971 
0.403784 
0.394182 
0.023777 
0.625309 
0.563191 
0.553887 
0.176995 
0.754260 
0.845100 
0.590017 
0.422982 
0.062614 
0.359250 
0.911524 
0.985380 
0.276259 
0.087910 
0.503969 
0.214363 
0.790927 
0.103816 
0.842131 
0.692092 
0.996292 
0.680743 
0.239757 
0.588403 
0.293679 
0.868408 
0.337209 
0.470175 
0.231916 
0.809649 
0.771398 
0.886011 
0.191060 
0.140516 
0.652912 
0.488244 
0.909224 
0.336076 
0.429409 
0.078680 
0.376886 
0.324092 
0.006878 
0.605601 
0.340772 
0.362108 
0.941780 
0.497383 
0.515253 
0.857221 
0.319089 
0.923756 
0.565653 
0.936213 
0.940229 
0.431238 
0.808802 
0.528963 
0.287611 
0.870124 
0.171792 
0.301502 
0.342004 
0.069593 
0.645454 
0.150771 
0.011954 
0.912768 
0.890786 
0.439058 
0.244291 
0.803857 
0.420576 
0.621487 
0.330418 
0.330594 
0.286543 
0.925284 
0.255030 
0.282006 
0.672671 
0.586715 
0.914857 
0.008636 
0.147453 
0.242014 
0.525163 
0.414146 
0.546684 
0.121681 
0.100083 
0.095804 
0.177826 
0.713474 
0.354023 
0.065554 
0.760733 
0.633237 
0.810454 
0.300584 
0.919627 
0.176563 
0.488118 
0.794907 
0.007996 
0.384802 
0.369591 
0.709397 
0.843027 
0.762674 
0.265745 
0.378846 
0.272190 
0.705040 
0.606220 
0.734105 
0.097846 
0.497997 
0.827426 
0.546097 
0.248114 
0.051931 
0.800245 
0.720344 
0.820401 
0.480613 
0.659764 
0.647820 
0.911451 
0.750872 
0.900171 
0.171203 
0.408110 
0.108635 
0.825753 
0.427189 
0.758286 
0.514925 
0.342965 
0.213546 
0.059476 
0.607604 
0.992681 
0.990481 
0.017813 
0.379779 
0.943117 
0.975146 
0.277379 
0.900858 
0.723730 
0.731802 
0.391543 
0.661435 
0.744634 
0.070103 
0.214053 
0.588129 
0.676090 
0.047253 
0.174693 
0.057740 
0.430774 
0.013879 
0.259653 
0.987600 
0.594430 
0.593139 
0.893184 
0.751058 
0.031157 
0.652576 
0.850886 
0.845812 
0.555683 
0.363434 
0.239270 
0.418096 
0.945898 
0.714724 
0.366588 
0.243748 
0.665185 
0.770730 
0.665682 
0.120324 
0.281114 
0.680729 
0.008957 
0.539031 
0.492728 
0.276018 
0.031378 
0.363770 
0.886184 
0.089149 
0.320390 
0.792510 
0.714795 
0.551704 
0.484855 
0.956704 
0.325607 
0.477375 
0.234073 
0.059169 
0.449345 
0.146507 
0.345492 
0.678314 
0.419575 
0.789878 
0.480179 
0.367732 
0.470625 
0.787023 
0.498055 
0.813126 
0.204362 
0.716023 
0.201446 
0.702728 
0.754025 
0.901635 
0.776244 
0.324893 
0.479292 
0.464102 
0.165268 
0.661652 
0.390235 
0.687198 
0.729185 
0.406080 
0.982949 
0.425836 
0.027371 
0.031504 
0.489576 
0.311737 
0.362369 
0.327873 
0.562303 
0.627944 
0.857405 
0.398115 
0.125754 
0.544695 
0.695164 
0.628470 
0.697445 
0.960579 
0.449280 
0.041706 
0.945166 
0.408611 
0.532352 
0.235576 
0.325600 
0.361529 
0.211733 
0.589190 
0.510093 
0.125859 
0.311616 
0.323905 
0.864035 
0.844479 
0.155933 
0.769981 
0.069485 
0.837970 
0.761675 
0.474004 
0.582100 
0.362840 
0.252894 
0.384266 
0.355225 
0.274241 
0.166555 
0.292626 
0.158297 
0.501789 
0.565502 
0.397339 
0.081756 
0.064717 
0.706006 
0.837147 
0.927566 
0.596624 
0.457640 
0.547448 
0.966561 
0.995655 
0.974355 
0.992492 
0.819299 
0.958359 
0.148068 
0.578863 
0.952684 
0.766752 
0.798725 
0.171373 
0.262528 
0.307651 
0.687653 
0.386003 
0.559581 
0.871444 
0.361302 
0.395352 
0.686020 
0.931225 
0.103379 
0.490869 
0.036916 
0.450786 
0.363728 
0.170259 
0.538440 
0.567937 
0.313042 
0.298985 
0.041175 
0.031542 
0.127864 
0.007587 
0.510025 
0.998032 
0.927117 
0.063344 
0.628125 
0.888964 
0.823428 
0.358517 
0.590596 
0.150111 
0.907213 
0.523625 
0.566387 
0.270673 
0.204334 
0.241886 
0.379165 
0.621099 
0.811733 
0.796858 
0.790817 
0.267954 
0.497015 
0.329244 
0.600246 
0.338794 
0.107583 
0.144599 
0.281585 
0.593306 
0.685836 
0.853850 
0.655854 
0.944550 
0.053143 
0.176432 
0.297908 
0.944895 
0.858579 
0.145383 
0.458201 
0.981104 
0.407180 
0.471659 
0.166572 
0.571917 
0.215805 
0.033317 
0.954110 
0.728974 
0.859279 
0.898892 
0.672292 
0.208686 
0.378250 
0.251761 
0.350293 
0.376790 
0.706898 
0.827563 
0.855455 
0.629413 
0.536772 
0.529272 
0.480156 
0.983348 
0.123698 
0.987229 
0.355476 
0.483027 
0.242885 
0.166742 
0.439742 
0.739052 
0.247134 
0.580601 
0.160546 
0.292884 
0.504656 
0.749359 
0.469973 
0.830803 
0.301518 
0.610926 
0.839531 
0.999930 
0.827954 
0.426999 
0.569369 
0.390844 
0.909594 
0.548092 
0.786454 
0.935461 
0.287448 
0.130675 
0.262883 
0.281785 
0.953628 
0.619016 
0.799382 
0.217847 
0.352838 
0.150426 
0.205806 
0.973878 
0.970409 
0.665688 
0.213872 
0.552296 
0.431145 
0.253984 
0.705820 
0.711882 
0.600315 
0.501338 
0.993709 
0.270369 
0.089481 
0.904285 
0.321292 
0.955232 
0.578627 
0.991266 
0.205292 
0.342027 
0.444648 
0.199338 
0.269021 
0.443576 
0.184319 
0.852913 
0.911156 
0.799253 
0.046217 
0.773535 
0.808044 
0.801800 
0.851910 
0.051224 
0.913759 
0.547695 
0.102790 
0.585151 
0.631530 
0.128564 
0.771504 
0.669375 
0.180693 
0.902863 
0.423873 
0.027564 
0.263176 
0.204594 
0.616983 
0.633492 
0.108313 
0.408481 
0.337916 
0.355159 
0.149310 
0.451039 
0.606035 
0.622935 
0.670152 
0.247896 
0.392383 
0.782812 
0.716528 
0.687915 
0.782537 
0.095910 
0.961635 
0.200761 
0.185874 
0.979572 
0.667785 
0.467862 
0.360515 
0.183447 
0.194335 
0.185484 
0.432125 
0.732678 
0.122578 
0.163950 
0.505835 
0.566563 
0.224095 
0.356370 
0.511112 
0.262148 
0.927947 
0.001959 
0.929590 
0.611293 
0.994031 
0.685770 
0.741222 
0.717741 
0.069526 
0.515788 
0.854893 
0.184143 
0.894076 
0.734971 
0.651144 
0.777342 
0.791759 
0.098061 
0.114194 
0.257051 
0.252033 
0.917520 
0.752279 
0.549166 
0.826400 
0.299424 
0.422819 
0.316412 
0.933230 
0.804414 
0.781939 
0.047556 
0.280060 
0.971541 
0.694996 
0.795786 
0.778867 
0.414658 
0.161881 
0.735029 
0.638307 
0.033174 
0.557864 
0.015151 
0.644150 
0.236100 
0.130610 
0.160852 
0.445836 
0.168209 
0.093940 
0.844682 
0.574820 
0.000429 
0.209644 
0.478900 
0.867201 
0.042878 
0.646337 
0.983486 
0.453412 
0.498314 
0.169760 
0.161048 
0.730282 
0.842533 
0.445873 
0.793646 
0.804741 
0.288400 
0.141463 
0.561440 
0.114060 
0.002360 
0.662185 
0.335854 
0.694423 
0.168507 
0.093370 
0.262984 
0.965401 
0.494151 
0.191532 
0.074412 
0.638726 
0.071960 
0.435310 
0.262563 
0.895998 
0.040877 
0.016099 
0.583248 
0.648517 
0.618134 
0.974376 
0.341110 
0.038534 
0.641831 
0.259544 
0.162686 
0.270680 
0.322137 
0.148673 
0.750474 
0.222885 
0.024191 
0.570531 
0.906381 
0.539672 
0.266516 
0.326713 
0.073517 
0.594026 
0.797973 
0.524007 
0.986115 
0.640616 
0.826366 
0.726949 
0.828230 
0.053909 
0.052031 
0.479299 
0.574337 
0.875014 
0.362615 
0.477344 
0.713736 
0.769324 
0.029499 
0.792486 
0.315712 
0.176811 
0.658266 
0.469177 
0.458637 
0.310545 
0.335003 
0.389526 
0.767019 
0.286357 
0.807556 
0.598669 
0.834646 
0.888818 
0.364485 
0.895473 
0.221232 
0.241112 
0.367192 
0.393750 
0.759553 
0.801874 
0.104473 
0.884989 
0.011944 
0.749408 
0.302534 
0.689168 
0.840088 
0.353310 
0.085480 
0.659213 
0.387183 
0.376715 
0.441726 
0.086421 
0.477095 
0.542336 
0.049008 
0.682006 
0.482722 
0.107542 
0.463212 
0.207136 
0.327139 
0.229401 
0.539859 
0.412215 
0.099129 
0.054298 
0.593451 
0.130309 
0.103523 
0.910978 
0.809455 
0.506542 
0.450772 
0.119248 
0.192833 
0.939386 
0.255116 
0.730080 
0.451922 
0.461454 
0.655517 
0.266738 
0.070903 
0.672129 
0.469402 
0.231636 
0.099756 
0.593569 
0.114325 
0.458968 
0.882576 
0.452498 
0.132295 
0.480343 
0.117636 
0.114018 
0.295451 
0.643008 
0.040732 
0.579907 
0.500555 
0.823824 
0.005069 
0.188715 
0.725590 
0.990399 
0.632765 
0.874336 
0.958038 
0.743999 
0.393839 
0.255735 
0.143909 
0.685128 
0.948009 
0.190255 
0.614977 
0.915905 
0.614821 
0.292584 
0.463613 
0.944638 
0.525894 
0.694330 
0.596228 
0.809421 
0.931781 
0.447148 
0.219991 
0.385794 
0.046237 
0.111431 
0.820510 
0.305980 
0.612706 
0.743932 
0.257670 
0.651955 
0.408076 
0.528177 
0.062620 
0.447257 
0.053952 
0.767228 
0.796993 
0.055495 
0.700020 
0.231072 
0.624668 
0.791900 
0.463746 
0.172954 
0.833396 
0.886060 
0.003139 
0.764489 
0.772353 
0.943232 
0.903313 
0.979168 
0.872877 
0.439432 
0.530548 
0.928360 
0.949443 
0.287200 
0.967016 
0.633440 
0.227956 
0.248844 
0.317644 
0.636419 
0.293842 
0.608005 
0.745335 
0.846393 
0.334645 
0.382803 
0.777695 
0.712783 
0.748605 
0.809490 
0.097057 
0.239963 
0.052018 
0.262587 
0.292983 
0.163643 
0.340462 
0.152540 
0.733867 
0.103901 
0.265489 
0.075009 
0.669424 
0.004285 
0.018923 
0.038743 
0.156896 
0.957871 
0.936649 
0.263081 
0.604243 
0.506988 
0.945999 
0.412037 
0.098240 
0.125577 
0.577946 
0.534275 
0.563380 
0.733287 
0.351126 
0.371559 
0.791993 
0.018078 
0.840755 
0.561595 
0.719560 
0.642024 
0.496812 
0.927223 
0.833732 
0.528105 
0.857687 
0.152470 
0.569757 
0.910217 
0.018655 
0.537086 
0.804997 
0.576992 
0.508618 
0.343027 
0.250899 
0.867143 
0.070639 
0.233067 
0.156731 
0.182124 
0.955480 
0.745879 
0.996554 
0.081964 
0.567221 
0.286182 
0.864568 
0.786505 
0.787314 
0.386460 
0.236364 
0.577843 
0.798973 
0.347304 
0.143223 
0.150625 
0.555844 
0.066404 
0.050548 
0.561407 
0.566010 
0.937207 
0.643893 
0.901716 
0.135856 
0.332525 
0.747075 
0.082320 
0.555286 
0.689420 
0.075053 
0.423541 
0.459399 
0.125348 
0.730855 
0.476824 
0.989229 
0.967689 
0.951740 
0.888723 
0.775669 
0.672178 
0.295984 
0.595130 
0.355859 
0.927252 
0.326104 
0.833432 
0.499717 
0.749570 
0.022197 
0.070547 
0.689550 
0.274154 
0.700481 
0.976462 
0.391317 
0.865826 
0.942754 
0.867760 
0.449023 
0.731630 
0.506782 
0.490415 
0.400900 
0.924726 
0.874179 
0.326844 
0.265777 
0.906939 
0.915983 
0.929760 
0.482521 
0.736216 
0.587903 
0.880520 
0.903061 
0.750377 
0.585960 
0.238111 
0.939367 
0.938038 
0.608131 
0.857899 
0.710009 
0.123660 
0.354263 
0.105322 
0.146990 
0.454815 
0.083649 
0.896588 
0.958671 
0.384293 
0.804483 
0.937894 
0.178865 
0.186148 
0.596026 
0.415962 
0.067607 
0.268682 
0.733340 
0.241023 
0.875760 
0.895153 
0.831329 
0.139484 
0.315876 
0.927646 
0.954655 
0.894638 
0.182956 
0.937453 
0.766691 
0.772367 
0.174298 
0.424970 
0.470700 
0.059372 
0.859349 
0.081566 
0.873609 
0.751344 
0.834286 
0.840075 
0.148776 
0.476924 
0.669722 
0.024635 
0.037732 
0.162350 
0.622421 
0.026585 
0.810066 
0.784866 
0.238713 
0.055254 
0.659187 
0.955676 
0.040765 
0.142287 
0.411397 
0.355461 
0.227598 
0.244093 
0.475842 
0.475386 
0.814725 
0.076170 
0.185462 
0.052781 
0.096087 
0.932611 
0.392056 
0.277837 
0.614802 
0.971547 
0.783543 
0.014321 
0.697482 
0.582251 
0.890405 
0.039263 
0.901095 
0.708581 
0.117399 
0.130576 
0.586655 
0.912933 
0.672536 
0.309711 
0.310775 
0.196197 
0.478071 
0.941961 
0.539493 
0.253504 
0.645959 
0.625367 
0.548938 
0.001379 
0.178536 
0.655676 
0.944186 
0.937454 
0.786484 
0.431433 
0.100158 
0.351154 
0.839044 
0.807154 
0.835184 
0.930435 
0.814220 
0.589678 
0.711040 
0.444080 
0.660136 
0.909792 
0.874197 
0.636424 
0.374524 
0.631063 
0.280602 
0.070603 
0.632096 
0.633055 
0.760643 
0.129149 
0.615253 
0.558554 
0.619974 
0.903342 
0.473771 
0.666474 
0.428979 
0.842936 
0.219463 
0.513141 
0.365811 
0.180528 
0.128400 
0.014900 
0.429635 
0.874109 
0.153397 
0.147511 
0.222955 
0.208453 
0.474019 
0.836919 
0.101684 
0.006579 
0.573911 
0.723708 
0.366389 
0.892214 
0.448942 
0.369975 
0.167788 
0.009643 
0.074997 
0.482460 
0.698064 
0.363381 
0.345742 
0.880362 
0.241869 
0.087812 
0.863860 
0.892404 
0.628397 
0.464870 
0.074324 
0.167087 
0.232429 
0.432946 
0.526357 
0.475744 
0.831316 
0.934645 
0.577347 
0.469549 
0.704753 
0.777733 
0.364172 
0.638712 
0.840456 
0.547537 
0.457132 
0.025096 
0.785994 
0.203368 
0.003500 
0.830192 
0.030449 
0.758514 
0.349658 
0.702248 
0.686893 
0.616515 
0.767522 
0.738961 
0.723356 
0.436325 
0.315525 
0.029499 
0.789066 
0.833699 
0.977285 
0.228158 
0.649894 
0.773472 
0.752048 
0.671121 
0.536997 
0.306223 
0.695949 
0.822602 
0.466813 
0.726633 
0.526084 
0.885500 
0.603193 
0.857124 
0.688472 
0.157134 
0.952379 
0.639877 
0.419082 
0.503725 
0.110058 
0.744069 
0.560751 
0.539947 
0.897449 
0.419798 
0.543107 
0.004936 
0.967254 
0.645190 
0.708931 
0.003369 
0.623367 
0.925713 
0.458999 
