0.000001 
0.015128 
0.262544 
0.585088 
0.570705 
0.839070 
0.248107 
0.937243 
0.245498 
0.079952 
0.761368 
0.309516 
0.031847 
0.256014 
0.827890 
0.341341 
0.910474 
0.331759 
0.880594 
0.142453 
0.206045 
0.000389 
0.531653 
0.491851 
0.533744 
0.640599 
0.553327 
0.768134 
0.025354 
0.126757 
0.401419 
0.650165 
0.328811 
0.321637 
0.748905 
0.846283 
0.476759 
0.890352 
0.141469 
0.675266 
0.199651 
0.526166 
0.269703 
0.902555 
0.236829 
0.385405 
0.501812 
0.949910 
0.138880 
0.148366 
0.583247 
0.634406 
0.455502 
0.617980 
0.394922 
0.459205 
0.858418 
0.438101 
0.169602 
0.499260 
0.070845 
0.694427 
0.242756 
0.992366 
0.690675 
0.179203 
0.856932 
0.457332 
0.386686 
0.028295 
0.556962 
0.866814 
0.546772 
0.599120 
0.409115 
0.001712 
0.773780 
0.914251 
0.812341 
0.007069 
0.805389 
0.170841 
0.331271 
0.672267 
0.784097 
0.321706 
0.907427 
0.121986 
0.221393 
0.952080 
0.610089 
0.765700 
0.120100 
0.512474 
0.158066 
0.622555 
0.282356 
0.552129 
0.640066 
0.590287 
0.957792 
0.608585 
0.484273 
0.181514 
0.707452 
0.140716 
0.008749 
0.050270 
0.892907 
0.091543 
0.562070 
0.712349 
0.449694 
0.010579 
0.795551 
0.833680 
0.662571 
0.830621 
0.248678 
0.534368 
0.115897 
0.884321 
0.778890 
0.798229 
0.828878 
0.951870 
0.081273 
0.955480 
0.747586 
0.671792 
0.803924 
0.552950 
0.429440 
0.597670 
0.042231 
0.779822 
0.473077 
0.999416 
0.181295 
0.031743 
0.497750 
0.679943 
0.805262 
0.030486 
0.376970 
0.728753 
0.146019 
0.137618 
0.949150 
0.360344 
0.298624 
0.971012 
0.796907 
0.617548 
0.130666 
0.109620 
0.377279 
0.934603 
0.873482 
0.618572 
0.340101 
0.078119 
0.942675 
0.544290 
0.882897 
0.849226 
0.934874 
0.419499 
0.526655 
0.491946 
0.135098 
0.587431 
0.958301 
0.171627 
0.529801 
0.365871 
0.200343 
0.159884 
0.166409 
0.835075 
0.108980 
0.630172 
0.296227 
0.689887 
0.926616 
0.631825 
0.075127 
0.652047 
0.946004 
0.492773 
0.042063 
0.950081 
0.012707 
0.561096 
0.346346 
0.045548 
0.519545 
0.993282 
0.083907 
0.225510 
0.140049 
0.800105 
0.365452 
0.152251 
0.884007 
0.504269 
0.248221 
0.843958 
0.402210 
0.937783 
0.317058 
0.793265 
0.401535 
0.594729 
0.602266 
0.286805 
0.336633 
0.792392 
0.733072 
0.736830 
0.905617 
0.698150 
0.800655 
0.602845 
0.019756 
0.045346 
0.127127 
0.623633 
0.400948 
0.739326 
0.853320 
0.751199 
0.406108 
0.452077 
0.063933 
0.521594 
0.437712 
0.623321 
0.163284 
0.310754 
0.836732 
0.947462 
0.989513 
0.738933 
0.254290 
0.850531 
0.866145 
0.292492 
0.917459 
0.733826 
0.405257 
0.150217 
0.699107 
0.889447 
0.938536 
0.970278 
0.459943 
0.261351 
0.526315 
0.771214 
0.799628 
0.343541 
0.892471 
0.762837 
0.998799 
0.821382 
0.962360 
0.376259 
0.785964 
0.690522 
0.595319 
0.524639 
0.604604 
0.586981 
0.392096 
0.962637 
0.039726 
0.681633 
0.211437 
0.614828 
0.407327 
0.939125 
0.874266 
0.795478 
0.594797 
0.756859 
0.530539 
0.767395 
0.611754 
0.752538 
0.909752 
0.209668 
0.894370 
0.682222 
0.107012 
0.547240 
0.465052 
0.120778 
0.908811 
0.382120 
0.290048 
0.837355 
0.433818 
0.183401 
0.420010 
0.099801 
0.352758 
0.805926 
0.197643 
0.779973 
0.005596 
0.049205 
0.996294 
0.710631 
0.582569 
0.245129 
0.878533 
0.506488 
0.542341 
0.133564 
0.816270 
0.042623 
0.363568 
0.480445 
0.842185 
0.597173 
0.683802 
0.658228 
0.834263 
0.455574 
0.828782 
0.343050 
0.647391 
0.703028 
0.791867 
0.907400 
0.677746 
0.873462 
0.282782 
0.711301 
0.831770 
0.558765 
0.165969 
0.439008 
0.399967 
0.244196 
0.207207 
0.527955 
0.335311 
0.575654 
0.019256 
0.641899 
0.400175 
0.743006 
0.701548 
0.909663 
0.711388 
0.300208 
0.599341 
0.125756 
0.587310 
0.918421 
0.899449 
0.047413 
0.878187 
0.682049 
0.199641 
0.363550 
0.177541 
0.935170 
0.404388 
0.547746 
0.967838 
0.456874 
0.687792 
0.727645 
0.534255 
0.228240 
0.022123 
0.820019 
0.055610 
0.633352 
0.747801 
0.296199 
0.216689 
0.888869 
0.222834 
0.170850 
0.479338 
0.235680 
0.081188 
0.523552 
0.330791 
0.610832 
0.258487 
0.393659 
0.218791 
0.220598 
0.595904 
0.350818 
0.191450 
0.692314 
0.723029 
0.950087 
0.115263 
0.232272 
0.798489 
0.196876 
0.901424 
0.234459 
0.556558 
0.068759 
0.640151 
0.015813 
0.776675 
0.584391 
0.853902 
0.537205 
0.809486 
0.035291 
0.143739 
0.814815 
0.595745 
0.693945 
0.137744 
0.064351 
0.552194 
0.726632 
0.507566 
0.667094 
0.841000 
0.690912 
0.161189 
0.099699 
0.644817 
0.445957 
0.203785 
0.020333 
0.744143 
0.804932 
0.496742 
0.742334 
0.407220 
0.149140 
0.603665 
0.791028 
0.805825 
0.496456 
0.937115 
0.099132 
0.104630 
0.512967 
0.428136 
0.682521 
0.137082 
0.935982 
0.050469 
0.229766 
0.674433 
0.202847 
0.241246 
0.621804 
0.668221 
0.785165 
0.273229 
0.157460 
0.428427 
0.577939 
0.418179 
0.331831 
0.083937 
0.735069 
0.302359 
0.751423 
0.158241 
0.561545 
0.878710 
0.485141 
0.772206 
0.474349 
0.387279 
0.991044 
0.478211 
0.285019 
0.322507 
0.374863 
0.322454 
0.480904 
0.550141 
0.218581 
0.697472 
0.413655 
0.303373 
0.789413 
0.659953 
0.836752 
0.298607 
0.695453 
0.482924 
0.509759 
0.518171 
0.907958 
0.043288 
0.540711 
0.725666 
0.271419 
0.737928 
0.353472 
0.811631 
0.085419 
0.633457 
0.518517 
0.720766 
0.920835 
0.481217 
0.810298 
0.686757 
0.323757 
0.377872 
0.893008 
0.791258 
0.675823 
0.565013 
0.168045 
0.333665 
0.913720 
0.889340 
0.144051 
0.065448 
0.982433 
0.748553 
0.924750 
0.276259 
0.080710 
0.489204 
0.057466 
0.832805 
0.957958 
0.399679 
0.411045 
0.440753 
0.728049 
0.322292 
0.766492 
0.430617 
0.380290 
0.530867 
0.285471 
0.907738 
0.352216 
0.689067 
0.143613 
0.696201 
0.053420 
0.822016 
0.629732 
0.907649 
0.862537 
0.654934 
0.470981 
0.771441 
0.604683 
0.911532 
0.110437 
0.118576 
0.905353 
0.274427 
0.302049 
0.539765 
0.829739 
0.421442 
0.169361 
0.454076 
0.660439 
0.993966 
0.583669 
0.721433 
0.131875 
0.416598 
0.766183 
0.241233 
0.408332 
0.843511 
0.894397 
0.132231 
0.398292 
0.097661 
0.388987 
0.704162 
0.843065 
0.400508 
0.332403 
0.701395 
0.340642 
0.169355 
0.341987 
0.776237 
0.214541 
0.796479 
0.429059 
0.198408 
0.643605 
0.065708 
0.358109 
0.736677 
0.326757 
0.813116 
0.046543 
0.256525 
0.420124 
0.022818 
0.502683 
0.589643 
0.121558 
0.017878 
0.467269 
0.381856 
0.845876 
0.630510 
0.974031 
0.540589 
0.675314 
0.001681 
0.255619 
0.191911 
0.450774 
0.157785 
0.884902 
0.539992 
0.648365 
0.075957 
0.606956 
0.109144 
0.385382 
0.122241 
0.498723 
0.036358 
0.075618 
0.905000 
0.332828 
0.838660 
0.358077 
0.198536 
0.788445 
0.391162 
0.263472 
0.181281 
0.786472 
0.235007 
0.764751 
0.168777 
0.638033 
0.415029 
0.397525 
0.204657 
0.667556 
0.608484 
0.788737 
0.308940 
0.348030 
0.341535 
0.183367 
0.856307 
0.959072 
0.123822 
0.071524 
0.104601 
0.025618 
0.570068 
0.139108 
0.993367 
0.520108 
0.461936 
0.761514 
0.768514 
0.415655 
0.914616 
0.947439 
0.610732 
0.573063 
0.467906 
0.101446 
0.997388 
0.105792 
0.052123 
0.039259 
0.817807 
0.883439 
0.965561 
0.175872 
0.877715 
0.749273 
0.023730 
0.831394 
0.238424 
0.194398 
0.248963 
0.312930 
0.406279 
0.337104 
0.707238 
0.555910 
0.177193 
0.077281 
0.869181 
0.320584 
0.058446 
0.302249 
0.897050 
0.726256 
0.192109 
0.775103 
0.148676 
0.801557 
0.770028 
0.860129 
0.179942 
0.278139 
0.686281 
0.326726 
0.276720 
0.841158 
0.334558 
0.916032 
0.754668 
0.696929 
0.292781 
0.770458 
0.080111 
0.420259 
0.299971 
0.605983 
0.758583 
0.505292 
0.440508 
0.613163 
0.436345 
0.645031 
0.033455 
0.284341 
0.921553 
0.543514 
0.847821 
0.322326 
0.335782 
0.489327 
0.111426 
0.741463 
0.774320 
0.998951 
0.377599 
0.308572 
0.164173 
0.257452 
0.994536 
0.168921 
0.049008 
0.682969 
0.661870 
0.046997 
0.877178 
0.737506 
0.259119 
0.015889 
0.040219 
0.965673 
0.066355 
0.225054 
0.481665 
0.339047 
0.355893 
0.486759 
0.962579 
0.057916 
0.397649 
0.279373 
0.414428 
0.290161 
0.728159 
0.174207 
0.895611 
0.539981 
0.467756 
0.578420 
0.502936 
0.840050 
0.715845 
0.201098 
0.850115 
0.875287 
0.952460 
0.997040 
0.255386 
0.267042 
0.170785 
0.377941 
0.054293 
0.499801 
0.149136 
0.530238 
0.703500 
0.716692 
0.440918 
0.514894 
0.824045 
0.732040 
0.404193 
0.269256 
0.393772 
0.120591 
0.771579 
0.933592 
0.874225 
0.097373 
0.555633 
0.517725 
0.397421 
0.462585 
0.671293 
0.419816 
0.855873 
0.649564 
0.222745 
0.680412 
0.686040 
0.269332 
0.667365 
0.396393 
0.181265 
0.528210 
0.619536 
0.544724 
0.173074 
0.851965 
0.980840 
0.972235 
0.347865 
0.565459 
0.677611 
0.603682 
0.088078 
0.322574 
0.496460 
0.002873 
0.279628 
0.700547 
0.091375 
0.738465 
0.377605 
0.405947 
0.757333 
0.498871 
0.519478 
0.858889 
0.339205 
0.012084 
0.096677 
0.852878 
0.326190 
0.270354 
0.837620 
0.886725 
0.186418 
0.135336 
0.596160 
0.665691 
0.262498 
0.796573 
0.007012 
0.847253 
0.788666 
0.105307 
0.888516 
0.287824 
0.462279 
0.517331 
0.787888 
0.038205 
0.108987 
0.751754 
0.735766 
0.018567 
0.056415 
0.170858 
0.606086 
0.490159 
0.109381 
0.362438 
0.496201 
0.654855 
0.146047 
0.607748 
0.424084 
0.572048 
0.412048 
0.298963 
0.675230 
0.587644 
0.534209 
0.444718 
0.379539 
0.904398 
0.214953 
0.706913 
0.086780 
0.518536 
0.033289 
0.487792 
0.312943 
0.627366 
0.148081 
0.801985 
0.963487 
0.318882 
0.455336 
0.832544 
0.569971 
0.502614 
0.441866 
0.447237 
0.719351 
0.132171 
0.402653 
0.386405 
0.302319 
0.068979 
0.326191 
0.288660 
0.504507 
0.247574 
0.969077 
0.277905 
0.741697 
0.703048 
0.127070 
0.670867 
0.253695 
0.858613 
0.703560 
0.733251 
0.752682 
0.334589 
0.431031 
0.335741 
0.793946 
0.847412 
0.452981 
0.251449 
0.097140 
0.634935 
0.347376 
0.355215 
0.092497 
0.596039 
0.625834 
0.384934 
0.581002 
0.895277 
0.927262 
0.485300 
0.443581 
0.267576 
0.151903 
0.040574 
0.919356 
0.624089 
0.061359 
0.268672 
0.564658 
0.207075 
0.314251 
0.608859 
0.099061 
0.912142 
0.363263 
0.356404 
0.079220 
0.458652 
0.562680 
0.956385 
0.970586 
0.639669 
0.915678 
0.796703 
0.188025 
0.140364 
0.101828 
0.430820 
0.798402 
0.739074 
0.620702 
0.142305 
0.713785 
0.580981 
0.550432 
0.109240 
0.003594 
0.401468 
0.477561 
0.372235 
0.160694 
0.782202 
0.465855 
0.622979 
0.400133 
0.040472 
0.211995 
0.997916 
0.982296 
0.449142 
0.727980 
0.165782 
0.296000 
0.876551 
0.191645 
0.983428 
0.467548 
0.077755 
0.834139 
0.379880 
0.639686 
0.210708 
0.376703 
0.241856 
0.874387 
0.828377 
0.535267 
0.239299 
0.902306 
0.057313 
0.260403 
0.591600 
0.019959 
0.451084 
0.374091 
0.346850 
0.509656 
0.795893 
0.570761 
0.780480 
0.534030 
0.434634 
0.893916 
0.052639 
0.705014 
0.165266 
0.632045 
0.782783 
0.232264 
0.655736 
0.947621 
0.660347 
0.456053 
0.882148 
0.253201 
0.546351 
0.523378 
0.410233 
0.785969 
0.776009 
0.382579 
0.001573 
0.439995 
0.003515 
0.083289 
0.830980 
0.279029 
0.636274 
0.861939 
0.608020 
0.992359 
0.573601 
0.505430 
0.756917 
0.510009 
0.721581 
0.617827 
0.816548 
0.729515 
0.951837 
0.528090 
0.601538 
0.052202 
0.363167 
0.750049 
0.079742 
0.221877 
0.081752 
0.013674 
0.816551 
0.779236 
0.611405 
0.888701 
0.405826 
0.722462 
0.410878 
0.624496 
0.907288 
0.791943 
0.185720 
0.402372 
0.668763 
0.902079 
0.248023 
0.530469 
0.591155 
0.534499 
0.317455 
0.464125 
0.556023 
0.080339 
0.252762 
0.170984 
0.731814 
0.600335 
0.826547 
0.783420 
0.938322 
0.378413 
0.981301 
0.732362 
0.800169 
0.444207 
0.794818 
0.499197 
0.003853 
0.753157 
0.302365 
0.843930 
0.934897 
0.816453 
0.123270 
0.793888 
0.869789 
0.541713 
0.568232 
0.274561 
0.548241 
0.279575 
0.824025 
0.385254 
0.964800 
0.397430 
0.606426 
0.204301 
0.690033 
0.386647 
0.378620 
0.473631 
0.313413 
0.540671 
0.057975 
0.388099 
0.781075 
0.534768 
0.840306 
0.020356 
0.116114 
0.532927 
0.906495 
0.465804 
0.768480 
0.841348 
0.540184 
0.873291 
0.405401 
0.580414 
0.023854 
0.920463 
0.225600 
0.656236 
0.352726 
0.273310 
0.525008 
0.815376 
0.029518 
0.107631 
0.947827 
0.136320 
0.123128 
0.407526 
0.288193 
0.656106 
0.180557 
0.617900 
0.045860 
0.764512 
0.146610 
0.080261 
0.949820 
0.628476 
0.802170 
0.067722 
0.204096 
0.239121 
0.903570 
0.301484 
0.036361 
0.124352 
0.990807 
0.487169 
0.853031 
0.899664 
0.657389 
0.735270 
0.681754 
0.242192 
0.513944 
0.853909 
0.640756 
0.185961 
0.449309 
0.543634 
0.858133 
0.644740 
0.141262 
0.196813 
0.835097 
0.473900 
0.842619 
0.905585 
0.169588 
0.264595 
0.041805 
0.624447 
0.077200 
0.499519 
0.418432 
0.593430 
0.777261 
0.433900 
0.554894 
0.102004 
0.376462 
0.201876 
0.936610 
0.605455 
0.878518 
0.258580 
0.951364 
0.579379 
0.614691 
0.107611 
0.612381 
0.295182 
0.123413 
0.204222 
0.351630 
0.846421 
0.801261 
0.797270 
0.722609 
0.892299 
0.864067 
0.375138 
0.944121 
0.833247 
0.383030 
0.587735 
0.070345 
0.287162 
0.325363 
0.376341 
0.170010 
0.359128 
0.862917 
0.048569 
0.293937 
0.205328 
0.950206 
0.114627 
0.533320 
0.512123 
0.252828 
0.283730 
0.642995 
0.809439 
0.243654 
0.096468 
0.336475 
0.134901 
0.287881 
0.416047 
0.501421 
0.386083 
0.895182 
0.321142 
0.431955 
0.874966 
0.546153 
0.192209 
0.455314 
0.470262 
0.685758 
0.532250 
0.527260 
0.651818 
0.098616 
0.436887 
0.754909 
0.755778 
0.368166 
0.757812 
0.542328 
0.902788 
0.161511 
0.508487 
0.147128 
0.772916 
0.392657 
0.392575 
0.999896 
0.245109 
0.544840 
0.129815 
0.798219 
0.667890 
0.219568 
0.279795 
0.522266 
0.725512 
0.681329 
0.096169 
0.305724 
0.302372 
0.964801 
0.404497 
0.385049 
0.515907 
0.851102 
0.475463 
0.098766 
0.954919 
0.328253 
0.945325 
0.085660 
0.690475 
0.814059 
0.896475 
0.058922 
0.296212 
0.435389 
0.580821 
0.857957 
0.690137 
0.127020 
0.831183 
0.695943 
0.719200 
0.589556 
0.669116 
0.840541 
0.964760 
0.714423 
0.303655 
0.527833 
0.293020 
0.789838 
0.810430 
0.889974 
0.789572 
0.343334 
0.408946 
0.161797 
0.314285 
0.189012 
0.732220 
0.423465 
0.180242 
0.326179 
0.085785 
0.781963 
0.446412 
0.840357 
0.885576 
0.881669 
0.212506 
0.595880 
0.949434 
0.144447 
0.717760 
0.392363 
0.449549 
0.574433 
0.502085 
0.542619 
0.801407 
0.241563 
0.946913 
0.768500 
0.180019 
0.574890 
0.182399 
0.572560 
0.017079 
0.044724 
0.682141 
0.738493 
0.849605 
0.318412 
0.558709 
0.229677 
0.178799 
0.068457 
0.552964 
0.664294 
0.783617 
0.246740 
0.952981 
0.752337 
0.526679 
0.896139 
0.404166 
0.824296 
0.944365 
0.935603 
0.676979 
0.985076 
0.168645 
0.422763 
0.381020 
0.799867 
0.367516 
0.835472 
0.772875 
0.716029 
0.293101 
0.141765 
0.647953 
0.153330 
0.013361 
0.555924 
0.418793 
0.648801 
0.405477 
0.850157 
0.583065 
0.572331 
0.164353 
0.280066 
0.072157 
0.744800 
0.857808 
0.184963 
0.670262 
0.101180 
0.540615 
0.123108 
0.067768 
0.969734 
0.317859 
0.261030 
0.126589 
0.589663 
0.463633 
0.271522 
0.464691 
0.061822 
0.036288 
0.898626 
0.200117 
0.359634 
0.362620 
0.558777 
0.364422 
0.842702 
0.284122 
0.235591 
0.586046 
0.676042 
0.245645 
0.548280 
0.938219 
0.649662 
0.862354 
0.583953 
0.489829 
0.554670 
0.338068 
0.908011 
0.934273 
0.328664 
0.857966 
0.837038 
0.091304 
0.543081 
0.558920 
0.760246 
0.453483 
0.696563 
0.131276 
0.358297 
0.900080 
0.637649 
0.973137 
0.512567 
0.708353 
0.285319 
0.362603 
0.263512 
0.838289 
0.120711 
0.790595 
0.526026 
0.912823 
0.823807 
0.716471 
0.732777 
0.779334 
0.266784 
0.840885 
0.754340 
0.187815 
0.607565 
0.338874 
0.455198 
0.504802 
0.206408 
0.100871 
0.343679 
0.217185 
0.221276 
0.981283 
0.421968 
0.011491 
0.137129 
0.730586 
0.950561 
0.082523 
0.963677 
0.527694 
0.948475 
0.014644 
0.124060 
0.069953 
0.708261 
0.739885 
0.253267 
0.658564 
0.489989 
0.238175 
0.014866 
0.860885 
0.891507 
0.559028 
0.583774 
0.495045 
0.225424 
0.694714 
0.059080 
0.952576 
0.939138 
0.094438 
0.216534 
0.283721 
0.502370 
0.338462 
0.527225 
0.070898 
0.574753 
0.876241 
0.990217 
0.574814 
0.903601 
0.824129 
0.129853 
0.447769 
0.646616 
0.683284 
0.947494 
0.539135 
0.243181 
0.149252 
0.473345 
0.510926 
0.139271 
0.719722 
0.366297 
0.353949 
0.828220 
0.899503 
0.943008 
0.141897 
0.865884 
0.910187 
0.516828 
0.334110 
0.391737 
0.930533 
0.473355 
0.679999 
0.750108 
0.061497 
0.585097 
0.724579 
0.003523 
0.204347 
0.457487 
0.982152 
0.036515 
0.705567 
0.468714 
0.678482 
0.253041 
0.862235 
0.586632 
0.520144 
0.054025 
0.989801 
0.577954 
0.674085 
0.354428 
0.866762 
0.677082 
0.725488 
0.278897 
0.423102 
0.080057 
0.512588 
0.073453 
0.523136 
0.350883 
0.292166 
0.429914 
0.566753 
0.421941 
0.565068 
0.090156 
0.247402 
0.088386 
0.506534 
0.312730 
0.055740 
0.826160 
0.268359 
0.306582 
0.727951 
0.678982 
0.645578 
0.225510 
0.153440 
0.861261 
0.206158 
0.902627 
0.448750 
0.143437 
0.741559 
0.381489 
0.678360 
0.197328 
0.489113 
0.514677 
0.183242 
0.747610 
0.075124 
0.603836 
0.673229 
0.963989 
0.757250 
0.103899 
0.224119 
0.766260 
0.539691 
0.579688 
0.811306 
0.620484 
0.479055 
0.478978 
0.175848 
0.476433 
0.412261 
0.872045 
0.463180 
0.663860 
0.500038 
0.130355 
0.882302 
0.841663 
0.828250 
0.405219 
0.520265 
0.091001 
0.461458 
0.730767 
0.002571 
0.216076 
0.593147 
0.026389 
0.524212 
0.433741 
0.877822 
0.549267 
0.531163 
0.255051 
0.640915 
0.864098 
0.891185 
0.151257 
0.181377 
0.396779 
0.661069 
0.582214 
0.268021 
0.628199 
0.143453 
0.015490 
0.335611 
0.620242 
0.410595 
0.875189 
0.305158 
0.791854 
0.691565 
0.128624 
0.789887 
0.629443 
0.056427 
0.375329 
0.162339 
0.434807 
0.802727 
0.439283 
0.023903 
0.742498 
0.165640 
0.905647 
0.210683 
0.947325 
0.684185 
0.099596 
0.906189 
0.326321 
0.481460 
0.893527 
0.502352 
0.021689 
0.535250 
0.945482 
0.710664 
0.122307 
0.617150 
0.443973 
0.854186 
0.302102 
0.434890 
0.201182 
0.268957 
0.360900 
0.641321 
0.679457 
0.627856 
0.377931 
0.889258 
0.762462 
0.699707 
0.974906 
0.240764 
0.524330 
0.411096 
0.294609 
0.500736 
0.862944 
0.495885 
0.336219 
0.827518 
0.098496 
0.426081 
0.145615 
0.347163 
0.765721 
0.469805 
0.015462 
0.870678 
0.486400 
0.920825 
0.305452 
0.734652 
0.302431 
0.959094 
0.491254 
0.507602 
0.263267 
0.732012 
0.926330 
0.834988 
0.644009 
0.860836 
0.069597 
0.723593 
0.424048 
0.975491 
0.075685 
0.038884 
0.527574 
0.937740 
0.589190 
0.515892 
0.595360 
0.215159 
0.183652 
0.644558 
0.093236 
0.015994 
0.808736 
0.428122 
0.445406 
0.936715 
0.361536 
0.327422 
0.980774 
0.867965 
0.892109 
0.676919 
0.978597 
0.277552 
0.822724 
0.515404 
0.400369 
0.997195 
0.850782 
0.091421 
0.518942 
0.851990 
0.391098 
0.183089 
0.178854 
0.005375 
0.336196 
0.444230 
0.166860 
0.411032 
0.214054 
0.604478 
0.458530 
0.506771 
0.294818 
0.008499 
0.836514 
0.290082 
0.408047 
0.037792 
0.167890 
0.728979 
0.953986 
0.637666 
0.252296 
0.333932 
0.394590 
0.876875 
0.637194 
0.318729 
0.872705 
0.546297 
0.614095 
0.086931 
0.048425 
0.886382 
0.419402 
0.885387 
0.702394 
0.142980 
0.068266 
0.340944 
0.240662 
0.803335 
0.646097 
0.951075 
0.712676 
0.945739 
0.027689 
0.366247 
0.512873 
0.856742 
0.262342 
0.189281 
0.245194 
0.979007 
0.166417 
0.962301 
0.387264 
0.750289 
0.112772 
0.354098 
0.327149 
0.389106 
0.699964 
0.294420 
0.313721 
0.702545 
0.674607 
0.122747 
0.016935 
0.633436 
0.152689 
0.249935 
0.661260 
0.798100 
0.671320 
0.877510 
0.317261 
0.204411 
0.541110 
0.441223 
0.638215 
0.485533 
0.354872 
0.329503 
0.956513 
0.113203 
0.608391 
0.229130 
0.984670 
0.341844 
0.377846 
0.459365 
0.545493 
0.096131 
0.678503 
0.600955 
0.243069 
0.265625 
0.353108 
0.688796 
0.601470 
0.899323 
0.926209 
0.796853 
0.704759 
0.878435 
0.860892 
0.012393 
0.291704 
0.663581 
0.804983 
0.348173 
0.738306 
0.710222 
0.696992 
0.351423 
0.360909 
0.789623 
0.189004 
0.593106 
0.339281 
0.295640 
0.820084 
0.148140 
0.782426 
0.228358 
0.020015 
0.391963 
0.715444 
0.463079 
0.969866 
0.540407 
0.625182 
0.437197 
0.971427 
0.769247 
0.739173 
0.288893 
0.421847 
0.988211 
0.856601 
0.887086 
0.259806 
0.563540 
0.415869 
0.506465 
0.163005 
0.628511 
0.381908 
0.729379 
0.668337 
0.747643 
0.636681 
0.703211 
0.866307 
0.028254 
0.872069 
0.863436 
0.769422 
0.667425 
0.415402 
0.664357 
0.852370 
0.784013 
0.904569 
0.097052 
0.155086 
0.524705 
0.722867 
0.232302 
0.302953 
0.728087 
0.953677 
0.446013 
0.134380 
0.521033 
0.994978 
0.598869 
0.185106 
0.084384 
0.247311 
0.558300 
0.342801 
0.449820 
0.120349 
0.700177 
0.871595 
0.895934 
0.960345 
0.514455 
0.445650 
0.035353 
0.175035 
0.812234 
0.220262 
0.939129 
0.942152 
0.754252 
0.715362 
0.088103 
0.753556 
0.019377 
0.676755 
0.225092 
0.126777 
0.735848 
0.391390 
0.099833 
0.900424 
0.425727 
0.191274 
0.740255 
0.458568 
0.156187 
0.037403 
0.626924 
0.707161 
0.249908 
0.203410 
0.705956 
0.004366 
0.386143 
0.901105 
0.873052 
0.384017 
0.176422 
0.119178 
0.016428 
0.099837 
0.952321 
0.652800 
0.610165 
0.049279 
0.238120 
0.074552 
0.990253 
0.178861 
0.121628 
0.198501 
0.205685 
0.955919 
0.135576 
0.633808 
0.405207 
0.315034 
0.775583 
0.223094 
0.548358 
0.247305 
0.449333 
0.942176 
0.156919 
0.334562 
0.981930 
0.302844 
0.893742 
0.126892 
0.670597 
0.716460 
0.535928 
0.340887 
0.281720 
0.872767 
0.592784 
0.926361 
0.341378 
0.533515 
0.791998 
0.109083 
0.362155 
0.740281 
0.903294 
0.659461 
0.554231 
0.962020 
0.672659 
0.386712 
