0.000001 
0.014972 
0.631789 
0.472981 
0.397702 
0.183725 
0.868923 
0.996351 
0.668203 
0.494024 
0.067510 
0.639474 
0.643520 
0.636707 
0.136447 
0.272108 
0.316470 
0.908772 
0.726630 
0.474140 
0.869200 
0.650669 
0.796199 
0.712318 
0.925014 
0.717262 
0.014752 
0.928836 
0.946975 
0.806770 
0.377607 
0.443749 
0.084850 
0.072577 
0.799615 
0.124645 
0.912075 
0.237580 
0.013260 
0.854519 
0.892877 
0.585388 
0.618698 
0.449347 
0.169712 
0.355034 
0.048094 
0.317216 
0.444737 
0.694166 
0.855019 
0.304510 
0.900866 
0.862492 
0.896786 
0.273905 
0.528274 
0.707754 
0.216476 
0.315098 
0.859559 
0.601366 
0.152298 
0.666526 
0.310016 
0.446360 
0.977398 
0.134442 
0.572028 
0.073010 
0.081981 
0.852672 
0.863929 
0.057484 
0.132767 
0.406764 
0.484863 
0.094652 
0.810661 
0.776784 
0.401298 
0.614495 
0.823964 
0.354913 
0.014991 
0.956763 
0.316558 
0.397496 
0.713153 
0.962923 
0.838645 
0.101802 
0.993663 
0.492169 
0.892592 
0.800283 
0.362724 
0.310514 
0.809853 
0.203942 
0.649900 
0.862505 
0.125926 
0.437267 
0.140898 
0.066316 
0.575653 
0.002156 
0.231832 
0.402546 
0.592468 
0.605134 
0.483841 
0.918902 
0.980802 
0.336694 
0.821779 
0.635271 
0.993648 
0.240168 
0.507352 
0.064514 
0.287127 
0.738237 
0.543013 
0.414344 
0.884881 
0.197534 
0.949370 
0.053874 
0.453133 
0.813137 
0.388266 
0.590969 
0.415307 
0.063528 
0.718570 
0.004595 
0.230635 
0.288010 
0.586237 
0.877771 
0.697085 
0.907563 
0.413938 
0.062651 
0.970685 
0.301223 
0.651176 
0.317816 
0.528333 
0.690401 
0.575004 
0.096932 
0.135522 
0.724626 
0.791896 
0.400360 
0.848408 
0.185892 
0.278641 
0.121284 
0.414039 
0.758007 
0.817890 
0.281722 
0.901404 
0.889551 
0.686234 
0.542210 
0.928837 
0.963661 
0.245334 
0.328154 
0.285830 
0.944600 
0.893562 
0.098736 
0.464222 
0.172012 
0.002835 
0.639689 
0.250224 
0.510995 
0.293128 
0.598903 
0.770159 
0.060199 
0.767567 
0.490261 
0.824866 
0.524835 
0.893589 
0.553222 
0.995117 
0.928677 
0.274645 
0.965933 
0.429133 
0.438903 
0.646101 
0.020487 
0.321319 
0.409341 
0.795709 
0.478876 
0.461897 
0.095443 
0.113516 
0.869104 
0.036488 
0.258932 
0.870220 
0.793955 
0.007313 
0.901531 
0.023786 
0.777986 
0.602362 
0.902512 
0.523769 
0.977527 
0.300907 
0.336391 
0.715879 
0.776899 
0.348264 
0.270052 
0.759966 
0.748231 
0.520642 
0.433546 
0.605734 
0.573111 
0.280033 
0.514646 
0.650462 
0.312682 
0.242815 
0.996105 
0.543542 
0.317379 
0.195001 
0.388298 
0.121292 
0.547369 
0.635765 
0.310159 
0.845369 
0.124060 
0.078249 
0.138316 
0.681527 
0.422407 
0.391836 
0.586726 
0.105469 
0.611466 
0.915075 
0.665977 
0.071230 
0.165129 
0.318312 
0.871861 
0.364047 
0.541285 
0.370923 
0.099216 
0.515028 
0.069306 
0.818854 
0.481445 
0.653703 
0.789909 
0.007801 
0.119257 
0.359026 
0.144317 
0.534133 
0.165631 
0.764209 
0.059776 
0.647942 
0.959001 
0.930081 
0.875774 
0.136017 
0.038296 
0.648880 
0.732336 
0.372145 
0.642574 
0.739747 
0.923482 
0.963639 
0.875256 
0.432304 
0.732565 
0.214462 
0.461974 
0.394652 
0.912499 
0.375010 
0.792988 
0.751411 
0.970988 
0.388425 
0.265772 
0.822085 
0.783284 
0.656857 
0.797791 
0.473828 
0.632405 
0.822791 
0.651801 
0.818745 
0.645583 
0.308587 
0.427061 
0.611756 
0.777309 
0.226852 
0.700513 
0.522038 
0.890529 
0.112837 
0.443450 
0.071880 
0.093902 
0.211826 
0.166195 
0.242866 
0.842676 
0.854548 
0.389476 
0.921121 
0.287601 
0.717517 
0.316461 
0.753324 
0.123082 
0.641230 
0.160280 
0.827800 
0.828840 
0.312151 
0.314008 
0.532049 
0.144452 
0.810573 
0.298993 
0.173065 
0.706348 
0.588753 
0.179610 
0.703510 
0.898240 
0.722990 
0.291553 
0.131156 
0.333647 
0.600438 
0.563219 
0.018609 
0.759317 
0.842686 
0.031283 
0.775808 
0.000507 
0.524881 
0.667273 
0.852806 
0.114848 
0.246118 
0.512667 
0.395256 
0.071714 
0.289354 
0.171596 
0.021408 
0.802691 
0.834218 
0.705964 
0.139434 
0.465291 
0.137756 
0.257029 
0.881000 
0.974059 
0.015164 
0.863711 
0.397208 
0.882319 
0.131653 
0.697915 
0.849223 
0.883603 
0.715449 
0.556189 
0.874932 
0.976925 
0.185802 
0.769021 
0.928866 
0.459046 
0.192710 
0.878233 
0.463230 
0.512427 
0.353179 
0.881809 
0.564205 
0.596612 
0.259069 
0.170688 
0.748327 
0.124508 
0.604008 
0.560017 
0.203296 
0.802763 
0.039659 
0.550707 
0.737974 
0.134560 
0.545963 
0.007784 
0.833924 
0.754346 
0.285480 
0.067623 
0.537690 
0.950194 
0.907158 
0.598094 
0.170637 
0.896481 
0.157033 
0.253924 
0.703708 
0.218875 
0.628046 
0.562496 
0.878329 
0.079274 
0.355687 
0.029343 
0.171599 
0.072757 
0.822119 
0.360737 
0.909480 
0.625279 
0.056512 
0.797483 
0.288436 
0.744719 
0.494150 
0.172295 
0.754529 
0.360844 
0.709936 
0.893441 
0.060883 
0.260331 
0.391403 
0.305534 
0.108110 
0.000410 
0.892691 
0.461555 
0.362862 
0.629835 
0.638756 
0.574358 
0.240545 
0.835011 
0.023917 
0.968148 
0.663147 
0.518297 
0.011287 
0.692314 
0.715445 
0.489970 
0.933706 
0.800294 
0.547035 
0.025425 
0.315191 
0.414549 
0.318341 
0.351343 
0.026638 
0.701349 
0.571255 
0.084016 
0.049578 
0.257718 
0.465733 
0.575749 
0.613973 
0.044687 
0.051836 
0.211187 
0.419377 
0.471388 
0.616477 
0.132647 
0.393587 
0.019619 
0.737623 
0.237226 
0.060304 
0.529799 
0.327867 
0.452843 
0.940439 
0.961368 
0.717370 
0.843171 
0.181515 
0.729162 
0.026540 
0.057913 
0.345736 
0.789224 
0.484326 
0.063835 
0.883074 
0.817924 
0.848672 
0.630314 
0.694696 
0.760441 
0.733656 
0.551254 
0.922704 
0.884289 
0.239089 
0.373905 
0.218596 
0.934971 
0.059374 
0.902480 
0.986316 
0.014540 
0.372221 
0.914531 
0.524151 
0.411656 
0.700379 
0.272215 
0.117184 
0.517681 
0.665977 
0.072443 
0.553486 
0.437137 
0.962631 
0.942969 
0.479959 
0.662838 
0.323247 
0.805971 
0.946704 
0.261676 
0.990983 
0.453332 
0.148587 
0.294355 
0.222787 
0.387180 
0.337536 
0.963558 
0.526178 
0.474535 
0.509546 
0.939322 
0.176658 
0.085949 
0.549735 
0.390575 
0.395736 
0.128781 
0.416878 
0.471874 
0.783270 
0.419961 
0.280482 
0.056331 
0.751561 
0.491282 
0.976190 
0.825257 
0.089468 
0.685679 
0.207794 
0.387372 
0.563143 
0.736790 
0.237299 
0.291807 
0.395376 
0.092130 
0.427052 
0.463548 
0.846215 
0.328866 
0.242965 
0.508863 
0.460417 
0.228939 
0.782307 
0.235843 
0.814532 
0.832985 
0.978357 
0.252106 
0.150619 
0.451565 
0.456915 
0.365235 
0.507049 
0.975339 
0.525009 
0.821426 
0.708228 
0.190545 
0.484379 
0.965394 
0.378579 
0.773014 
0.050619 
0.752228 
0.698165 
0.065006 
0.554715 
0.100724 
0.870852 
0.406105 
0.408070 
0.426950 
0.752868 
0.448020 
0.873145 
0.955779 
0.778877 
0.580429 
0.263772 
0.211359 
0.306752 
0.576030 
0.332389 
0.467167 
0.677718 
0.413272 
0.860839 
0.118356 
0.204013 
0.845205 
0.365813 
0.215574 
0.154615 
0.615533 
0.264926 
0.605798 
0.652634 
0.813303 
0.179157 
0.097759 
0.028807 
0.159222 
0.048198 
0.069399 
0.387822 
0.124910 
0.363854 
0.299156 
0.921420 
0.305259 
0.487327 
0.511837 
0.443203 
0.919866 
0.192687 
0.498717 
0.932808 
0.699143 
0.490982 
0.932932 
0.795342 
0.309083 
0.751219 
0.729376 
0.620417 
0.341766 
0.065294 
0.388453 
0.732513 
0.341157 
0.817884 
0.174775 
0.437529 
0.542823 
0.232182 
0.277911 
0.851556 
0.098980 
0.558978 
0.742768 
0.707407 
0.388711 
0.068838 
0.957282 
0.036331 
0.618769 
0.649693 
0.383355 
0.054509 
0.136127 
0.893952 
0.653062 
0.021044 
0.694375 
0.352866 
0.619703 
0.343120 
0.824602 
0.090969 
0.922010 
0.225644 
0.394528 
0.838433 
0.545774 
0.826553 
0.879950 
0.325401 
0.014457 
0.972029 
0.883468 
0.442773 
0.692504 
0.912235 
0.941067 
0.506031 
0.867780 
0.783898 
0.970509 
0.347308 
0.212260 
0.445454 
0.750391 
0.819218 
0.590349 
0.000390 
0.546570 
0.202875 
0.717488 
0.827751 
0.007682 
0.104343 
0.692393 
0.042907 
0.140369 
0.174825 
0.283770 
0.329242 
0.568855 
0.740726 
0.374636 
0.498920 
0.352195 
0.348009 
0.989881 
0.927471 
0.997971 
0.891344 
0.826310 
0.797364 
0.295905 
0.276160 
0.423961 
0.517908 
0.478021 
0.103679 
0.527005 
0.367444 
0.630328 
0.926568 
0.830490 
0.052536 
0.978712 
0.217647 
0.988102 
0.029934 
0.098871 
0.733211 
0.081399 
0.075424 
0.651336 
0.996625 
0.282459 
0.280082 
0.342159 
0.666953 
0.485819 
0.155864 
0.607186 
0.974150 
0.532830 
0.276975 
0.114473 
0.939951 
0.756031 
0.606450 
0.600065 
0.292904 
0.836580 
0.398492 
0.447292 
0.641548 
0.492824 
0.888978 
0.048749 
0.331437 
0.467822 
0.687409 
0.275978 
0.358599 
0.980888 
0.785872 
0.147858 
0.050360 
0.403976 
0.618451 
0.304048 
0.127920 
0.951290 
0.336520 
0.887782 
0.960025 
0.136831 
0.726812 
0.528787 
0.330988 
0.919133 
0.859989 
0.830614 
0.133357 
0.325059 
0.271475 
0.674627 
0.453646 
0.434618 
0.626458 
0.880267 
0.648733 
0.255658 
0.844474 
0.071549 
0.529549 
0.132901 
0.672248 
0.465321 
0.656057 
0.347048 
0.843463 
0.079046 
0.525462 
0.435826 
0.926917 
0.698193 
0.536130 
0.734948 
0.274304 
0.232843 
0.395496 
0.094209 
0.371713 
0.372229 
0.053762 
0.581402 
0.630338 
0.086226 
0.201369 
0.401109 
0.441404 
0.669290 
0.755503 
0.740105 
0.939096 
0.379890 
0.816476 
0.517805 
0.745326 
0.689686 
0.553513 
0.897437 
0.226103 
0.114389 
0.528817 
0.835139 
0.188831 
0.688029 
0.696162 
0.400489 
0.018965 
0.744517 
0.103093 
0.690221 
0.546896 
0.679784 
0.124707 
0.943434 
0.287302 
0.682618 
0.768903 
0.959423 
0.026962 
0.158222 
0.241736 
0.850073 
0.184861 
0.951866 
0.006727 
0.058048 
0.606892 
0.029285 
0.195988 
0.966700 
0.329471 
0.411242 
0.743966 
0.829988 
0.615789 
0.558472 
0.236374 
0.732390 
0.275676 
0.285602 
0.107378 
0.705262 
0.342896 
0.056440 
0.592112 
0.627533 
0.946627 
0.952732 
0.558992 
0.974405 
0.831323 
0.039432 
0.736792 
0.269208 
0.571369 
0.998275 
0.008718 
0.519079 
0.160150 
0.647115 
0.060316 
0.734411 
0.251800 
0.998387 
0.889488 
0.628023 
0.186338 
0.777618 
0.420673 
0.254396 
0.637611 
0.336227 
0.967368 
0.547233 
0.337583 
0.764822 
0.364928 
0.347421 
0.110052 
0.649088 
0.218154 
0.513757 
0.719448 
0.756605 
0.254422 
0.071474 
0.265051 
0.704009 
0.275946 
0.822157 
0.986275 
0.330273 
0.891866 
0.585606 
0.284467 
0.039322 
0.879759 
0.114375 
0.296124 
0.953622 
0.531392 
0.102306 
0.460660 
0.305961 
0.288436 
0.738755 
0.262355 
0.401039 
0.263128 
0.392209 
0.863036 
0.045443 
0.765969 
0.636470 
0.155416 
0.076951 
0.312834 
0.804816 
0.548743 
0.723790 
0.731315 
0.214004 
0.772738 
0.411632 
0.306760 
0.710698 
0.703110 
0.167946 
0.670538 
0.739126 
0.491558 
0.615067 
0.429196 
0.498461 
0.626473 
0.135822 
0.752129 
0.036244 
0.147232 
0.520153 
0.203860 
0.280755 
0.641847 
0.530861 
0.183188 
0.840385 
0.346260 
0.590493 
0.408587 
0.118595 
0.227330 
0.739032 
0.905004 
0.406192 
0.873886 
0.402367 
0.584872 
0.948528 
0.914575 
0.259705 
0.859137 
0.510980 
0.046214 
0.713225 
0.177849 
0.107187 
0.493993 
0.546892 
0.614269 
0.021882 
0.771281 
0.927048 
0.888074 
0.861555 
0.148941 
0.250418 
0.768009 
0.927504 
0.554183 
0.150410 
0.940953 
0.603590 
0.530701 
0.486573 
0.837791 
0.754471 
0.394288 
0.793100 
0.636150 
0.769590 
0.506511 
0.931891 
0.295431 
0.315577 
0.894289 
0.320043 
0.954985 
0.440912 
0.409590 
0.983106 
0.062430 
0.266668 
0.886077 
0.297920 
0.135280 
0.646814 
0.000451 
0.581310 
0.076921 
0.808346 
0.878993 
0.229674 
0.136286 
0.555192 
0.104854 
0.276777 
0.791983 
0.860439 
0.406626 
0.159195 
0.588603 
0.644328 
0.220881 
0.354563 
0.140605 
0.139898 
0.273377 
0.653626 
0.485191 
0.606216 
0.667205 
0.712833 
0.583702 
0.286098 
0.451751 
0.584989 
0.914551 
0.864645 
0.094667 
0.065527 
0.304854 
0.688615 
0.556041 
0.389050 
0.760815 
0.022918 
0.186268 
0.604014 
0.671652 
0.458306 
0.757079 
0.225141 
0.942582 
0.971808 
0.178965 
0.872285 
0.491717 
0.293391 
0.027979 
0.240611 
0.957320 
0.674274 
0.526956 
0.550715 
0.872909 
0.977565 
0.937323 
0.594709 
0.273864 
0.829677 
0.381708 
0.374206 
0.287023 
0.990413 
0.866476 
0.855765 
0.844169 
0.954239 
0.889083 
0.814957 
0.990239 
0.943303 
0.097280 
0.989514 
0.754015 
0.727608 
0.901986 
0.684949 
0.934959 
0.851811 
0.388801 
0.577566 
0.154391 
0.852317 
0.897950 
0.853885 
0.240500 
0.080400 
0.281922 
0.258587 
0.076077 
0.634033 
0.185500 
0.697463 
0.258310 
0.409816 
0.779372 
0.913485 
0.939857 
0.177718 
0.906866 
0.697159 
0.155399 
0.798880 
0.775221 
0.147719 
0.709556 
0.503844 
0.111425 
0.718790 
0.709348 
0.010333 
0.668167 
0.881885 
0.839410 
0.969199 
0.323451 
0.247233 
0.243689 
0.677451 
0.912640 
0.740389 
0.721774 
0.859149 
0.717659 
0.696123 
0.738574 
0.210533 
0.424393 
0.768186 
0.901117 
0.073712 
0.881367 
0.141277 
0.449910 
0.635628 
0.994415 
0.129236 
0.065276 
0.090715 
0.640438 
0.847884 
0.390915 
0.110762 
0.573203 
0.824489 
0.181758 
0.804744 
0.329716 
0.529446 
0.401935 
0.328106 
0.480606 
0.547729 
0.684383 
0.421263 
0.174233 
0.337167 
0.770451 
0.964429 
0.160213 
0.697703 
0.298383 
0.926047 
0.069559 
0.074035 
0.313783 
0.756170 
0.949336 
0.489248 
0.790946 
0.422772 
0.533149 
0.631393 
0.823768 
0.076736 
0.702436 
0.844692 
0.746351 
0.914132 
0.811490 
0.713841 
0.526743 
0.971365 
0.723190 
0.661486 
0.592739 
0.162515 
0.384793 
0.209674 
0.997772 
0.559479 
0.164529 
0.232783 
0.385792 
0.009547 
0.462280 
0.542759 
0.154162 
0.999897 
0.263266 
0.712509 
0.134162 
0.866525 
0.687880 
0.204880 
0.423305 
0.488409 
0.693174 
0.168848 
0.820988 
0.351707 
0.141975 
0.172097 
0.435491 
0.289497 
0.582478 
0.710894 
0.999772 
0.172757 
0.522380 
0.640946 
0.371137 
0.698328 
0.797661 
0.288823 
0.255022 
0.150914 
0.414720 
0.197568 
0.525148 
0.157409 
0.581082 
0.244692 
0.541155 
0.199348 
0.440677 
0.461883 
0.875851 
0.426257 
0.094974 
0.231087 
0.875785 
0.313370 
0.816114 
0.421087 
0.202976 
0.410512 
0.476695 
0.817795 
0.676831 
0.499491 
0.950971 
0.972882 
0.226972 
0.720170 
0.900571 
0.888764 
0.448580 
0.291203 
0.241586 
0.333473 
0.682932 
0.038093 
0.222206 
0.621789 
0.404691 
0.644763 
0.530820 
0.490218 
0.090009 
0.784217 
0.331862 
0.599085 
0.815360 
0.755877 
0.020406 
0.963342 
0.893107 
0.449439 
0.718535 
0.420231 
0.830146 
0.261023 
0.015486 
0.279222 
0.890479 
0.274249 
0.300989 
0.717213 
0.190917 
0.735105 
0.908339 
0.459283 
0.167128 
0.923959 
0.980369 
0.057020 
0.342751 
0.611647 
0.949390 
0.392591 
0.277066 
0.655876 
0.307326 
0.224237 
0.749932 
0.107473 
0.304651 
0.273743 
0.804479 
0.874422 
0.407403 
0.226985 
0.943457 
0.673666 
0.308606 
0.736844 
0.140486 
0.147172 
0.516374 
0.693304 
0.364551 
0.010528 
0.936060 
0.353786 
0.086088 
0.873133 
0.750666 
0.436525 
0.676145 
0.961114 
0.447601 
0.824396 
0.630728 
0.645890 
0.466963 
0.246302 
0.590825 
0.996560 
0.178565 
0.138140 
0.722674 
0.983146 
0.732516 
0.400551 
0.058158 
0.463565 
0.133380 
0.713388 
0.913447 
0.299504 
0.755892 
0.279404 
0.943365 
0.140034 
0.558255 
0.584723 
0.436585 
0.677630 
0.931098 
0.971445 
0.071228 
0.124729 
0.320250 
0.437188 
0.812066 
0.396805 
0.103603 
0.254907 
0.215359 
0.541259 
0.934125 
0.843721 
0.426391 
0.346793 
0.546567 
0.150297 
0.046628 
0.671196 
0.796095 
0.974042 
0.724579 
0.997175 
0.527201 
0.661571 
0.016895 
0.962285 
0.129667 
0.315530 
0.119197 
0.343656 
0.826297 
0.566447 
0.273466 
0.141129 
0.951819 
0.220568 
0.087229 
0.052277 
0.623533 
0.726990 
0.516433 
0.697772 
0.450433 
0.419999 
0.928591 
0.832105 
0.183898 
0.767357 
0.963887 
0.054436 
0.901181 
0.151748 
0.422457 
0.240778 
0.753682 
0.125978 
0.308576 
0.242852 
0.606836 
0.094840 
0.978697 
0.958046 
0.879669 
0.601397 
0.673996 
0.843946 
0.205189 
0.605504 
0.708677 
0.734844 
0.519100 
0.516172 
0.301098 
0.546423 
0.728913 
0.833430 
0.451773 
0.949080 
0.183994 
0.379839 
0.957454 
0.930178 
0.505162 
0.251206 
0.021535 
0.937146 
0.609027 
0.923065 
0.955313 
0.942881 
0.000806 
0.547030 
0.939773 
0.765638 
0.069902 
0.851297 
0.746697 
0.737303 
0.845069 
0.075794 
0.864150 
0.770525 
0.210982 
0.972957 
0.491001 
0.256795 
0.960553 
0.012920 
0.152328 
0.170427 
0.370506 
0.095030 
0.166142 
0.353023 
0.259240 
0.040625 
0.786776 
0.351762 
0.066034 
0.838743 
0.755882 
0.110574 
0.410199 
0.222024 
0.557609 
0.729877 
0.049017 
0.831169 
0.461426 
0.189378 
0.876077 
0.217913 
0.470271 
0.852741 
0.022498 
0.122414 
0.411032 
0.220393 
0.150086 
0.498841 
0.013378 
0.836280 
0.365440 
0.942653 
0.170503 
0.638135 
0.139038 
0.804573 
0.456241 
0.035916 
0.641076 
0.556220 
0.391089 
0.025591 
0.112406 
0.203871 
0.460941 
0.036344 
0.832194 
0.685175 
0.740492 
0.443607 
0.698692 
0.910963 
0.559747 
0.661873 
0.107362 
0.428138 
0.721356 
0.827587 
0.249591 
0.872423 
0.820798 
0.149916 
0.638232 
0.767971 
0.290570 
0.614370 
0.722474 
0.617267 
0.407507 
0.975240 
0.854572 
0.790538 
0.575075 
0.282337 
0.243528 
0.973542 
0.316828 
0.924440 
0.063646 
0.704597 
0.165252 
0.392801 
0.804137 
0.133170 
0.179853 
0.785940 
0.296980 
0.349180 
0.666618 
0.841371 
0.919215 
0.248371 
0.371155 
0.006303 
0.941162 
0.113857 
0.596363 
0.074474 
0.677661 
0.450261 
0.530621 
0.150276 
0.681230 
0.434943 
0.094813 
0.516683 
0.887799 
0.230684 
0.108159 
0.825669 
0.026300 
0.020360 
0.184673 
0.803951 
0.009118 
0.240960 
0.809480 
0.923820 
0.651022 
0.728211 
0.041916 
0.490183 
0.502053 
0.007883 
0.482032 
0.507924 
0.676649 
0.447004 
0.793613 
0.251488 
0.750619 
0.645631 
0.124964 
0.265280 
0.558519 
0.031220 
0.710154 
0.552198 
0.793000 
0.948010 
0.200226 
0.194119 
0.557085 
0.935089 
0.038045 
0.417616 
0.879479 
0.399543 
0.117951 
0.394978 
0.391067 
0.668239 
0.096999 
0.264860 
0.495917 
0.884284 
0.155746 
0.627999 
0.777519 
0.769716 
0.621063 
0.206105 
0.008198 
0.784170 
0.544795 
0.369882 
0.610528 
0.146710 
0.750408 
0.113810 
0.804233 
0.740322 
0.596186 
0.094458 
0.560221 
0.634150 
0.154489 
0.500355 
0.467689 
0.444606 
0.492030 
0.541418 
0.612583 
0.678647 
0.013832 
0.474692 
0.142063 
0.647430 
0.360858 
0.937574 
0.801547 
0.597284 
0.558069 
0.459270 
0.952427 
0.447817 
0.459565 
0.907951 
0.939127 
0.904288 
0.374433 
0.096813 
0.138765 
0.225662 
0.694834 
0.074902 
0.877592 
0.690765 
0.691617 
0.008340 
0.163425 
0.690079 
0.165856 
0.543884 
0.050719 
0.437848 
0.912362 
0.072484 
0.244179 
0.910016 
0.643526 
0.734412 
0.254195 
0.248950 
0.104717 
0.974964 
0.213112 
0.779129 
0.816326 
0.987000 
0.502312 
0.352253 
0.319003 
0.488642 
0.612979 
0.343888 
0.724188 
0.435680 
0.481764 
0.004733 
0.543343 
0.967482 
0.470156 
0.909055 
0.481275 
0.785041 
0.192119 
0.944215 
0.417202 
0.921359 
0.282079 
0.894595 
0.450040 
0.818206 
0.595083 
0.563463 
0.120816 
0.554048 
0.883526 
0.415231 
0.788832 
0.895939 
0.054559 
0.966349 
0.422518 
0.265641 
0.627039 
0.642919 
0.543352 
0.112591 
0.312286 
0.587333 
0.313371 
0.822390 
0.914393 
0.198444 
0.247918 
0.756020 
0.423062 
0.406613 
0.948994 
0.746689 
0.596584 
0.795638 
0.292101 
0.334778 
0.615596 
0.324812 
0.110758 
0.503392 
0.507418 
0.182284 
0.645567 
0.045958 
0.413504 
0.763959 
0.854832 
0.156666 
0.087097 
0.845852 
0.227225 
0.963346 
0.953941 
0.892666 
0.038705 
0.507707 
0.029882 
0.230778 
0.693288 
0.094667 
0.061441 
0.642129 
0.262637 
0.140673 
0.284552 
0.464120 
0.465629 
0.818886 
0.011291 
0.761961 
0.270222 
0.621733 
0.461230 
0.895940 
0.064835 
0.675465 
0.532306 
0.473264 
0.150422 
0.136331 
0.312933 
0.461964 
0.228467 
0.839106 
0.851599 
0.816087 
0.971892 
0.591625 
0.443045 
0.252374 
0.642204 
0.514332 
0.373744 
0.510547 
0.755669 
0.528210 
0.618433 
0.997896 
0.632723 
0.182297 
0.860659 
0.098989 
0.714574 
0.845534 
0.896818 
0.811984 
0.014285 
0.084865 
0.330346 
0.128205 
0.741537 
0.012820 
0.459312 
0.653021 
0.315998 
0.981192 
0.891811 
0.663918 
0.473771 
0.667343 
0.029673 
0.715126 
0.129628 
0.650305 
0.670280 
0.402480 
0.482383 
0.416801 
0.180546 
0.442840 
0.808615 
0.384665 
0.060459 
0.142695 
0.270740 
0.334501 
0.956183 
0.565716 
0.993399 
0.064652 
0.598160 
0.268622 
0.727393 
0.294500 
0.656882 
0.217746 
0.660002 
0.658388 
0.530220 
0.408993 
0.949724 
0.012644 
0.510430 
0.792902 
0.297859 
0.115285 
0.589961 
0.470020 
0.626917 
0.588403 
0.295511 
0.648251 
0.148854 
0.794306 
0.899449 
0.046099 
0.779838 
0.740355 
0.146419 
0.858654 
0.392398 
0.031675 
0.355115 
0.425950 
0.939432 
0.028525 
0.425842 
0.125467 
0.726141 
0.246685 
0.032490 
0.066922 
0.762314 
0.219523 
0.518305 
0.158555 
0.838873 
0.940793 
0.909503 
0.014813 
0.955303 
0.785579 
0.222802 
0.635660 
0.530772 
0.676933 
0.209216 
0.301556 
0.244753 
0.558842 
0.452554 
0.067538 
0.114488 
0.198033 
0.346132 
0.447554 
0.046815 
0.825325 
0.234708 
0.741756 
0.690196 
0.119827 
0.925760 
0.253485 
0.323035 
0.244691 
0.517739 
0.638286 
0.669553 
0.180689 
0.836277 
0.300371 
0.337482 
0.067854 
0.420938 
0.712226 
0.377898 
0.327301 
0.954660 
0.970757 
0.519483 
0.954816 
0.597874 
0.466518 
0.771344 
0.980907 
0.108937 
0.896215 
0.682455 
0.022771 
0.717244 
0.720300 
0.082633 
0.807938 
0.012856 
0.075834 
0.542282 
0.125254 
0.145334 
0.630938 
0.173821 
0.413413 
0.235414 
0.604043 
0.148004 
0.505782 
0.675014 
0.965420 
0.820487 
0.922684 
0.549531 
0.973277 
0.867459 
0.376503 
