0.000001 
0.011137 
0.178273 
0.226373 
0.659138 
0.127779 
0.578922 
0.944489 
0.024492 
0.638786 
0.067991 
0.723456 
0.129497 
0.463688 
0.196113 
0.075907 
0.763375 
0.045574 
0.954519 
0.600471 
0.116504 
0.082542 
0.277570 
0.113763 
0.011132 
0.095485 
0.819651 
0.866040 
0.526683 
0.967085 
0.794216 
0.386542 
0.607810 
0.470610 
0.542003 
0.444522 
0.077304 
0.244682 
0.372122 
0.246200 
0.876928 
0.536334 
0.169057 
0.345750 
0.025353 
0.110932 
0.432011 
0.816204 
0.938244 
0.066283 
0.013430 
0.722069 
0.812302 
0.353019 
0.192434 
0.234066 
0.939746 
0.314236 
0.364896 
0.803129 
0.183038 
0.321350 
0.936079 
0.683464 
0.983875 
0.991725 
0.928823 
0.723634 
0.112909 
0.668528 
0.944934 
0.506196 
0.634277 
0.287402 
0.362220 
0.830541 
0.906409 
0.014474 
0.269509 
0.634795 
0.001070 
0.984018 
0.394929 
0.579739 
0.671894 
0.515668 
0.840284 
0.647484 
0.261274 
0.228562 
0.438260 
0.836312 
0.895966 
0.494698 
0.388478 
0.154628 
0.831760 
0.390936 
0.469640 
0.238478 
0.106538 
0.583557 
0.846415 
0.703205 
0.760323 
0.743527 
0.464796 
0.823350 
0.035492 
0.522124 
0.337209 
0.478361 
0.820442 
0.172816 
0.519436 
0.160542 
0.222369 
0.349185 
0.745406 
0.032284 
0.597994 
0.479249 
0.738934 
0.268432 
0.539314 
0.244962 
0.073281 
0.627857 
0.393075 
0.414878 
0.858760 
0.187712 
0.879510 
0.926790 
0.555662 
0.014323 
0.733155 
0.131489 
0.939464 
0.566565 
0.254163 
0.724552 
0.546760 
0.395955 
0.819673 
0.243153 
0.675005 
0.809535 
0.850823 
0.775876 
0.156204 
0.315442 
0.638385 
0.341837 
0.254495 
0.292286 
0.450010 
0.311402 
0.734074 
0.585219 
0.772873 
0.678822 
0.962456 
0.994063 
0.225226 
0.377883 
0.081389 
0.905819 
0.095929 
0.273688 
0.875450 
0.681280 
0.277632 
0.163075 
0.808540 
0.123453 
0.877438 
0.100628 
0.260631 
0.426959 
0.902265 
0.372858 
0.623141 
0.128147 
0.772672 
0.292336 
0.298451 
0.059939 
0.395843 
0.928720 
0.003547 
0.606294 
0.975210 
0.360290 
0.389990 
0.565346 
0.774606 
0.795882 
0.387170 
0.167046 
0.544381 
0.419839 
0.240061 
0.708046 
0.132407 
0.356738 
0.696957 
0.756830 
0.040530 
0.186480 
0.162532 
0.667778 
0.353018 
0.175012 
0.430949 
0.962299 
0.359042 
0.425025 
0.399980 
0.461722 
0.168491 
0.822280 
0.057078 
0.308251 
0.770881 
0.199962 
0.766116 
0.107310 
0.555897 
0.966405 
0.370033 
0.151038 
0.496581 
0.038441 
0.074484 
0.844402 
0.862837 
0.702011 
0.691336 
0.287223 
0.360408 
0.380361 
0.729476 
0.297725 
0.862832 
0.619920 
0.991476 
0.742999 
0.579174 
0.184808 
0.066570 
0.846745 
0.250817 
0.479919 
0.997691 
0.189708 
0.420848 
0.189293 
0.439703 
0.087655 
0.225489 
0.794029 
0.251416 
0.542947 
0.312618 
0.178906 
0.880723 
0.311649 
0.877096 
0.349515 
0.295468 
0.923208 
0.356623 
0.761652 
0.092578 
0.956458 
0.181858 
0.480064 
0.440183 
0.160321 
0.507825 
0.015714 
0.102991 
0.965321 
0.144540 
0.289193 
0.470231 
0.175377 
0.558472 
0.237383 
0.700764 
0.748763 
0.451469 
0.834352 
0.950997 
0.411652 
0.629989 
0.221348 
0.202917 
0.418395 
0.957444 
0.753521 
0.434208 
0.727874 
0.370757 
0.315063 
0.262274 
0.031988 
0.620924 
0.864408 
0.112759 
0.138137 
0.673423 
0.215845 
0.708224 
0.115271 
0.353933 
0.553405 
0.081610 
0.617725 
0.101165 
0.277109 
0.377319 
0.592175 
0.678442 
0.577743 
0.124185 
0.181406 
0.893511 
0.232944 
0.096408 
0.333244 
0.831990 
0.264050 
0.890236 
0.200326 
0.883824 
0.434008 
0.368545 
0.142877 
0.331406 
0.948848 
0.285139 
0.331458 
0.809701 
0.652608 
0.383267 
0.572312 
0.852120 
0.580008 
0.197828 
0.897787 
0.108872 
0.808224 
0.825299 
0.793301 
0.010505 
0.550024 
0.252386 
0.853570 
0.955376 
0.006680 
0.274659 
0.200450 
0.958955 
0.152383 
0.097304 
0.390756 
0.433337 
0.101266 
0.976950 
0.595676 
0.534523 
0.735195 
0.425105 
0.745701 
0.989780 
0.236826 
0.336514 
0.785249 
0.683462 
0.951505 
0.951434 
0.745210 
0.746688 
0.587615 
0.053333 
0.368401 
0.721727 
0.064342 
0.397584 
0.197627 
0.524426 
0.033737 
0.024225 
0.152186 
0.794795 
0.127217 
0.144320 
0.587798 
0.120245 
0.949903 
0.023730 
0.832889 
0.362142 
0.515015 
0.851138 
0.071472 
0.227484 
0.322626 
0.370399 
0.301523 
0.703536 
0.326178 
0.077708 
0.034965 
0.661719 
0.513421 
0.069787 
0.915789 
0.662463 
0.007492 
0.915544 
0.541378 
0.943616 
0.354667 
0.893312 
0.896015 
0.329678 
0.892020 
0.175242 
0.297035 
0.261962 
0.787311 
0.334493 
0.825451 
0.358503 
0.362098 
0.772848 
0.254226 
0.774373 
0.894124 
0.538269 
0.689719 
0.107612 
0.641300 
0.327309 
0.085079 
0.916459 
0.926572 
0.900615 
0.631118 
0.202399 
0.722829 
0.582549 
0.904243 
0.618633 
0.361074 
0.577195 
0.923772 
0.829950 
0.967319 
0.731960 
0.046193 
0.358409 
0.780686 
0.984300 
0.131613 
0.011417 
0.880598 
0.207161 
0.760477 
0.345193 
0.650944 
0.411370 
0.888297 
0.605486 
0.406806 
0.190817 
0.066218 
0.921933 
0.935983 
0.071647 
0.171021 
0.342435 
0.310103 
0.909390 
0.125363 
0.970952 
0.793089 
0.449303 
0.436436 
0.185049 
0.118642 
0.010405 
0.883962 
0.751122 
0.103792 
0.432593 
0.582714 
0.680992 
0.436639 
0.595757 
0.892101 
0.543002 
0.235504 
0.114884 
0.860316 
0.335205 
0.789731 
0.016767 
0.796612 
0.650621 
0.988799 
0.747942 
0.657555 
0.535052 
0.615471 
0.223338 
0.636188 
0.407119 
0.443195 
0.785832 
0.476528 
0.001969 
0.090648 
0.527435 
0.595957 
0.246835 
0.558201 
0.678836 
0.200683 
0.872797 
0.095629 
0.229249 
0.983329 
0.804491 
0.087002 
0.236805 
0.978747 
0.798340 
0.697369 
0.678025 
0.562710 
0.463926 
0.196147 
0.644813 
0.376733 
0.752049 
0.691259 
0.983726 
0.478717 
0.802739 
0.632704 
0.848799 
0.772431 
0.245000 
0.715152 
0.568014 
0.607970 
0.146798 
0.230970 
0.906420 
0.196664 
0.337679 
0.371090 
0.917491 
0.272538 
0.545828 
0.731360 
0.963638 
0.856700 
0.556208 
0.192346 
0.754999 
0.270854 
0.242421 
0.369714 
0.786766 
0.181210 
0.594555 
0.687562 
0.852207 
0.046936 
0.851611 
0.025747 
0.737699 
0.502601 
0.221429 
0.553897 
0.339846 
0.792556 
0.480644 
0.181962 
0.243658 
0.165363 
0.263624 
0.728553 
0.784992 
0.366038 
0.999138 
0.519839 
0.941284 
0.167402 
0.533518 
0.843754 
0.968476 
0.180151 
0.793603 
0.093035 
0.636560 
0.660278 
0.294393 
0.859791 
0.510833 
0.565920 
0.415096 
0.517166 
0.000629 
0.564949 
0.096357 
0.469722 
0.610136 
0.550826 
0.727930 
0.327186 
0.022001 
0.766278 
0.830010 
0.973939 
0.990733 
0.247128 
0.479727 
0.769994 
0.295886 
0.963105 
0.912436 
0.305020 
0.472744 
0.414182 
0.159552 
0.582795 
0.041653 
0.070335 
0.114653 
0.969437 
0.323830 
0.603802 
0.103681 
0.564532 
0.091138 
0.757848 
0.153951 
0.449394 
0.961835 
0.557647 
0.373964 
0.214368 
0.882370 
0.991333 
0.334715 
0.560234 
0.848694 
0.999876 
0.909052 
0.443755 
0.192885 
0.820204 
0.175482 
0.331066 
0.231020 
0.750188 
0.417142 
0.903070 
0.900463 
0.086124 
0.481375 
0.472947 
0.815350 
0.588447 
0.032504 
0.298685 
0.990835 
0.959929 
0.524662 
0.994757 
0.877258 
0.073013 
0.130363 
0.019279 
0.016031 
0.432600 
0.699828 
0.012454 
0.314681 
0.836331 
0.221042 
0.048266 
0.211141 
0.646508 
0.851733 
0.079700 
0.514819 
0.563358 
0.362051 
0.987683 
0.988706 
0.181635 
0.736939 
0.730710 
0.047269 
0.450580 
0.896310 
0.273986 
0.889679 
0.837539 
0.517877 
0.964197 
0.253274 
0.770787 
0.610333 
0.862890 
0.599108 
0.210302 
0.547280 
0.131780 
0.824949 
0.926209 
0.786859 
0.731003 
0.970439 
0.164674 
0.668631 
0.680823 
0.587606 
0.894739 
0.886662 
0.135478 
0.978069 
0.402285 
0.208676 
0.212323 
0.519115 
0.761857 
0.535343 
0.508697 
0.673854 
0.462546 
0.018550 
0.773672 
0.105185 
0.852611 
0.836843 
0.827395 
0.023914 
0.915351 
0.309229 
0.204793 
0.957497 
0.644530 
0.616774 
0.126989 
0.312326 
0.266741 
0.108759 
0.920410 
0.332345 
0.722324 
0.094883 
0.699153 
0.669134 
0.127604 
0.639291 
0.562036 
0.131844 
0.897334 
0.497015 
0.339316 
0.889380 
0.802843 
0.390303 
0.816034 
0.082057 
0.139727 
0.384727 
0.108324 
0.605611 
0.511724 
0.542014 
0.628833 
0.792215 
0.750020 
0.582728 
0.914641 
0.365766 
0.437046 
0.433140 
0.776108 
0.043053 
0.584857 
0.687574 
0.050105 
0.111447 
0.087788 
0.452983 
0.290064 
0.104587 
0.791594 
0.327127 
0.028764 
0.437122 
0.714175 
0.144347 
0.033400 
0.355750 
0.094528 
0.727641 
0.468318 
0.022374 
0.047283 
0.692657 
0.491635 
0.902207 
0.396910 
0.860959 
0.144470 
0.101221 
0.217831 
0.087916 
0.596297 
0.965649 
0.666913 
0.799423 
0.897231 
0.753613 
0.981630 
0.247807 
0.899456 
0.160497 
0.467687 
0.423350 
0.235397 
0.317363 
0.918824 
0.682830 
0.320682 
0.701514 
0.345492 
0.678392 
0.734952 
0.345931 
0.066680 
0.695404 
0.660216 
0.257469 
0.286702 
0.606090 
0.551291 
0.551044 
0.395610 
0.012382 
0.099746 
0.436251 
0.073245 
0.036387 
0.556274 
0.298259 
0.833691 
0.836512 
0.257963 
0.576964 
0.033550 
0.867749 
0.252237 
0.345485 
0.566561 
0.191498 
0.501482 
0.414945 
0.984349 
0.952403 
0.036948 
0.988763 
0.139747 
0.724501 
0.689859 
0.455069 
0.348551 
0.098859 
0.522948 
0.187183 
0.982838 
0.556891 
0.672025 
0.724959 
0.379423 
0.962676 
0.689714 
0.026476 
0.989050 
0.966934 
0.259161 
0.718509 
0.976688 
0.189078 
0.840598 
0.936560 
0.761577 
0.816512 
0.114714 
0.000890 
0.952005 
0.340425 
0.521867 
0.024285 
0.160223 
0.861908 
0.092716 
0.281312 
0.007977 
0.063444 
0.296472 
0.799263 
0.209961 
0.807139 
0.582595 
0.679860 
0.408051 
0.115320 
0.181219 
0.755301 
0.342193 
0.229920 
0.261995 
0.357900 
0.228475 
0.987071 
0.705021 
0.290308 
0.211286 
0.089016 
0.085421 
0.677888 
0.258541 
0.292180 
0.677634 
0.000824 
0.841599 
0.759043 
0.238754 
0.743568 
0.144579 
0.932552 
0.402568 
0.955283 
0.433917 
0.835368 
0.021717 
0.004394 
0.846654 
0.716097 
0.445815 
0.816430 
0.733438 
0.896660 
0.168690 
0.178642 
0.432136 
0.917490 
0.255907 
0.028028 
0.070050 
0.332107 
0.726320 
0.267937 
0.222536 
0.167476 
0.765992 
0.020017 
0.427800 
0.026976 
0.379849 
0.128820 
0.081587 
0.239296 
0.854495 
0.492965 
0.267490 
0.697944 
0.344906 
0.829415 
0.978531 
0.162295 
0.687913 
0.756992 
0.756570 
0.665863 
0.166730 
0.233611 
0.296788 
0.114158 
0.653426 
0.137047 
0.345835 
0.443554 
0.810446 
0.161236 
0.889309 
0.623801 
0.222519 
0.874245 
0.439683 
0.755410 
0.183307 
0.836892 
0.636015 
0.508185 
0.057240 
0.040859 
0.715763 
0.820628 
0.294277 
0.919321 
0.031641 
0.782335 
0.701387 
0.208322 
0.259970 
0.322805 
0.378457 
0.718858 
0.853516 
0.045733 
0.632640 
0.779271 
0.212917 
0.488485 
0.964074 
0.195651 
0.302444 
0.170680 
0.615357 
0.297487 
0.869584 
0.094275 
0.487933 
0.686187 
0.751630 
0.639168 
0.492039 
0.702258 
0.845667 
0.123623 
0.732693 
0.374188 
0.972301 
0.461338 
0.709654 
0.158010 
0.675251 
0.948479 
0.083931 
0.628098 
0.443871 
0.137879 
0.328238 
0.698944 
0.144552 
0.479327 
0.049256 
0.851074 
0.004777 
0.284649 
0.095237 
0.650669 
0.790900 
0.661235 
0.380211 
0.211122 
0.331332 
0.693467 
0.097770 
0.215356 
0.493940 
0.656658 
0.453943 
0.427693 
0.236075 
0.719326 
0.718548 
0.630549 
0.645127 
0.642846 
0.320482 
0.333193 
0.980693 
0.504220 
0.432525 
0.449527 
0.193109 
0.586433 
0.184506 
0.991029 
0.223454 
0.598478 
0.613664 
0.854419 
0.216109 
0.140430 
0.200839 
0.493183 
0.920166 
0.225199 
0.927249 
0.267086 
0.906972 
0.479983 
0.068925 
0.424460 
0.899323 
0.926100 
0.955324 
0.126284 
0.457333 
0.402151 
0.946965 
0.633079 
0.159475 
0.294833 
0.262472 
0.369277 
0.438393 
0.063478 
0.867413 
0.612446 
0.373820 
0.792913 
0.485332 
0.971462 
0.359849 
0.975280 
0.533322 
0.536753 
0.202247 
0.173679 
0.014960 
0.427935 
0.308214 
0.145875 
0.723739 
0.880691 
0.766425 
0.297085 
0.104744 
0.434027 
0.693614 
0.564907 
0.398464 
0.982077 
0.772345 
0.801262 
0.807836 
0.298623 
0.959484 
0.041745 
0.610908 
0.539022 
0.343479 
0.850398 
0.637883 
0.905754 
0.014966 
0.537465 
0.179559 
0.842359 
0.532335 
0.958178 
0.100237 
0.686489 
0.816457 
0.187227 
0.720692 
0.676482 
0.630591 
0.342096 
0.609032 
0.996844 
0.962042 
0.034253 
0.695600 
0.943777 
0.068023 
0.255235 
0.727588 
0.578515 
0.096627 
0.011387 
0.383209 
0.586111 
0.775436 
0.753358 
0.694704 
0.898201 
0.061803 
0.716135 
0.082326 
0.653202 
0.358687 
0.453239 
0.595342 
0.910307 
0.523729 
0.306048 
0.753297 
0.666562 
0.910510 
0.946231 
0.306954 
0.983114 
0.203853 
0.154500 
0.674249 
0.105803 
0.239260 
0.239311 
0.096666 
0.666744 
0.962974 
0.708976 
0.761533 
0.083518 
0.680090 
0.273229 
0.156599 
0.959271 
0.461353 
0.966664 
0.727435 
0.998427 
0.560161 
0.627240 
0.028818 
0.342023 
0.376316 
0.742909 
0.078953 
0.969274 
0.593569 
0.120257 
0.164612 
0.631410 
0.109298 
0.969861 
0.451406 
0.777455 
0.693473 
0.202127 
0.140223 
0.735307 
0.297517 
0.372287 
0.029483 
0.528988 
0.701461 
0.456823 
0.825624 
0.261828 
0.540752 
0.412407 
0.317715 
0.838135 
0.526598 
0.538412 
0.097142 
0.657396 
0.860828 
0.942489 
0.418376 
0.638010 
0.038698 
0.402982 
0.922739 
0.475962 
0.495873 
0.136263 
0.168569 
0.138119 
0.373861 
0.475466 
0.158911 
0.822821 
0.155154 
0.671589 
0.401880 
0.391822 
0.351935 
0.971824 
0.451801 
0.411117 
0.648854 
0.295640 
0.826642 
0.376806 
0.979686 
0.577169 
0.478960 
0.879761 
0.138832 
0.351712 
0.220254 
0.813054 
0.999923 
0.708117 
0.320387 
0.740676 
0.540024 
0.177655 
0.845031 
0.439291 
0.158916 
0.900881 
0.113053 
0.079073 
0.978295 
0.212248 
0.250859 
0.194826 
0.448487 
0.713469 
0.275798 
0.345361 
0.485537 
0.425168 
0.801916 
0.803517 
0.708688 
0.923718 
0.920541 
0.539412 
0.904731 
0.818163 
0.870956 
0.161153 
0.493985 
0.409242 
0.127651 
0.435475 
0.032761 
0.616876 
0.833905 
0.440845 
0.276301 
0.785232 
0.389355 
0.892965 
0.059031 
0.131903 
0.886673 
0.320352 
0.163700 
0.311206 
0.442092 
0.240006 
0.773014 
0.049782 
0.677685 
0.848396 
0.989442 
0.548621 
0.672091 
0.837078 
0.767580 
0.723354 
0.414810 
0.718145 
0.870468 
0.959853 
0.256563 
0.058482 
0.902508 
0.450788 
0.387653 
0.281277 
0.423910 
0.661390 
0.982487 
0.657218 
0.856567 
0.320982 
0.736976 
0.363770 
0.875876 
0.853882 
0.188181 
0.750286 
0.060343 
0.182455 
0.527095 
0.891872 
0.692241 
0.486831 
0.161837 
0.987807 
0.067984 
0.615038 
0.936518 
0.063159 
0.515836 
0.651367 
0.521767 
0.336505 
0.641596 
0.307361 
0.815817 
0.428262 
0.802567 
0.750823 
0.083685 
0.491455 
0.882872 
0.433622 
0.883710 
0.510075 
0.828700 
0.953338 
0.745426 
0.377176 
0.205242 
0.494588 
0.532948 
0.255050 
0.632737 
0.407109 
0.283624 
0.861869 
0.439614 
0.584429 
0.499445 
0.168585 
0.403277 
0.874123 
0.383782 
0.225381 
0.976825 
0.492387 
0.543187 
0.338487 
0.954052 
0.747249 
0.022210 
0.278486 
0.517044 
0.951959 
0.575836 
0.069192 
0.917939 
0.794235 
0.699417 
0.093967 
0.304575 
0.998327 
0.880372 
0.408696 
0.947305 
0.346908 
0.478616 
0.094829 
0.798886 
0.877363 
0.847392 
0.114616 
0.346716 
0.256640 
0.355131 
0.688634 
0.873753 
0.165560 
0.558870 
0.925024 
0.872271 
0.252183 
0.447847 
0.971488 
0.794674 
0.083252 
0.209417 
0.679432 
0.217191 
0.327112 
0.766792 
0.472740 
0.337225 
0.748481 
0.715662 
0.134906 
0.370089 
0.088974 
0.379726 
0.047069 
0.082244 
0.268435 
0.588604 
0.669952 
0.875600 
0.206388 
0.761136 
0.419834 
0.145753 
0.677699 
0.088274 
0.622648 
0.851746 
0.298635 
0.152905 
0.866641 
0.640841 
0.618382 
0.152984 
0.207729 
0.298528 
0.368367 
0.146340 
0.537696 
0.049902 
0.698579 
0.009899 
0.373318 
0.351086 
0.697067 
0.602335 
0.440201 
0.455085 
0.615540 
0.378964 
0.242909 
0.577783 
0.804375 
0.130574 
0.552063 
0.515910 
0.897012 
0.076128 
0.479586 
0.396593 
0.540867 
0.359912 
0.049379 
0.910904 
0.566776 
0.805003 
0.682108 
0.192651 
0.878109 
0.380821 
0.463909 
0.911471 
0.089307 
0.988744 
0.812151 
0.815765 
0.562282 
0.277847 
0.777528 
0.905238 
0.329403 
0.267864 
0.993882 
0.181653 
0.042065 
0.994457 
0.831965 
0.843273 
0.892595 
0.835784 
0.018132 
0.736256 
0.246852 
0.836131 
0.848769 
0.256884 
0.456282 
0.725764 
0.907874 
0.631740 
0.648317 
0.260966 
0.050925 
0.904523 
0.312545 
0.938740 
0.402814 
0.092294 
0.177191 
0.053074 
0.022802 
0.233323 
0.453588 
0.453184 
0.656287 
0.217258 
0.463540 
0.711319 
0.143549 
0.629631 
0.215189 
0.684313 
0.248404 
0.921302 
0.323583 
0.461681 
0.466231 
0.936550 
0.591517 
0.631913 
0.566668 
0.992173 
0.452703 
0.576265 
0.289402 
0.972852 
0.728620 
0.919972 
0.976074 
0.882963 
0.961971 
0.846054 
0.628604 
0.943762 
0.804994 
0.533251 
0.343920 
0.264881 
0.855312 
0.231053 
0.307747 
0.300707 
0.981829 
0.594512 
0.956884 
0.352768 
0.978450 
0.816644 
0.343695 
0.489104 
0.370187 
0.732597 
0.762151 
0.476388 
0.655099 
0.248731 
0.426284 
0.556847 
0.933654 
0.923874 
0.550906 
0.074629 
0.297468 
0.541001 
0.611778 
0.154086 
0.719049 
0.051934 
0.856689 
0.370872 
0.245985 
0.265364 
0.977080 
0.781472 
0.197223 
0.723210 
0.985850 
0.176368 
0.225093 
0.139510 
0.747829 
0.761250 
0.323598 
0.712719 
0.672323 
0.732864 
0.253149 
0.673821 
0.901529 
0.995283 
0.717361 
0.687779 
0.498732 
0.185490 
0.528171 
0.964414 
0.911092 
0.718369 
0.625372 
0.633698 
0.555625 
0.384175 
0.836605 
0.813367 
0.265442 
0.279677 
0.536317 
0.880233 
0.075217 
0.166543 
0.086463 
0.189882 
0.346392 
0.803727 
0.242771 
0.258869 
0.815437 
0.051634 
0.811224 
0.247301 
0.384899 
0.991567 
0.258301 
0.268026 
0.709265 
0.611863 
0.575417 
0.033678 
0.023287 
0.389847 
0.163324 
0.985895 
0.944026 
0.240581 
0.443143 
0.904669 
0.768499 
0.154348 
0.130945 
0.796942 
0.200127 
0.540540 
0.858593 
0.375800 
0.062222 
0.757394 
0.525714 
0.671895 
0.543976 
0.612463 
0.671934 
0.198801 
0.247660 
0.413637 
0.996689 
0.349647 
0.509798 
0.172683 
0.281642 
0.560778 
0.992593 
0.516964 
0.609212 
0.032137 
0.130879 
0.690755 
0.517613 
0.528696 
0.790297 
0.521696 
0.151867 
0.424294 
0.107767 
0.238598 
0.115371 
0.045329 
0.842490 
0.725816 
0.790985 
0.092678 
0.641663 
0.424552 
0.440461 
0.821190 
0.732949 
0.675662 
0.850656 
0.969286 
0.784611 
0.957666 
0.490527 
0.281130 
0.957563 
0.763599 
0.810488 
0.865194 
0.318740 
0.055716 
0.425935 
0.688949 
0.161616 
0.277505 
0.027995 
0.510707 
0.457926 
0.369549 
0.001659 
0.880846 
0.373388 
0.534315 
0.237567 
0.792971 
0.460396 
0.869873 
0.960125 
0.819266 
0.405129 
0.004900 
0.349848 
0.892159 
0.516274 
0.011762 
0.681542 
0.673422 
0.203315 
0.116225 
0.391150 
0.055072 
0.593058 
0.527953 
0.299294 
0.238753 
0.723564 
0.933992 
0.605349 
0.092831 
0.202224 
0.774236 
0.589328 
0.843501 
0.722780 
0.771612 
0.484787 
0.817568 
0.869005 
0.367124 
0.248721 
0.254996 
0.720816 
0.755573 
0.907087 
0.407148 
0.933877 
0.678997 
0.907808 
0.530640 
0.465365 
0.392581 
0.105215 
0.349124 
0.725661 
0.184640 
0.246933 
0.201660 
0.298968 
0.762290 
0.813999 
0.887813 
0.468786 
0.882288 
0.606387 
0.539263 
0.398023 
0.579999 
0.042310 
0.110399 
0.475514 
0.971453 
0.207524 
0.855310 
0.186936 
0.829235 
0.953506 
0.571035 
0.385594 
0.683951 
0.162267 
0.218041 
0.622805 
0.479841 
0.687893 
0.420098 
0.580941 
0.879164 
0.113151 
0.735109 
0.979653 
0.031608 
0.242824 
0.143961 
0.555436 
0.213126 
0.013294 
0.426947 
0.698240 
0.314259 
0.747997 
0.577858 
0.063560 
0.245308 
0.892351 
0.735635 
0.817839 
0.419616 
0.487888 
0.940890 
0.539603 
0.099940 
0.698626 
0.811006 
0.581312 
0.111866 
0.124571 
0.656756 
0.102513 
0.942001 
0.207959 
0.159065 
0.407738 
0.850435 
0.264220 
0.743402 
0.353296 
0.848873 
0.008802 
0.927082 
0.465926 
0.822604 
0.512300 
0.224258 
0.104216 
0.560067 
0.046376 
0.447915 
0.111782 
0.718869 
0.023090 
0.074989 
0.333156 
0.351680 
0.680650 
0.677175 
0.279774 
0.157471 
0.617669 
0.161656 
0.954870 
0.492021 
0.395738 
0.168194 
0.841179 
0.700276 
0.545334 
0.435768 
0.958944 
0.973018 
0.514275 
0.427982 
0.089614 
0.141719 
0.870318 
0.427162 
0.312942 
0.620166 
0.133316 
0.645089 
0.005365 
0.173024 
0.012885 
0.551497 
0.014431 
0.549921 
0.524402 
0.625326 
0.856289 
0.644053 
0.596311 
0.201700 
0.978141 
0.611545 
0.243859 
0.546261 
0.009648 
0.160477 
0.138182 
0.419393 
0.740122 
0.229509 
0.352595 
0.063167 
0.648250 
0.139204 
0.608213 
0.238087 
0.530486 
0.877834 
0.763678 
0.140407 
0.818458 
0.819930 
0.555334 
0.497054 
0.985563 
0.359160 
0.401113 
0.507646 
0.005129 
0.198950 
0.754821 
0.280993 
0.650443 
0.002108 
0.428768 
0.310105 
0.930357 
0.515097 
0.237610 
0.516793 
0.732732 
0.028096 
0.217576 
0.797218 
0.845477 
0.926230 
0.153187 
0.620253 
0.588755 
0.201399 
0.904713 
0.503457 
0.604957 
0.515542 
0.713530 
0.305858 
0.559810 
0.724413 
0.203631 
0.429101 
0.897866 
0.438807 
0.024563 
0.837699 
0.210219 
0.147158 
0.284557 
0.544019 
0.334908 
0.793620 
0.370487 
0.782687 
0.624555 
0.900220 
0.991125 
0.832947 
0.344609 
0.848174 
0.254049 
0.798483 
0.097098 
0.926163 
0.022207 
0.226026 
0.819250 
0.129484 
0.244001 
0.930400 
0.234513 
0.454172 
0.269219 
0.770159 
0.058094 
0.383901 
0.232430 
0.447981 
0.210448 
0.993568 
0.898220 
0.380508 
0.197944 
0.842256 
0.803874 
0.706129 
0.909225 
0.346203 
0.639307 
0.831967 
0.870157 
0.724897 
0.340066 
0.481335 
0.791716 
0.371657 
0.434387 
0.749071 
0.640038 
0.126379 
