0.000001 
0.008539 
0.507727 
0.365407 
0.387294 
0.249056 
0.884472 
0.325676 
0.641406 
0.112379 
0.749949 
0.400767 
0.683262 
0.583193 
0.718173 
0.326644 
0.902911 
0.223978 
0.398721 
0.306475 
0.924881 
0.477198 
0.269029 
0.573517 
0.106216 
0.168078 
0.879296 
0.333696 
0.425588 
0.855298 
0.998939 
0.160026 
0.558061 
0.336216 
0.783784 
0.065336 
0.103541 
0.208678 
0.243840 
0.221788 
0.584490 
0.519424 
0.962362 
0.422497 
0.911216 
0.806765 
0.300298 
0.113477 
0.215477 
0.526574 
0.124844 
0.245803 
0.205356 
0.411907 
0.923363 
0.958092 
0.659356 
0.790465 
0.343009 
0.946039 
0.075681 
0.976524 
0.434478 
0.274532 
0.064939 
0.426544 
0.928563 
0.363657 
0.989588 
0.010797 
0.460241 
0.271440 
0.099083 
0.296244 
0.974829 
0.954407 
0.710395 
0.609130 
0.641626 
0.812060 
0.293161 
0.148675 
0.773625 
0.311662 
0.104734 
0.257621 
0.831869 
0.220945 
0.424490 
0.408546 
0.432285 
0.415612 
0.197118 
0.957636 
0.981609 
0.904919 
0.965882 
0.580121 
0.088108 
0.825144 
0.195526 
0.198637 
0.497849 
0.348697 
0.555525 
0.708495 
0.675399 
0.424648 
0.061646 
0.084777 
0.841810 
0.298589 
0.387282 
0.050978 
0.794592 
0.710577 
0.665217 
0.306367 
0.111903 
0.748575 
0.296143 
0.270457 
0.575669 
0.272565 
0.993950 
0.322033 
0.413176 
0.245954 
0.742688 
0.357437 
0.435634 
0.706812 
0.396026 
0.015550 
0.348719 
0.923842 
0.008343 
0.217466 
0.958507 
0.620606 
0.523044 
0.808494 
0.351030 
0.755437 
0.633354 
0.785861 
0.964463 
0.725371 
0.304461 
0.069910 
0.969373 
0.257307 
0.554799 
0.499609 
0.935105 
0.301394 
0.532650 
0.242965 
0.517832 
0.202722 
0.152639 
0.395358 
0.787097 
0.741759 
0.746115 
0.957323 
0.725787 
0.308678 
0.944946 
0.708077 
0.651522 
0.126688 
0.242373 
0.561430 
0.958620 
0.530350 
0.584880 
0.085584 
0.404321 
0.420107 
0.740247 
0.330842 
0.459485 
0.558544 
0.456771 
0.945846 
0.835987 
0.435273 
0.633777 
0.887023 
0.198081 
0.147200 
0.997860 
0.029569 
0.959578 
0.625294 
0.309272 
0.941888 
0.317922 
0.309380 
0.744849 
0.678176 
0.107454 
0.975740 
0.266659 
0.735208 
0.643978 
0.331484 
0.248221 
0.846415 
0.705075 
0.197854 
0.333199 
0.082177 
0.154719 
0.366738 
0.765787 
0.585877 
0.830202 
0.212044 
0.829813 
0.659949 
0.761259 
0.485103 
0.126515 
0.343752 
0.436987 
0.437860 
0.115590 
0.714229 
0.047580 
0.677992 
0.010379 
0.447603 
0.861744 
0.329053 
0.394487 
0.145392 
0.611559 
0.464062 
0.493468 
0.720994 
0.740589 
0.077174 
0.055060 
0.387444 
0.767182 
0.036270 
0.582487 
0.862702 
0.438249 
0.649191 
0.958989 
0.727050 
0.522474 
0.222749 
0.736574 
0.601207 
0.493124 
0.940711 
0.534089 
0.432387 
0.120376 
0.152744 
0.175732 
0.529295 
0.862873 
0.312726 
0.979558 
0.437330 
0.206153 
0.806198 
0.771662 
0.330262 
0.713284 
0.156356 
0.882225 
0.560611 
0.196936 
0.903661 
0.832071 
0.618513 
0.346003 
0.279807 
0.710255 
0.263183 
0.321168 
0.872337 
0.374767 
0.702028 
0.976482 
0.734996 
0.084717 
0.839268 
0.571004 
0.856720 
0.886379 
0.377014 
0.476727 
0.343969 
0.093866 
0.600908 
0.457991 
0.447020 
0.072028 
0.576763 
0.654350 
0.665424 
0.786667 
0.519374 
0.123696 
0.964658 
0.000495 
0.317278 
0.495904 
0.666030 
0.961448 
0.062379 
0.401291 
0.489767 
0.506234 
0.272893 
0.507839 
0.245300 
0.764006 
0.647447 
0.646160 
0.016103 
0.637962 
0.229193 
0.054941 
0.397448 
0.916867 
0.782206 
0.530743 
0.202780 
0.123860 
0.708716 
0.385160 
0.388530 
0.029209 
0.916509 
0.774481 
0.704582 
0.911725 
0.357692 
0.725330 
0.620796 
0.717964 
0.822058 
0.333683 
0.205542 
0.538847 
0.399700 
0.752917 
0.274414 
0.079733 
0.077355 
0.104957 
0.005794 
0.383215 
0.699429 
0.311071 
0.162818 
0.489965 
0.835031 
0.371861 
0.875133 
0.364562 
0.185862 
0.777127 
0.179819 
0.224993 
0.457553 
0.093317 
0.377062 
0.282397 
0.238494 
0.372548 
0.421438 
0.115711 
0.762539 
0.985955 
0.947311 
0.464256 
0.756211 
0.641030 
0.798964 
0.189321 
0.921432 
0.501591 
0.244281 
0.626950 
0.140413 
0.918784 
0.002836 
0.659959 
0.933095 
0.528779 
0.196969 
0.466048 
0.874451 
0.905755 
0.027183 
0.867953 
0.679467 
0.795215 
0.181993 
0.753468 
0.536883 
0.394312 
0.198146 
0.242837 
0.367435 
0.485439 
0.767496 
0.309161 
0.062644 
0.858846 
0.626230 
0.051122 
0.207431 
0.284510 
0.763629 
0.307439 
0.120128 
0.989883 
0.963143 
0.547209 
0.940403 
0.353612 
0.150432 
0.311876 
0.705521 
0.689341 
0.750926 
0.808241 
0.106148 
0.026829 
0.907492 
0.210008 
0.604701 
0.203972 
0.151429 
0.067045 
0.826183 
0.655021 
0.931005 
0.408894 
0.288749 
0.010942 
0.904111 
0.392704 
0.172597 
0.845089 
0.405151 
0.368889 
0.909299 
0.584484 
0.416609 
0.950439 
0.035380 
0.624433 
0.843567 
0.833468 
0.088354 
0.969692 
0.609690 
0.064270 
0.179011 
0.632476 
0.020155 
0.749547 
0.632593 
0.987916 
0.901006 
0.211936 
0.014635 
0.969207 
0.463277 
0.301356 
0.888375 
0.920708 
0.332104 
0.665212 
0.220887 
0.456181 
0.027246 
0.919402 
0.386690 
0.103436 
0.451266 
0.433513 
0.046689 
0.697366 
0.636263 
0.677072 
0.553926 
0.839043 
0.798834 
0.010515 
0.721977 
0.269129 
0.258104 
0.957425 
0.435653 
0.026942 
0.817713 
0.295649 
0.973715 
0.234921 
0.314900 
0.530448 
0.240885 
0.560790 
0.201260 
0.577471 
0.558313 
0.561955 
0.770963 
0.580581 
0.821171 
0.419777 
0.191069 
0.303688 
0.084257 
0.103606 
0.305825 
0.000209 
0.509485 
0.911884 
0.027368 
0.974857 
0.419066 
0.240415 
0.652714 
0.158609 
0.735712 
0.119012 
0.234584 
0.650730 
0.818573 
0.756659 
0.159463 
0.101295 
0.464509 
0.005264 
0.479280 
0.262464 
0.225694 
0.246131 
0.728237 
0.472093 
0.464708 
0.348588 
0.712384 
0.033236 
0.599600 
0.483980 
0.246167 
0.320560 
0.646513 
0.942308 
0.366522 
0.135213 
0.521335 
0.077289 
0.002346 
0.436049 
0.683003 
0.234244 
0.931595 
0.316812 
0.656254 
0.658260 
0.377022 
0.601182 
0.057876 
0.729699 
0.055306 
0.522600 
0.336001 
0.175515 
0.883491 
0.825796 
0.151856 
0.236704 
0.278523 
0.134630 
0.730359 
0.147415 
0.609753 
0.113410 
0.082587 
0.037127 
0.987640 
0.263256 
0.549438 
0.412809 
0.074032 
0.253732 
0.466722 
0.189699 
0.266786 
0.867933 
0.348936 
0.559809 
0.702421 
0.582446 
0.178145 
0.090996 
0.362870 
0.749250 
0.642328 
0.600364 
0.324258 
0.797519 
0.903182 
0.774902 
0.780997 
0.222857 
0.555493 
0.167012 
0.970450 
0.359221 
0.434969 
0.517922 
0.712585 
0.422727 
0.774116 
0.570548 
0.197201 
0.352342 
0.804683 
0.306966 
0.171292 
0.898431 
0.928866 
0.458021 
0.961260 
0.893936 
0.380063 
0.719918 
0.669526 
0.718964 
0.632927 
0.608783 
0.814300 
0.931916 
0.704782 
0.268048 
0.075061 
0.556543 
0.812571 
0.882194 
0.031197 
0.323257 
0.981641 
0.443897 
0.578738 
0.851844 
0.946743 
0.906483 
0.257810 
0.020222 
0.874306 
0.454278 
0.051190 
0.346065 
0.322694 
0.515139 
0.939182 
0.827197 
0.705024 
0.343222 
0.538272 
0.736599 
0.018963 
0.717180 
0.641599 
0.360831 
0.481985 
0.723823 
0.300269 
0.616589 
0.012846 
0.900273 
0.886618 
0.386667 
0.705575 
0.596268 
0.481354 
0.108582 
0.942085 
0.627067 
0.116962 
0.787180 
0.126956 
0.750776 
0.298904 
0.671287 
0.314794 
0.750293 
0.181746 
0.596625 
0.476853 
0.472718 
0.977627 
0.981729 
0.917923 
0.537295 
0.313832 
0.571239 
0.820744 
0.249923 
0.450285 
0.933945 
0.818650 
0.045904 
0.510842 
0.721625 
0.359391 
0.285051 
0.845003 
0.969137 
0.289369 
0.422361 
0.623678 
0.152820 
0.443095 
0.101018 
0.810723 
0.821839 
0.642149 
0.593168 
0.376079 
0.764124 
0.635142 
0.824366 
0.122202 
0.846567 
0.255548 
0.995330 
0.506807 
0.904469 
0.407582 
0.224297 
0.759408 
0.377539 
0.301529 
0.802359 
0.253829 
0.106111 
0.410181 
0.913626 
0.311067 
0.102156 
0.940569 
0.138179 
0.374689 
0.396276 
0.211908 
0.543041 
0.896707 
0.953378 
0.420357 
0.932950 
0.097017 
0.564664 
0.313968 
0.857361 
0.666350 
0.342562 
0.447070 
0.907830 
0.891772 
0.013523 
0.288963 
0.598252 
0.827760 
0.159396 
0.964366 
0.101563 
0.975714 
0.833266 
0.698652 
0.243656 
0.121778 
0.729682 
0.762513 
0.562408 
0.385293 
0.615430 
0.528372 
0.343676 
0.165718 
0.228781 
0.120684 
0.338700 
0.534138 
0.261520 
0.365189 
0.736183 
0.029358 
0.423194 
0.618032 
0.266412 
0.586528 
0.777861 
0.506241 
0.399789 
0.261536 
0.629994 
0.317245 
0.935435 
0.850407 
0.797510 
0.750481 
0.341118 
0.165556 
0.500133 
0.733924 
0.054328 
0.082943 
0.029731 
0.682794 
0.724829 
0.203551 
0.089892 
0.809248 
0.034099 
0.107239 
0.371869 
0.009050 
0.107654 
0.348530 
0.739535 
0.360019 
0.835630 
0.437981 
0.147487 
0.817862 
0.812539 
0.342542 
0.106091 
0.069476 
0.679095 
0.544576 
0.685963 
0.984422 
0.187921 
0.381411 
0.378557 
0.401473 
0.557202 
0.900768 
0.200453 
0.005944 
0.905263 
0.751659 
0.126148 
0.167831 
0.732221 
0.432826 
0.499437 
0.030144 
0.631342 
0.971579 
0.321598 
0.105718 
0.807778 
0.320170 
0.105210 
0.264364 
0.171415 
0.979001 
0.066004 
0.332479 
0.970980 
0.269097 
0.709116 
0.107738 
0.744723 
0.554788 
0.327077 
0.184565 
0.982066 
0.590491 
0.389217 
0.562569 
0.104158 
0.579955 
0.306092 
0.482206 
0.438461 
0.212193 
0.326268 
0.583611 
0.746933 
0.704184 
0.219905 
0.945007 
0.728667 
0.705247 
0.083123 
0.054176 
0.540258 
0.112354 
0.336482 
0.259419 
0.054090 
0.096723 
0.625020 
0.712830 
0.535836 
0.800986 
0.169601 
0.480782 
0.510127 
0.710262 
0.369794 
0.128918 
0.728036 
0.106864 
0.057336 
0.638518 
0.576758 
0.579890 
0.214908 
0.957632 
0.922019 
0.376200 
0.786959 
0.418016 
0.598362 
0.669899 
0.997818 
0.322683 
0.335015 
0.596988 
0.570707 
0.872238 
0.705253 
0.192599 
0.004757 
0.947505 
0.710400 
0.684599 
0.060517 
0.114182 
0.056383 
0.623145 
0.197059 
0.962896 
0.397198 
0.712862 
0.075464 
0.331478 
0.156566 
0.407379 
0.811147 
0.946159 
0.096082 
0.851146 
0.215219 
0.182039 
0.525578 
0.397372 
0.637373 
0.326911 
0.394644 
0.785963 
0.672051 
0.166139 
0.296078 
0.190293 
0.256301 
0.648417 
0.937343 
0.918995 
0.542116 
0.336202 
0.549925 
0.584689 
0.860908 
0.284086 
0.626019 
0.502341 
0.844313 
0.362819 
0.906459 
0.864074 
0.485638 
0.126151 
0.224791 
0.064243 
0.728361 
0.555097 
0.510098 
0.216300 
0.362295 
0.099008 
0.024960 
0.502674 
0.448290 
0.417566 
0.030153 
0.787236 
0.072781 
0.224011 
0.957696 
0.998380 
0.768203 
0.186920 
0.570660 
0.076523 
0.126795 
0.043886 
0.587194 
0.969710 
0.910966 
0.611424 
0.205889 
0.369304 
0.894959 
0.583424 
0.615094 
0.885192 
0.416149 
0.214966 
0.927108 
0.902450 
0.474276 
0.154751 
0.894016 
0.729650 
0.227644 
0.006890 
0.806363 
0.548114 
0.149833 
0.234964 
0.042557 
0.256301 
0.645716 
0.556806 
0.235158 
0.307820 
0.531505 
0.009005 
0.354296 
0.652581 
0.926826 
0.156970 
0.194124 
0.645664 
0.679775 
0.979081 
0.419810 
0.739072 
0.579614 
0.568917 
0.785843 
0.667789 
0.522436 
0.573512 
0.019359 
0.361705 
0.171431 
0.234532 
0.774787 
0.846248 
0.897788 
0.119398 
0.726549 
0.114457 
0.677728 
0.582439 
0.050130 
0.527395 
0.926614 
0.609042 
0.168625 
0.084954 
0.815470 
0.607345 
0.651871 
0.003203 
0.837516 
0.129259 
0.455326 
0.671000 
0.498486 
0.053159 
0.444493 
0.598690 
0.182786 
0.084248 
0.956032 
0.029292 
0.306254 
0.202597 
0.052855 
0.332951 
0.901574 
0.745965 
0.427386 
0.083468 
0.843436 
0.620601 
0.436446 
0.342868 
0.578140 
0.791727 
0.563872 
0.002464 
0.415784 
0.087278 
0.889730 
0.693016 
0.518886 
0.915150 
0.923244 
0.959206 
0.382113 
0.168755 
0.264715 
0.062535 
0.023656 
0.593364 
0.670331 
0.255296 
0.760544 
0.461945 
0.909472 
0.490399 
0.134271 
0.695360 
0.912062 
0.034150 
0.951532 
0.405379 
0.199998 
0.366586 
0.212567 
0.618637 
0.439127 
0.403557 
0.575650 
0.947716 
0.254978 
0.411925 
0.222150 
0.676230 
0.403741 
0.676551 
0.797831 
0.150895 
0.097995 
0.994820 
0.933364 
0.045221 
0.023751 
0.185381 
0.692582 
0.223121 
0.994429 
0.375078 
0.930277 
0.165095 
0.758382 
0.132346 
0.336876 
0.876246 
0.071689 
0.883189 
0.755005 
0.372002 
0.236795 
0.812898 
0.381071 
0.664986 
0.423079 
0.692182 
0.499808 
0.273685 
0.822598 
0.406597 
0.674891 
0.898735 
0.031385 
0.492068 
0.185145 
0.727195 
0.972002 
0.445833 
0.112736 
0.754097 
0.114159 
0.662685 
0.746250 
0.226931 
0.026660 
0.074088 
0.189953 
0.543090 
0.720761 
0.830167 
0.615941 
0.122641 
0.224979 
0.215311 
0.735698 
0.881130 
0.143513 
0.026962 
0.147813 
0.296477 
0.894995 
0.180185 
0.371440 
0.791009 
0.488708 
0.716818 
0.565065 
0.054436 
0.908937 
0.505696 
0.227332 
0.763059 
0.726014 
0.114531 
0.929791 
0.997786 
0.789574 
0.375500 
0.029256 
0.699671 
0.366327 
0.862358 
0.654476 
0.776838 
0.314228 
0.234407 
0.673587 
0.975501 
0.247701 
0.107930 
0.976951 
0.608989 
0.280301 
0.019848 
0.588980 
0.982771 
0.439356 
0.259718 
0.085397 
0.268436 
0.596078 
0.288539 
0.478683 
0.217264 
0.553848 
0.525857 
0.073362 
0.993504 
0.816342 
0.254364 
0.096230 
0.341270 
0.724810 
0.883007 
0.696703 
0.482067 
0.100646 
0.559497 
0.460475 
0.202704 
0.845446 
0.405636 
0.522596 
0.265431 
0.099279 
0.590300 
0.177556 
0.189676 
0.881721 
0.077219 
0.811478 
0.514668 
0.021573 
0.571520 
0.535983 
0.268061 
0.300406 
0.924077 
0.956613 
0.795442 
0.998264 
0.815109 
0.537276 
0.995690 
0.560151 
0.464397 
0.122060 
0.462084 
0.243021 
0.455001 
0.195163 
0.111945 
0.455405 
0.999941 
0.009526 
0.103684 
0.612844 
0.073904 
0.109502 
0.401215 
0.221550 
0.596892 
0.964063 
0.005861 
0.511081 
0.741617 
0.349657 
0.691980 
0.109315 
0.262332 
0.018549 
0.748346 
0.448903 
0.713789 
0.645017 
0.792615 
0.471987 
0.678973 
0.503005 
0.001624 
0.291285 
0.631807 
0.785394 
0.123129 
0.436977 
0.264890 
0.998934 
0.081003 
0.421014 
0.989278 
0.793402 
0.714540 
0.272636 
0.199188 
0.746794 
0.365978 
0.990319 
0.298948 
0.415253 
0.165398 
0.836616 
0.004636 
0.917446 
0.518146 
0.486891 
0.178748 
0.218771 
0.889919 
0.861279 
0.514744 
0.306076 
0.210999 
0.259488 
0.220963 
0.723246 
0.600533 
0.154249 
0.467098 
0.520871 
0.286655 
0.815744 
0.207756 
0.747582 
0.612037 
0.512912 
0.506315 
0.635683 
0.919813 
0.288844 
0.594177 
0.340963 
0.571357 
0.801035 
0.993381 
0.753749 
0.259526 
0.847198 
0.850902 
0.115994 
0.503205 
0.370367 
0.759125 
0.608666 
0.854929 
0.788965 
0.134344 
0.914270 
0.133339 
0.029449 
0.957679 
0.706002 
0.779513 
0.283294 
0.319031 
0.958068 
0.249512 
0.551113 
0.559101 
0.814580 
0.653760 
0.740813 
0.849061 
0.165904 
0.350054 
0.363662 
0.075271 
0.086501 
0.827308 
0.573085 
0.834799 
0.461416 
0.019288 
0.165327 
0.647446 
0.626954 
0.222371 
0.382501 
0.701770 
0.644141 
0.071605 
0.469379 
0.848190 
0.537363 
0.466413 
0.009761 
0.060939 
0.196201 
0.548571 
0.834357 
0.032235 
0.773893 
0.813233 
0.009718 
0.326841 
0.214749 
0.280560 
0.369282 
0.530900 
0.840133 
0.122321 
0.857005 
0.682566 
0.890495 
0.552695 
0.152415 
0.643366 
0.045310 
0.527878 
0.038271 
0.212639 
0.816025 
0.931486 
0.484220 
0.293933 
0.138436 
0.696731 
0.955938 
0.450643 
0.950545 
0.808663 
0.193395 
0.386259 
0.863058 
0.423473 
0.304212 
0.884743 
0.874088 
0.800052 
0.479452 
0.153869 
0.072297 
0.098784 
0.267575 
0.131351 
0.622342 
0.699780 
0.208842 
0.014594 
0.281848 
0.025496 
0.508329 
0.481889 
0.105315 
0.022605 
0.924749 
0.248264 
0.570042 
0.688967 
0.465944 
0.124397 
0.740948 
0.121087 
0.111953 
0.597509 
0.331560 
0.535361 
0.814129 
0.067574 
0.715850 
0.298599 
0.547879 
0.206391 
0.815804 
0.211284 
0.048929 
0.348871 
0.467427 
0.052565 
0.458390 
0.168682 
0.038299 
0.696519 
0.402852 
0.741741 
0.445927 
0.693921 
0.728049 
0.324218 
0.124788 
0.309526 
0.208222 
0.591608 
0.149431 
0.480714 
0.352936 
0.795983 
0.078065 
0.037712 
0.829847 
0.239492 
0.134471 
0.059212 
0.168784 
0.757682 
0.364734 
0.091691 
0.047874 
0.613081 
0.056524 
0.006830 
0.792731 
0.431483 
0.926528 
0.163128 
0.693804 
0.757283 
0.662247 
0.393001 
0.161157 
0.557402 
0.259939 
0.797577 
0.877494 
0.045686 
0.843163 
0.036430 
0.281645 
0.615077 
0.601768 
0.906689 
0.723828 
0.371230 
0.269714 
0.086302 
0.481019 
0.487159 
0.689609 
0.259110 
0.862656 
0.661865 
0.969070 
0.155422 
0.175313 
0.479756 
0.252506 
0.863601 
0.542429 
0.610369 
0.470741 
0.744500 
0.808861 
0.527076 
0.564808 
0.728074 
0.740416 
0.172824 
0.644955 
0.763588 
0.620526 
0.180000 
0.266359 
0.699714 
0.099548 
0.111578 
0.294691 
0.873097 
0.145632 
0.644737 
0.095502 
0.095366 
0.810778 
0.746579 
0.752582 
0.651223 
0.099717 
0.942595 
0.195721 
0.475084 
0.740553 
0.471992 
0.764054 
0.450300 
0.187081 
0.276869 
0.344445 
0.090709 
0.545152 
0.375314 
0.896117 
0.045406 
0.132088 
0.996395 
0.413555 
0.626816 
0.895975 
0.643438 
0.264142 
0.433776 
0.477517 
0.632284 
0.788976 
0.321410 
0.930482 
0.611750 
0.684903 
0.160187 
0.268474 
0.239930 
0.507756 
0.861724 
0.987667 
0.716168 
0.641238 
0.292804 
0.157166 
0.493761 
0.634834 
0.661639 
0.167951 
0.750939 
0.026824 
0.825033 
0.327872 
0.547026 
0.866182 
0.915816 
0.113058 
0.164106 
0.136364 
0.864074 
0.484543 
0.710861 
0.440046 
0.853224 
0.140947 
0.900811 
0.923852 
0.175240 
0.260799 
0.242002 
0.334669 
0.784382 
0.113142 
0.577470 
0.545524 
0.629209 
0.111867 
0.146265 
0.279505 
0.640466 
0.320167 
0.038741 
0.113930 
0.815414 
0.663430 
0.273857 
0.712109 
0.421055 
0.671056 
0.444741 
0.760972 
0.661579 
0.151540 
0.938393 
0.563630 
0.932400 
0.846749 
0.317498 
0.181874 
0.755036 
0.888832 
0.597711 
0.721560 
0.259833 
0.015043 
0.830867 
0.377503 
0.689116 
0.970437 
0.137367 
0.733288 
0.373854 
0.357296 
0.069848 
0.938061 
0.996812 
0.419072 
0.337125 
0.065162 
0.173575 
0.275393 
0.523765 
0.913249 
0.981053 
0.549879 
0.822345 
0.159579 
0.036467 
0.892619 
0.244046 
0.686850 
0.887888 
0.730983 
0.639070 
0.854724 
0.339289 
0.434237 
0.222774 
0.162790 
0.017612 
0.003366 
0.568246 
0.505071 
0.730715 
0.123130 
0.446360 
0.978698 
0.969715 
0.002511 
0.208932 
0.521342 
0.199897 
0.673335 
0.749027 
0.895970 
0.565785 
0.146208 
0.317769 
0.750908 
0.515754 
0.275929 
0.544727 
0.234761 
0.632811 
0.661989 
0.052574 
0.619230 
0.401766 
0.483276 
0.415381 
0.302349 
0.571980 
0.259835 
0.042717 
0.948486 
0.197922 
0.475982 
0.835389 
0.377050 
0.083051 
0.839492 
0.349387 
0.143928 
0.001407 
0.653104 
0.712535 
0.584108 
0.105503 
0.193459 
0.459615 
0.744551 
0.670990 
0.335204 
0.780285 
0.250656 
0.780988 
0.059912 
0.938744 
0.464204 
0.874704 
0.145339 
0.704709 
0.049012 
0.749180 
0.471558 
0.468023 
0.057294 
0.948334 
0.653836 
0.013342 
0.235724 
0.813266 
0.568254 
0.652630 
0.744172 
0.305875 
0.835948 
0.772192 
0.226214 
0.981705 
0.524304 
0.975778 
0.899757 
0.221504 
0.825306 
0.916605 
0.388357 
0.111875 
0.285215 
0.601396 
0.657357 
0.194609 
0.788274 
0.515324 
0.045530 
0.227614 
0.502246 
0.249784 
0.116939 
0.389326 
0.403496 
0.554223 
0.819447 
0.448773 
0.524557 
0.237228 
0.093863 
0.563834 
0.363488 
0.144609 
0.446353 
0.858359 
0.444685 
0.815077 
0.004504 
0.692300 
0.483448 
0.315317 
0.525140 
0.034434 
0.727817 
0.418265 
0.771633 
0.827746 
0.934982 
0.249829 
0.874555 
0.641832 
0.265500 
0.262943 
0.286330 
0.354887 
0.584541 
0.378415 
0.023838 
0.640240 
0.515095 
0.207674 
0.384753 
0.542375 
0.691342 
0.382893 
0.278330 
0.899820 
0.268688 
0.844435 
0.419926 
0.693308 
0.433775 
0.462264 
0.265134 
0.114203 
0.412302 
0.567136 
0.860296 
0.994946 
0.052854 
0.319779 
0.523476 
0.062207 
0.519214 
0.436207 
0.335125 
0.444512 
0.907127 
0.087017 
0.489996 
0.357731 
0.386118 
0.487787 
0.230922 
0.111347 
0.404305 
0.148603 
0.562838 
0.626610 
0.427758 
0.330311 
0.543638 
0.921065 
0.340094 
0.963658 
0.202524 
0.816453 
0.124718 
0.128378 
0.656773 
0.391987 
0.130171 
0.782011 
0.251495 
0.869548 
0.493860 
0.303440 
0.912685 
0.489459 
0.335015 
0.600142 
0.580436 
0.381183 
0.541256 
0.897795 
0.245309 
0.906485 
0.292880 
0.441051 
0.741754 
0.665519 
0.381181 
0.502179 
0.129619 
0.507935 
0.866376 
0.186064 
0.177834 
0.847986 
0.093988 
0.654226 
0.580550 
0.303746 
0.061989 
0.856403 
0.567516 
0.243890 
0.054920 
0.045113 
0.217182 
0.186206 
0.560454 
0.554519 
0.800250 
0.807138 
0.574472 
0.143636 
0.089727 
0.036483 
0.168827 
0.475665 
0.509881 
0.568344 
0.152326 
0.146674 
0.153319 
0.832877 
0.162992 
0.404458 
0.718109 
0.260215 
0.432361 
0.687170 
0.273095 
0.909938 
0.327193 
0.130748 
0.483844 
0.965962 
0.917522 
0.791497 
0.685022 
0.164669 
0.595235 
0.119446 
0.520894 
0.673802 
0.595510 
0.736229 
0.793658 
0.008970 
0.766982 
0.662345 
0.036632 
0.675120 
0.742327 
0.291445 
0.310640 
0.934133 
0.979626 
0.580082 
0.433213 
0.006108 
0.653375 
0.272898 
0.600957 
0.281904 
0.956129 
0.666717 
0.510751 
0.192502 
0.374806 
0.361595 
0.323578 
0.373524 
0.824585 
0.798201 
0.356431 
0.541751 
0.210393 
0.081616 
0.720532 
0.981550 
0.908622 
0.205451 
0.022605 
0.926314 
0.555821 
0.691106 
0.418993 
0.019392 
0.916234 
0.149872 
0.894031 
0.971234 
0.536088 
0.031976 
0.418636 
0.007198 
0.981996 
0.408177 
0.238637 
0.777756 
0.746028 
0.498934 
0.579731 
0.546124 
0.703413 
0.262756 
0.139864 
0.691769 
0.554438 
0.431277 
0.480312 
0.602724 
0.979860 
0.510093 
0.133529 
0.218648 
0.817120 
0.341165 
0.956372 
0.735936 
0.873705 
0.356908 
