0.000001 
0.010808 
0.653685 
0.490950 
0.395832 
0.751555 
0.382636 
0.968615 
0.512174 
0.108336 
0.810889 
0.616369 
0.314010 
0.563143 
0.744085 
0.830518 
0.515967 
0.857299 
0.631195 
0.497014 
0.309130 
0.548131 
0.433116 
0.376744 
0.932799 
0.556476 
0.688642 
0.003514 
0.062087 
0.495112 
0.344211 
0.153067 
0.595493 
0.447584 
0.548493 
0.529083 
0.291466 
0.673862 
0.602881 
0.622629 
0.532704 
0.160701 
0.901945 
0.994013 
0.384408 
0.747152 
0.379204 
0.287546 
0.780545 
0.612464 
0.684151 
0.529288 
0.747567 
0.366493 
0.646346 
0.144936 
0.946444 
0.880506 
0.663332 
0.616388 
0.639336 
0.325921 
0.746118 
0.999202 
0.584492 
0.552757 
0.181802 
0.545564 
0.302128 
0.862429 
0.847473 
0.476498 
0.500306 
0.649966 
0.981887 
0.581151 
0.399684 
0.493316 
0.165982 
0.651196 
0.652479 
0.215692 
0.129584 
0.913295 
0.756771 
0.049289 
0.399460 
0.726054 
0.793970 
0.251331 
0.118227 
0.042127 
0.030449 
0.752058 
0.830983 
0.327857 
0.300535 
0.083544 
0.126193 
0.927153 
0.659964 
0.016790 
0.193886 
0.640285 
0.270559 
0.287288 
0.455294 
0.122309 
0.647235 
0.075231 
0.401044 
0.353210 
0.392151 
0.880294 
0.108462 
0.916871 
0.856705 
0.638949 
0.809842 
0.014465 
0.120049 
0.657655 
0.206232 
0.142449 
0.138997 
0.116158 
0.260858 
0.236170 
0.316821 
0.817250 
0.522100 
0.934104 
0.493045 
0.612717 
0.939121 
0.810106 
0.448691 
0.142366 
0.743078 
0.904727 
0.739986 
0.939990 
0.419589 
0.037817 
0.597307 
0.944339 
0.506804 
0.853104 
0.125078 
0.186567 
0.638593 
0.826160 
0.272389 
0.048543 
0.864692 
0.883800 
0.020705 
0.989491 
0.381417 
0.476590 
0.043807 
0.269468 
0.952320 
0.642868 
0.688712 
0.186125 
0.211102 
0.992927 
0.131045 
0.479243 
0.642302 
0.171362 
0.080401 
0.291783 
0.996200 
0.138783 
0.533199 
0.472219 
0.586038 
0.534526 
0.779359 
0.692844 
0.626534 
0.152475 
0.642347 
0.923202 
0.258019 
0.517060 
0.221124 
0.423445 
0.847433 
0.813276 
0.725064 
0.143753 
0.052408 
0.819918 
0.360316 
0.838449 
0.812145 
0.715173 
0.907091 
0.482641 
0.747382 
0.247935 
0.046981 
0.603412 
0.545677 
0.184949 
0.434274 
0.842255 
0.773335 
0.445680 
0.537258 
0.693389 
0.781547 
0.453222 
0.302064 
0.794772 
0.725490 
0.309655 
0.366610 
0.608973 
0.007607 
0.848696 
0.032739 
0.236225 
0.230503 
0.064789 
0.909834 
0.585106 
0.871410 
0.783966 
0.115797 
0.192612 
0.228294 
0.929810 
0.309612 
0.649667 
0.958352 
0.026462 
0.744711 
0.357188 
0.261002 
0.661390 
0.983536 
0.283281 
0.107680 
0.780099 
0.127786 
0.704301 
0.179855 
0.821754 
0.213899 
0.999134 
0.449621 
0.784249 
0.876452 
0.524535 
0.856100 
0.466657 
0.095854 
0.019364 
0.445682 
0.571897 
0.879639 
0.090703 
0.438706 
0.329857 
0.908130 
0.944961 
0.964892 
0.932502 
0.559730 
0.387802 
0.785559 
0.885360 
0.252386 
0.851700 
0.517845 
0.417008 
0.657278 
0.869080 
0.627709 
0.908720 
0.848637 
0.038915 
0.041735 
0.444269 
0.836437 
0.994959 
0.271789 
0.957864 
0.826759 
0.340998 
0.149914 
0.600486 
0.361219 
0.006101 
0.544784 
0.186088 
0.577111 
0.511323 
0.810710 
0.608007 
0.766701 
0.944555 
0.137175 
0.497664 
0.232253 
0.471362 
0.180408 
0.110167 
0.576245 
0.951569 
0.012689 
0.269282 
0.828378 
0.545504 
0.290726 
0.234067 
0.971686 
0.119949 
0.990216 
0.554317 
0.406134 
0.893790 
0.925158 
0.130374 
0.192507 
0.473434 
0.000801 
0.461848 
0.282487 
0.757311 
0.121867 
0.212685 
0.594913 
0.703700 
0.081491 
0.613713 
0.666671 
0.733913 
0.883188 
0.746130 
0.208150 
0.380360 
0.703649 
0.223024 
0.365269 
0.074484 
0.859593 
0.177684 
0.331941 
0.931242 
0.388431 
0.360189 
0.693961 
0.405891 
0.812049 
0.101743 
0.997452 
0.178655 
0.646736 
0.683641 
0.953842 
0.214646 
0.547700 
0.192996 
0.689697 
0.738474 
0.529984 
0.446683 
0.392956 
0.416939 
0.497590 
0.994246 
0.297882 
0.508121 
0.997699 
0.323562 
0.111638 
0.307118 
0.732909 
0.005717 
0.084453 
0.398100 
0.874668 
0.549376 
0.365218 
0.214938 
0.458934 
0.311963 
0.163902 
0.703859 
0.757874 
0.591124 
0.018702 
0.319527 
0.295366 
0.219079 
0.055557 
0.747587 
0.695553 
0.152649 
0.570708 
0.891240 
0.079003 
0.802321 
0.607277 
0.506357 
0.343304 
0.908927 
0.344050 
0.445855 
0.490734 
0.766189 
0.340010 
0.546757 
0.338283 
0.517712 
0.187534 
0.882183 
0.847762 
0.340579 
0.104100 
0.602105 
0.580228 
0.886435 
0.315028 
0.675249 
0.908650 
0.688127 
0.352613 
0.373350 
0.885408 
0.044939 
0.288892 
0.402007 
0.539918 
0.397109 
0.209002 
0.694859 
0.502003 
0.157767 
0.584408 
0.146616 
0.182020 
0.204142 
0.008876 
0.171185 
0.107343 
0.111436 
0.913221 
0.502619 
0.513352 
0.913394 
0.418364 
0.442476 
0.698599 
0.359613 
0.007843 
0.819303 
0.019562 
0.773571 
0.412483 
0.596716 
0.006548 
0.059562 
0.060272 
0.984614 
0.405544 
0.986099 
0.372249 
0.395610 
0.020451 
0.715206 
0.465338 
0.941531 
0.319409 
0.303195 
0.801258 
0.743214 
0.191106 
0.926338 
0.967606 
0.551829 
0.593021 
0.896083 
0.464431 
0.687460 
0.146513 
0.438312 
0.716481 
0.898696 
0.380443 
0.099615 
0.223682 
0.419773 
0.122565 
0.953428 
0.270872 
0.539001 
0.994196 
0.450451 
0.727959 
0.809017 
0.145928 
0.607939 
0.625382 
0.788910 
0.213039 
0.548925 
0.786021 
0.653220 
0.664025 
0.268506 
0.781382 
0.686554 
0.904729 
0.779744 
0.151954 
0.894626 
0.980488 
0.054873 
0.257006 
0.493454 
0.485866 
0.950820 
0.426479 
0.829146 
0.461330 
0.576348 
0.674865 
0.449798 
0.760782 
0.459576 
0.096277 
0.132923 
0.035156 
0.872558 
0.074847 
0.953666 
0.260262 
0.216516 
0.984316 
0.392747 
0.901256 
0.407778 
0.527463 
0.072121 
0.137404 
0.341608 
0.411513 
0.292174 
0.568652 
0.337124 
0.037488 
0.055956 
0.454973 
0.736898 
0.048298 
0.741370 
0.200116 
0.356707 
0.167487 
0.962386 
0.829273 
0.587755 
0.393386 
0.640905 
0.690642 
0.619187 
0.670501 
0.118503 
0.676496 
0.868622 
0.932385 
0.589301 
0.381957 
0.544800 
0.458946 
0.510557 
0.935276 
0.188910 
0.004972 
0.559773 
0.108055 
0.076664 
0.487557 
0.365377 
0.887792 
0.112803 
0.885994 
0.898307 
0.838013 
0.480230 
0.221409 
0.217942 
0.948752 
0.678495 
0.465081 
0.615529 
0.201626 
0.728168 
0.316788 
0.251036 
0.157741 
0.155860 
0.531951 
0.501392 
0.898868 
0.273257 
0.623019 
0.085293 
0.516135 
0.679926 
0.523716 
0.090095 
0.231109 
0.248907 
0.377420 
0.299849 
0.566126 
0.881019 
0.289720 
0.328773 
0.693171 
0.132979 
0.983305 
0.412516 
0.148420 
0.499848 
0.945540 
0.684021 
0.345481 
0.495466 
0.302230 
0.582736 
0.037147 
0.326764 
0.927154 
0.683655 
0.181675 
0.411196 
0.974234 
0.956987 
0.076745 
0.859347 
0.045807 
0.877455 
0.390627 
0.261833 
0.626568 
0.724254 
0.530073 
0.936831 
0.319357 
0.425890 
0.941358 
0.409017 
0.345918 
0.850093 
0.518655 
0.038530 
0.573718 
0.486174 
0.129567 
0.638582 
0.648869 
0.546875 
0.321179 
0.063254 
0.107571 
0.938257 
0.287800 
0.058986 
0.375108 
0.445636 
0.796907 
0.613244 
0.784883 
0.526692 
0.119707 
0.912622 
0.445930 
0.744033 
0.964507 
0.465096 
0.861583 
0.618147 
0.203892 
0.818285 
0.920213 
0.015600 
0.191549 
0.359785 
0.901095 
0.708823 
0.195071 
0.554341 
0.804809 
0.428718 
0.460271 
0.768094 
0.355581 
0.254385 
0.453551 
0.830525 
0.641400 
0.013430 
0.717694 
0.282678 
0.969644 
0.807010 
0.417180 
0.541561 
0.016296 
0.879519 
0.076438 
0.689709 
0.943689 
0.582327 
0.173836 
0.658065 
0.106671 
0.826415 
0.551128 
0.809623 
0.339179 
0.580123 
0.131536 
0.728330 
0.049458 
0.248219 
0.823249 
0.353222 
0.606100 
0.728809 
0.091155 
0.035528 
0.114674 
0.326225 
0.868515 
0.139230 
0.045895 
0.357351 
0.002524 
0.427812 
0.238663 
0.213943 
0.741575 
0.650356 
0.527534 
0.262567 
0.955745 
0.200351 
0.307129 
0.918355 
0.793607 
0.152562 
0.112976 
0.794359 
0.787296 
0.087399 
0.914404 
0.387271 
0.860132 
0.245628 
0.274795 
0.481750 
0.777283 
0.792144 
0.565608 
0.180022 
0.627601 
0.089402 
0.574405 
0.025717 
0.232068 
0.372261 
0.583983 
0.003474 
0.379706 
0.715364 
0.116169 
0.448065 
0.620063 
0.396128 
0.728406 
0.314419 
0.437841 
0.800265 
0.056745 
0.709149 
0.664177 
0.818384 
0.581986 
0.434157 
0.869610 
0.542296 
0.368615 
0.312856 
0.178432 
0.899673 
0.810661 
0.771313 
0.456384 
0.446375 
0.227521 
0.950614 
0.962520 
0.072576 
0.790121 
0.569308 
0.362819 
0.894970 
0.766601 
0.257026 
0.827758 
0.122487 
0.632157 
0.666864 
0.981692 
0.302974 
0.087129 
0.381246 
0.595774 
0.167832 
0.750816 
0.966610 
0.817682 
0.782858 
0.486298 
0.218605 
0.099607 
0.088286 
0.816038 
0.150491 
0.306146 
0.397664 
0.545078 
0.122335 
0.090849 
0.900138 
0.621917 
0.559987 
0.704702 
0.924894 
0.691398 
0.326753 
0.735581 
0.901676 
0.474598 
0.573267 
0.897797 
0.274024 
0.518630 
0.608808 
0.228385 
0.464748 
0.026774 
0.987877 
0.256826 
0.468132 
0.896170 
0.935499 
0.924733 
0.989688 
0.693059 
0.244727 
0.124236 
0.027640 
0.548391 
0.814012 
0.100573 
0.323556 
0.012971 
0.010223 
0.816612 
0.803504 
0.487891 
0.979638 
0.783192 
0.101891 
0.475429 
0.541599 
0.648244 
0.029760 
0.183784 
0.853262 
0.767041 
0.660786 
0.838417 
0.268494 
0.574257 
0.538990 
0.809877 
0.604002 
0.467016 
0.139760 
0.944719 
0.900141 
0.677625 
0.845963 
0.103385 
0.596533 
0.928594 
0.878241 
0.599159 
0.060731 
0.706415 
0.717300 
0.665585 
0.479760 
0.329963 
0.693090 
0.768303 
0.870725 
0.268090 
0.783567 
0.409428 
0.251179 
0.561337 
0.383665 
0.260477 
0.836658 
0.708986 
0.923766 
0.730328 
0.622814 
0.631813 
0.888663 
0.764244 
0.649203 
0.153380 
0.862631 
0.247467 
0.174725 
0.609217 
0.109477 
0.987302 
0.582549 
0.898217 
0.334536 
0.544976 
0.416594 
0.692999 
0.231376 
0.742965 
0.006128 
0.987960 
0.644879 
0.484086 
0.033694 
0.288296 
0.390892 
0.715139 
0.338012 
0.975452 
0.417589 
0.420893 
0.942847 
0.424097 
0.790498 
0.894791 
0.754716 
0.517712 
0.186775 
0.123017 
0.554046 
0.851516 
0.425678 
0.363064 
0.016900 
0.036558 
0.423277 
0.010038 
0.708949 
0.304739 
0.748975 
0.019855 
0.699629 
0.664020 
0.187401 
0.655283 
0.348600 
0.913412 
0.712862 
0.077906 
0.371268 
0.905427 
0.506220 
0.034525 
0.261425 
0.774002 
0.656938 
0.155697 
0.806222 
0.178227 
0.455280 
0.898561 
0.113410 
0.074674 
0.052423 
0.070659 
0.567973 
0.921761 
0.045071 
0.511925 
0.921503 
0.698055 
0.215181 
0.546185 
0.737981 
0.242971 
0.607405 
0.652708 
0.055551 
0.646118 
0.308129 
0.729647 
0.171748 
0.564007 
0.273152 
0.868872 
0.126223 
0.428455 
0.049908 
0.804493 
0.110786 
0.980143 
0.263321 
0.636091 
0.777003 
0.094992 
0.531298 
0.533800 
0.577924 
0.176524 
0.839547 
0.258404 
0.994945 
0.048370 
0.948626 
0.561626 
0.255682 
0.243587 
0.972593 
0.378560 
0.455029 
0.670287 
0.507987 
0.743305 
0.732150 
0.242975 
0.677967 
0.597405 
0.593136 
0.835708 
0.737542 
0.865671 
0.326008 
0.208295 
0.809547 
0.060021 
0.780954 
0.486466 
0.033469 
0.506641 
0.120888 
0.757086 
0.346168 
0.042938 
0.652511 
0.744606 
0.584844 
0.476575 
0.791336 
0.991961 
0.880231 
0.048263 
0.150401 
0.781734 
0.598828 
0.496026 
0.708289 
0.221113 
0.248784 
0.318615 
0.969300 
0.030069 
0.377315 
0.540247 
0.925218 
0.136430 
0.980560 
0.270786 
0.099309 
0.091916 
0.829012 
0.201591 
0.144626 
0.727766 
0.562608 
0.745255 
0.497871 
0.716059 
0.807763 
0.066714 
0.253941 
0.986005 
0.786893 
0.312017 
0.072755 
0.792583 
0.937125 
0.254994 
0.679681 
0.392958 
0.445513 
0.742054 
0.709278 
0.829514 
0.641305 
0.417688 
0.083456 
0.646720 
0.418296 
0.296672 
0.171802 
0.473627 
0.252579 
0.097444 
0.737806 
0.300624 
0.581339 
0.565012 
0.162504 
0.204911 
0.945152 
0.165047 
0.944847 
0.042344 
0.674845 
0.112333 
0.982895 
0.513688 
0.561239 
0.742413 
0.734001 
0.355751 
0.107120 
0.371942 
0.237282 
0.990437 
0.269768 
0.997988 
0.186422 
0.195537 
0.384827 
0.781829 
0.199312 
0.842163 
0.241073 
0.714441 
0.616068 
0.253260 
0.546272 
0.185804 
0.813013 
0.302774 
0.716562 
0.265102 
0.562875 
0.232817 
0.950214 
0.251753 
0.206906 
0.472973 
0.261790 
0.898496 
0.026898 
0.078160 
0.632358 
0.048795 
0.090705 
0.474801 
0.982136 
0.759876 
0.239370 
0.087391 
0.772269 
0.529500 
0.311876 
0.700582 
0.688996 
0.963967 
0.400008 
0.930021 
0.863582 
0.222339 
0.846372 
0.968669 
0.412754 
0.161618 
0.315314 
0.487049 
0.840019 
0.196714 
0.168072 
0.793488 
0.153387 
0.968835 
0.215252 
0.738948 
0.491507 
0.760889 
0.263460 
0.977991 
0.092425 
0.386763 
0.327574 
0.539785 
0.173168 
0.431123 
0.886504 
0.480515 
0.019584 
0.142021 
0.948473 
0.984074 
0.337459 
0.675565 
0.220846 
0.751056 
0.998685 
0.902293 
0.844404 
0.906414 
0.104415 
0.901770 
0.051158 
0.808386 
0.545111 
0.673899 
0.216468 
0.185220 
0.989964 
0.331044 
0.853358 
0.394222 
0.682319 
0.740954 
0.217422 
0.210587 
0.343420 
0.856034 
0.367286 
0.982754 
0.139755 
0.861650 
0.758058 
0.682735 
0.733463 
0.311927 
0.563729 
0.597037 
0.408136 
0.547107 
0.230334 
0.215365 
0.631927 
0.799401 
0.531379 
0.888169 
0.455238 
0.188741 
0.162176 
0.694373 
0.320058 
0.213295 
0.845610 
0.163249 
0.730710 
0.045101 
0.014613 
0.593635 
0.227900 
0.313154 
0.185844 
0.486519 
0.918670 
0.088169 
0.860854 
0.380257 
0.984555 
0.421707 
0.633827 
0.738407 
0.404826 
0.916570 
0.793811 
0.580723 
0.215703 
0.326824 
0.928632 
0.522101 
0.949914 
0.199377 
0.935468 
0.412388 
0.999925 
0.746247 
0.172491 
0.049806 
0.083466 
0.819636 
0.614187 
0.640661 
0.587817 
0.432971 
0.936842 
0.501194 
0.574860 
0.675414 
0.686182 
0.659912 
0.147828 
0.553268 
0.781362 
0.346412 
0.140918 
0.416836 
0.758571 
0.297721 
0.795291 
0.448808 
0.117546 
0.592360 
0.797916 
0.567030 
0.071532 
0.244239 
0.922835 
0.080227 
0.374762 
0.626417 
0.189911 
0.831979 
0.065793 
0.774987 
0.206304 
0.358682 
0.374350 
0.694437 
0.408659 
0.330399 
0.012295 
0.644699 
0.456831 
0.954164 
0.638460 
0.602563 
0.282173 
0.486822 
0.023811 
0.187375 
0.212522 
0.861311 
0.053519 
0.498949 
0.836984 
0.193220 
0.450354 
0.092592 
0.198958 
0.880223 
0.910972 
0.714521 
0.953172 
0.958213 
0.693147 
0.726243 
0.964456 
0.603921 
0.101064 
0.586520 
0.636626 
0.775317 
0.746145 
0.461255 
0.312428 
0.979768 
0.968290 
0.057727 
0.214570 
0.282481 
0.662627 
0.777706 
0.899497 
0.845617 
0.285662 
0.113254 
0.467946 
0.761326 
0.605996 
0.968533 
0.137997 
0.308881 
0.361602 
0.450255 
0.444163 
0.052330 
0.509236 
0.726936 
0.615141 
0.674551 
0.185923 
0.812157 
0.920764 
0.273248 
0.478850 
0.027697 
0.510495 
0.885846 
0.418435 
0.642924 
0.622234 
0.881957 
0.058328 
0.322013 
0.074357 
0.712029 
0.077080 
0.475925 
0.876392 
0.525718 
0.740501 
0.604227 
0.248718 
0.198991 
0.436404 
0.643887 
0.806743 
0.924797 
0.061940 
0.027724 
0.951894 
0.485560 
0.803002 
0.051714 
0.161657 
0.961107 
0.327638 
0.613180 
0.712349 
0.456668 
0.210748 
0.039894 
0.490948 
0.358180 
0.923256 
0.165431 
0.402830 
0.368995 
0.695691 
0.479241 
0.598216 
0.219001 
0.755621 
0.715590 
0.918352 
0.741687 
0.530876 
0.427269 
0.109384 
0.409443 
0.512157 
0.820420 
0.798739 
0.407776 
0.492957 
0.122013 
0.673538 
0.153177 
0.440763 
0.901121 
0.148939 
0.222587 
0.019634 
0.994978 
0.594314 
0.630114 
0.322087 
0.312934 
0.487768 
0.908554 
0.069853 
0.021083 
0.349669 
0.880329 
0.697725 
0.660016 
0.892624 
0.324681 
0.920681 
0.889522 
0.203293 
0.739917 
0.791220 
0.039970 
0.777415 
0.013643 
0.303697 
0.239516 
0.550247 
0.004207 
0.701526 
0.545941 
0.624222 
0.298465 
0.293110 
0.301165 
0.678085 
0.566927 
0.340598 
0.426249 
0.960541 
0.806500 
0.843165 
0.080054 
0.473277 
0.359143 
0.117603 
0.551270 
0.202332 
0.597921 
0.261646 
0.484468 
0.459221 
0.127739 
0.916467 
0.059949 
0.567600 
0.657019 
0.517947 
0.142089 
0.085003 
0.638593 
0.831138 
0.930423 
0.613528 
0.566176 
0.723763 
0.278748 
0.909867 
0.139377 
0.509104 
0.508489 
0.176790 
0.301133 
0.136828 
0.676575 
0.187725 
0.100425 
0.843936 
0.027092 
0.331597 
0.153965 
0.692442 
0.867846 
0.880928 
0.753811 
0.300926 
0.659901 
0.961890 
0.478498 
0.110117 
0.736577 
0.656892 
0.384487 
0.072579 
0.829778 
0.071281 
0.014986 
0.875189 
0.298193 
0.723223 
0.202828 
0.930007 
0.627046 
0.755768 
0.186719 
0.185731 
0.588538 
0.558130 
0.485878 
0.158712 
0.464745 
0.973320 
0.584784 
0.472475 
0.887731 
0.095939 
0.444256 
0.610004 
0.343672 
0.098607 
0.292248 
0.805046 
0.413819 
0.055077 
0.686497 
0.957605 
0.471236 
0.062678 
0.431611 
0.087718 
0.271022 
0.058685 
0.322013 
0.072721 
0.220632 
0.155567 
0.618048 
0.528040 
0.763248 
0.908176 
0.721502 
0.275769 
0.848175 
0.284470 
0.085865 
0.134985 
0.699226 
0.888458 
0.320383 
0.681673 
0.876639 
0.669131 
0.081687 
0.907088 
0.425610 
0.231520 
0.151952 
0.863469 
0.328553 
0.990086 
0.370830 
0.547082 
0.809345 
0.666203 
0.866041 
0.550155 
0.448911 
0.854577 
0.878287 
0.376755 
0.129210 
0.628807 
0.359808 
0.287225 
0.388677 
0.494852 
0.975899 
0.942001 
0.218094 
0.500501 
0.916630 
0.802356 
0.197792 
0.295548 
0.276074 
0.978681 
0.697647 
0.354382 
0.101117 
0.466806 
0.612423 
0.995141 
0.337033 
0.521817 
0.184829 
0.417066 
0.635050 
0.279566 
0.667427 
0.445651 
0.057908 
0.266940 
0.466773 
0.049942 
0.374307 
0.982527 
0.336836 
0.203476 
0.820345 
0.538482 
0.272365 
0.634740 
0.067220 
0.763599 
0.812280 
0.987348 
0.352358 
0.086597 
0.429632 
0.830602 
0.934833 
0.737525 
0.586872 
0.555380 
0.279902 
0.315898 
0.292723 
0.797859 
0.616103 
0.835660 
0.930776 
0.555855 
0.262580 
0.176746 
0.564413 
0.090217 
0.280780 
0.074857 
0.122066 
0.558849 
0.576234 
0.759204 
0.945395 
0.246068 
0.666785 
0.659576 
0.492885 
0.924446 
0.155810 
0.693590 
0.173526 
0.456754 
0.671125 
0.596548 
0.177253 
0.096846 
0.691456 
0.292723 
0.787082 
0.488568 
0.367131 
0.369545 
0.935370 
0.755780 
0.396309 
0.767698 
0.699066 
0.208663 
0.992496 
0.885721 
0.319567 
0.970437 
0.142533 
0.548228 
0.073366 
0.066383 
0.696225 
0.451124 
0.046259 
0.469785 
0.672753 
0.962473 
0.284946 
0.090198 
0.960893 
0.730842 
0.265732 
0.152007 
0.780939 
0.240381 
0.090796 
0.008496 
0.784789 
0.956840 
0.612472 
0.819070 
0.109218 
0.627717 
0.036117 
0.020752 
0.782350 
0.948583 
0.829360 
0.054072 
0.787221 
0.831650 
0.544759 
0.757719 
0.987815 
0.209618 
0.054390 
0.126034 
0.254597 
0.004531 
0.155762 
0.888187 
0.751286 
0.868653 
0.444699 
0.052913 
0.306348 
0.782436 
0.402307 
0.578894 
0.475854 
0.673276 
0.747698 
0.556741 
0.154047 
0.072379 
0.479113 
0.455732 
0.486422 
0.287459 
0.324676 
0.821576 
0.226511 
0.973098 
0.853297 
0.359693 
0.359794 
0.051440 
0.549734 
0.373310 
0.223375 
0.263440 
0.634687 
0.187348 
0.759305 
0.639537 
0.704916 
0.528460 
0.819033 
0.485699 
0.143673 
0.715703 
0.823392 
0.749312 
0.689167 
0.831831 
0.580944 
0.921865 
0.783323 
0.317747 
0.374773 
0.809656 
0.884145 
0.819387 
0.441331 
0.454317 
0.697734 
0.814282 
0.633966 
0.061187 
0.373432 
0.264539 
0.107814 
0.036348 
0.893655 
0.651426 
0.509087 
0.223093 
0.519807 
0.397454 
0.001118 
0.786495 
0.622037 
0.571450 
0.363170 
0.804357 
0.820454 
0.367207 
0.655018 
0.885534 
0.174345 
0.221827 
0.253676 
0.526462 
0.239831 
0.843377 
0.641084 
0.693033 
0.803163 
0.762229 
0.775362 
0.507948 
0.086477 
0.423280 
0.066310 
0.465646 
0.107006 
0.443423 
0.616292 
0.016179 
0.914811 
0.224716 
0.796441 
0.790521 
0.293349 
0.316578 
0.718745 
0.944743 
0.294583 
0.050610 
0.598597 
0.611384 
0.532531 
0.252626 
0.879854 
0.702024 
0.920289 
0.293678 
0.838504 
0.731320 
0.302239 
0.729762 
0.106035 
0.128347 
0.128533 
0.248977 
0.548949 
0.191356 
0.126805 
0.219267 
0.217489 
0.329375 
0.801773 
0.392447 
0.862295 
0.592109 
0.574400 
0.936583 
0.148199 
0.783246 
0.017631 
0.317407 
0.653533 
0.924230 
0.525908 
0.941298 
0.402671 
0.690968 
0.095344 
0.450092 
0.696075 
0.925704 
0.301243 
0.988814 
0.989534 
0.097538 
0.315743 
0.686393 
0.215189 
0.687310 
0.627377 
0.318140 
0.986584 
0.511533 
0.327599 
0.954638 
0.596704 
0.802437 
0.554047 
0.873469 
0.389173 
0.835993 
0.530520 
0.448659 
0.603794 
0.970186 
0.924480 
0.731157 
0.562548 
0.743182 
0.662553 
0.521816 
0.162171 
0.615170 
0.157642 
0.487434 
0.306275 
0.558807 
0.863744 
0.953585 
0.903678 
0.114008 
0.135793 
0.272130 
0.692159 
0.117216 
0.048912 
0.056423 
0.294898 
0.348490 
0.078911 
0.255322 
0.190384 
0.780345 
0.264977 
0.472944 
0.776484 
0.371791 
0.696474 
0.642129 
0.268734 
0.608610 
0.901098 
0.752573 
0.491306 
0.388092 
0.659047 
0.597575 
0.442122 
0.747499 
0.209349 
0.521294 
0.386839 
0.607139 
0.178920 
0.109715 
0.975792 
0.133218 
0.993725 
0.532067 
0.450041 
0.835049 
0.664403 
0.626116 
0.135900 
0.069143 
0.083695 
0.655245 
0.705702 
0.741805 
0.513671 
0.262819 
0.206551 
0.503066 
0.026221 
0.692358 
0.458168 
0.426065 
0.878783 
0.697814 
0.157866 
0.252207 
0.849270 
0.676179 
0.547255 
0.707168 
0.373792 
0.315058 
0.182601 
0.977305 
0.558744 
0.806065 
0.542282 
0.133620 
0.759230 
0.373027 
0.470812 
0.941590 
0.302784 
0.894738 
0.854386 
0.673640 
0.861720 
0.929141 
0.076589 
0.224639 
0.507117 
0.123765 
0.116965 
0.835194 
0.111286 
0.389428 
0.117463 
0.198288 
0.629403 
0.369014 
0.016783 
0.080075 
0.817770 
0.257964 
0.597070 
0.954127 
0.017821 
0.524426 
0.024518 
0.072711 
0.049117 
0.504940 
