0.000001 
0.013015 
0.747342 
0.571651 
0.735169 
0.991916 
0.129127 
0.235197 
0.952024 
0.669923 
0.394286 
0.763955 
0.789427 
0.895371 
0.493420 
0.906699 
0.891422 
0.121426 
0.802084 
0.620227 
0.158641 
0.279176 
0.103021 
0.468157 
0.315891 
0.175539 
0.282557 
0.937613 
0.467234 
0.806930 
0.079959 
0.863541 
0.535340 
0.459328 
0.933486 
0.104174 
0.853518 
0.077938 
0.910638 
0.095172 
0.558209 
0.825667 
0.981126 
0.784246 
0.830754 
0.475390 
0.876623 
0.408536 
0.267955 
0.516675 
0.752168 
0.680816 
0.467925 
0.418883 
0.170075 
0.457661 
0.901474 
0.078408 
0.802405 
0.013073 
0.718477 
0.438093 
0.021574 
0.593536 
0.551781 
0.785832 
0.483227 
0.598316 
0.888804 
0.131948 
0.644712 
0.675899 
0.828392 
0.787034 
0.678406 
0.969916 
0.373407 
0.849663 
0.289665 
0.398218 
0.850161 
0.660170 
0.482620 
0.387987 
0.901166 
0.894980 
0.930704 
0.341367 
0.360153 
0.098453 
0.695591 
0.803083 
0.413205 
0.738357 
0.574167 
0.021888 
0.867334 
0.290321 
0.432193 
0.874624 
0.801246 
0.536511 
0.146584 
0.634174 
0.558972 
0.636322 
0.661950 
0.400724 
0.968394 
0.790086 
0.972438 
0.764944 
0.410678 
0.272940 
0.296432 
0.124372 
0.311876 
0.693390 
0.805769 
0.562676 
0.900536 
0.316930 
0.640090 
0.988336 
0.969697 
0.695272 
0.429983 
0.723209 
0.971668 
0.829896 
0.068249 
0.065471 
0.373595 
0.007204 
0.078753 
0.609852 
0.787236 
0.069337 
0.347385 
0.491354 
0.192322 
0.350618 
0.844878 
0.871029 
0.376048 
0.236376 
0.779011 
0.846280 
0.426506 
0.286214 
0.399696 
0.682769 
0.301219 
0.589230 
0.196223 
0.912208 
0.474607 
0.722320 
0.034972 
0.777385 
0.510392 
0.160844 
0.306089 
0.429464 
0.005307 
0.187927 
0.483029 
0.265198 
0.180976 
0.670515 
0.350578 
0.166528 
0.833241 
0.284747 
0.736192 
0.178709 
0.558805 
0.834396 
0.686879 
0.383720 
0.176013 
0.258653 
0.175181 
0.274848 
0.374528 
0.687390 
0.958063 
0.162107 
0.537095 
0.958863 
0.609907 
0.709252 
0.404620 
0.454787 
0.604746 
0.967794 
0.713401 
0.124070 
0.244458 
0.606323 
0.471754 
0.775259 
0.769657 
0.622966 
0.191983 
0.661458 
0.132846 
0.739008 
0.504850 
0.010622 
0.529368 
0.079772 
0.728791 
0.784290 
0.570392 
0.585596 
0.113203 
0.597904 
0.968494 
0.473538 
0.750668 
0.469748 
0.054055 
0.505707 
0.417411 
0.421319 
0.112474 
0.350285 
0.247686 
0.859544 
0.362168 
0.962879 
0.101064 
0.586034 
0.481283 
0.927787 
0.309837 
0.429686 
0.736959 
0.063002 
0.878678 
0.941350 
0.263611 
0.505352 
0.458812 
0.257854 
0.756026 
0.530996 
0.444250 
0.501993 
0.990658 
0.989556 
0.461777 
0.084403 
0.558088 
0.792329 
0.674540 
0.987908 
0.774579 
0.350507 
0.966260 
0.934976 
0.141324 
0.234660 
0.929645 
0.540071 
0.977964 
0.636171 
0.128328 
0.804106 
0.613045 
0.441528 
0.767438 
0.326513 
0.704116 
0.077013 
0.350266 
0.927861 
0.567832 
0.550677 
0.225238 
0.567907 
0.818885 
0.003042 
0.121132 
0.862212 
0.204494 
0.924562 
0.112958 
0.479809 
0.152053 
0.553895 
0.306952 
0.939232 
0.671475 
0.475458 
0.022959 
0.879903 
0.535102 
0.460148 
0.702199 
0.851796 
0.139907 
0.412828 
0.393935 
0.860822 
0.834266 
0.513841 
0.127615 
0.824674 
0.297623 
0.155111 
0.943009 
0.154568 
0.825563 
0.235204 
0.071392 
0.884268 
0.886660 
0.095767 
0.555332 
0.460880 
0.017906 
0.951361 
0.520203 
0.057475 
0.975770 
0.758734 
0.042100 
0.573005 
0.499878 
0.455506 
0.686297 
0.588275 
0.138062 
0.415420 
0.963317 
0.464339 
0.151715 
0.880959 
0.272754 
0.177044 
0.582000 
0.676187 
0.675709 
0.636885 
0.123945 
0.139673 
0.491269 
0.754430 
0.702030 
0.012663 
0.834191 
0.248122 
0.178828 
0.553942 
0.105038 
0.373640 
0.768600 
0.864011 
0.429227 
0.023970 
0.862796 
0.010786 
0.273887 
0.225167 
0.380757 
0.377953 
0.254139 
0.317221 
0.531038 
0.161356 
0.914907 
0.839515 
0.725193 
0.325439 
0.657768 
0.115138 
0.129742 
0.566317 
0.093885 
0.919433 
0.914430 
0.828028 
0.673747 
0.670558 
0.074275 
0.334260 
0.901779 
0.203795 
0.189868 
0.115709 
0.727422 
0.775900 
0.546231 
0.501114 
0.229617 
0.171161 
0.709771 
0.123337 
0.918459 
0.534567 
0.470459 
0.005688 
0.598905 
0.793724 
0.120479 
0.895192 
0.485809 
0.987018 
0.810945 
0.544929 
0.614884 
0.356595 
0.288987 
0.999401 
0.928629 
0.465790 
0.535528 
0.619084 
0.947769 
0.152115 
0.588580 
0.260233 
0.740853 
0.512166 
0.968080 
0.522188 
0.413390 
0.844996 
0.841481 
0.776506 
0.743951 
0.581376 
0.186410 
0.999807 
0.756283 
0.848326 
0.818163 
0.866323 
0.290782 
0.175634 
0.888364 
0.729447 
0.811637 
0.182348 
0.728964 
0.690433 
0.102650 
0.243071 
0.290739 
0.457870 
0.426275 
0.409743 
0.549388 
0.566238 
0.763026 
0.181635 
0.740602 
0.290395 
0.670560 
0.098842 
0.231377 
0.746886 
0.906560 
0.546226 
0.428595 
0.400472 
0.732246 
0.857649 
0.502115 
0.042638 
0.619153 
0.109993 
0.645192 
0.734531 
0.263474 
0.208376 
0.170295 
0.140633 
0.611508 
0.608953 
0.674736 
0.283491 
0.627175 
0.928814 
0.574361 
0.292676 
0.008217 
0.110968 
0.036677 
0.425716 
0.005437 
0.375475 
0.610193 
0.508805 
0.479350 
0.441044 
0.632749 
0.607206 
0.310253 
0.423142 
0.747536 
0.844388 
0.628962 
0.958287 
0.937493 
0.445331 
0.677053 
0.222996 
0.895209 
0.783391 
0.448337 
0.192110 
0.798895 
0.023552 
0.841737 
0.066429 
0.472530 
0.815868 
0.293773 
0.435020 
0.387799 
0.743124 
0.687473 
0.360329 
0.050684 
0.853884 
0.220300 
0.581369 
0.064585 
0.482597 
0.003838 
0.500373 
0.763345 
0.547629 
0.994286 
0.967452 
0.960510 
0.299829 
0.218299 
0.947101 
0.922386 
0.540960 
0.918839 
0.929861 
0.179427 
0.627904 
0.178256 
0.943474 
0.962710 
0.262197 
0.752604 
0.007158 
0.306784 
0.117043 
0.145070 
0.196274 
0.785388 
0.014092 
0.852512 
0.171541 
0.085296 
0.567852 
0.881630 
0.563685 
0.850167 
0.757014 
0.131210 
0.248244 
0.237898 
0.356776 
0.331676 
0.471448 
0.632160 
0.712179 
0.585486 
0.257790 
0.671393 
0.103550 
0.369462 
0.556160 
0.377527 
0.092800 
0.689550 
0.259886 
0.907093 
0.507959 
0.272127 
0.631153 
0.780157 
0.105425 
0.878644 
0.374282 
0.561633 
0.366127 
0.504854 
0.074900 
0.849222 
0.866283 
0.622324 
0.401611 
0.882190 
0.963029 
0.629122 
0.659285 
0.601248 
0.176100 
0.717331 
0.188136 
0.994799 
0.586116 
0.845099 
0.571211 
0.337677 
0.343025 
0.222983 
0.671853 
0.826455 
0.228046 
0.775995 
0.154706 
0.147334 
0.235434 
0.946274 
0.032404 
0.615311 
0.527983 
0.811178 
0.467787 
0.089662 
0.945871 
0.246511 
0.118412 
0.155347 
0.921043 
0.970752 
0.432360 
0.676159 
0.199427 
0.773250 
0.006457 
0.527245 
0.408269 
0.774187 
0.754865 
0.021454 
0.572117 
0.577246 
0.776400 
0.951204 
0.877935 
0.453282 
0.307338 
0.429045 
0.962310 
0.543150 
0.719954 
0.259579 
0.747426 
0.984984 
0.618179 
0.734630 
0.921850 
0.539532 
0.915646 
0.268987 
0.858046 
0.184699 
0.240733 
0.001536 
0.818386 
0.614692 
0.130573 
0.544252 
0.241197 
0.802900 
0.343296 
0.777883 
0.875325 
0.590341 
0.852925 
0.111566 
0.087394 
0.831703 
0.427463 
0.378693 
0.689684 
0.523397 
0.740028 
0.656823 
0.228681 
0.440488 
0.280190 
0.161148 
0.416598 
0.763593 
0.702225 
0.302971 
0.030318 
0.548442 
0.656740 
0.826524 
0.393440 
0.541877 
0.320813 
0.903878 
0.473689 
0.282874 
0.258026 
0.644841 
0.838591 
0.191541 
0.228137 
0.303961 
0.671699 
0.241202 
0.876640 
0.692336 
0.091228 
0.276868 
0.323251 
0.886379 
0.365940 
0.350756 
0.162439 
0.103929 
0.735267 
0.630742 
0.878888 
0.478454 
0.372349 
0.063903 
0.009985 
0.812501 
0.703410 
0.204160 
0.316444 
0.474721 
0.640900 
0.602971 
0.132884 
0.379682 
0.319725 
0.617903 
0.087817 
0.938594 
0.946743 
0.903618 
0.114980 
0.468674 
0.008357 
0.461469 
0.912128 
0.127736 
0.858207 
0.892654 
0.841582 
0.465437 
0.598632 
0.209906 
0.884879 
0.169641 
0.148693 
0.076505 
0.824063 
0.030703 
0.017726 
0.923957 
0.941456 
0.051138 
0.473089 
0.203191 
0.030685 
0.727517 
0.371235 
0.340504 
0.845596 
0.931158 
0.977603 
0.569271 
0.744950 
0.381210 
0.993229 
0.205061 
0.452666 
0.951604 
0.600841 
0.334061 
0.568341 
0.102918 
0.748618 
0.016920 
0.374594 
0.803422 
0.115114 
0.725447 
0.587257 
0.034151 
0.970918 
0.224480 
0.834381 
0.442963 
0.877014 
0.980542 
0.968641 
0.951460 
0.192847 
0.182019 
0.189624 
0.006279 
0.523312 
0.311348 
0.828211 
0.743930 
0.234856 
0.219303 
0.818561 
0.563042 
0.046123 
0.181229 
0.918895 
0.876578 
0.647970 
0.425703 
0.791464 
0.132347 
0.360684 
0.014198 
0.623079 
0.096890 
0.432941 
0.445847 
0.346517 
0.919367 
0.800738 
0.000776 
0.036399 
0.756786 
0.296391 
0.442045 
0.452892 
0.754585 
0.311318 
0.316617 
0.381795 
0.826154 
0.177479 
0.889786 
0.638950 
0.833650 
0.152417 
0.671439 
0.871356 
0.884168 
0.216294 
0.248719 
0.222626 
0.680524 
0.571960 
0.930141 
0.881854 
0.318683 
0.102465 
0.123339 
0.960705 
0.575548 
0.227988 
0.799100 
0.476452 
0.735412 
0.067318 
0.406933 
0.327807 
0.459270 
0.955159 
0.354505 
0.165822 
0.976847 
0.874893 
0.321044 
0.793004 
0.020599 
0.213211 
0.433482 
0.537059 
0.351216 
0.884498 
0.756432 
0.349728 
0.873707 
0.394560 
0.376746 
0.977918 
0.871824 
0.753324 
0.121525 
0.465211 
0.794821 
0.556423 
0.808160 
0.739272 
0.952129 
0.437970 
0.964468 
0.806687 
0.982079 
0.809207 
0.344244 
0.708903 
0.540745 
0.293172 
0.339513 
0.191051 
0.991838 
0.829550 
0.253938 
0.932668 
0.356867 
0.861746 
0.372106 
0.983860 
0.730270 
0.645934 
0.216635 
0.987952 
0.513427 
0.175396 
0.886702 
0.800680 
0.032372 
0.076645 
0.176639 
0.763667 
0.955157 
0.319012 
0.641953 
0.306711 
0.896544 
0.221623 
0.813094 
0.673265 
0.561720 
0.824282 
0.704776 
0.169294 
0.331251 
0.328587 
0.565206 
0.425192 
0.204184 
0.714290 
0.066644 
0.081848 
0.623777 
0.822631 
0.950960 
0.785746 
0.026920 
0.441311 
0.117266 
0.891350 
0.915476 
0.407384 
0.907341 
0.677113 
0.241097 
0.119918 
0.457334 
0.409398 
0.750956 
0.323607 
0.869497 
0.637295 
0.018679 
0.932592 
0.067120 
0.091949 
0.393035 
0.735369 
0.353381 
0.266823 
0.499106 
0.476936 
0.862228 
0.459610 
0.661842 
0.579645 
0.098159 
0.765691 
0.966491 
0.820307 
0.892408 
0.696416 
0.659787 
0.040179 
0.295384 
0.512489 
0.407235 
0.391116 
0.488998 
0.596380 
0.350604 
0.593902 
0.717238 
0.624576 
0.243946 
0.999242 
0.263093 
0.799753 
0.452474 
0.722553 
0.950982 
0.156598 
0.945011 
0.799503 
0.253767 
0.066895 
0.296520 
0.616524 
0.911950 
0.137304 
0.663971 
0.365860 
0.002124 
0.702323 
0.950414 
0.603184 
0.713158 
0.050860 
0.797232 
0.083203 
0.386545 
0.664849 
0.118010 
0.393591 
0.086683 
0.884930 
0.019232 
0.233284 
0.812256 
0.589134 
0.578160 
0.132198 
0.852270 
0.100796 
0.072473 
0.060408 
0.271213 
0.274955 
0.170664 
0.346693 
0.868296 
0.450083 
0.552547 
0.654207 
0.255239 
0.804044 
0.571167 
0.605020 
0.564526 
0.986351 
0.598403 
0.354292 
0.582777 
0.741293 
0.913101 
0.493598 
0.894674 
0.782792 
0.388149 
0.625400 
0.094428 
0.053675 
0.113888 
0.111221 
0.287867 
0.173782 
0.749189 
0.623334 
0.380348 
0.511308 
0.550343 
0.608871 
0.288842 
0.571966 
0.036721 
0.163453 
0.151960 
0.999961 
0.347578 
0.746905 
0.229131 
0.007703 
0.457555 
0.124309 
0.266703 
0.479472 
0.493017 
0.130809 
0.499816 
0.412392 
0.066817 
0.999722 
0.331179 
0.132483 
0.645045 
0.263801 
0.704522 
0.897396 
0.534197 
0.253152 
0.729098 
0.952926 
0.835673 
0.163243 
0.622777 
0.007465 
0.461614 
0.349666 
0.834929 
0.647016 
0.393542 
0.263208 
0.741937 
0.738441 
0.983704 
0.109070 
0.141467 
0.637731 
0.344419 
0.643041 
0.583671 
0.750884 
0.108571 
0.759426 
0.666630 
0.044348 
0.351751 
0.872402 
0.462327 
0.324606 
0.647660 
0.215979 
0.952795 
0.626759 
0.937917 
0.576640 
0.594231 
0.236527 
0.308917 
0.962448 
0.869327 
0.775959 
0.540258 
0.115586 
0.661589 
0.324417 
0.476595 
0.129592 
0.055164 
0.142257 
0.906964 
0.350401 
0.197767 
0.867140 
0.029089 
0.898950 
0.648076 
0.208573 
0.494216 
0.291559 
0.236686 
0.989182 
0.182603 
0.001598 
0.852038 
0.204986 
0.192291 
0.843125 
0.408544 
0.399516 
0.666893 
0.477634 
0.589533 
0.285186 
0.122805 
0.990074 
0.173551 
0.874056 
0.265989 
0.472327 
0.402287 
0.245945 
0.595271 
0.711659 
0.853786 
0.572927 
0.192342 
0.700316 
0.216328 
0.828035 
0.781242 
0.342079 
0.313375 
0.893822 
0.459785 
0.608220 
0.347672 
0.322596 
0.863556 
0.782825 
0.947265 
0.684985 
0.538646 
0.019100 
0.005328 
0.555492 
0.155249 
0.269155 
0.684422 
0.083820 
0.768764 
0.616928 
0.714669 
0.440447 
0.588050 
0.353778 
0.948719 
0.121876 
0.366050 
0.209410 
0.545593 
0.789476 
0.720497 
0.390886 
0.620213 
0.916180 
0.238499 
0.450139 
0.487070 
0.186876 
0.819946 
0.840347 
0.708685 
0.864581 
0.021014 
0.185598 
0.344334 
0.228917 
0.415344 
0.692033 
0.992185 
0.645599 
0.588130 
0.693778 
0.322654 
0.842721 
0.607038 
0.484730 
0.861640 
0.580486 
0.221860 
0.804308 
0.999084 
0.607880 
0.632059 
0.012839 
0.785546 
0.674181 
0.968249 
0.353291 
0.761335 
0.758641 
0.481553 
0.464201 
0.821054 
0.453801 
0.030226 
0.002358 
0.629768 
0.506335 
0.977179 
0.439660 
0.371472 
0.334034 
0.106601 
0.636493 
0.545819 
0.576437 
0.173121 
0.649347 
0.576847 
0.064881 
0.457906 
0.022676 
0.115351 
0.697361 
0.540891 
0.757586 
0.747470 
0.728536 
0.497279 
0.773870 
0.436284 
0.623690 
0.352103 
0.789795 
0.079337 
0.419032 
0.674005 
0.999910 
0.490231 
0.308365 
0.688506 
0.720351 
0.937765 
0.021284 
0.717175 
0.565198 
0.288943 
0.262830 
0.381236 
0.426497 
0.137012 
0.763302 
0.822907 
0.595104 
0.914616 
0.958294 
0.053644 
0.597645 
0.615639 
0.049604 
0.693780 
0.356675 
0.637486 
0.223373 
0.236854 
0.800821 
0.396069 
0.724807 
0.829232 
0.900560 
0.717898 
0.715590 
0.915808 
0.991906 
0.959146 
0.365976 
0.960031 
0.247708 
0.222657 
0.189387 
0.027407 
0.632585 
0.854781 
0.311692 
0.609801 
0.917241 
0.065731 
0.748559 
0.025389 
0.720676 
0.409548 
0.271251 
0.911372 
0.428982 
0.904678 
0.921074 
0.483528 
0.656701 
0.181264 
0.497421 
0.149878 
0.993386 
0.843455 
0.945653 
0.595401 
0.898714 
0.694069 
0.213399 
0.595758 
0.906509 
0.704070 
0.304902 
0.489777 
0.684800 
0.439067 
0.398870 
0.806710 
0.381295 
0.420243 
0.016124 
0.993483 
0.464758 
0.182307 
0.038341 
0.401394 
0.222204 
0.579479 
0.311408 
0.842391 
0.068207 
0.350532 
0.396648 
0.461022 
0.389202 
0.322715 
0.865565 
0.543646 
0.055499 
0.764681 
0.996277 
0.435840 
0.159290 
0.186661 
0.213751 
0.516015 
0.666350 
0.350044 
0.197196 
0.266518 
0.361298 
0.339002 
0.613945 
0.572905 
0.822429 
0.566760 
0.530775 
0.729549 
0.537766 
0.236137 
0.749590 
0.352979 
0.515163 
0.348493 
0.121979 
0.107770 
0.286472 
0.732021 
0.083085 
0.405347 
0.663007 
0.164328 
0.864596 
0.257136 
0.680666 
0.956905 
0.703398 
0.002897 
0.690684 
0.328256 
0.994107 
0.960694 
0.378448 
0.580332 
0.634666 
0.831530 
0.525305 
0.799169 
0.635319 
0.798778 
0.058586 
0.649267 
0.238186 
0.183908 
0.945571 
0.210861 
0.943227 
0.823335 
0.794511 
0.342089 
0.493734 
0.182149 
0.384435 
0.200510 
0.968658 
0.237044 
0.006736 
0.220226 
0.332938 
0.682772 
0.344022 
0.969394 
0.601730 
0.269779 
0.178629 
0.210110 
0.321978 
0.488522 
0.582436 
0.996292 
0.678950 
0.117603 
0.554784 
0.262799 
0.864711 
0.195555 
0.696958 
0.771896 
0.250772 
0.726725 
0.064036 
0.244711 
0.849452 
0.735898 
0.245529 
0.607880 
0.642867 
0.666524 
0.276496 
0.070014 
0.719803 
0.735927 
0.729950 
0.270815 
0.589890 
0.275090 
0.437423 
0.767811 
0.593369 
0.746443 
0.460286 
0.022302 
0.834478 
0.070856 
0.868486 
0.643164 
0.654731 
0.069609 
0.922563 
0.509236 
0.729597 
0.337989 
0.580361 
0.126968 
0.953018 
0.366887 
0.268417 
0.292853 
0.988475 
0.306079 
0.276553 
0.020002 
0.171142 
0.376751 
0.058913 
0.156394 
0.512804 
0.691740 
0.073351 
0.803440 
0.421157 
0.379115 
0.777776 
0.088909 
0.300970 
0.404502 
0.467054 
0.768851 
0.083668 
0.211545 
0.433879 
0.209274 
0.261742 
0.089829 
0.753401 
0.402639 
0.148827 
0.341222 
0.913818 
0.542786 
0.606401 
0.779447 
0.161204 
0.351732 
0.556209 
0.204148 
0.113984 
0.723680 
0.886820 
0.782708 
0.977219 
0.124491 
0.322548 
0.066542 
0.369094 
0.368069 
0.131500 
0.121489 
0.872441 
0.122747 
0.009320 
0.647168 
0.948711 
0.983357 
0.278738 
0.750812 
0.896909 
0.342141 
0.361858 
0.748224 
0.393589 
0.049093 
0.108934 
0.846870 
0.336701 
0.931215 
0.928162 
0.622868 
0.544963 
0.191633 
0.770816 
0.111995 
0.303573 
0.144656 
0.225108 
0.394431 
0.196664 
0.337804 
0.475695 
0.007176 
0.610940 
0.070104 
0.234707 
0.716351 
0.718535 
0.424951 
0.147432 
0.891032 
0.581516 
0.537867 
0.922868 
0.642152 
0.656413 
0.332945 
0.810733 
0.986858 
0.116412 
0.531387 
0.014111 
0.161325 
0.389585 
0.760099 
0.984757 
0.811284 
0.255259 
0.136634 
0.401012 
0.808792 
0.360532 
0.462872 
0.487985 
0.562302 
0.617786 
0.121356 
0.622407 
0.797883 
0.012821 
0.486141 
0.564558 
0.531043 
0.233844 
0.217901 
0.256009 
0.742715 
0.815592 
0.657752 
0.842374 
0.774749 
0.209628 
0.219487 
0.915675 
0.748868 
0.229064 
0.880635 
0.832222 
0.157465 
0.519855 
0.202380 
0.399553 
0.282672 
0.870805 
0.616284 
0.877566 
0.249045 
0.698854 
0.643955 
0.949980 
0.307200 
0.109380 
0.345744 
0.926099 
0.948703 
0.845315 
0.215231 
0.384139 
0.225882 
0.393607 
0.359730 
0.975283 
0.577713 
0.619087 
0.995635 
0.637227 
0.870730 
0.364440 
0.145277 
0.666549 
0.692953 
0.458796 
0.990208 
0.426747 
0.340187 
0.527038 
0.928008 
0.024404 
0.157770 
0.646189 
0.505916 
0.930433 
0.788283 
0.673448 
0.635002 
0.477543 
0.069511 
0.279049 
0.968339 
0.878752 
0.186235 
0.058806 
0.354717 
0.724746 
0.812939 
0.061081 
0.588785 
0.702709 
0.426194 
0.046765 
0.980507 
0.388167 
0.925251 
0.701705 
0.560384 
0.376392 
0.022388 
0.271172 
0.594163 
0.093087 
0.506531 
0.269270 
0.626403 
0.949806 
0.384176 
0.850113 
0.847590 
0.440228 
0.909805 
0.092569 
0.803789 
0.274224 
0.887044 
0.552060 
0.469820 
0.270977 
0.316385 
0.488959 
0.930332 
0.090219 
0.314168 
0.215061 
0.534370 
0.160312 
0.361268 
0.839093 
0.637727 
0.282950 
0.545253 
0.059470 
0.512748 
0.754689 
0.053976 
0.178214 
0.240861 
0.157779 
0.794397 
0.437010 
0.828419 
0.245831 
0.686623 
0.065113 
0.361441 
0.730655 
0.115086 
0.247710 
0.257594 
0.374073 
0.049565 
0.046774 
0.127729 
0.745500 
0.616967 
0.369337 
0.444887 
0.217646 
0.978663 
0.395361 
0.838853 
0.601152 
0.564111 
0.010645 
0.915528 
0.285777 
0.050993 
0.040450 
0.838654 
0.250809 
0.341611 
0.461899 
0.132454 
0.155716 
0.126673 
0.992962 
0.715198 
0.328213 
0.267945 
0.358559 
0.294234 
0.186491 
0.359310 
0.922386 
0.537634 
0.015279 
0.797599 
0.253121 
0.201828 
0.120602 
0.949512 
0.445205 
0.561225 
0.508123 
0.018775 
0.554826 
0.956771 
0.451923 
0.475080 
0.662806 
0.775604 
0.580783 
0.219889 
0.677345 
0.136312 
0.003228 
0.248612 
0.414657 
0.136085 
0.186480 
0.163165 
0.322339 
0.557049 
0.325673 
0.585095 
0.697993 
0.169656 
0.413067 
0.422989 
0.171847 
0.232159 
0.895006 
0.365271 
0.108592 
0.101274 
0.105678 
0.129216 
0.730863 
0.612565 
0.380626 
0.186397 
0.779628 
0.203689 
0.403797 
0.614002 
0.525633 
0.311993 
0.669446 
0.387284 
0.083661 
0.096395 
0.118402 
0.988168 
0.142351 
0.485465 
0.206892 
0.235200 
0.012248 
0.853203 
0.777240 
0.076720 
0.433319 
0.786309 
0.501742 
0.770695 
0.077264 
0.583260 
0.850570 
0.529210 
0.436979 
0.311566 
0.490302 
0.511145 
0.810401 
0.413082 
0.665990 
0.288631 
0.021808 
0.522952 
0.255225 
0.572368 
0.789562 
0.176272 
0.603321 
0.010589 
0.968569 
0.739563 
0.829429 
0.209088 
0.133996 
0.065100 
0.131228 
0.546617 
0.984533 
0.054079 
0.909305 
0.689607 
0.232180 
0.241127 
0.623952 
0.753966 
0.903358 
0.736752 
0.599231 
0.279015 
0.404669 
0.264174 
0.979720 
0.159005 
0.392744 
0.846229 
0.565590 
0.866443 
0.303043 
0.250957 
0.839569 
0.640816 
0.194350 
0.435623 
0.511372 
0.634381 
0.039444 
0.937625 
0.660389 
0.159542 
0.419310 
0.348797 
0.230759 
0.372047 
0.994614 
0.485386 
0.888814 
0.298610 
0.741911 
0.291235 
0.782951 
0.065355 
0.414279 
0.785018 
0.797553 
0.466626 
0.574884 
0.074958 
0.821804 
0.067216 
0.695713 
0.853505 
0.866783 
0.021114 
0.863579 
0.177650 
0.765601 
0.462279 
0.520501 
0.060692 
0.058360 
0.862291 
0.522486 
0.414236 
0.071637 
0.996626 
0.285902 
0.156709 
0.808501 
0.473011 
0.903403 
0.497906 
0.306817 
0.674625 
0.423249 
0.541849 
0.855387 
0.483155 
0.380783 
0.818178 
0.123184 
0.360989 
0.142309 
0.785693 
0.150179 
0.052132 
0.186653 
0.068971 
0.198472 
0.723495 
0.781254 
0.536071 
0.740530 
0.082943 
0.020605 
0.309733 
0.689023 
0.417498 
0.883293 
0.502837 
0.180077 
0.550979 
0.312260 
0.157134 
0.944232 
0.709040 
0.833941 
0.048938 
0.499364 
0.807556 
0.587305 
0.841777 
0.749890 
0.404493 
0.317445 
0.292493 
0.932329 
0.655623 
0.055369 
0.585468 
0.956858 
0.911901 
0.323307 
0.813240 
0.123114 
0.177853 
0.180262 
0.662321 
0.633785 
0.030551 
0.469578 
0.193204 
0.182629 
0.447936 
0.452096 
0.376510 
0.009315 
0.558675 
0.650940 
0.353979 
0.321696 
0.751659 
0.125389 
0.408665 
0.438504 
0.943763 
0.821015 
0.791103 
0.068015 
0.121701 
0.429847 
0.440507 
0.608076 
0.936782 
0.501571 
0.910870 
0.985637 
0.598082 
0.964514 
0.585755 
0.779662 
0.785400 
0.212976 
0.490784 
0.613988 
0.302448 
0.248889 
