0.000001 
0.014925 
0.842562 
0.939349 
0.645802 
0.987122 
0.555168 
0.714083 
0.595015 
0.418246 
0.459353 
0.338462 
0.527022 
0.650915 
0.929015 
0.951338 
0.138269 
0.881875 
0.680441 
0.173646 
0.468147 
0.145753 
0.675562 
0.178458 
0.342395 
0.640260 
0.853179 
0.377047 
0.023461 
0.310774 
0.170464 
0.981824 
0.511662 
0.497859 
0.514828 
0.708154 
0.942669 
0.441749 
0.474797 
0.908294 
0.700845 
0.103155 
0.723396 
0.113384 
0.649577 
0.445922 
0.611979 
0.527407 
0.136494 
0.057907 
0.236551 
0.705541 
0.034476 
0.435845 
0.247344 
0.118316 
0.529231 
0.788649 
0.830538 
0.859850 
0.496173 
0.173447 
0.125160 
0.568775 
0.395819 
0.526508 
0.013538 
0.537575 
0.027631 
0.386425 
0.639486 
0.848430 
0.559076 
0.394993 
0.649862 
0.228280 
0.698188 
0.448772 
0.510157 
0.207698 
0.780071 
0.647592 
0.071771 
0.259706 
0.884259 
0.747280 
0.539298 
0.980149 
0.360681 
0.966175 
0.507211 
0.702633 
0.155732 
0.386078 
0.812950 
0.253602 
0.286835 
0.838029 
0.760789 
0.588038 
0.157532 
0.638681 
0.318422 
0.713992 
0.070931 
0.143996 
0.145724 
0.187721 
0.033510 
0.195847 
0.601587 
0.872969 
0.994085 
0.591399 
0.636377 
0.587599 
0.769541 
0.676666 
0.717139 
0.951908 
0.724788 
0.518572 
0.639598 
0.720239 
0.057253 
0.253087 
0.625964 
0.570150 
0.509905 
0.968498 
0.547896 
0.491193 
0.475914 
0.688959 
0.327230 
0.748640 
0.392218 
0.006149 
0.345437 
0.764890 
0.512783 
0.337119 
0.964632 
0.570686 
0.525029 
0.162820 
0.518085 
0.450304 
0.261784 
0.805057 
0.597246 
0.906218 
0.808433 
0.340747 
0.936979 
0.809128 
0.016281 
0.640087 
0.940885 
0.456087 
0.460203 
0.634233 
0.555448 
0.422122 
0.598388 
0.111471 
0.491363 
0.330567 
0.834108 
0.857290 
0.466959 
0.176530 
0.931444 
0.775112 
0.312639 
0.518219 
0.701528 
0.580392 
0.653565 
0.473093 
0.270991 
0.542544 
0.536423 
0.657327 
0.703081 
0.689027 
0.478669 
0.982645 
0.314035 
0.989508 
0.659707 
0.697261 
0.857854 
0.950859 
0.089748 
0.393616 
0.501176 
0.257728 
0.632701 
0.802921 
0.697917 
0.886601 
0.108079 
0.486468 
0.069219 
0.371258 
0.725999 
0.870889 
0.026908 
0.248501 
0.552317 
0.798632 
0.610826 
0.153723 
0.628826 
0.685948 
0.729932 
0.973664 
0.363149 
0.452217 
0.409214 
0.661341 
0.150982 
0.556454 
0.324716 
0.496365 
0.414605 
0.263977 
0.667671 
0.550903 
0.020839 
0.238250 
0.265622 
0.309421 
0.444863 
0.812561 
0.714287 
0.019490 
0.566675 
0.101711 
0.455586 
0.028355 
0.556648 
0.583107 
0.281392 
0.356421 
0.366652 
0.315459 
0.923743 
0.341130 
0.380147 
0.134746 
0.676253 
0.782295 
0.027826 
0.671661 
0.599126 
0.516501 
0.831703 
0.434405 
0.052711 
0.911605 
0.346064 
0.304568 
0.873622 
0.957256 
0.593492 
0.816102 
0.233747 
0.582941 
0.485915 
0.768487 
0.968433 
0.450788 
0.392513 
0.966244 
0.654815 
0.483122 
0.830941 
0.630872 
0.071274 
0.895971 
0.580045 
0.808058 
0.030666 
0.411449 
0.217660 
0.219567 
0.260018 
0.126275 
0.310863 
0.672446 
0.793360 
0.995860 
0.420627 
0.473661 
0.822480 
0.416101 
0.406157 
0.285930 
0.626033 
0.735042 
0.857368 
0.775864 
0.950832 
0.632344 
0.799126 
0.903725 
0.909418 
0.584278 
0.952236 
0.222367 
0.317089 
0.308936 
0.294858 
0.673803 
0.600808 
0.787311 
0.338461 
0.515110 
0.450401 
0.897714 
0.885837 
0.266533 
0.625994 
0.078535 
0.941547 
0.579017 
0.543166 
0.985401 
0.626740 
0.613139 
0.021508 
0.484570 
0.173352 
0.534099 
0.594134 
0.611843 
0.247938 
0.098009 
0.229791 
0.092377 
0.583809 
0.076662 
0.456149 
0.504233 
0.643634 
0.549824 
0.891070 
0.215092 
0.047968 
0.196121 
0.204932 
0.295350 
0.954915 
0.260594 
0.801147 
0.877650 
0.660085 
0.041292 
0.994309 
0.358214 
0.510735 
0.917960 
0.160736 
0.482498 
0.335600 
0.431603 
0.955288 
0.520108 
0.461028 
0.503131 
0.118297 
0.212240 
0.113616 
0.548174 
0.153557 
0.824756 
0.669523 
0.677070 
0.511147 
0.853493 
0.660143 
0.028894 
0.616257 
0.438217 
0.112232 
0.282882 
0.401499 
0.995573 
0.595357 
0.165759 
0.917134 
0.263765 
0.093603 
0.189191 
0.738352 
0.482504 
0.451313 
0.217801 
0.579976 
0.662309 
0.424633 
0.814701 
0.672947 
0.227079 
0.510977 
0.982640 
0.231772 
0.395817 
0.492166 
0.825724 
0.941421 
0.470852 
0.603787 
0.846577 
0.416654 
0.700699 
0.642364 
0.217434 
0.421164 
0.499148 
0.172833 
0.807736 
0.618043 
0.455622 
0.644094 
0.292130 
0.831831 
0.580521 
0.818824 
0.980636 
0.550640 
0.605342 
0.985860 
0.343735 
0.160693 
0.759325 
0.980900 
0.988622 
0.765798 
0.761837 
0.194293 
0.486503 
0.660729 
0.865748 
0.620646 
0.189209 
0.041945 
0.964844 
0.137366 
0.715068 
0.153883 
0.308106 
0.332341 
0.655933 
0.259826 
0.899205 
0.940064 
0.663129 
0.208513 
0.482556 
0.322451 
0.425924 
0.497179 
0.091193 
0.680295 
0.723812 
0.115089 
0.300984 
0.635317 
0.779501 
0.081013 
0.593359 
0.582911 
0.978202 
0.649095 
0.339971 
0.899430 
0.716288 
0.645908 
0.776472 
0.171209 
0.514502 
0.233327 
0.524503 
0.317082 
0.196112 
0.046104 
0.867478 
0.700507 
0.414817 
0.822831 
0.319922 
0.936643 
0.160728 
0.353049 
0.700584 
0.719574 
0.882106 
0.550002 
0.876086 
0.385179 
0.695880 
0.649687 
0.293117 
0.423812 
0.006763 
0.657931 
0.846815 
0.421626 
0.269950 
0.042681 
0.332143 
0.334030 
0.045649 
0.220199 
0.891570 
0.609209 
0.981876 
0.395204 
0.193376 
0.066466 
0.097497 
0.634402 
0.401171 
0.482655 
0.982776 
0.509989 
0.388256 
0.423430 
0.585876 
0.820396 
0.395196 
0.056344 
0.971334 
0.203911 
0.129243 
0.179611 
0.726262 
0.278590 
0.267662 
0.587486 
0.885515 
0.848001 
0.359137 
0.022951 
0.733261 
0.911566 
0.683226 
0.974677 
0.392069 
0.501633 
0.937854 
0.505735 
0.884066 
0.493475 
0.835415 
0.823052 
0.026984 
0.519988 
0.444455 
0.950487 
0.828559 
0.584648 
0.176156 
0.648388 
0.449564 
0.826349 
0.440410 
0.966730 
0.831853 
0.953401 
0.805203 
0.040607 
0.477525 
0.767601 
0.077333 
0.737430 
0.991263 
0.157285 
0.489234 
0.561602 
0.839428 
0.274787 
0.347927 
0.612643 
0.696740 
0.107003 
0.393029 
0.644474 
0.673509 
0.666611 
0.736474 
0.918241 
0.870238 
0.083437 
0.327020 
0.231188 
0.574866 
0.772563 
0.464746 
0.988777 
0.371916 
0.792986 
0.721742 
0.311233 
0.888649 
0.523121 
0.101488 
0.709009 
0.310717 
0.221649 
0.261154 
0.211636 
0.966415 
0.544334 
0.629118 
0.582712 
0.635529 
0.333628 
0.284441 
0.593485 
0.698120 
0.301591 
0.832709 
0.335176 
0.302383 
0.158699 
0.253198 
0.506906 
0.572926 
0.159409 
0.189304 
0.629132 
0.828280 
0.896707 
0.961822 
0.349630 
0.231093 
0.980509 
0.420514 
0.570930 
0.618502 
0.161379 
0.303384 
0.980705 
0.706571 
0.342038 
0.625132 
0.592270 
0.283357 
0.374268 
0.329581 
0.270709 
0.807051 
0.098489 
0.300632 
0.726409 
0.749453 
0.062756 
0.743757 
0.318664 
0.792525 
0.963853 
0.478736 
0.113023 
0.579852 
0.577403 
0.415561 
0.334894 
0.571054 
0.698868 
0.878535 
0.532104 
0.065522 
0.229784 
0.978151 
0.789791 
0.016984 
0.457474 
0.766403 
0.934309 
0.933650 
0.860527 
0.884049 
0.205152 
0.983300 
0.322982 
0.356124 
0.374962 
0.988030 
0.826825 
0.452389 
0.305057 
0.089869 
0.431853 
0.150417 
0.062998 
0.803858 
0.440095 
0.676731 
0.810091 
0.204023 
0.008033 
0.009495 
0.584302 
0.370610 
0.837907 
0.710797 
0.369039 
0.433068 
0.575026 
0.464857 
0.858481 
0.486428 
0.393248 
0.320958 
0.338716 
0.800344 
0.387846 
0.524618 
0.261770 
0.574172 
0.100958 
0.793608 
0.170892 
0.174476 
0.422023 
0.945905 
0.828269 
0.716818 
0.565762 
0.761299 
0.157811 
0.325557 
0.643616 
0.250426 
0.912985 
0.533491 
0.387171 
0.185454 
0.921259 
0.603557 
0.985171 
0.776589 
0.124413 
0.005675 
0.386771 
0.461976 
0.438221 
0.183366 
0.829839 
0.098273 
0.666622 
0.916778 
0.285804 
0.505650 
0.465176 
0.218636 
0.612923 
0.388734 
0.457910 
0.095344 
0.443713 
0.492777 
0.107366 
0.501385 
0.783515 
0.537797 
0.756175 
0.040998 
0.059823 
0.440479 
0.133117 
0.303033 
0.081383 
0.810314 
0.940300 
0.621941 
0.967890 
0.322682 
0.318681 
0.077624 
0.622400 
0.669413 
0.820029 
0.224777 
0.822643 
0.156841 
0.018801 
0.980525 
0.691682 
0.092213 
0.831705 
0.471150 
0.622626 
0.478593 
0.708434 
0.646748 
0.887001 
0.831729 
0.863337 
0.112728 
0.616893 
0.125195 
0.145782 
0.150787 
0.284492 
0.453164 
0.334921 
0.012602 
0.797800 
0.619602 
0.655246 
0.727522 
0.469158 
0.141309 
0.979387 
0.561609 
0.961277 
0.186611 
0.367188 
0.336547 
0.349859 
0.082575 
0.830659 
0.889251 
0.639252 
0.900308 
0.480318 
0.711737 
0.169711 
0.336626 
0.671216 
0.133498 
0.699627 
0.625624 
0.863013 
0.655573 
0.211052 
0.157345 
0.499094 
0.277019 
0.860967 
0.277260 
0.902872 
0.573333 
0.004704 
0.058014 
0.046164 
0.872916 
0.097074 
0.519348 
0.687979 
0.861378 
0.185392 
0.888484 
0.745496 
0.551249 
0.846530 
0.626997 
0.932488 
0.332171 
0.795074 
0.805211 
0.174125 
0.512191 
0.394398 
0.648584 
0.746501 
0.434982 
0.738438 
0.921304 
0.358285 
0.700233 
0.820229 
0.591235 
0.881448 
0.496945 
0.162496 
0.078328 
0.452966 
0.004566 
0.737613 
0.065046 
0.228965 
0.212710 
0.024964 
0.573620 
0.838340 
0.979812 
0.693599 
0.322243 
0.937805 
0.683457 
0.866355 
0.820299 
0.759305 
0.633253 
0.080072 
0.777386 
0.522977 
0.673607 
0.319447 
0.938876 
0.695024 
0.274298 
0.130772 
0.879663 
0.489597 
0.656692 
0.021919 
0.388054 
0.025518 
0.876700 
0.702501 
0.936620 
0.767015 
0.213079 
0.219246 
0.866038 
0.493460 
0.589174 
0.249623 
0.416732 
0.010888 
0.988864 
0.837607 
0.663799 
0.464061 
0.473339 
0.405803 
0.323700 
0.429034 
0.777725 
0.224417 
0.768430 
0.996218 
0.432131 
0.832574 
0.070906 
0.710282 
0.716119 
0.807581 
0.019149 
0.833851 
0.540358 
0.801472 
0.348071 
0.022476 
0.760163 
0.052970 
0.272450 
0.070080 
0.834490 
0.268479 
0.329174 
0.433155 
0.029213 
0.975121 
0.860977 
0.432840 
0.742563 
0.251533 
0.510676 
0.937927 
0.735829 
0.072842 
0.248780 
0.252600 
0.448057 
0.499177 
0.663453 
0.648599 
0.004481 
0.315092 
0.756673 
0.405603 
0.964732 
0.251892 
0.551913 
0.008897 
0.528874 
0.778874 
0.541477 
0.600200 
0.563670 
0.605045 
0.993489 
0.572519 
0.326112 
0.968023 
0.555060 
0.894296 
0.428516 
0.068729 
0.130678 
0.300419 
0.137017 
0.836753 
0.305049 
0.951053 
0.346105 
0.978817 
0.985608 
0.111368 
0.761007 
0.246373 
0.786608 
0.523672 
0.360138 
0.833147 
0.696111 
0.538266 
0.632383 
0.461776 
0.076709 
0.256443 
0.032297 
0.821460 
0.277714 
0.537699 
0.105649 
0.642244 
0.186609 
0.338207 
0.252118 
0.343351 
0.701136 
0.993579 
0.083384 
0.433038 
0.064262 
0.045728 
0.543944 
0.061518 
0.937800 
0.606540 
0.112973 
0.731192 
0.145808 
0.596844 
0.149189 
0.422898 
0.640540 
0.548531 
0.157665 
0.880459 
0.870920 
0.546877 
0.356069 
0.458713 
0.596097 
0.600545 
0.364145 
0.179038 
0.100007 
0.824543 
0.100284 
0.474174 
0.437144 
0.084879 
0.563220 
0.035091 
0.777899 
0.147495 
0.948461 
0.783610 
0.128554 
0.600842 
0.356366 
0.451037 
0.578087 
0.901494 
0.403547 
0.408275 
0.880578 
0.879557 
0.720204 
0.462011 
0.015072 
0.307579 
0.475716 
0.364896 
0.808623 
0.522565 
0.756287 
0.908472 
0.686065 
0.693224 
0.017046 
0.491854 
0.589711 
0.267322 
0.886986 
0.575227 
0.843869 
0.903898 
0.817470 
0.211756 
0.977409 
0.310536 
0.172261 
0.192760 
0.709949 
0.115514 
0.445622 
0.561349 
0.588896 
0.575895 
0.075022 
0.891395 
0.679032 
0.497071 
0.273785 
0.501284 
0.078314 
0.216054 
0.224181 
0.808905 
0.266903 
0.831921 
0.099181 
0.937387 
0.659776 
0.856839 
0.891159 
0.702212 
0.069244 
0.785813 
0.151099 
0.529200 
0.265746 
0.396299 
0.601458 
0.704908 
0.396014 
0.805044 
0.376832 
0.407491 
0.695744 
0.377082 
0.613272 
0.261564 
0.098755 
0.773066 
0.916208 
0.700059 
0.891195 
0.310947 
0.078406 
0.767773 
0.958361 
0.164926 
0.911259 
0.526548 
0.699136 
0.379354 
0.809460 
0.596631 
0.582251 
0.892111 
0.714501 
0.623056 
0.694310 
0.260657 
0.863678 
0.842381 
0.905442 
0.759152 
0.072762 
0.914228 
0.428966 
0.628517 
0.478681 
0.194129 
0.728146 
0.956524 
0.303572 
0.133550 
0.572987 
0.190478 
0.372127 
0.341094 
0.772610 
0.250866 
0.301907 
0.148504 
0.905487 
0.526903 
0.666703 
0.285125 
0.089607 
0.028972 
0.936942 
0.176891 
0.999142 
0.575344 
0.807278 
0.920347 
0.280254 
0.229001 
0.827026 
0.820569 
0.302175 
0.663145 
0.478578 
0.457012 
0.995304 
0.066026 
0.696241 
0.715836 
0.048867 
0.308597 
0.596165 
0.748744 
0.141505 
0.280252 
0.202212 
0.573177 
0.383551 
0.342774 
0.000891 
0.981283 
0.423290 
0.241378 
0.834429 
0.242458 
0.988224 
0.086625 
0.914218 
0.255831 
0.749567 
0.977744 
0.935911 
0.851320 
0.141404 
0.582572 
0.288283 
0.177897 
0.914234 
0.539169 
0.812111 
0.157223 
0.446637 
0.623616 
0.120827 
0.738813 
0.227628 
0.745677 
0.601146 
0.464880 
0.243029 
0.595648 
0.060754 
0.095190 
0.856926 
0.359965 
0.925064 
0.542482 
0.490671 
0.709614 
0.475535 
0.317050 
0.653173 
0.875127 
0.259461 
0.764905 
0.753256 
0.967198 
0.693762 
0.054640 
0.331166 
0.902779 
0.010963 
0.247595 
0.323150 
0.178978 
0.082079 
0.493666 
0.049658 
0.603415 
0.599178 
0.377269 
0.752256 
0.174556 
0.770170 
0.250677 
0.134254 
0.412593 
0.451777 
0.013859 
0.922266 
0.525091 
0.204596 
0.644602 
0.830347 
0.639495 
0.984796 
0.473497 
0.062127 
0.169760 
0.164624 
0.843051 
0.154165 
0.048984 
0.268273 
0.869090 
0.787790 
0.382638 
0.999897 
0.268713 
0.262809 
0.035467 
0.087017 
0.493878 
0.600474 
0.166358 
0.978252 
0.483472 
0.715103 
0.738434 
0.865502 
0.493856 
0.234286 
0.644789 
0.960832 
0.702450 
0.068832 
0.857065 
0.694954 
0.092618 
0.634753 
0.298880 
0.282128 
0.729817 
0.031253 
0.262586 
0.278512 
0.950272 
0.226222 
0.108446 
0.647245 
0.248366 
0.279994 
0.854147 
0.650369 
0.757120 
0.923582 
0.637871 
0.701971 
0.034039 
0.086086 
0.847424 
0.649032 
0.273042 
0.010461 
0.820739 
0.166674 
0.282832 
0.560133 
0.157196 
0.000800 
0.441977 
0.308043 
0.275398 
0.609182 
0.516669 
0.657539 
0.257419 
0.443975 
0.880138 
0.481408 
0.022139 
0.085020 
0.925116 
0.429562 
0.641268 
0.794858 
0.174738 
0.819574 
0.582147 
0.147152 
0.180795 
0.616024 
0.519546 
0.010171 
0.942454 
0.821795 
0.907033 
0.511803 
0.879376 
0.674533 
0.874066 
0.425913 
0.315490 
0.441441 
0.302741 
0.161000 
0.923672 
0.163473 
0.494552 
0.935099 
0.214952 
0.697780 
0.582182 
0.727125 
0.788585 
0.748426 
0.787572 
0.726299 
0.912957 
0.063079 
0.176877 
0.771958 
0.296430 
0.095985 
0.224318 
0.112886 
0.281741 
0.215906 
0.735568 
0.686107 
0.397762 
0.180272 
0.838563 
0.733237 
0.506801 
0.811899 
0.578623 
0.924546 
0.845648 
0.806655 
0.452273 
0.358639 
0.641958 
0.388223 
0.862608 
0.851053 
0.654218 
0.444042 
0.021645 
0.793960 
0.080802 
0.041361 
0.157762 
0.502724 
0.286722 
0.929272 
0.272715 
0.517219 
0.894157 
0.102683 
0.800387 
0.096633 
0.112864 
0.902170 
0.764719 
0.633047 
0.613359 
0.719514 
0.878695 
0.221722 
0.473333 
0.310415 
0.141138 
0.111367 
0.749917 
0.857327 
0.093867 
0.616435 
0.428962 
0.567980 
0.033890 
0.586962 
0.069376 
0.001943 
0.654266 
0.243443 
0.554402 
0.832779 
0.522577 
0.952525 
0.086972 
0.733914 
0.886632 
0.622757 
0.674492 
0.186418 
0.121233 
0.565066 
0.064900 
0.774960 
0.750011 
0.442558 
0.072855 
0.474446 
0.013183 
0.571917 
0.217081 
0.473976 
0.117778 
0.488945 
0.700339 
0.589239 
0.340564 
0.863634 
0.103564 
0.606703 
0.861132 
0.041658 
0.154249 
0.462817 
0.569701 
0.970544 
0.934122 
0.784077 
0.976907 
0.878632 
0.173912 
0.931181 
0.358669 
0.144176 
0.168088 
0.056133 
0.430019 
0.327843 
0.055029 
0.874668 
0.542841 
0.531165 
0.284494 
0.486074 
0.451320 
0.332982 
0.421604 
0.905836 
0.378625 
0.550134 
0.095293 
0.582695 
0.363015 
0.187845 
0.107122 
0.395891 
0.742913 
0.142723 
0.739172 
0.265735 
0.201532 
0.152062 
0.710860 
0.428831 
0.359574 
0.358521 
0.655172 
0.468400 
0.406726 
0.845864 
0.428863 
0.902920 
0.369462 
0.554665 
0.253809 
0.772183 
0.087374 
0.501344 
0.085888 
0.522438 
0.608966 
0.885539 
0.253814 
0.856528 
0.670117 
0.659901 
0.958360 
0.154955 
0.332117 
0.885368 
0.378868 
0.633894 
0.855457 
0.661790 
0.708602 
0.468490 
0.915752 
0.041409 
0.957852 
0.610806 
0.818810 
0.732258 
0.067395 
0.714837 
0.265273 
0.442689 
0.271955 
0.751385 
0.530246 
0.837886 
0.352052 
0.939906 
0.996309 
0.970279 
0.480229 
0.207298 
0.055310 
0.592356 
0.732307 
0.885752 
0.832116 
0.380183 
0.735083 
0.545368 
0.999744 
0.703495 
0.648141 
0.301432 
0.167877 
0.507540 
0.223808 
0.540680 
0.205463 
0.217717 
0.163372 
0.796504 
0.838895 
0.306222 
0.671907 
0.738517 
0.247263 
0.753428 
0.865130 
0.242880 
0.082132 
0.384714 
0.889914 
0.780558 
0.833997 
0.992782 
0.693538 
0.298202 
0.875915 
0.505075 
0.789843 
0.891119 
0.044570 
0.080444 
0.026194 
0.239164 
0.631008 
0.344278 
0.284243 
0.278164 
0.107222 
0.086661 
0.508975 
0.338503 
0.220422 
0.635869 
0.049351 
0.435726 
0.249969 
0.227866 
0.739348 
0.229831 
0.771111 
0.066948 
0.192624 
0.430190 
0.210130 
0.660109 
0.447121 
0.754776 
0.516592 
0.354675 
0.030289 
0.070383 
0.934027 
0.186629 
0.667431 
0.520714 
0.636835 
0.277586 
0.380188 
0.820516 
0.411863 
0.187441 
0.328336 
0.335304 
0.459910 
0.706908 
0.994789 
0.423374 
0.648332 
0.514141 
0.166834 
0.981090 
0.185662 
0.426103 
0.513532 
0.938583 
0.771917 
0.612507 
0.403293 
0.142027 
0.053808 
0.351165 
0.029491 
0.647691 
0.735094 
0.722745 
0.172175 
0.742518 
0.494731 
0.938101 
0.658876 
0.726722 
0.013751 
0.114422 
0.085257 
0.908801 
0.216029 
0.795108 
0.381208 
0.960719 
0.797089 
0.668157 
0.718956 
0.485737 
0.777601 
0.145005 
0.098884 
0.951348 
0.302630 
0.306964 
0.147813 
0.285067 
0.112900 
0.507625 
0.659548 
0.016377 
0.246214 
0.125768 
0.780308 
0.640276 
0.126695 
0.359667 
0.918261 
0.215584 
0.319877 
0.167468 
0.626909 
0.461984 
0.565619 
0.355481 
0.573273 
0.005120 
0.051713 
0.134413 
0.078067 
0.065512 
0.052071 
0.149596 
0.259740 
0.448439 
0.911814 
0.860159 
0.692209 
0.952524 
0.077040 
0.812460 
0.023478 
0.595739 
0.592868 
0.327210 
0.421615 
0.085740 
0.037761 
0.649675 
0.085875 
0.303182 
0.577831 
0.602438 
0.170368 
0.382372 
0.528512 
0.704978 
0.563317 
0.666146 
0.910637 
0.074667 
0.929204 
0.139723 
0.317780 
0.934084 
0.157685 
0.218495 
0.251065 
0.651953 
0.372567 
0.741232 
0.881273 
0.551609 
0.888996 
0.349399 
0.355569 
0.046274 
0.732226 
0.529403 
0.675742 
0.199820 
0.373970 
0.319288 
0.277958 
0.636282 
0.998384 
0.837819 
0.215546 
0.680001 
0.769447 
0.091372 
0.685848 
0.049055 
0.471366 
0.252496 
0.704734 
0.456868 
0.577934 
0.331713 
0.102348 
0.156338 
0.568411 
0.289920 
0.690332 
0.409321 
0.464153 
0.012019 
0.998027 
0.841254 
0.962271 
0.882135 
0.038367 
0.834067 
0.157284 
0.464112 
0.325302 
0.346344 
0.007864 
0.165095 
0.753655 
0.683522 
0.951261 
0.851567 
0.280278 
0.631840 
0.340057 
0.337713 
0.941766 
0.258389 
0.745816 
0.937497 
0.520010 
0.810627 
0.208980 
0.334768 
0.448370 
0.756892 
0.091838 
0.526023 
0.869857 
0.681350 
0.443252 
0.743553 
0.887201 
0.180851 
0.565942 
0.787044 
0.850547 
0.143566 
0.912469 
0.859315 
0.505052 
0.405521 
0.596495 
0.289618 
0.607066 
0.958233 
0.029360 
0.458084 
0.013492 
0.754938 
0.248816 
0.854205 
0.626294 
0.124689 
0.640443 
0.933372 
0.178175 
0.587696 
0.408594 
0.241023 
0.872950 
0.673087 
0.569018 
0.484087 
0.052438 
0.321299 
0.065638 
0.182205 
0.315546 
0.382703 
0.089445 
0.301890 
0.857739 
0.013582 
0.277973 
0.897002 
0.916720 
0.317917 
0.227391 
0.754980 
0.956821 
0.288672 
0.706161 
0.450223 
0.895809 
0.857204 
0.022336 
0.405443 
0.278652 
0.299161 
0.004888 
0.155770 
0.018089 
0.015494 
0.405790 
0.119588 
0.923519 
0.590922 
0.628976 
0.198878 
0.540638 
0.508541 
0.040758 
0.020641 
0.919556 
0.981938 
0.428598 
0.442922 
0.193209 
0.260916 
0.220430 
0.772134 
0.253780 
0.279991 
0.807416 
0.238236 
0.037742 
0.323644 
0.484697 
0.296670 
0.130635 
0.584862 
0.768584 
0.597750 
0.382137 
0.575304 
0.126658 
0.736602 
0.063409 
0.720279 
0.724224 
0.034930 
0.067126 
0.193043 
0.466644 
0.889316 
0.737135 
0.021229 
0.794916 
0.152244 
0.757775 
0.931284 
0.089979 
0.275980 
0.399437 
0.345067 
0.534443 
0.384246 
0.029805 
0.933010 
0.097258 
0.620140 
0.696566 
0.178821 
0.450360 
0.202412 
0.937201 
0.534104 
0.689624 
0.504396 
0.388474 
0.088268 
0.522854 
0.613410 
0.575171 
0.905072 
0.551597 
0.692256 
0.752481 
0.948980 
0.499258 
0.029412 
0.333377 
0.068180 
0.898567 
0.220920 
0.009270 
0.802734 
0.547521 
0.191513 
0.764104 
0.296964 
0.076541 
0.416230 
0.574367 
0.383219 
0.768888 
0.708940 
0.160053 
0.009885 
0.144263 
0.634640 
0.396102 
0.288924 
0.941463 
0.176579 
0.760757 
0.045295 
0.275000 
0.920798 
0.849073 
0.371612 
0.689278 
0.693951 
0.235339 
0.340569 
0.950562 
0.093777 
0.115017 
0.088147 
0.487364 
0.133932 
0.987370 
0.720112 
0.915724 
0.568117 
0.341651 
0.134552 
0.410732 
0.166343 
0.729561 
0.738716 
0.600385 
0.671842 
0.653766 
0.846751 
0.344561 
0.039545 
0.638240 
0.900988 
0.906818 
0.882426 
0.940116 
0.529234 
0.837838 
0.545537 
0.839300 
0.112252 
0.615534 
0.283646 
0.244188 
0.060564 
0.904418 
0.558389 
0.848132 
0.559529 
0.003625 
0.925201 
0.854806 
0.724791 
0.568872 
0.032962 
0.995645 
0.801651 
0.348121 
0.876654 
0.925898 
0.573440 
