0.000001 
0.012812 
0.327359 
0.925912 
0.810266 
0.139968 
0.436188 
0.012037 
0.301542 
0.008216 
0.092271 
0.792901 
0.284601 
0.290272 
0.594545 
0.516697 
0.119216 
0.671542 
0.601931 
0.651420 
0.420743 
0.424540 
0.246930 
0.154764 
0.124542 
0.175200 
0.582409 
0.546526 
0.465341 
0.990947 
0.849003 
0.195200 
0.718191 
0.635551 
0.699409 
0.966045 
0.319428 
0.629336 
0.243966 
0.328200 
0.059404 
0.402656 
0.434819 
0.995076 
0.243502 
0.535907 
0.986790 
0.986034 
0.265569 
0.426216 
0.405471 
0.751951 
0.046899 
0.236748 
0.022498 
0.116771 
0.572287 
0.428956 
0.463341 
0.373662 
0.143804 
0.917112 
0.903979 
0.169944 
0.256925 
0.133137 
0.639833 
0.678558 
0.529749 
0.490077 
0.727236 
0.657514 
0.840696 
0.582907 
0.919153 
0.196483 
0.297815 
0.384184 
0.987481 
0.598847 
0.824843 
0.136921 
0.223120 
0.975427 
0.001328 
0.320555 
0.562575 
0.199530 
0.499441 
0.112548 
0.592714 
0.740016 
0.448838 
0.611961 
0.229051 
0.652935 
0.871814 
0.576221 
0.552917 
0.872375 
0.000986 
0.566608 
0.980732 
0.166652 
0.922451 
0.639602 
0.798925 
0.538175 
0.108996 
0.894390 
0.011955 
0.925564 
0.955070 
0.853760 
0.137257 
0.878290 
0.418846 
0.539434 
0.274230 
0.980217 
0.509428 
0.951181 
0.500798 
0.910347 
0.198072 
0.996488 
0.974674 
0.337879 
0.733987 
0.126603 
0.812221 
0.003714 
0.420069 
0.098493 
0.363752 
0.578670 
0.706377 
0.076070 
0.511526 
0.224502 
0.207355 
0.007795 
0.004249 
0.411229 
0.524107 
0.670444 
0.151077 
0.158966 
0.739140 
0.730927 
0.698317 
0.617975 
0.312745 
0.312429 
0.002535 
0.611716 
0.113609 
0.427804 
0.102375 
0.614900 
0.630494 
0.716958 
0.918862 
0.307296 
0.720798 
0.450172 
0.039518 
0.176265 
0.488430 
0.035859 
0.682439 
0.755626 
0.806384 
0.888232 
0.519030 
0.331056 
0.059990 
0.254904 
0.174036 
0.021737 
0.338024 
0.171025 
0.415377 
0.242289 
0.150993 
0.744592 
0.361605 
0.492706 
0.905126 
0.455598 
0.227551 
0.456432 
0.249768 
0.844550 
0.348148 
0.315862 
0.695031 
0.388516 
0.793252 
0.183735 
0.029622 
0.861755 
0.512284 
0.957183 
0.377196 
0.528447 
0.610624 
0.765939 
0.129548 
0.321340 
0.764627 
0.085139 
0.938082 
0.343285 
0.596953 
0.984739 
0.506502 
0.779175 
0.598571 
0.188925 
0.254265 
0.432939 
0.404383 
0.459316 
0.722370 
0.872339 
0.399952 
0.990630 
0.514409 
0.671121 
0.529687 
0.449929 
0.960579 
0.443378 
0.862213 
0.218753 
0.586412 
0.825855 
0.140349 
0.853960 
0.497532 
0.022243 
0.830746 
0.349526 
0.485914 
0.763745 
0.256533 
0.553963 
0.450533 
0.109298 
0.965549 
0.974085 
0.438923 
0.977250 
0.647379 
0.493712 
0.813723 
0.243058 
0.079967 
0.013698 
0.219343 
0.503040 
0.594917 
0.776391 
0.804467 
0.675945 
0.609096 
0.076015 
0.576111 
0.696525 
0.503640 
0.685377 
0.131266 
0.190320 
0.704533 
0.080619 
0.965355 
0.729350 
0.187337 
0.566722 
0.889185 
0.524753 
0.524663 
0.015622 
0.557001 
0.516802 
0.891615 
0.376734 
0.761222 
0.853546 
0.553163 
0.016672 
0.205941 
0.252870 
0.985090 
0.401879 
0.380388 
0.175227 
0.032449 
0.363958 
0.038183 
0.749483 
0.563456 
0.005291 
0.924757 
0.393365 
0.280634 
0.611640 
0.839390 
0.628979 
0.244263 
0.328272 
0.263804 
0.752873 
0.537851 
0.663878 
0.793667 
0.165091 
0.682780 
0.477312 
0.189464 
0.315972 
0.540176 
0.737449 
0.304013 
0.538837 
0.233515 
0.679523 
0.751003 
0.102832 
0.297836 
0.725594 
0.060414 
0.369817 
0.519548 
0.042118 
0.879705 
0.202720 
0.116872 
0.267666 
0.670775 
0.710656 
0.999840 
0.313841 
0.731891 
0.896922 
0.560371 
0.161543 
0.047028 
0.393867 
0.730741 
0.566885 
0.638948 
0.800466 
0.432195 
0.904873 
0.194797 
0.951082 
0.829344 
0.779546 
0.836227 
0.463764 
0.474081 
0.881333 
0.556436 
0.025615 
0.516716 
0.446007 
0.031886 
0.902159 
0.587679 
0.116741 
0.065365 
0.594880 
0.151017 
0.145968 
0.277070 
0.711654 
0.777142 
0.423368 
0.549422 
0.139574 
0.826772 
0.560723 
0.073316 
0.219906 
0.963673 
0.446292 
0.823940 
0.963688 
0.704037 
0.757917 
0.313764 
0.428832 
0.381347 
0.296647 
0.749178 
0.433067 
0.565181 
0.990320 
0.306985 
0.504562 
0.172063 
0.870301 
0.156589 
0.788531 
0.832967 
0.680955 
0.816157 
0.148375 
0.746552 
0.301893 
0.916155 
0.811633 
0.116098 
0.261587 
0.491380 
0.629284 
0.368406 
0.801227 
0.225194 
0.836447 
0.165668 
0.374024 
0.221152 
0.903437 
0.059980 
0.087686 
0.737654 
0.758423 
0.819305 
0.066230 
0.133402 
0.087019 
0.527453 
0.897585 
0.713190 
0.587318 
0.054921 
0.050012 
0.559838 
0.195137 
0.675437 
0.066810 
0.868701 
0.257068 
0.543784 
0.383186 
0.207480 
0.108783 
0.323476 
0.659972 
0.152022 
0.035327 
0.744647 
0.286189 
0.972384 
0.851074 
0.006233 
0.750678 
0.637827 
0.959593 
0.885606 
0.387644 
0.130510 
0.479960 
0.680463 
0.546346 
0.429156 
0.826802 
0.053495 
0.087071 
0.397808 
0.951929 
0.069861 
0.151189 
0.033859 
0.063206 
0.297518 
0.382571 
0.870137 
0.394381 
0.367734 
0.512973 
0.537995 
0.078454 
0.568990 
0.007884 
0.504180 
0.759864 
0.039711 
0.426877 
0.524895 
0.905985 
0.886882 
0.832780 
0.533792 
0.446175 
0.869398 
0.979553 
0.342083 
0.391271 
0.089427 
0.999557 
0.552983 
0.979986 
0.623377 
0.098621 
0.523352 
0.984392 
0.683378 
0.534823 
0.770251 
0.603418 
0.651708 
0.258903 
0.375179 
0.634242 
0.703868 
0.904736 
0.897718 
0.952573 
0.889253 
0.672576 
0.988210 
0.847780 
0.643999 
0.692608 
0.664841 
0.987192 
0.739462 
0.143723 
0.547975 
0.814859 
0.330485 
0.461496 
0.365392 
0.138736 
0.740442 
0.615045 
0.056137 
0.486713 
0.187580 
0.659983 
0.336224 
0.908709 
0.671510 
0.075694 
0.182083 
0.274484 
0.248320 
0.510654 
0.558035 
0.891592 
0.990502 
0.371377 
0.730896 
0.169153 
0.953506 
0.570096 
0.601060 
0.011312 
0.124251 
0.285973 
0.347702 
0.834487 
0.224127 
0.904529 
0.417794 
0.858915 
0.783187 
0.019268 
0.831000 
0.616212 
0.678801 
0.606035 
0.631654 
0.203248 
0.992225 
0.328630 
0.285514 
0.637062 
0.095617 
0.037831 
0.832106 
0.209521 
0.422075 
0.815712 
0.674968 
0.181116 
0.024124 
0.446531 
0.843861 
0.770114 
0.310519 
0.894378 
0.812054 
0.187379 
0.283930 
0.012090 
0.196479 
0.222753 
0.805258 
0.976836 
0.685432 
0.054269 
0.099364 
0.018206 
0.983928 
0.869500 
0.680990 
0.394150 
0.477105 
0.710807 
0.531436 
0.842172 
0.385462 
0.455095 
0.778657 
0.889544 
0.569035 
0.763833 
0.739137 
0.677935 
0.055954 
0.414339 
0.792702 
0.945465 
0.429885 
0.072620 
0.520611 
0.911840 
0.296776 
0.922334 
0.662239 
0.250600 
0.831101 
0.318565 
0.120789 
0.097692 
0.915099 
0.068894 
0.899639 
0.238326 
0.544404 
0.794777 
0.820878 
0.492217 
0.684277 
0.636781 
0.374696 
0.523259 
0.412521 
0.239394 
0.495097 
0.101805 
0.033155 
0.231848 
0.677048 
0.148849 
0.706204 
0.178568 
0.196987 
0.755303 
0.379563 
0.322858 
0.277409 
0.412280 
0.192034 
0.517186 
0.343064 
0.869331 
0.851624 
0.247594 
0.307841 
0.891064 
0.118068 
0.374008 
0.956942 
0.319247 
0.579908 
0.517882 
0.048487 
0.915252 
0.640107 
0.272254 
0.766037 
0.789545 
0.880819 
0.920280 
0.154071 
0.467439 
0.243583 
0.901186 
0.227781 
0.312069 
0.946483 
0.539713 
0.959689 
0.497072 
0.281298 
0.777561 
0.459423 
0.520181 
0.680729 
0.009724 
0.429734 
0.542049 
0.223731 
0.242567 
0.821770 
0.496556 
0.617891 
0.891438 
0.392414 
0.297998 
0.454508 
0.919459 
0.344771 
0.564847 
0.387993 
0.006712 
0.813591 
0.024079 
0.697046 
0.259117 
0.982040 
0.139286 
0.972655 
0.404534 
0.006752 
0.483184 
0.871081 
0.265992 
0.529804 
0.415804 
0.411431 
0.921839 
0.354251 
0.890050 
0.068589 
0.774823 
0.453121 
0.600956 
0.267292 
0.375079 
0.951580 
0.210955 
0.516069 
0.578005 
0.529296 
0.883151 
0.127135 
0.752948 
0.799822 
0.606065 
0.129450 
0.664263 
0.268743 
0.770271 
0.945650 
0.536108 
0.368431 
0.228148 
0.479999 
0.351167 
0.071714 
0.294058 
0.225807 
0.140207 
0.451421 
0.027328 
0.300435 
0.413248 
0.462985 
0.394895 
0.007459 
0.365749 
0.143299 
0.425337 
0.641550 
0.527651 
0.232135 
0.492433 
0.324524 
0.282029 
0.055788 
0.624520 
0.306590 
0.849894 
0.169259 
0.732103 
0.453216 
0.199766 
0.464343 
0.208324 
0.293780 
0.566049 
0.593448 
0.087428 
0.407982 
0.949418 
0.865382 
0.474848 
0.773390 
0.361795 
0.693049 
0.074378 
0.072739 
0.522197 
0.569620 
0.602323 
0.234923 
0.350440 
0.843544 
0.444653 
0.291039 
0.497285 
0.871136 
0.187915 
0.286634 
0.455942 
0.021021 
0.304105 
0.089523 
0.604706 
0.295642 
0.853542 
0.472184 
0.995178 
0.957672 
0.599955 
0.442484 
0.831178 
0.609744 
0.962001 
0.352537 
0.096563 
0.942188 
0.348281 
0.565020 
0.287663 
0.757219 
0.585464 
0.897957 
0.958508 
0.637652 
0.012347 
0.516885 
0.291017 
0.122480 
0.526462 
0.249035 
0.531816 
0.232943 
0.065588 
0.337434 
0.258232 
0.099831 
0.852855 
0.939051 
0.622126 
0.064753 
0.299299 
0.322253 
0.100225 
0.487175 
0.943606 
0.186486 
0.277783 
0.693247 
0.396993 
0.256855 
0.961287 
0.355277 
0.138061 
0.386846 
0.718852 
0.749308 
0.620084 
0.747775 
0.852765 
0.417150 
0.046919 
0.565009 
0.111946 
0.470800 
0.734770 
0.285195 
0.268493 
0.566000 
0.766624 
0.646262 
0.728113 
0.397581 
0.137818 
0.312649 
0.697865 
0.019917 
0.744958 
0.508694 
0.612260 
0.260154 
0.404665 
0.197134 
0.227027 
0.643815 
0.595714 
0.162073 
0.961200 
0.882260 
0.147879 
0.397945 
0.260223 
0.562020 
0.873707 
0.386468 
0.366674 
0.682015 
0.627588 
0.872001 
0.717726 
0.821077 
0.848704 
0.163940 
0.335705 
0.198124 
0.875601 
0.219802 
0.216905 
0.527356 
0.272080 
0.840744 
0.384319 
0.257121 
0.425871 
0.612674 
0.216528 
0.189202 
0.920503 
0.892986 
0.409582 
0.840971 
0.204660 
0.718411 
0.341031 
0.712121 
0.617497 
0.269539 
0.138328 
0.879284 
0.119238 
0.027117 
0.758260 
0.068024 
0.272186 
0.638438 
0.219643 
0.532813 
0.985223 
0.648806 
0.484750 
0.196413 
0.109373 
0.239517 
0.563701 
0.117664 
0.587075 
0.965517 
0.451103 
0.689306 
0.162805 
0.269613 
0.388606 
0.304015 
0.580669 
0.302992 
0.389971 
0.235958 
0.743716 
0.634687 
0.179068 
0.592325 
0.209107 
0.453077 
0.860722 
0.160214 
0.712495 
0.904803 
0.020106 
0.918308 
0.004114 
0.146645 
0.670495 
0.003651 
0.359455 
0.360519 
0.241699 
0.230092 
0.155897 
0.165057 
0.119226 
0.835802 
0.317028 
0.295923 
0.569712 
0.143319 
0.762333 
0.527169 
0.137220 
0.248165 
0.916909 
0.488129 
0.976158 
0.291631 
0.448459 
0.247996 
0.065849 
0.718824 
0.268941 
0.093723 
0.204309 
0.824968 
0.229653 
0.769980 
0.060555 
0.753354 
0.616003 
0.154203 
0.694683 
0.530408 
0.574987 
0.799624 
0.278026 
0.789647 
0.590685 
0.638545 
0.026837 
0.055011 
0.565777 
0.009419 
0.300308 
0.281087 
0.228748 
0.570154 
0.576069 
0.988959 
0.435290 
0.919408 
0.490139 
0.769920 
0.042415 
0.870956 
0.164033 
0.899891 
0.472000 
0.910900 
0.493819 
0.609742 
0.929295 
0.656121 
0.421922 
0.243286 
0.913996 
0.534580 
0.688212 
0.781568 
0.805784 
0.816345 
0.303326 
0.996633 
0.408166 
0.040035 
0.874844 
0.505372 
0.793186 
0.078315 
0.237812 
0.899232 
0.391701 
0.314269 
0.924841 
0.805719 
0.721420 
0.903689 
0.300847 
0.337409 
0.837987 
0.046758 
0.869475 
0.261567 
0.152546 
0.832284 
0.191587 
0.002416 
0.600418 
0.217434 
0.416053 
0.604972 
0.762558 
0.309200 
0.721037 
0.475274 
0.923960 
0.993470 
0.251278 
0.226060 
0.391968 
0.801745 
0.930269 
0.029754 
0.075412 
0.449509 
0.900145 
0.732410 
0.610480 
0.340641 
0.147456 
0.299256 
0.592545 
0.911472 
0.113749 
0.781256 
0.567572 
0.180127 
0.394365 
0.087386 
0.697864 
0.999748 
0.772078 
0.313778 
0.670870 
0.318983 
0.146841 
0.963158 
0.792652 
0.096977 
0.892121 
0.877219 
0.425209 
0.484563 
0.055550 
0.627311 
0.222824 
0.010057 
0.035481 
0.324336 
0.114227 
0.820659 
0.814308 
0.079192 
0.982879 
0.249001 
0.953244 
0.170416 
0.186539 
0.167782 
0.907439 
0.323022 
0.032557 
0.185991 
0.956028 
0.957727 
0.524719 
0.947531 
0.156049 
0.709332 
0.738774 
0.569994 
0.888415 
0.597133 
0.011595 
0.877604 
0.893140 
0.995743 
0.450761 
0.938537 
0.985304 
0.012496 
0.023570 
0.134568 
0.684310 
0.201265 
0.669204 
0.312728 
0.011936 
0.609160 
0.145370 
0.241794 
0.829724 
0.164416 
0.336861 
0.619690 
0.131456 
0.385122 
0.745031 
0.729192 
0.535708 
0.643334 
0.516788 
0.649506 
0.255257 
0.110580 
0.511715 
0.398674 
0.514243 
0.880739 
0.572854 
0.950775 
0.677143 
0.743621 
0.029757 
0.119467 
0.875719 
0.202503 
0.474002 
0.557260 
0.861900 
0.961601 
0.628747 
0.352014 
0.297783 
0.846943 
0.576014 
0.071505 
0.786537 
0.329908 
0.769774 
0.597747 
0.332839 
0.018776 
0.568733 
0.699421 
0.162581 
0.496364 
0.390187 
0.866078 
0.179066 
0.562491 
0.787058 
0.085589 
0.486419 
0.251505 
0.040077 
0.570726 
0.187805 
0.440409 
0.954795 
0.236726 
0.655284 
0.363751 
0.570570 
0.564766 
0.024562 
0.808640 
0.810411 
0.584597 
0.316617 
0.379267 
0.339449 
0.116960 
0.745794 
0.555132 
0.109833 
0.957006 
0.398135 
0.458617 
0.978363 
0.345123 
0.477231 
0.820820 
0.513733 
0.303852 
0.836979 
0.100603 
0.832169 
0.259209 
0.533296 
0.112736 
0.747961 
0.988533 
0.268112 
0.164547 
0.537417 
0.362658 
0.191108 
0.960015 
0.974708 
0.921531 
0.164538 
0.393505 
0.645810 
0.120444 
0.301389 
0.450747 
0.700012 
0.108135 
0.429092 
0.743499 
0.987473 
0.465188 
0.422497 
0.909228 
0.396167 
0.376546 
0.616344 
0.892599 
0.910940 
0.175511 
0.814165 
0.664069 
0.999912 
0.513835 
0.026334 
0.594158 
0.009149 
0.763753 
0.402190 
0.603738 
0.021184 
0.046903 
0.296604 
0.023501 
0.986275 
0.328496 
0.032788 
0.063198 
0.170887 
0.101159 
0.176024 
0.435247 
0.193833 
0.753338 
0.356104 
0.047335 
0.553143 
0.676828 
0.440567 
0.602964 
0.020411 
0.050129 
0.515640 
0.356857 
0.689848 
0.276127 
0.868563 
0.938772 
0.946332 
0.997067 
0.700002 
0.928786 
0.109139 
0.291936 
0.561050 
0.571176 
0.753783 
0.834803 
0.532315 
0.620110 
0.193941 
0.558991 
0.965358 
0.773640 
0.559680 
0.537240 
0.390281 
0.454550 
0.614699 
0.241105 
0.252434 
0.655163 
0.318713 
0.614990 
0.138471 
0.286440 
0.196737 
0.556065 
0.779335 
0.287234 
0.549125 
0.151047 
0.640610 
0.728356 
0.479228 
0.382780 
0.378307 
0.207917 
0.453408 
0.434608 
0.452165 
0.533725 
0.318208 
0.117220 
0.118097 
0.850470 
0.845946 
0.815657 
0.741290 
0.854529 
0.064791 
0.944443 
0.245205 
0.158145 
0.934849 
0.012520 
0.430134 
0.259586 
0.869588 
0.158319 
0.861653 
0.804539 
0.885659 
0.273471 
0.235061 
0.668352 
0.995645 
0.806112 
0.324661 
0.571688 
0.356474 
0.250765 
0.613235 
0.634570 
0.211933 
0.963889 
0.078189 
0.118368 
0.413900 
0.425608 
0.189343 
0.294812 
0.906388 
0.662992 
0.907443 
0.399775 
0.023645 
0.407386 
0.937871 
0.806025 
0.857459 
0.314082 
0.782327 
0.569184 
0.272004 
0.574868 
0.804776 
0.874282 
0.060283 
0.175859 
0.662936 
0.957753 
0.946873 
0.095824 
0.507128 
0.297448 
0.203560 
0.228504 
0.475014 
0.559961 
0.259726 
0.212411 
0.995199 
0.314852 
0.721530 
0.758178 
0.705899 
0.040925 
0.821347 
0.374732 
0.124512 
0.671557 
0.862666 
0.832832 
0.412052 
0.353685 
0.387445 
0.780057 
0.415931 
0.553242 
0.342169 
0.840354 
0.837053 
0.347383 
0.459509 
0.965062 
0.792562 
0.597492 
0.041139 
0.431119 
0.811833 
0.478479 
0.789205 
0.161112 
0.816261 
0.894478 
0.484776 
0.627301 
0.053837 
0.846136 
0.005364 
0.150687 
0.604037 
0.053908 
0.026955 
0.032226 
0.614884 
0.359991 
0.376387 
0.932111 
0.982786 
0.686771 
0.563815 
0.036448 
0.575056 
0.966755 
0.245297 
0.700135 
0.167558 
0.151126 
0.972376 
0.724538 
0.303274 
0.123828 
0.182494 
0.178899 
0.753482 
0.770289 
0.245768 
0.615670 
0.565722 
0.084757 
0.505253 
0.779086 
0.091612 
0.719355 
0.205082 
0.808687 
0.605586 
0.086948 
0.328563 
0.149971 
0.556304 
0.808209 
0.572890 
0.568096 
0.983258 
0.624619 
0.976212 
0.200852 
0.719459 
0.940697 
0.286275 
0.419863 
0.633454 
0.454967 
0.633927 
0.405619 
0.242146 
0.740331 
0.738164 
0.321473 
0.996371 
0.006193 
0.084943 
0.638954 
0.904071 
0.729435 
0.608128 
0.805243 
0.723771 
0.411052 
0.556176 
0.647349 
0.989584 
0.938638 
0.681834 
0.590370 
0.344867 
0.182315 
0.171131 
0.203045 
0.577705 
0.496268 
0.773126 
0.922906 
0.274210 
0.648183 
0.018766 
0.395387 
0.268951 
0.260300 
0.854592 
0.128645 
0.139060 
0.187861 
0.387877 
0.050965 
0.572636 
0.298905 
0.698280 
0.988626 
0.833050 
0.066051 
0.110827 
0.667087 
0.729600 
0.382036 
0.875033 
0.673721 
0.235960 
0.780899 
0.570718 
0.059954 
0.639102 
0.386251 
0.728171 
0.369694 
0.446484 
0.049719 
0.630751 
0.038476 
0.665492 
0.920474 
0.398743 
0.666723 
0.609269 
0.990179 
0.934602 
0.849455 
0.797562 
0.631762 
0.022214 
0.347256 
0.339588 
0.455925 
0.734545 
0.494908 
0.912309 
0.175277 
0.883684 
0.071485 
0.451052 
0.831082 
0.992033 
0.101192 
0.732440 
0.114295 
0.954215 
0.484467 
0.442848 
0.950687 
0.190133 
0.563873 
0.018540 
0.594401 
0.100610 
0.957101 
0.996922 
0.261055 
0.544792 
0.311372 
0.234024 
0.241321 
0.882022 
0.145943 
0.865356 
0.034771 
0.403562 
0.674528 
0.796131 
0.572618 
0.997692 
0.203428 
0.006590 
0.765422 
0.453384 
0.028623 
0.060943 
0.263242 
0.301264 
0.349547 
0.829265 
0.458048 
0.417623 
0.993900 
0.482006 
0.067761 
0.859906 
0.448078 
0.851543 
0.889288 
0.267020 
0.809371 
0.094422 
0.956119 
0.495359 
0.490880 
0.213972 
0.230167 
0.422932 
0.212193 
0.331652 
0.081609 
0.603395 
0.255475 
0.763764 
0.588927 
0.095363 
0.764172 
0.439051 
0.122889 
0.389687 
0.470818 
0.040641 
0.045031 
0.835695 
0.530456 
0.375796 
0.009182 
0.325804 
0.788445 
0.399951 
0.980409 
0.726058 
0.850570 
0.532615 
0.655917 
0.999881 
0.003110 
0.264893 
0.057647 
0.877490 
0.972142 
0.782568 
0.613217 
0.346356 
0.201347 
0.042294 
0.828431 
0.432083 
0.022905 
0.960571 
0.317280 
0.525371 
0.905802 
0.815486 
0.880126 
0.269939 
0.871103 
0.629214 
0.198552 
0.058807 
0.364054 
0.649328 
0.250088 
0.230688 
0.180099 
0.921018 
0.550421 
0.932372 
0.381120 
0.476792 
0.443230 
0.365437 
0.902042 
0.620920 
0.802118 
0.203503 
0.275378 
0.277023 
0.921403 
0.012060 
0.687170 
0.269652 
0.033311 
0.860851 
0.324690 
0.066260 
0.623920 
0.217891 
0.091021 
0.794603 
0.899795 
0.854321 
0.576242 
0.896142 
0.462074 
0.072391 
0.668144 
0.487929 
0.621769 
0.064095 
0.251761 
0.342803 
0.495127 
0.592604 
0.899387 
0.997209 
0.085471 
0.515074 
0.855738 
0.393496 
0.482246 
0.112210 
0.905761 
0.121640 
0.397518 
0.080100 
0.243657 
0.149781 
0.371888 
0.318356 
0.612580 
0.626468 
0.051398 
0.854009 
0.321633 
0.688258 
0.559963 
0.291117 
0.810479 
0.728147 
0.960531 
0.650919 
0.003475 
0.401854 
0.967304 
0.479231 
0.427938 
0.351345 
0.050626 
0.864670 
0.501568 
0.846670 
0.981161 
0.367624 
0.657482 
0.296106 
0.657457 
0.878413 
0.485704 
0.222367 
0.328163 
0.434907 
0.476389 
0.663739 
0.466449 
0.614560 
0.906593 
0.108684 
0.654816 
0.488162 
0.541277 
0.240700 
0.441959 
0.998072 
0.589761 
0.104791 
0.219544 
0.878334 
0.159885 
0.194905 
0.764162 
0.267958 
0.575302 
0.101739 
0.920284 
0.216063 
0.378259 
0.393340 
0.868881 
0.277068 
0.687784 
0.586888 
0.827136 
0.666520 
0.199500 
0.001254 
0.074644 
0.535929 
0.365868 
0.150340 
0.764955 
0.604005 
0.519382 
0.259100 
0.699930 
0.728174 
0.423211 
0.901879 
0.878912 
0.880353 
0.100845 
0.908408 
0.611559 
0.475677 
0.695546 
0.039292 
0.377385 
0.703754 
0.990492 
0.201654 
0.202422 
0.112136 
0.666745 
0.979785 
0.252145 
0.801765 
0.264001 
0.064116 
0.597561 
0.208435 
0.160682 
0.590033 
0.687005 
0.489897 
0.704794 
0.473725 
0.888134 
0.864410 
0.138038 
0.005193 
0.278613 
0.655771 
0.546401 
0.353442 
0.308043 
0.286441 
0.209001 
0.675779 
0.812875 
0.991991 
0.395386 
0.260092 
0.359523 
0.509367 
0.936696 
0.046548 
0.326063 
0.133372 
0.576106 
0.609105 
0.226547 
0.573928 
0.009293 
0.180278 
0.930421 
0.592256 
0.046468 
0.988497 
0.667689 
0.848516 
0.008309 
0.641837 
0.354189 
0.849158 
0.805842 
0.778182 
0.902875 
0.623915 
0.133429 
0.535212 
0.301966 
0.147571 
0.230295 
0.568703 
0.190644 
0.154049 
0.105579 
0.462411 
0.733509 
0.080281 
0.286080 
0.149544 
0.384838 
0.970640 
0.548451 
0.820561 
0.175506 
0.724044 
0.006438 
0.204626 
0.157566 
0.211595 
0.279127 
0.290393 
0.636539 
0.304077 
0.615041 
0.994762 
0.967379 
0.730644 
0.925649 
0.375548 
0.830770 
0.747630 
0.418584 
0.139669 
0.412794 
0.825028 
0.247464 
0.127791 
0.777101 
0.744360 
0.462461 
0.577426 
0.799977 
0.207972 
0.393269 
0.676048 
0.339702 
0.369418 
0.802981 
0.706947 
0.659013 
0.035454 
0.872027 
0.150837 
0.122273 
0.047234 
0.862240 
0.674624 
0.399496 
0.324662 
0.593234 
0.480004 
0.432217 
0.277048 
0.342774 
0.006573 
0.477717 
0.992754 
0.221373 
0.623443 
0.206827 
0.142616 
0.942410 
0.083408 
0.842873 
0.172076 
0.074030 
0.216752 
0.950673 
0.954551 
0.144912 
0.542736 
0.766780 
0.273997 
0.066633 
0.906929 
0.754212 
0.043679 
0.120512 
0.437989 
0.289105 
0.994139 
0.490844 
0.616679 
0.529252 
0.135952 
0.951425 
0.601628 
0.554427 
0.252374 
0.658013 
0.220664 
0.696495 
0.983813 
0.945489 
0.825766 
0.648557 
0.304624 
0.811463 
0.261947 
0.534856 
0.320061 
0.264573 
0.681198 
0.889320 
0.806374 
0.736041 
0.635201 
0.829961 
0.149525 
0.063205 
0.293699 
0.192130 
0.134740 
0.573117 
0.377323 
0.660890 
0.580222 
0.792472 
0.072344 
0.877751 
0.355167 
0.284675 
0.528622 
0.555687 
0.435617 
