0.000001 
0.009775 
0.290697 
0.751047 
0.854015 
0.426280 
0.480024 
0.758726 
0.902031 
0.441211 
0.431427 
0.994095 
0.751049 
0.875717 
0.180566 
0.773582 
0.595541 
0.265581 
0.615035 
0.886148 
0.485955 
0.439982 
0.779118 
0.631827 
0.115182 
0.862446 
0.134043 
0.864149 
0.744784 
0.583197 
0.787052 
0.990717 
0.985352 
0.803789 
0.283178 
0.366274 
0.964548 
0.165571 
0.756697 
0.805695 
0.308000 
0.551568 
0.205307 
0.602841 
0.941438 
0.746700 
0.784668 
0.911763 
0.999204 
0.614748 
0.077846 
0.351978 
0.686974 
0.980268 
0.358644 
0.721959 
0.967493 
0.660211 
0.172702 
0.600919 
0.644845 
0.911712 
0.149096 
0.848663 
0.472144 
0.315998 
0.976880 
0.414490 
0.325386 
0.757548 
0.112595 
0.383161 
0.793543 
0.075169 
0.357985 
0.654495 
0.092835 
0.283962 
0.554896 
0.131313 
0.985479 
0.943808 
0.581354 
0.818759 
0.880671 
0.440668 
0.299729 
0.544418 
0.039586 
0.322891 
0.826695 
0.260403 
0.595967 
0.418045 
0.078854 
0.300865 
0.630969 
0.688882 
0.046789 
0.377273 
0.827875 
0.092665 
0.428793 
0.728252 
0.731302 
0.996251 
0.996859 
0.204753 
0.284139 
0.527852 
0.601669 
0.245589 
0.617521 
0.675226 
0.531114 
0.436765 
0.707476 
0.549636 
0.726642 
0.672750 
0.903650 
0.646930 
0.960597 
0.746502 
0.452286 
0.568487 
0.564671 
0.433727 
0.648595 
0.938990 
0.606881 
0.851337 
0.421299 
0.768489 
0.001421 
0.882565 
0.268946 
0.176550 
0.268721 
0.396092 
0.123999 
0.045654 
0.305624 
0.626527 
0.041301 
0.148066 
0.549600 
0.132895 
0.558452 
0.905882 
0.154672 
0.574130 
0.407831 
0.412477 
0.496742 
0.742843 
0.957176 
0.263486 
0.415923 
0.420898 
0.038172 
0.554356 
0.063322 
0.253398 
0.859668 
0.440602 
0.190200 
0.695269 
0.384269 
0.410988 
0.480981 
0.854476 
0.174816 
0.124864 
0.585991 
0.758393 
0.308447 
0.068647 
0.751601 
0.158308 
0.678798 
0.555657 
0.922911 
0.371789 
0.661326 
0.905923 
0.845232 
0.810867 
0.243435 
0.406867 
0.213935 
0.606648 
0.938888 
0.891779 
0.134292 
0.048572 
0.343979 
0.257946 
0.290636 
0.723570 
0.047036 
0.537160 
0.056104 
0.944729 
0.064213 
0.235816 
0.355938 
0.244751 
0.528898 
0.188976 
0.121575 
0.319083 
0.830583 
0.608286 
0.454853 
0.710409 
0.837276 
0.099688 
0.462807 
0.403156 
0.846412 
0.652865 
0.709269 
0.690095 
0.427147 
0.064478 
0.690006 
0.931152 
0.879351 
0.243879 
0.875736 
0.487454 
0.633331 
0.391435 
0.854554 
0.483948 
0.713762 
0.199446 
0.083260 
0.349783 
0.809663 
0.998644 
0.217228 
0.947195 
0.505747 
0.082417 
0.187178 
0.896701 
0.851995 
0.479849 
0.821607 
0.743208 
0.097871 
0.916668 
0.441403 
0.652808 
0.736921 
0.435296 
0.021918 
0.372088 
0.688430 
0.441843 
0.056232 
0.091455 
0.090274 
0.242062 
0.335224 
0.101370 
0.719953 
0.244936 
0.640224 
0.247426 
0.483782 
0.927129 
0.249213 
0.519055 
0.759761 
0.305411 
0.047638 
0.652312 
0.412701 
0.265374 
0.133967 
0.587973 
0.061511 
0.823754 
0.837891 
0.432218 
0.281470 
0.661625 
0.923580 
0.615042 
0.006243 
0.933314 
0.203651 
0.765392 
0.945085 
0.043896 
0.762082 
0.313124 
0.667496 
0.607272 
0.422576 
0.231282 
0.153953 
0.494388 
0.172579 
0.532644 
0.153573 
0.093216 
0.678732 
0.450832 
0.127973 
0.835271 
0.398153 
0.753319 
0.033775 
0.663530 
0.947949 
0.171144 
0.421894 
0.768875 
0.487892 
0.006765 
0.693165 
0.029937 
0.156787 
0.112844 
0.560783 
0.086400 
0.128892 
0.294604 
0.412618 
0.878987 
0.135562 
0.394383 
0.401192 
0.837017 
0.750747 
0.807768 
0.148930 
0.058405 
0.619915 
0.906529 
0.031846 
0.239007 
0.996276 
0.410975 
0.263737 
0.628553 
0.082282 
0.914502 
0.033015 
0.889299 
0.443990 
0.141836 
0.841968 
0.952902 
0.428131 
0.596001 
0.986834 
0.719145 
0.673260 
0.487956 
0.080629 
0.124614 
0.391801 
0.000038 
0.638256 
0.169699 
0.125236 
0.835559 
0.233745 
0.559563 
0.582542 
0.775390 
0.980489 
0.075050 
0.361423 
0.443975 
0.885906 
0.424758 
0.903261 
0.110167 
0.574570 
0.802482 
0.313150 
0.118154 
0.816189 
0.688238 
0.223178 
0.957018 
0.602255 
0.095670 
0.920771 
0.399213 
0.579550 
0.495358 
0.484368 
0.774532 
0.566539 
0.826022 
0.949852 
0.157609 
0.940488 
0.787950 
0.080865 
0.099275 
0.515198 
0.940941 
0.401004 
0.675055 
0.642808 
0.679126 
0.074531 
0.635750 
0.043210 
0.222954 
0.182125 
0.980900 
0.980615 
0.202640 
0.777592 
0.995208 
0.465619 
0.665481 
0.739105 
0.142040 
0.268986 
0.851112 
0.642219 
0.774418 
0.637519 
0.786614 
0.616853 
0.449043 
0.070113 
0.384582 
0.664994 
0.560455 
0.574977 
0.640029 
0.959451 
0.485916 
0.797195 
0.449040 
0.011110 
0.721197 
0.156470 
0.797111 
0.042774 
0.906723 
0.290089 
0.524816 
0.581591 
0.799297 
0.788948 
0.841168 
0.508726 
0.157970 
0.995508 
0.496965 
0.494882 
0.488190 
0.011000 
0.875669 
0.362186 
0.261689 
0.213816 
0.597236 
0.743320 
0.980911 
0.171571 
0.593133 
0.791849 
0.599777 
0.453445 
0.050668 
0.580696 
0.762267 
0.421992 
0.423080 
0.709408 
0.014480 
0.360999 
0.311538 
0.027286 
0.604060 
0.443935 
0.212627 
0.623457 
0.444209 
0.815268 
0.207437 
0.400560 
0.205951 
0.423156 
0.984284 
0.862479 
0.689958 
0.124778 
0.146425 
0.960717 
0.776693 
0.880681 
0.611486 
0.243493 
0.386181 
0.537365 
0.500615 
0.829896 
0.056197 
0.497277 
0.741399 
0.686001 
0.617208 
0.412705 
0.338527 
0.617673 
0.230920 
0.064295 
0.599122 
0.449406 
0.158245 
0.629978 
0.045130 
0.498079 
0.208960 
0.991073 
0.966404 
0.349168 
0.471295 
0.052792 
0.277189 
0.717029 
0.099211 
0.441890 
0.848675 
0.687118 
0.395963 
0.943870 
0.616313 
0.375863 
0.128478 
0.334113 
0.439204 
0.707218 
0.219634 
0.393050 
0.983403 
0.048962 
0.910694 
0.039087 
0.936224 
0.116761 
0.397587 
0.242449 
0.841339 
0.385418 
0.713531 
0.310155 
0.774056 
0.551735 
0.002554 
0.918314 
0.106460 
0.266301 
0.721293 
0.771426 
0.356619 
0.689799 
0.444145 
0.743994 
0.314996 
0.144058 
0.175894 
0.243699 
0.850859 
0.395412 
0.687513 
0.032747 
0.382828 
0.196351 
0.063684 
0.344105 
0.380997 
0.414888 
0.023717 
0.609673 
0.772886 
0.895620 
0.690725 
0.017094 
0.292531 
0.563127 
0.469810 
0.088733 
0.327451 
0.463426 
0.803360 
0.072329 
0.630555 
0.734128 
0.490573 
0.064206 
0.102494 
0.609717 
0.508087 
0.423901 
0.499087 
0.151836 
0.914046 
0.370131 
0.794012 
0.961370 
0.752519 
0.579378 
0.605017 
0.526905 
0.684203 
0.403619 
0.623108 
0.570667 
0.204484 
0.769631 
0.190904 
0.516851 
0.714041 
0.893663 
0.790899 
0.644009 
0.865540 
0.123808 
0.842391 
0.072777 
0.168601 
0.670156 
0.312699 
0.525269 
0.194879 
0.339620 
0.000640 
0.764600 
0.625332 
0.961491 
0.775001 
0.443052 
0.376774 
0.435346 
0.860928 
0.617591 
0.845785 
0.111936 
0.302384 
0.173107 
0.414266 
0.576304 
0.947818 
0.983893 
0.293166 
0.238271 
0.618223 
0.481391 
0.731444 
0.376955 
0.476634 
0.787712 
0.067769 
0.993800 
0.796558 
0.747395 
0.475745 
0.848918 
0.763130 
0.933717 
0.973695 
0.898270 
0.216943 
0.167514 
0.405461 
0.578073 
0.671860 
0.953305 
0.192517 
0.627058 
0.956044 
0.238718 
0.125926 
0.445414 
0.071735 
0.651457 
0.030440 
0.612850 
0.168345 
0.375992 
0.290638 
0.752692 
0.499146 
0.144564 
0.693245 
0.371620 
0.811346 
0.288833 
0.411549 
0.906677 
0.521164 
0.200206 
0.869896 
0.341136 
0.473406 
0.539030 
0.469272 
0.057267 
0.482227 
0.789325 
0.182773 
0.868467 
0.327675 
0.234953 
0.863466 
0.277095 
0.129129 
0.265837 
0.922465 
0.864759 
0.009552 
0.547689 
0.014641 
0.075043 
0.248786 
0.352128 
0.214109 
0.532059 
0.317180 
0.849557 
0.508454 
0.581477 
0.879278 
0.017996 
0.454290 
0.247812 
0.969917 
0.395203 
0.182403 
0.650487 
0.738835 
0.606917 
0.461504 
0.501876 
0.026224 
0.741656 
0.014695 
0.983990 
0.915964 
0.598642 
0.381781 
0.586245 
0.018121 
0.564240 
0.177806 
0.386754 
0.177519 
0.565773 
0.952325 
0.732144 
0.140262 
0.376036 
0.033157 
0.268805 
0.798484 
0.117180 
0.452127 
0.905463 
0.122265 
0.899981 
0.978756 
0.960487 
0.897264 
0.309090 
0.876143 
0.335550 
0.592569 
0.315172 
0.095937 
0.414985 
0.658677 
0.379767 
0.747114 
0.742780 
0.897689 
0.466954 
0.101036 
0.117939 
0.206174 
0.173466 
0.445447 
0.621217 
0.788024 
0.324506 
0.979962 
0.223317 
0.281504 
0.246098 
0.165599 
0.220503 
0.998095 
0.990604 
0.075686 
0.057331 
0.562141 
0.899484 
0.627551 
0.248270 
0.682162 
0.099320 
0.267790 
0.746187 
0.164392 
0.930390 
0.073125 
0.013443 
0.931870 
0.945788 
0.864891 
0.226520 
0.125399 
0.578654 
0.439263 
0.691361 
0.701880 
0.495500 
0.861542 
0.930765 
0.371497 
0.758442 
0.137776 
0.601905 
0.225173 
0.478187 
0.891877 
0.784795 
0.052713 
0.950377 
0.984267 
0.573334 
0.026375 
0.286150 
0.317301 
0.875131 
0.329554 
0.817335 
0.954521 
0.637779 
0.157140 
0.053113 
0.662749 
0.815184 
0.789573 
0.357171 
0.967756 
0.072006 
0.207718 
0.121488 
0.852062 
0.598347 
0.413061 
0.322224 
0.622825 
0.813636 
0.774557 
0.987089 
0.009068 
0.401840 
0.722448 
0.187991 
0.559828 
0.023317 
0.894836 
0.507566 
0.663705 
0.885138 
0.513808 
0.565682 
0.411485 
0.835490 
0.075638 
0.255363 
0.884990 
0.022119 
0.748533 
0.589453 
0.934339 
0.437496 
0.000252 
0.243481 
0.183345 
0.472510 
0.477479 
0.994427 
0.327705 
0.732045 
0.486080 
0.549134 
0.292258 
0.976921 
0.115184 
0.903558 
0.102044 
0.058906 
0.033927 
0.209495 
0.979658 
0.116086 
0.061709 
0.147809 
0.224960 
0.902687 
0.458751 
0.226534 
0.363994 
0.639663 
0.823115 
0.099283 
0.643880 
0.685254 
0.063712 
0.800524 
0.401726 
0.806068 
0.582110 
0.529424 
0.034714 
0.443549 
0.723283 
0.224889 
0.712836 
0.637282 
0.793796 
0.325787 
0.503792 
0.239059 
0.859235 
0.162109 
0.573378 
0.768049 
0.596181 
0.011264 
0.313533 
0.549575 
0.703587 
0.184621 
0.931538 
0.360336 
0.160089 
0.620624 
0.827099 
0.051563 
0.617797 
0.313062 
0.640528 
0.350250 
0.647803 
0.619621 
0.969827 
0.888917 
0.025084 
0.583362 
0.558495 
0.626103 
0.919626 
0.153905 
0.686221 
0.317500 
0.215864 
0.023650 
0.482746 
0.515234 
0.529672 
0.199579 
0.329811 
0.140332 
0.561793 
0.060363 
0.519960 
0.962671 
0.615786 
0.520530 
0.541177 
0.557788 
0.739836 
0.430035 
0.593243 
0.632963 
0.206749 
0.827465 
0.200953 
0.409461 
0.816055 
0.432734 
0.953400 
0.792399 
0.844785 
0.307218 
0.415986 
0.470133 
0.520201 
0.026271 
0.534608 
0.160314 
0.404024 
0.430030 
0.509602 
0.888621 
0.052671 
0.233505 
0.517486 
0.392637 
0.050241 
0.405504 
0.312711 
0.729420 
0.358083 
0.304450 
0.889332 
0.997987 
0.175708 
0.120305 
0.961141 
0.889798 
0.840964 
0.087037 
0.836993 
0.348644 
0.659288 
0.658686 
0.531927 
0.104791 
0.221454 
0.973554 
0.527584 
0.105537 
0.759368 
0.694000 
0.054188 
0.744729 
0.668607 
0.281130 
0.952766 
0.130935 
0.624425 
0.712663 
0.732423 
0.833735 
0.587585 
0.544877 
0.752919 
0.310760 
0.941221 
0.108471 
0.076169 
0.176845 
0.229677 
0.174627 
0.958816 
0.815327 
0.203773 
0.818679 
0.541493 
0.878201 
0.917443 
0.461695 
0.704825 
0.997559 
0.975370 
0.039835 
0.508668 
0.181927 
0.654873 
0.446024 
0.319630 
0.020478 
0.172955 
0.847491 
0.785616 
0.848325 
0.793377 
0.286148 
0.288727 
0.630667 
0.614523 
0.285704 
0.821337 
0.217790 
0.397246 
0.518031 
0.551571 
0.251420 
0.623488 
0.967996 
0.113277 
0.849231 
0.019289 
0.186082 
0.485660 
0.492269 
0.562520 
0.281215 
0.381532 
0.406463 
0.420834 
0.963447 
0.653751 
0.584873 
0.958632 
0.729859 
0.746176 
0.976457 
0.313484 
0.722523 
0.447825 
0.592198 
0.078847 
0.182522 
0.648074 
0.180806 
0.798144 
0.403876 
0.946018 
0.731024 
0.315409 
0.087299 
0.240023 
0.061338 
0.901897 
0.177754 
0.519256 
0.134468 
0.005045 
0.795753 
0.213247 
0.047171 
0.809641 
0.631345 
0.017292 
0.633819 
0.596405 
0.783198 
0.213604 
0.045817 
0.051968 
0.420227 
0.749307 
0.607209 
0.368113 
0.882010 
0.937683 
0.644813 
0.377148 
0.723552 
0.738341 
0.292183 
0.715381 
0.407576 
0.126068 
0.828629 
0.775140 
0.783723 
0.040763 
0.097082 
0.649133 
0.979120 
0.064436 
0.980530 
0.767582 
0.745683 
0.692120 
0.460130 
0.399295 
0.944782 
0.947122 
0.276772 
0.703545 
0.483433 
0.066485 
0.412704 
0.318820 
0.405523 
0.616718 
0.183262 
0.091219 
0.110174 
0.699902 
0.248621 
0.576780 
0.941367 
0.550729 
0.100648 
0.595662 
0.296594 
0.854898 
0.267705 
0.323040 
0.332996 
0.658603 
0.133136 
0.618992 
0.393428 
0.352776 
0.104776 
0.968083 
0.569201 
0.560883 
0.766166 
0.952824 
0.109302 
0.031783 
0.178386 
0.126765 
0.533317 
0.456509 
0.545306 
0.952310 
0.475157 
0.965450 
0.319676 
0.797425 
0.323797 
0.054642 
0.360162 
0.250284 
0.528681 
0.546333 
0.225764 
0.422763 
0.382382 
0.687442 
0.842842 
0.640595 
0.474375 
0.814927 
0.478864 
0.264226 
0.845528 
0.789894 
0.742722 
0.934373 
0.006763 
0.664349 
0.707801 
0.017990 
0.363058 
0.911815 
0.878676 
0.910616 
0.714717 
0.243252 
0.339744 
0.080913 
0.903301 
0.786788 
0.542506 
0.905007 
0.451656 
0.976897 
0.713684 
0.883489 
0.793410 
0.848488 
0.541880 
0.384277 
0.543802 
0.677246 
0.476793 
0.467554 
0.184883 
0.323383 
0.105530 
0.642692 
0.728654 
0.490045 
0.188563 
0.174632 
0.037580 
0.611627 
0.615736 
0.673607 
0.310971 
0.483452 
0.374460 
0.556205 
0.143854 
0.746864 
0.540278 
0.446204 
0.343911 
0.115648 
0.692768 
0.348769 
0.767031 
0.495024 
0.868064 
0.547770 
0.364463 
0.528902 
0.254311 
0.199031 
0.112313 
0.641884 
0.149183 
0.326140 
0.438865 
0.999933 
0.866084 
0.279103 
0.878499 
0.934286 
0.551575 
0.317248 
0.987824 
0.364361 
0.819537 
0.954465 
0.685005 
0.878349 
0.416794 
0.054338 
0.264468 
0.917189 
0.192637 
0.655989 
0.206856 
0.629259 
0.962077 
0.622342 
0.708076 
0.638898 
0.956236 
0.450988 
0.758767 
0.605066 
0.349182 
0.701914 
0.076795 
0.699218 
0.760466 
0.151396 
0.512234 
0.112381 
0.793730 
0.223153 
0.539434 
0.272031 
0.018099 
0.184332 
0.070494 
0.793204 
0.382815 
0.978535 
0.235503 
0.092383 
0.689175 
0.969904 
0.170602 
0.310959 
0.288951 
0.397349 
0.252738 
0.770775 
0.415480 
0.966579 
0.293401 
0.197968 
0.241370 
0.704918 
0.555140 
0.231353 
0.344242 
0.681973 
0.919216 
0.255258 
0.124409 
0.938987 
0.553278 
0.949026 
0.280447 
0.473736 
0.078612 
0.231098 
0.060370 
0.632104 
0.767638 
0.684448 
0.518270 
0.562922 
0.023969 
0.842142 
0.882563 
0.231442 
0.847469 
0.408017 
0.544660 
0.103397 
0.793233 
0.867823 
0.506804 
0.852924 
0.099709 
0.807645 
0.089640 
0.572514 
0.236328 
0.966517 
0.250804 
0.259982 
0.522768 
0.168944 
0.434841 
0.364387 
0.248649 
0.039851 
0.769216 
0.206433 
0.511654 
0.367566 
0.673731 
0.390750 
0.335273 
0.932781 
0.242263 
0.709523 
0.961039 
0.176590 
0.956064 
0.570798 
0.405815 
0.534840 
0.055483 
0.498107 
0.687676 
0.762961 
0.077147 
0.601788 
0.244906 
0.129342 
0.855229 
0.835165 
0.622467 
0.802256 
0.520249 
0.828349 
0.053288 
0.616154 
0.704144 
0.547589 
0.322854 
0.209069 
0.824314 
0.246361 
0.584234 
0.219546 
0.917716 
0.058035 
0.400886 
0.691626 
0.152697 
0.377928 
0.830247 
0.967539 
0.435578 
0.752911 
0.175794 
0.572065 
0.694690 
0.654644 
0.605836 
0.278508 
0.890221 
0.936773 
0.348809 
0.424783 
0.325353 
0.206157 
0.880807 
0.721397 
0.515798 
0.024991 
0.026431 
0.220149 
0.036938 
0.814282 
0.636298 
0.259448 
0.543818 
0.942278 
0.872451 
0.286185 
0.912950 
0.953111 
0.939416 
0.761576 
0.803426 
0.183532 
0.628791 
0.088984 
0.553604 
0.422108 
0.365687 
0.098416 
0.078318 
0.286194 
0.065838 
0.543803 
0.689385 
0.491903 
0.411409 
0.551237 
0.645369 
0.711228 
0.608892 
0.647830 
0.078771 
0.897244 
0.986354 
0.652373 
0.438879 
0.237079 
0.592603 
0.875970 
0.436147 
0.314347 
0.233880 
0.816164 
0.267610 
0.724755 
0.948977 
0.450915 
0.520495 
0.959302 
0.986315 
0.995342 
0.710026 
0.414676 
0.455378 
0.533623 
0.593495 
0.871771 
0.862034 
0.203598 
0.864303 
0.341847 
0.425125 
0.079143 
0.157244 
0.801578 
0.125384 
0.333399 
0.439596 
0.287379 
0.982696 
0.168581 
0.337520 
0.693627 
0.787865 
0.646972 
0.666496 
0.797303 
0.274321 
0.517136 
0.505650 
0.457538 
0.837755 
0.142128 
0.746206 
0.477086 
0.391178 
0.528168 
0.920814 
0.114074 
0.241119 
0.485487 
0.587418 
0.733998 
0.298619 
0.881267 
0.453090 
0.091318 
0.789604 
0.867708 
0.572290 
0.473989 
0.331774 
0.126686 
0.216663 
0.459796 
0.795137 
0.864666 
0.444506 
0.804657 
0.862757 
0.349512 
0.251554 
0.864679 
0.655160 
0.275762 
0.735609 
0.376463 
0.214516 
0.370138 
0.908050 
0.598481 
0.677668 
0.570450 
0.556434 
0.981209 
0.171306 
0.141408 
0.651037 
0.980854 
0.213256 
0.185589 
0.186962 
0.267073 
0.703526 
0.155180 
0.108575 
0.814281 
0.614987 
0.082051 
0.030525 
0.037969 
0.147264 
0.060321 
0.810460 
0.404487 
0.215303 
0.592820 
0.527269 
0.812751 
0.910153 
0.949127 
0.977572 
0.048481 
0.825914 
0.136255 
0.037501 
0.274781 
0.251530 
0.461707 
0.905986 
0.913328 
0.298966 
0.724176 
0.224971 
0.089894 
0.842643 
0.305841 
0.275149 
0.431982 
0.326852 
0.406503 
0.087907 
0.455282 
0.917782 
0.170217 
0.841346 
0.497147 
0.546994 
0.331735 
0.463339 
0.336816 
0.863898 
0.527255 
0.579158 
0.901791 
0.397075 
0.647084 
0.544746 
0.551080 
0.995595 
0.962296 
0.314956 
0.472665 
0.075200 
0.885529 
0.090642 
0.425183 
0.054755 
0.263301 
0.294227 
0.074879 
0.498913 
0.234886 
0.728103 
0.221706 
0.220643 
0.349849 
0.912101 
0.674558 
0.294123 
0.322078 
0.164343 
0.111322 
0.985907 
0.138448 
0.902314 
0.190557 
0.691246 
0.772210 
0.538455 
0.813301 
0.154238 
0.281441 
0.181461 
0.817202 
0.717314 
0.903350 
0.597764 
0.619652 
0.484098 
0.236976 
0.850805 
0.483530 
0.693665 
0.434237 
0.221357 
0.354451 
0.253049 
0.987692 
0.137376 
0.873458 
0.215639 
0.248616 
0.493711 
0.799283 
0.555839 
0.988148 
0.804204 
0.263790 
0.523341 
0.797600 
0.270988 
0.502598 
0.167552 
0.047763 
0.752808 
0.445047 
0.910982 
0.866924 
0.388520 
0.860653 
0.987166 
0.302657 
0.756691 
0.703733 
0.633696 
0.525431 
0.911389 
0.711272 
0.341158 
0.849440 
0.535136 
0.038188 
0.820155 
0.349683 
0.121350 
0.535448 
0.281519 
0.482086 
0.424525 
0.987783 
0.675523 
0.521113 
0.352032 
0.593644 
0.369948 
0.724009 
0.422442 
0.986413 
0.644029 
0.197401 
0.720639 
0.774868 
0.214321 
0.097769 
0.196534 
0.145560 
0.425858 
0.400376 
0.122487 
0.639232 
0.577024 
0.048904 
0.922693 
0.708712 
0.320350 
0.124107 
0.861536 
0.834767 
0.928988 
0.503560 
0.335258 
0.678971 
0.471793 
0.428925 
0.937260 
0.535081 
0.109652 
0.913894 
0.823047 
0.952399 
0.964867 
0.525734 
0.014729 
0.556786 
0.903602 
0.840963 
0.067636 
0.754817 
0.203050 
0.665611 
0.928704 
0.732105 
0.481187 
0.315821 
0.997764 
0.423895 
0.403887 
0.126181 
0.730907 
0.349926 
0.213336 
0.541828 
0.501807 
0.868962 
0.643537 
0.922518 
0.764933 
0.222869 
0.760638 
0.035515 
0.897156 
0.496479 
0.329796 
0.876114 
0.846066 
0.824686 
0.491506 
0.740736 
0.553656 
0.294286 
0.068335 
0.511127 
0.507669 
0.399899 
0.096522 
0.242878 
0.052297 
0.962666 
0.522426 
0.406255 
0.925288 
0.320364 
0.359461 
0.465901 
0.398016 
0.455755 
0.879924 
0.875909 
0.404670 
0.291559 
0.230441 
0.022027 
0.209555 
0.998792 
0.703783 
0.475555 
0.650688 
0.109081 
0.330012 
0.514585 
0.632236 
0.983369 
0.479187 
0.696642 
0.460421 
0.289320 
0.596343 
0.730904 
0.300299 
0.132222 
0.248480 
0.201320 
0.591910 
0.223336 
0.612607 
0.083763 
0.804360 
0.872984 
0.248841 
0.277940 
0.345220 
0.108043 
0.875886 
0.017140 
0.066441 
0.677307 
0.502095 
0.707028 
0.015722 
0.242566 
0.810234 
0.609856 
0.855646 
0.841143 
0.093506 
0.552157 
0.110744 
0.272866 
0.061869 
0.827519 
0.105931 
0.386980 
0.970671 
0.064788 
0.894596 
0.481032 
0.707847 
0.792159 
0.817985 
0.879076 
0.632426 
0.180206 
0.719510 
0.802599 
0.279807 
0.722785 
0.855182 
0.045289 
0.171199 
0.335114 
0.255685 
0.294913 
0.597408 
0.638263 
0.282594 
0.557830 
0.442331 
0.261898 
0.726963 
0.068804 
0.393979 
0.604030 
0.925704 
0.306447 
0.461443 
0.467073 
0.099875 
0.605956 
0.294252 
0.499859 
0.132347 
0.359486 
0.888916 
0.015465 
0.923420 
0.919554 
0.945091 
0.148691 
0.053065 
0.868388 
0.992763 
0.360581 
0.286081 
0.158693 
0.152512 
0.273262 
0.710455 
0.625462 
0.138795 
0.719200 
0.599292 
0.302125 
0.813561 
0.525524 
0.476866 
0.688883 
0.051336 
0.800728 
0.834567 
0.568392 
0.966558 
0.943539 
0.064224 
0.416652 
0.668071 
0.261326 
0.098846 
0.308764 
0.392535 
0.331985 
0.678731 
0.431039 
0.468906 
0.909411 
0.471969 
0.384976 
0.285993 
0.687696 
0.099080 
0.230534 
0.583560 
0.892121 
0.883887 
0.495404 
0.260298 
0.825462 
0.544998 
0.776051 
0.092070 
0.428219 
0.084874 
0.472575 
0.564429 
0.357057 
0.061667 
0.438317 
0.798314 
0.257809 
0.989692 
0.745394 
0.837916 
0.857025 
0.021072 
0.162908 
0.994091 
0.687921 
0.891918 
0.468037 
0.301618 
0.295005 
0.140784 
0.153160 
0.163342 
0.281145 
0.207083 
0.451361 
0.019370 
0.548700 
0.003803 
0.912495 
0.302389 
0.253852 
0.489627 
0.156413 
0.841229 
0.543482 
0.295091 
0.597576 
0.465507 
0.782410 
0.958051 
0.967888 
0.295345 
0.857187 
0.748233 
0.557489 
0.713452 
0.995591 
0.897932 
0.548187 
0.374495 
0.136515 
0.407769 
0.370294 
0.530259 
0.071323 
0.729659 
0.379851 
0.153794 
0.818669 
0.375880 
0.407066 
0.553220 
0.966253 
0.817314 
0.602217 
0.464246 
0.583561 
0.917424 
0.145556 
0.367411 
0.076174 
0.261941 
0.440047 
0.871295 
0.861700 
0.593500 
0.947006 
0.334791 
0.837560 
