0.000000 
0.008085 
0.878535 
0.540298 
0.785586 
0.348556 
0.184839 
0.597089 
0.267253 
0.713187 
0.537762 
0.157646 
0.557112 
0.387203 
0.712990 
0.225869 
0.180300 
0.297314 
0.952226 
0.068367 
0.048031 
0.263012 
0.436212 
0.412872 
0.140899 
0.090398 
0.317427 
0.999732 
0.498288 
0.727336 
0.329884 
0.361418 
0.350575 
0.113942 
0.030843 
0.372587 
0.065956 
0.515641 
0.372032 
0.741619 
0.394847 
0.191169 
0.974446 
0.508194 
0.216578 
0.018688 
0.084517 
0.478664 
0.902464 
0.709396 
0.812982 
0.789106 
0.496913 
0.620990 
0.978766 
0.120724 
0.001938 
0.572457 
0.278944 
0.211969 
0.562950 
0.506644 
0.172150 
0.329598 
0.561028 
0.201302 
0.277916 
0.927276 
0.727080 
0.040470 
0.182795 
0.230429 
0.818839 
0.225500 
0.973418 
0.229058 
0.772537 
0.032292 
0.736755 
0.644233 
0.621297 
0.135271 
0.502433 
0.391335 
0.174326 
0.899287 
0.318351 
0.519923 
0.350594 
0.439989 
0.895097 
0.890309 
0.430452 
0.598751 
0.211734 
0.620331 
0.898952 
0.679436 
0.280491 
0.204742 
0.102638 
0.035007 
0.358642 
0.690380 
0.212518 
0.792736 
0.519420 
0.885116 
0.144528 
0.086686 
0.929963 
0.887665 
0.986308 
0.885115 
0.131818 
0.469318 
0.826920 
0.039851 
0.772315 
0.295397 
0.731362 
0.993018 
0.649557 
0.098588 
0.964941 
0.763208 
0.243639 
0.847910 
0.827861 
0.865474 
0.018341 
0.261354 
0.576623 
0.296117 
0.830639 
0.546589 
0.520273 
0.232487 
0.401592 
0.563782 
0.479656 
0.582194 
0.937318 
0.498961 
0.040564 
0.754165 
0.255995 
0.499824 
0.540337 
0.446578 
0.635529 
0.343536 
0.811280 
0.189823 
0.349187 
0.784913 
0.035039 
0.893660 
0.745115 
0.147949 
0.574405 
0.020536 
0.154053 
0.161537 
0.957596 
0.311562 
0.428724 
0.571828 
0.707726 
0.753844 
0.853366 
0.517753 
0.874767 
0.215360 
0.551104 
0.408663 
0.395217 
0.408257 
0.567977 
0.997223 
0.332424 
0.058441 
0.226075 
0.639758 
0.419656 
0.150375 
0.351581 
0.018916 
0.916307 
0.379739 
0.268211 
0.813985 
0.652419 
0.206732 
0.541012 
0.786369 
0.499064 
0.762576 
0.619077 
0.828221 
0.912401 
0.717283 
0.379468 
0.721301 
0.910594 
0.361567 
0.863638 
0.160791 
0.411010 
0.847248 
0.691423 
0.748289 
0.492388 
0.559935 
0.829354 
0.949441 
0.258532 
0.144098 
0.851145 
0.192522 
0.722453 
0.270144 
0.311990 
0.612384 
0.345271 
0.965257 
0.078284 
0.712474 
0.556741 
0.140054 
0.882814 
0.456797 
0.389296 
0.898601 
0.788434 
0.208902 
0.011462 
0.644538 
0.742200 
0.151582 
0.643220 
0.593755 
0.236506 
0.960330 
0.269364 
0.208276 
0.499083 
0.087504 
0.673427 
0.294383 
0.689928 
0.614679 
0.908007 
0.872633 
0.337045 
0.710449 
0.508599 
0.016542 
0.020529 
0.035522 
0.021736 
0.314991 
0.055314 
0.668914 
0.434951 
0.217014 
0.347707 
0.909299 
0.593844 
0.735804 
0.654405 
0.580937 
0.814049 
0.718754 
0.098828 
0.010556 
0.408193 
0.502394 
0.732754 
0.400992 
0.467030 
0.368399 
0.689662 
0.154024 
0.682579 
0.108037 
0.777055 
0.957951 
0.282433 
0.843441 
0.717421 
0.690423 
0.936309 
0.538922 
0.655222 
0.307966 
0.991411 
0.651197 
0.663115 
0.975546 
0.997217 
0.218825 
0.787447 
0.614823 
0.333094 
0.303204 
0.957785 
0.498976 
0.297550 
0.928977 
0.312354 
0.735556 
0.485345 
0.190420 
0.392547 
0.545379 
0.188062 
0.765754 
0.023403 
0.340906 
0.613144 
0.103481 
0.211363 
0.383497 
0.435580 
0.798179 
0.990361 
0.993248 
0.527053 
0.180345 
0.065769 
0.384569 
0.443743 
0.987185 
0.612519 
0.600799 
0.629649 
0.509719 
0.845894 
0.943494 
0.301717 
0.953029 
0.552740 
0.896273 
0.652440 
0.553158 
0.929666 
0.900350 
0.188503 
0.171573 
0.628501 
0.211113 
0.180228 
0.093391 
0.625814 
0.057259 
0.356888 
0.211648 
0.163538 
0.586604 
0.060368 
0.603584 
0.443938 
0.258654 
0.197189 
0.159109 
0.136694 
0.411561 
0.099534 
0.875339 
0.826556 
0.926447 
0.791400 
0.065676 
0.812462 
0.053625 
0.279299 
0.184569 
0.047518 
0.641014 
0.516526 
0.253623 
0.636564 
0.735630 
0.740217 
0.827833 
0.394303 
0.048882 
0.554142 
0.462730 
0.110123 
0.830744 
0.319559 
0.827724 
0.550966 
0.085178 
0.588211 
0.055809 
0.975462 
0.592548 
0.948147 
0.499824 
0.547796 
0.802090 
0.727402 
0.437112 
0.538458 
0.857927 
0.182706 
0.742988 
0.404513 
0.655990 
0.222595 
0.151751 
0.484380 
0.967758 
0.102991 
0.965822 
0.562959 
0.647934 
0.823840 
0.272480 
0.571860 
0.248239 
0.148106 
0.223732 
0.271814 
0.378485 
0.193645 
0.593434 
0.842604 
0.642893 
0.103729 
0.371955 
0.450127 
0.292123 
0.712111 
0.446976 
0.324211 
0.009568 
0.810209 
0.186669 
0.344365 
0.750161 
0.963572 
0.762096 
0.549621 
0.476378 
0.488898 
0.912262 
0.391662 
0.662646 
0.088600 
0.106593 
0.511436 
0.703502 
0.758993 
0.402663 
0.561660 
0.828009 
0.338959 
0.878595 
0.545407 
0.657566 
0.717664 
0.786682 
0.762320 
0.319716 
0.465069 
0.417890 
0.477862 
0.426966 
0.025006 
0.279989 
0.781409 
0.138166 
0.161256 
0.229256 
0.099167 
0.695294 
0.801375 
0.717407 
0.466628 
0.613257 
0.004733 
0.554699 
0.828813 
0.853478 
0.410396 
0.526536 
0.494821 
0.453857 
0.976919 
0.076287 
0.160751 
0.743593 
0.567750 
0.180757 
0.982339 
0.167916 
0.158443 
0.958572 
0.724116 
0.219635 
0.403318 
0.560981 
0.403145 
0.659667 
0.029703 
0.210676 
0.839297 
0.068095 
0.479334 
0.158419 
0.540143 
0.187811 
0.536689 
0.132665 
0.693400 
0.969207 
0.466306 
0.206480 
0.307635 
0.418309 
0.513024 
0.402417 
0.427154 
0.176826 
0.914955 
0.645553 
0.801994 
0.117572 
0.034855 
0.812919 
0.736341 
0.691341 
0.371075 
0.656270 
0.935783 
0.706989 
0.365907 
0.791554 
0.655938 
0.348053 
0.724691 
0.878862 
0.026066 
0.093581 
0.809464 
0.656409 
0.267877 
0.205562 
0.884209 
0.899215 
0.104575 
0.587436 
0.032386 
0.308329 
0.089781 
0.948020 
0.375012 
0.827542 
0.490746 
0.968485 
0.328758 
0.433125 
0.526893 
0.485265 
0.844582 
0.891423 
0.142964 
0.794077 
0.046074 
0.363804 
0.454613 
0.678701 
0.934941 
0.551592 
0.599248 
0.557407 
0.335331 
0.901090 
0.623563 
0.222407 
0.989961 
0.270272 
0.462433 
0.118895 
0.264045 
0.803356 
0.999340 
0.909143 
0.958893 
0.119443 
0.476949 
0.089122 
0.871626 
0.415738 
0.305620 
0.553139 
0.611462 
0.836960 
0.787313 
0.374509 
0.378162 
0.768516 
0.440222 
0.811733 
0.792546 
0.313496 
0.929421 
0.780792 
0.774496 
0.953735 
0.417210 
0.053124 
0.852280 
0.265799 
0.283661 
0.487415 
0.991944 
0.606621 
0.487189 
0.188337 
0.373122 
0.056208 
0.682872 
0.028507 
0.110611 
0.046436 
0.454973 
0.736671 
0.233702 
0.828815 
0.899263 
0.906457 
0.817671 
0.598093 
0.142196 
0.888159 
0.287292 
0.519345 
0.627567 
0.521192 
0.667910 
0.568115 
0.315190 
0.405290 
0.709137 
0.470247 
0.443532 
0.437707 
0.542538 
0.430235 
0.952618 
0.650070 
0.724037 
0.892791 
0.144405 
0.012682 
0.153029 
0.966073 
0.784048 
0.501667 
0.509523 
0.551932 
0.319220 
0.133711 
0.285505 
0.477858 
0.353931 
0.514367 
0.971123 
0.658378 
0.354307 
0.834129 
0.208897 
0.933629 
0.501234 
0.247271 
0.876020 
0.273044 
0.044647 
0.377798 
0.650721 
0.666608 
0.687426 
0.570922 
0.491683 
0.723060 
0.474743 
0.013967 
0.746256 
0.327382 
0.314171 
0.268398 
0.964396 
0.610583 
0.061918 
0.647816 
0.844582 
0.892010 
0.008298 
0.464476 
0.444834 
0.321347 
0.876552 
0.207048 
0.849795 
0.498822 
0.701215 
0.320063 
0.291558 
0.223491 
0.216471 
0.232029 
0.717475 
0.606476 
0.039797 
0.875069 
0.277213 
0.114804 
0.507294 
0.082391 
0.741630 
0.581960 
0.996608 
0.986489 
0.915548 
0.615690 
0.894914 
0.827202 
0.776315 
0.520935 
0.347152 
0.580651 
0.995729 
0.216408 
0.171008 
0.139537 
0.192946 
0.841413 
0.620693 
0.980322 
0.276184 
0.817628 
0.868651 
0.425728 
0.205314 
0.719046 
0.014516 
0.974524 
0.821827 
0.439704 
0.105202 
0.133210 
0.861162 
0.545011 
0.007093 
0.219114 
0.652936 
0.895418 
0.294190 
0.458569 
0.161173 
0.826974 
0.947514 
0.867295 
0.622638 
0.680411 
0.673377 
0.441191 
0.097953 
0.300480 
0.163875 
0.252246 
0.501347 
0.141612 
0.071489 
0.518860 
0.474478 
0.556545 
0.845935 
0.627785 
0.176685 
0.548769 
0.168374 
0.866908 
0.129937 
0.852132 
0.787321 
0.502298 
0.127167 
0.292216 
0.279576 
0.835185 
0.958140 
0.457990 
0.432518 
0.332507 
0.440101 
0.775656 
0.447733 
0.055295 
0.345700 
0.187376 
0.228418 
0.014559 
0.687929 
0.017367 
0.887243 
0.899328 
0.997969 
0.866832 
0.849958 
0.241495 
0.803692 
0.649173 
0.643790 
0.174170 
0.273728 
0.547336 
0.068855 
0.238937 
0.818251 
0.343104 
0.550640 
0.610695 
0.957707 
0.177776 
0.877383 
0.172116 
0.748984 
0.167139 
0.109264 
0.400579 
0.524234 
0.801924 
0.941527 
0.246044 
0.267969 
0.756968 
0.356877 
0.031023 
0.402926 
0.971373 
0.873973 
0.868512 
0.084876 
0.515956 
0.678389 
0.677358 
0.359348 
0.567114 
0.489083 
0.026116 
0.936817 
0.085372 
0.840638 
0.609041 
0.146023 
0.203821 
0.627300 
0.025764 
0.020090 
0.649073 
0.972664 
0.567957 
0.647306 
0.277917 
0.944486 
0.978677 
0.616574 
0.754435 
0.785584 
0.310090 
0.676611 
0.796930 
0.001854 
0.162215 
0.353361 
0.933357 
0.937029 
0.645368 
0.697407 
0.313158 
0.248831 
0.102638 
0.030303 
0.304431 
0.571581 
0.563789 
0.599627 
0.924949 
0.611302 
0.146833 
0.829546 
0.179533 
0.402916 
0.817069 
0.474942 
0.353980 
0.338875 
0.477104 
0.679071 
0.145705 
0.862591 
0.559177 
0.083947 
0.899157 
0.123625 
0.772608 
0.216907 
0.559444 
0.577011 
0.822565 
0.849860 
0.602794 
0.158535 
0.495601 
0.561867 
0.304466 
0.161376 
0.251503 
0.016707 
0.798890 
0.950313 
0.911115 
0.111824 
0.424596 
0.180060 
0.273707 
0.191502 
0.571779 
0.887358 
0.831353 
0.547888 
0.352275 
0.680175 
0.694490 
0.287388 
0.130176 
0.866661 
0.964211 
0.496713 
0.253687 
0.713880 
0.175244 
0.324028 
0.935793 
0.870067 
0.218798 
0.339653 
0.548737 
0.618979 
0.177256 
0.147530 
0.530172 
0.592789 
0.005336 
0.689198 
0.346822 
0.030479 
0.263276 
0.879304 
0.467503 
0.327152 
0.439492 
0.540244 
0.881484 
0.103270 
0.658020 
0.333849 
0.995987 
0.547983 
0.943696 
0.705553 
0.236310 
0.663863 
0.552999 
0.246568 
0.063517 
0.527106 
0.064146 
0.102033 
0.871183 
0.968541 
0.260237 
0.797594 
0.161130 
0.106666 
0.735644 
0.975861 
0.299097 
0.914949 
0.545704 
0.642893 
0.104872 
0.576472 
0.768504 
0.255042 
0.496128 
0.415017 
0.192725 
0.123817 
0.987484 
0.651832 
0.335669 
0.584952 
0.284513 
0.809624 
0.355019 
0.812606 
0.476708 
0.036197 
0.370347 
0.421613 
0.041553 
0.375409 
0.502026 
0.547230 
0.299359 
0.334265 
0.988535 
0.300177 
0.074865 
0.252422 
0.452248 
0.938480 
0.035802 
0.716501 
0.230276 
0.241913 
0.830300 
0.853821 
0.169320 
0.766412 
0.092684 
0.732331 
0.289827 
0.128118 
0.282968 
0.841395 
0.317836 
0.862534 
0.617031 
0.433473 
0.374865 
0.362094 
0.719801 
0.691098 
0.281500 
0.163530 
0.441934 
0.584354 
0.239204 
0.296249 
0.056270 
0.736630 
0.539378 
0.322402 
0.617499 
0.301353 
0.839437 
0.414918 
0.532024 
0.725937 
0.827352 
0.304388 
0.857261 
0.978327 
0.746265 
0.468758 
0.412776 
0.522938 
0.020379 
0.517959 
0.340659 
0.461763 
0.856828 
0.702285 
0.300770 
0.046004 
0.182179 
0.879359 
0.387156 
0.938023 
0.354087 
0.141296 
0.761251 
0.340378 
0.729737 
0.690134 
0.078747 
0.506106 
0.122316 
0.765186 
0.481236 
0.128855 
0.669348 
0.727186 
0.814192 
0.117873 
0.087019 
0.532837 
0.395583 
0.569652 
0.138609 
0.598780 
0.693933 
0.926534 
0.254063 
0.031364 
0.135522 
0.718130 
0.615532 
0.247942 
0.168798 
0.989084 
0.542516 
0.074252 
0.956324 
0.941990 
0.022787 
0.974998 
0.785815 
0.188314 
0.991383 
0.169053 
0.277677 
0.909672 
0.855839 
0.093164 
0.806773 
0.431241 
0.872211 
0.248123 
0.201931 
0.853493 
0.651949 
0.308830 
0.497485 
0.231529 
0.304934 
0.032614 
0.145786 
0.224214 
0.372020 
0.542297 
0.390458 
0.434823 
0.072886 
0.992192 
0.764020 
0.886402 
0.757908 
0.157800 
0.143790 
0.678486 
0.316818 
0.763671 
0.014402 
0.060069 
0.574242 
0.288210 
0.944532 
0.742663 
0.940839 
0.679172 
0.835512 
0.449504 
0.815503 
0.151231 
0.738921 
0.039464 
0.269784 
0.255656 
0.805021 
0.989559 
0.523120 
0.077586 
0.992604 
0.692063 
0.504146 
0.190011 
0.510281 
0.292158 
0.291489 
0.057894 
0.030607 
0.420184 
0.036028 
0.516274 
0.010259 
0.426286 
0.597200 
0.142490 
0.824915 
0.350986 
0.022506 
0.251032 
0.103043 
0.838258 
0.606354 
0.995620 
0.388646 
0.967503 
0.828197 
0.499787 
0.913555 
0.111277 
0.227696 
0.889071 
0.614305 
0.624426 
0.734053 
0.225198 
0.903081 
0.078396 
0.597737 
0.168375 
0.883696 
0.278493 
0.625548 
0.591854 
0.288023 
0.794621 
0.202918 
0.444394 
0.925976 
0.874402 
0.069946 
0.580636 
0.753174 
0.597278 
0.450863 
0.654648 
0.670724 
0.858310 
0.613947 
0.605017 
0.521974 
0.815397 
0.372266 
0.673525 
0.927308 
0.260197 
0.131523 
0.506132 
0.560115 
0.857517 
0.287354 
0.558585 
0.135841 
0.085110 
0.442978 
0.131270 
0.248665 
0.318743 
0.118296 
0.202089 
0.509105 
0.528071 
0.284335 
0.825649 
0.679459 
0.660203 
0.023610 
0.806055 
0.363457 
0.626699 
0.933223 
0.676163 
0.272205 
0.943142 
0.380348 
0.514822 
0.610810 
0.875660 
0.222751 
0.784456 
0.349395 
0.286486 
0.962218 
0.004047 
0.024688 
0.939338 
0.447082 
0.111143 
0.980432 
0.128583 
0.102090 
0.825546 
0.949502 
0.284436 
0.511981 
0.863594 
0.427765 
0.450235 
0.097166 
0.061417 
0.236066 
0.556037 
0.314136 
0.681107 
0.368774 
0.987205 
0.956018 
0.794321 
0.147240 
0.664009 
0.999944 
0.062182 
0.089922 
0.325452 
0.871992 
0.567475 
0.558621 
0.737728 
0.998707 
0.270281 
0.619665 
0.713059 
0.374968 
0.084506 
0.293140 
0.799196 
0.085233 
0.511605 
0.541743 
0.069401 
0.428363 
0.490653 
0.399423 
0.106840 
0.655710 
0.513844 
0.178439 
0.031070 
0.198586 
0.629067 
0.733449 
0.075524 
0.333301 
0.782675 
0.422251 
0.779934 
0.349151 
0.185687 
0.844289 
0.972166 
0.197764 
0.824416 
0.964304 
0.049496 
0.877006 
0.832224 
0.196018 
0.474999 
0.314197 
0.710103 
0.694084 
0.463757 
0.358063 
0.965161 
0.463140 
0.996060 
0.775189 
0.595028 
0.642495 
0.411596 
0.697759 
0.229252 
0.030569 
0.766581 
0.920726 
0.649001 
0.761792 
0.435988 
0.658672 
0.305456 
0.795815 
0.270245 
0.014687 
0.842035 
0.083562 
0.429308 
0.385688 
0.254093 
0.536400 
0.268991 
0.929572 
0.308545 
0.717773 
0.605092 
0.778169 
0.682696 
0.071321 
0.688899 
0.331050 
0.961276 
0.168782 
0.724107 
0.067623 
0.544859 
0.438808 
0.041633 
0.721615 
0.185426 
0.463096 
0.249901 
0.094005 
0.939216 
0.397567 
0.915949 
0.347893 
0.042586 
0.747327 
0.326545 
0.234720 
0.944435 
0.124295 
0.030855 
0.588227 
0.326632 
0.709083 
0.559117 
0.077312 
0.377308 
0.411479 
0.733990 
0.162064 
0.809939 
0.651429 
0.563817 
0.066845 
0.467825 
0.737826 
0.642409 
0.968085 
0.605038 
0.872415 
0.682936 
0.111778 
0.650482 
0.645897 
0.595683 
0.648303 
0.031559 
0.415279 
0.601318 
0.359878 
0.465477 
0.271144 
0.120503 
0.294610 
0.516827 
0.304636 
0.020427 
0.320890 
0.196958 
0.278583 
0.149812 
0.891473 
0.980573 
0.494315 
0.950076 
0.935523 
0.335430 
0.566659 
0.837947 
0.369050 
0.617786 
0.129902 
0.261672 
0.918894 
0.858765 
0.267964 
0.667990 
0.903764 
0.554115 
0.009576 
0.940651 
0.526984 
0.018270 
0.071910 
0.595118 
0.154855 
0.642239 
0.114614 
0.322094 
0.438759 
0.220787 
0.775319 
0.788024 
0.319959 
0.556507 
0.216624 
0.805778 
0.708333 
0.950312 
0.887581 
0.577695 
0.319392 
0.019114 
0.242624 
0.781229 
0.108618 
0.541155 
0.187061 
0.926350 
0.161528 
0.795144 
0.981694 
0.329052 
0.371039 
0.058179 
0.818013 
0.348267 
0.322825 
0.719271 
0.794919 
0.198482 
0.883028 
0.047528 
0.794958 
0.864819 
0.010310 
0.284659 
0.267190 
0.667412 
0.195434 
0.663284 
0.809184 
0.963405 
0.948595 
0.030161 
0.919102 
0.352973 
0.418085 
0.753769 
0.593563 
0.011533 
0.841659 
0.762274 
0.541665 
0.767399 
0.670389 
0.233647 
0.904826 
0.416457 
0.386513 
0.124446 
0.565276 
0.601699 
0.753724 
0.839954 
0.106375 
0.849579 
0.882421 
0.851608 
0.968388 
0.697249 
0.671195 
0.774612 
0.902814 
0.587969 
0.002563 
0.081134 
0.618604 
0.879424 
0.478638 
0.461033 
0.583531 
0.405994 
0.545715 
0.826421 
0.666004 
0.521278 
0.114098 
0.646760 
0.089047 
0.611267 
0.570335 
0.624534 
0.535894 
0.775549 
0.649594 
0.722318 
0.000505 
0.484966 
0.824553 
0.265663 
0.999175 
0.133208 
0.820817 
0.467714 
0.861658 
0.877684 
0.237827 
0.160813 
0.779194 
0.910953 
0.388200 
0.485095 
0.994305 
0.275897 
0.996279 
0.461182 
0.078648 
0.836694 
0.322878 
0.616330 
0.656196 
0.680512 
0.361149 
0.828280 
0.896895 
0.118729 
0.484158 
0.238696 
0.766923 
0.675534 
0.700001 
0.911255 
0.464493 
0.736014 
0.184755 
0.172564 
0.285206 
0.454863 
0.875349 
0.996161 
0.481854 
0.514338 
0.472685 
0.411264 
0.118152 
0.783177 
0.861848 
0.079929 
0.370762 
0.390047 
0.525822 
0.486580 
0.947838 
0.307310 
0.960723 
0.872605 
0.876275 
0.554709 
0.000860 
0.448675 
0.882194 
0.032386 
0.317001 
0.833650 
0.158717 
0.559358 
0.133641 
0.097524 
0.093920 
0.510864 
0.093542 
0.166621 
0.405567 
0.357922 
0.601026 
0.448862 
0.029568 
0.953888 
0.997322 
0.984203 
0.503242 
0.996140 
0.126051 
0.543413 
0.143527 
0.258967 
0.454005 
0.460649 
0.119506 
0.532171 
0.197559 
0.381612 
0.754375 
0.779473 
0.601273 
0.590021 
0.487871 
0.642416 
0.082976 
0.579768 
0.158545 
0.666873 
0.134823 
0.971337 
0.260863 
0.329727 
0.719541 
0.323272 
0.225777 
0.633660 
0.931159 
0.984059 
0.087947 
0.119341 
0.767569 
0.526200 
0.846389 
0.264474 
0.014995 
0.020376 
0.455700 
0.957555 
0.621425 
0.295028 
0.538911 
0.480443 
0.806082 
0.813356 
0.076451 
0.905169 
0.178997 
0.396847 
0.811968 
0.740111 
0.053071 
0.964699 
0.696783 
0.839676 
0.434604 
0.392317 
0.664259 
0.204309 
0.819661 
0.047032 
0.469572 
0.095766 
0.537167 
0.161674 
0.257953 
0.424405 
0.967445 
0.853203 
0.785215 
0.113726 
0.395142 
0.150794 
0.391557 
0.890106 
0.015728 
0.346406 
0.053608 
0.981271 
0.225596 
0.596849 
0.243990 
0.740125 
0.287807 
0.177579 
0.567212 
0.133083 
0.722356 
0.635192 
0.673433 
0.393762 
0.956762 
0.291060 
0.847382 
0.951013 
0.680793 
0.082985 
0.732773 
0.722303 
0.750922 
0.744902 
0.570828 
0.912956 
0.051974 
0.524756 
0.568006 
0.471893 
0.099275 
0.521233 
0.356576 
0.972707 
0.294306 
0.406348 
0.496659 
0.345930 
0.040446 
0.780738 
0.871176 
0.862227 
0.450923 
0.654897 
0.857738 
0.996513 
0.394057 
0.921795 
0.600783 
0.352572 
0.677405 
0.150673 
0.352873 
0.743211 
0.140955 
0.032192 
0.048701 
0.521784 
0.620563 
0.805617 
0.002530 
0.522355 
0.215144 
0.926235 
0.235169 
0.478584 
0.554505 
0.561530 
0.641524 
0.100934 
0.397312 
0.623451 
0.343382 
0.213943 
0.744072 
0.610910 
0.565632 
0.571959 
0.908493 
0.048332 
0.314362 
0.476200 
0.489160 
0.319596 
0.450139 
0.488181 
0.865242 
0.115902 
0.968666 
0.361632 
0.956786 
0.701350 
0.584388 
0.804424 
0.955309 
0.872639 
0.449157 
0.989264 
0.554839 
0.179682 
0.911205 
0.625866 
0.935863 
0.052060 
0.976328 
0.144648 
0.102211 
0.856543 
0.926290 
0.154783 
0.431766 
0.691073 
0.869332 
0.857455 
0.243246 
0.233806 
0.585413 
0.029660 
0.498602 
0.005181 
0.073461 
0.655731 
0.864090 
0.757534 
0.880449 
0.709289 
0.028476 
0.594955 
0.416189 
0.887110 
0.655429 
0.798731 
0.264906 
0.270634 
0.546856 
0.015380 
0.487258 
0.340816 
0.101652 
0.473533 
0.666698 
0.200819 
0.164553 
0.648442 
0.357720 
0.208209 
0.370787 
0.810738 
0.076548 
0.539464 
0.768379 
0.144623 
0.673866 
0.661861 
0.891401 
0.774412 
0.548095 
0.835846 
0.070442 
0.912636 
0.671658 
0.556919 
0.133210 
0.852201 
0.934244 
0.839000 
0.064713 
0.634449 
0.187150 
0.428105 
0.158468 
0.366788 
0.603608 
0.837635 
0.135549 
0.167317 
0.095345 
0.459805 
0.934470 
0.631908 
0.486057 
0.152955 
0.717884 
0.479906 
0.786856 
0.693233 
0.169073 
0.613389 
0.223094 
0.546135 
0.890573 
0.857422 
0.685539 
0.851023 
0.150153 
0.621259 
0.505264 
0.973563 
0.674109 
0.756007 
0.202210 
0.541770 
0.522407 
0.098616 
0.437912 
0.986359 
0.740076 
0.451333 
0.550320 
0.225981 
0.065633 
0.092788 
0.496317 
0.591897 
0.011688 
0.436202 
0.249035 
0.528842 
0.248583 
0.935566 
0.050384 
0.806681 
0.895340 
0.975901 
0.970458 
0.489491 
0.881452 
0.568510 
0.944031 
0.333394 
0.349773 
0.628185 
0.900413 
0.241017 
0.767936 
0.699045 
0.856805 
0.316617 
0.381646 
0.326936 
0.820978 
0.175434 
0.516373 
0.673425 
0.258569 
0.773009 
0.964725 
0.125003 
0.929754 
0.379808 
0.434285 
0.023654 
0.556189 
0.865837 
0.130016 
0.172417 
0.817567 
0.853337 
0.028472 
0.526866 
0.037432 
0.120807 
0.399281 
0.723765 
0.319985 
0.982473 
0.423820 
0.136649 
0.659063 
0.872742 
0.179216 
0.075022 
0.889337 
0.084594 
0.772871 
0.648800 
0.383500 
0.492048 
0.843320 
0.682760 
0.153950 
0.442671 
0.970875 
0.492675 
0.393501 
0.567311 
0.796429 
0.580008 
0.189924 
0.044621 
0.947496 
0.571591 
0.730389 
0.644523 
0.495442 
0.896660 
0.163016 
0.813745 
0.618278 
0.396144 
0.999660 
0.282618 
0.962703 
0.155188 
0.236426 
0.615588 
0.183530 
0.590606 
0.316116 
0.955237 
0.668114 
0.994335 
0.796546 
0.547635 
0.105241 
0.778674 
0.177163 
0.582749 
0.259424 
0.131485 
0.873910 
0.806051 
0.303985 
0.071047 
0.088379 
0.393811 
0.773968 
0.072285 
0.888310 
0.821838 
0.637422 
0.144344 
0.990465 
0.739445 
0.843730 
0.573018 
0.707254 
0.812278 
0.960519 
0.440821 
0.871552 
0.176980 
0.504513 
0.342742 
0.468581 
0.438622 
0.927301 
