0.000001 
0.009337 
0.924581 
0.437149 
0.169607 
0.591314 
0.218309 
0.124227 
0.885607 
0.400612 
0.088625 
0.517978 
0.663732 
0.341658 
0.244528 
0.779731 
0.932331 
0.681215 
0.183936 
0.414871 
0.742789 
0.060768 
0.319846 
0.649135 
0.010738 
0.477100 
0.626032 
0.714115 
0.125322 
0.287233 
0.520379 
0.012751 
0.302261 
0.106421 
0.625165 
0.145688 
0.583432 
0.737811 
0.397710 
0.307601 
0.849034 
0.717391 
0.182491 
0.133858 
0.753511 
0.261660 
0.714258 
0.540219 
0.455604 
0.342990 
0.638807 
0.428270 
0.933996 
0.664899 
0.963860 
0.603120 
0.643090 
0.415238 
0.903950 
0.685265 
0.253243 
0.251139 
0.895813 
0.936313 
0.606299 
0.064040 
0.314185 
0.510397 
0.244344 
0.682750 
0.982647 
0.343564 
0.281583 
0.558588 
0.184208 
0.988641 
0.083869 
0.589085 
0.750193 
0.486515 
0.854024 
0.586039 
0.560893 
0.930168 
0.327174 
0.818828 
0.045298 
0.315846 
0.416514 
0.353250 
0.066651 
0.201490 
0.441944 
0.761191 
0.335527 
0.198504 
0.256001 
0.612359 
0.922193 
0.295506 
0.565776 
0.003643 
0.225421 
0.644359 
0.744951 
0.387933 
0.984189 
0.270032 
0.433129 
0.598660 
0.686782 
0.745387 
0.713133 
0.618531 
0.649815 
0.445205 
0.553258 
0.602654 
0.812557 
0.648991 
0.599723 
0.551472 
0.583660 
0.578524 
0.251863 
0.063415 
0.814774 
0.911478 
0.213590 
0.808819 
0.824667 
0.179860 
0.906012 
0.349726 
0.846033 
0.276942 
0.556327 
0.191052 
0.006873 
0.513641 
0.771762 
0.999572 
0.802730 
0.482343 
0.744814 
0.082981 
0.658665 
0.190987 
0.924126 
0.786803 
0.797857 
0.588421 
0.586503 
0.354752 
0.310339 
0.864861 
0.718104 
0.167606 
0.945714 
0.609393 
0.066084 
0.675218 
0.383141 
0.451804 
0.477649 
0.851591 
0.696484 
0.811414 
0.431091 
0.351729 
0.503451 
0.507918 
0.578507 
0.963141 
0.502873 
0.778833 
0.849461 
0.897435 
0.185476 
0.301730 
0.181590 
0.982305 
0.594102 
0.070892 
0.487560 
0.413744 
0.791322 
0.753695 
0.343809 
0.399834 
0.005784 
0.215958 
0.605359 
0.269730 
0.350849 
0.721334 
0.458260 
0.981368 
0.857269 
0.121072 
0.863983 
0.954229 
0.732532 
0.664581 
0.616979 
0.564714 
0.154230 
0.148909 
0.720557 
0.396676 
0.935980 
0.022951 
0.742903 
0.966121 
0.588983 
0.031639 
0.761305 
0.259350 
0.896821 
0.867066 
0.777238 
0.035123 
0.309975 
0.744022 
0.776290 
0.112829 
0.309189 
0.541125 
0.684600 
0.068813 
0.544237 
0.998024 
0.792285 
0.930330 
0.059634 
0.264492 
0.309462 
0.129655 
0.105948 
0.668768 
0.988733 
0.634414 
0.592596 
0.765415 
0.333351 
0.633566 
0.342116 
0.946168 
0.250144 
0.172506 
0.305986 
0.709886 
0.048647 
0.608955 
0.710643 
0.778863 
0.344393 
0.215619 
0.910447 
0.877423 
0.848917 
0.742289 
0.648587 
0.796722 
0.512968 
0.457790 
0.079201 
0.125648 
0.761332 
0.705531 
0.866123 
0.926484 
0.421259 
0.095328 
0.173187 
0.757592 
0.853799 
0.800925 
0.151187 
0.994563 
0.611971 
0.403195 
0.500259 
0.845838 
0.000307 
0.156716 
0.933230 
0.790741 
0.985423 
0.005059 
0.018280 
0.227178 
0.173297 
0.608842 
0.802206 
0.683837 
0.253392 
0.756900 
0.217905 
0.336714 
0.160387 
0.617675 
0.257913 
0.738126 
0.681879 
0.333711 
0.672447 
0.820212 
0.302011 
0.902487 
0.102264 
0.746871 
0.665069 
0.816236 
0.470774 
0.292001 
0.666368 
0.652995 
0.893437 
0.992934 
0.249255 
0.225995 
0.305089 
0.622955 
0.996754 
0.451333 
0.558084 
0.711467 
0.626113 
0.073719 
0.001416 
0.799410 
0.679947 
0.870001 
0.111069 
0.744195 
0.682644 
0.196607 
0.368008 
0.102215 
0.929282 
0.438493 
0.750647 
0.126092 
0.229778 
0.876009 
0.090118 
0.611924 
0.614602 
0.621187 
0.297968 
0.954364 
0.997108 
0.386656 
0.528167 
0.897687 
0.419910 
0.427392 
0.174348 
0.260231 
0.709602 
0.281778 
0.836029 
0.132211 
0.073811 
0.540965 
0.992329 
0.069692 
0.313402 
0.352643 
0.862615 
0.970233 
0.711656 
0.801889 
0.345854 
0.773451 
0.391292 
0.436777 
0.909670 
0.828392 
0.790141 
0.898908 
0.945229 
0.457509 
0.358256 
0.216462 
0.074931 
0.359454 
0.340843 
0.555699 
0.638312 
0.109466 
0.788223 
0.655832 
0.565636 
0.651130 
0.544758 
0.751771 
0.019096 
0.949573 
0.480289 
0.222934 
0.845615 
0.250623 
0.218577 
0.622918 
0.384685 
0.407074 
0.688256 
0.519250 
0.031543 
0.151593 
0.830160 
0.505362 
0.625232 
0.277381 
0.947597 
0.267401 
0.206786 
0.450131 
0.347377 
0.368895 
0.020551 
0.394142 
0.346264 
0.662065 
0.321659 
0.129267 
0.582787 
0.895418 
0.286763 
0.629208 
0.091722 
0.567999 
0.351406 
0.075027 
0.977297 
0.437795 
0.021088 
0.417633 
0.154482 
0.374343 
0.577762 
0.443313 
0.766255 
0.456128 
0.150724 
0.213281 
0.613026 
0.123261 
0.651745 
0.880481 
0.237851 
0.564536 
0.155995 
0.811498 
0.855256 
0.283037 
0.003931 
0.072424 
0.232699 
0.966277 
0.211685 
0.791362 
0.416431 
0.963709 
0.058517 
0.498956 
0.945622 
0.069257 
0.007831 
0.615074 
0.540980 
0.252689 
0.937290 
0.035656 
0.266581 
0.430302 
0.085485 
0.744904 
0.594425 
0.499387 
0.202020 
0.354903 
0.861227 
0.633839 
0.938793 
0.298354 
0.435240 
0.071789 
0.553070 
0.446710 
0.857177 
0.580843 
0.227276 
0.826821 
0.386569 
0.072259 
0.449110 
0.184243 
0.577951 
0.616241 
0.158636 
0.187826 
0.793957 
0.042836 
0.951551 
0.716344 
0.590934 
0.832853 
0.758259 
0.059282 
0.344477 
0.627293 
0.907445 
0.431809 
0.407812 
0.099970 
0.192861 
0.422327 
0.057409 
0.867697 
0.375613 
0.929373 
0.970027 
0.248871 
0.775987 
0.015444 
0.563931 
0.994331 
0.725827 
0.972182 
0.455549 
0.416082 
0.092406 
0.067541 
0.164271 
0.909904 
0.751587 
0.921044 
0.979213 
0.624709 
0.485512 
0.000220 
0.694633 
0.701338 
0.382475 
0.261028 
0.093601 
0.157886 
0.587199 
0.061216 
0.850785 
0.148851 
0.743231 
0.483844 
0.965766 
0.629077 
0.901364 
0.218769 
0.845488 
0.121256 
0.943330 
0.549277 
0.691392 
0.228188 
0.148677 
0.808249 
0.234837 
0.902679 
0.325804 
0.794127 
0.896385 
0.549872 
0.706053 
0.639585 
0.496984 
0.810309 
0.855666 
0.172300 
0.851936 
0.480156 
0.973776 
0.252983 
0.881920 
0.426365 
0.908696 
0.455800 
0.631177 
0.188193 
0.959548 
0.117722 
0.557560 
0.914323 
0.022266 
0.222965 
0.365779 
0.646636 
0.015106 
0.886636 
0.693585 
0.091475 
0.414584 
0.904927 
0.108565 
0.645536 
0.528737 
0.475699 
0.075031 
0.043563 
0.168247 
0.731351 
0.808300 
0.094681 
0.301773 
0.904527 
0.390871 
0.368924 
0.500878 
0.262814 
0.111703 
0.396611 
0.845321 
0.311409 
0.852018 
0.859686 
0.745079 
0.536310 
0.764724 
0.709001 
0.187593 
0.869166 
0.078225 
0.727761 
0.472236 
0.878415 
0.523216 
0.682986 
0.944472 
0.744989 
0.029758 
0.135119 
0.951295 
0.413148 
0.774266 
0.091734 
0.780273 
0.050833 
0.358181 
0.944826 
0.683575 
0.851098 
0.408758 
0.002197 
0.930758 
0.253178 
0.170161 
0.896515 
0.729211 
0.850078 
0.253208 
0.671370 
0.708006 
0.449650 
0.263176 
0.199859 
0.036621 
0.492273 
0.624983 
0.084302 
0.867608 
0.893166 
0.436156 
0.476713 
0.116833 
0.604178 
0.423247 
0.513862 
0.476256 
0.438523 
0.247911 
0.642537 
0.125134 
0.129441 
0.522081 
0.621746 
0.688383 
0.648703 
0.753706 
0.536893 
0.568605 
0.544688 
0.573363 
0.505873 
0.211816 
0.988576 
0.992764 
0.379889 
0.789804 
0.237023 
0.642388 
0.610036 
0.882768 
0.684530 
0.898051 
0.543433 
0.486666 
0.401750 
0.213751 
0.517033 
0.766263 
0.578736 
0.821713 
0.526258 
0.825992 
0.454803 
0.866358 
0.881438 
0.332506 
0.422030 
0.054903 
0.755044 
0.032141 
0.186149 
0.610615 
0.602399 
0.515927 
0.192528 
0.811470 
0.380946 
0.566924 
0.298985 
0.039829 
0.407043 
0.163748 
0.119764 
0.874061 
0.337052 
0.835443 
0.298613 
0.789143 
0.121786 
0.861071 
0.018901 
0.664557 
0.203707 
0.711811 
0.415192 
0.128693 
0.946585 
0.256842 
0.745021 
0.571577 
0.496193 
0.507750 
0.761781 
0.250112 
0.636204 
0.679054 
0.855182 
0.048357 
0.734012 
0.532400 
0.046537 
0.139670 
0.429409 
0.079752 
0.397563 
0.842021 
0.841946 
0.594713 
0.338181 
0.807220 
0.946246 
0.560991 
0.568180 
0.397006 
0.479132 
0.766008 
0.302033 
0.260457 
0.509156 
0.378703 
0.863453 
0.056908 
0.444997 
0.065702 
0.259653 
0.991302 
0.811804 
0.994457 
0.834697 
0.749961 
0.598852 
0.904680 
0.953897 
0.153012 
0.665423 
0.759917 
0.923214 
0.464705 
0.298507 
0.002077 
0.914779 
0.697406 
0.306427 
0.126333 
0.282061 
0.591190 
0.124607 
0.266681 
0.105419 
0.775970 
0.730040 
0.775411 
0.335047 
0.131466 
0.549335 
0.670901 
0.840063 
0.932776 
0.165510 
0.718435 
0.739644 
0.194747 
0.107767 
0.238058 
0.039264 
0.908562 
0.195631 
0.964877 
0.682802 
0.846600 
0.799997 
0.553100 
0.946651 
0.359546 
0.893219 
0.339053 
0.465180 
0.280433 
0.235298 
0.648358 
0.959352 
0.825450 
0.345449 
0.957067 
0.423170 
0.225806 
0.118621 
0.670201 
0.067849 
0.343371 
0.041207 
0.573549 
0.645844 
0.698570 
0.866262 
0.260292 
0.726607 
0.091196 
0.725227 
0.882254 
0.045244 
0.411391 
0.252027 
0.824190 
0.164155 
0.955698 
0.423576 
0.050118 
0.334522 
0.309363 
0.471482 
0.194774 
0.569155 
0.785282 
0.239823 
0.709789 
0.422578 
0.265788 
0.104061 
0.958253 
0.361010 
0.503394 
0.544625 
0.512929 
0.793269 
0.468685 
0.188951 
0.695931 
0.504937 
0.479530 
0.462211 
0.375879 
0.396101 
0.268779 
0.363197 
0.248480 
0.195318 
0.702426 
0.674054 
0.827956 
0.451292 
0.862664 
0.789764 
0.559604 
0.257597 
0.435769 
0.961949 
0.483529 
0.666719 
0.549632 
0.672233 
0.222046 
0.935450 
0.111213 
0.162762 
0.542238 
0.398114 
0.100976 
0.096058 
0.448714 
0.542152 
0.956371 
0.735795 
0.506025 
0.756012 
0.292745 
0.170903 
0.364774 
0.763342 
0.489314 
0.906227 
0.952196 
0.558378 
0.651143 
0.753401 
0.417665 
0.701381 
0.103440 
0.522072 
0.455882 
0.008039 
0.105110 
0.581460 
0.600831 
0.166569 
0.528137 
0.393418 
0.177144 
0.265272 
0.429048 
0.001590 
0.731309 
0.103066 
0.224591 
0.706190 
0.941140 
0.735108 
0.956644 
0.310511 
0.763177 
0.712573 
0.219758 
0.473118 
0.702122 
0.564679 
0.566807 
0.317145 
0.251889 
0.493724 
0.025442 
0.603303 
0.715144 
0.417067 
0.638650 
0.786949 
0.245875 
0.424712 
0.130838 
0.988166 
0.107296 
0.327712 
0.850654 
0.941259 
0.747792 
0.135007 
0.064404 
0.441653 
0.864717 
0.296828 
0.795937 
0.304765 
0.183479 
0.734777 
0.395907 
0.002044 
0.358888 
0.831390 
0.171603 
0.124763 
0.890722 
0.358103 
0.639606 
0.863571 
0.040305 
0.408957 
0.344480 
0.669336 
0.528443 
0.543599 
0.276321 
0.125569 
0.441610 
0.146006 
0.918668 
0.047989 
0.545850 
0.102533 
0.274778 
0.194710 
0.497365 
0.211347 
0.113370 
0.408823 
0.080483 
0.681057 
0.532049 
0.150737 
0.435417 
0.050067 
0.469121 
0.518440 
0.412980 
0.956437 
0.831878 
0.373254 
0.281385 
0.243721 
0.222502 
0.598820 
0.361843 
0.492912 
0.367864 
0.692273 
0.024330 
0.914051 
0.450124 
0.241745 
0.003369 
0.615517 
0.993312 
0.586861 
0.369927 
0.360474 
0.492183 
0.119197 
0.345401 
0.159223 
0.066434 
0.552445 
0.948223 
0.779717 
0.711517 
0.474061 
0.535376 
0.060049 
0.247953 
0.346284 
0.003044 
0.160013 
0.341944 
0.051734 
0.498417 
0.900593 
0.269047 
0.869706 
0.153808 
0.051496 
0.493539 
0.909796 
0.935994 
0.258799 
0.634148 
0.132505 
0.010708 
0.972339 
0.096385 
0.948860 
0.485064 
0.464256 
0.747657 
0.870228 
0.922347 
0.884727 
0.606841 
0.179201 
0.824515 
0.627814 
0.669441 
0.299449 
0.835065 
0.937864 
0.687972 
0.741463 
0.763402 
0.503737 
0.308175 
0.491638 
0.953877 
0.809387 
0.367297 
0.152641 
0.430522 
0.786379 
0.676472 
0.461158 
0.680521 
0.509412 
0.680138 
0.084119 
0.786829 
0.226703 
0.201522 
0.980133 
0.088730 
0.291113 
0.733476 
0.527849 
0.559766 
0.992271 
0.106626 
0.062420 
0.095325 
0.129281 
0.830601 
0.907942 
0.773685 
0.326985 
0.633527 
0.691674 
0.972133 
0.647422 
0.218692 
0.553652 
0.230869 
0.217638 
0.841201 
0.065650 
0.386974 
0.870235 
0.040353 
0.211497 
0.623889 
0.705890 
0.888921 
0.094425 
0.008165 
0.221650 
0.266272 
0.237349 
0.132296 
0.501521 
0.058891 
0.782020 
0.402708 
0.311153 
0.544290 
0.882639 
0.508479 
0.999898 
0.284045 
0.945336 
0.266293 
0.582625 
0.184896 
0.541520 
0.326761 
0.874232 
0.225131 
0.778486 
0.019004 
0.402175 
0.354969 
0.961051 
0.376132 
0.643511 
0.484093 
0.149579 
0.968325 
0.638897 
0.947642 
0.022497 
0.104124 
0.007221 
0.370755 
0.284728 
0.421807 
0.305759 
0.893012 
0.858596 
0.426953 
0.793205 
0.393780 
0.262976 
0.838559 
0.661218 
0.096075 
0.731724 
0.080110 
0.400427 
0.983215 
0.902097 
0.539149 
0.473112 
0.597930 
0.402106 
0.193152 
0.307938 
0.521657 
0.490077 
0.720466 
0.877327 
0.242093 
0.850543 
0.075492 
0.796787 
0.604222 
0.166204 
0.396090 
0.089492 
0.095546 
0.841759 
0.438095 
0.070551 
0.757014 
0.129887 
0.018358 
0.540599 
0.844904 
0.294012 
0.467346 
0.681620 
0.984041 
0.784393 
0.294690 
0.859542 
0.322183 
0.936319 
0.713473 
0.342510 
0.573467 
0.265304 
0.958893 
0.109848 
0.211621 
0.716997 
0.566564 
0.243105 
0.861657 
0.876440 
0.323319 
0.019566 
0.853823 
0.200962 
0.573690 
0.005001 
0.054815 
0.267768 
0.380109 
0.484351 
0.491445 
0.713204 
0.825913 
0.115930 
0.433865 
0.967760 
0.137137 
0.865191 
0.268980 
0.738459 
0.287296 
0.591410 
0.827520 
0.134998 
0.918325 
0.288837 
0.491378 
0.592116 
0.695450 
0.431552 
0.095718 
0.724837 
0.328492 
0.959142 
0.292612 
0.924805 
0.203417 
0.836320 
0.029304 
0.503995 
0.636353 
0.176926 
0.587184 
0.798594 
0.968766 
0.056660 
0.279404 
0.946425 
0.571310 
0.999936 
0.916924 
0.748574 
0.290672 
0.325543 
0.407549 
0.676122 
0.589651 
0.269562 
0.528989 
0.719517 
0.914500 
0.007102 
0.367682 
0.634768 
0.551249 
0.849645 
0.979036 
0.663407 
0.874923 
0.836434 
0.950967 
0.897882 
0.700348 
0.754368 
0.656356 
0.380327 
0.162698 
0.462645 
0.681004 
0.636016 
0.520910 
0.937684 
0.655113 
0.480877 
0.100156 
0.321914 
0.413867 
0.865670 
0.318291 
0.512036 
0.782700 
0.830991 
0.472457 
0.592708 
0.647477 
0.146031 
0.334631 
0.149891 
0.213119 
0.898395 
0.320679 
0.656505 
0.871672 
0.192184 
0.038044 
0.401549 
0.832400 
0.141816 
0.509230 
0.623839 
0.867858 
0.085642 
0.387735 
0.669338 
0.571402 
0.554519 
0.793934 
0.656143 
0.800977 
0.012980 
0.146566 
0.336420 
0.203822 
0.631839 
0.317681 
0.271177 
0.666150 
0.977662 
0.564285 
0.933184 
0.019452 
0.936402 
0.100556 
0.047779 
0.015931 
0.745485 
0.361914 
0.684359 
0.023042 
0.268497 
0.627163 
0.734438 
0.701855 
0.078894 
0.973541 
0.303859 
0.966325 
0.025627 
0.721329 
0.369940 
0.577429 
0.851208 
0.254334 
0.585708 
0.999812 
0.834038 
0.676251 
0.757039 
0.555384 
0.333286 
0.535151 
0.276626 
0.250409 
0.621429 
0.356270 
0.822103 
0.092089 
0.743364 
0.716989 
0.432084 
0.029291 
0.295406 
0.891223 
0.783878 
0.643868 
0.486182 
0.268532 
0.223548 
0.176970 
0.338617 
0.136247 
0.902566 
0.431776 
0.860170 
0.874782 
0.466046 
0.837996 
0.202738 
0.417592 
0.475638 
0.049675 
0.883325 
0.048171 
0.601617 
0.374225 
0.594802 
0.845469 
0.801376 
0.730853 
0.448548 
0.743200 
0.965660 
0.848813 
0.000695 
0.676129 
0.699980 
0.557761 
0.297216 
0.310426 
0.334246 
0.674752 
0.555637 
0.590682 
0.592683 
0.215399 
0.207823 
0.876004 
0.993407 
0.199476 
0.599636 
0.081507 
0.893216 
0.275699 
0.666785 
0.655350 
0.462480 
0.897572 
0.484738 
0.999282 
0.935566 
0.052662 
0.084178 
0.776489 
0.443090 
0.005724 
0.206615 
0.571436 
0.118142 
0.619285 
0.329027 
0.948877 
0.778349 
0.711329 
0.301501 
0.325272 
0.841802 
0.161275 
0.556789 
0.955601 
0.778028 
0.309396 
0.026293 
0.908576 
0.430445 
0.493134 
0.109283 
0.726508 
0.415421 
0.985567 
0.426271 
0.337646 
0.823284 
0.930010 
0.678011 
0.329844 
0.688577 
0.915391 
0.968788 
0.420351 
0.840419 
0.925748 
0.042940 
0.693458 
0.950313 
0.911890 
0.134065 
0.229523 
0.586423 
0.017663 
0.868461 
0.229196 
0.094965 
0.081697 
0.082485 
0.318980 
0.102395 
0.960059 
0.710027 
0.422878 
0.306980 
0.408000 
0.258833 
0.211836 
0.331261 
0.506355 
0.314526 
0.244480 
0.983280 
0.989320 
0.505602 
0.653261 
0.356956 
0.361193 
0.565398 
0.651934 
0.050395 
0.988183 
0.388185 
0.218928 
0.525668 
0.894494 
0.763942 
0.580204 
0.495680 
0.896342 
0.812722 
0.424864 
0.685498 
0.158358 
0.529751 
0.527824 
0.133988 
0.941983 
0.910283 
0.119293 
0.959308 
0.092667 
0.462345 
0.630750 
0.011318 
0.229367 
0.970006 
0.882785 
0.964409 
0.820893 
0.745361 
0.274034 
0.690927 
0.413214 
0.879553 
0.647403 
0.897505 
0.374364 
0.944052 
0.674874 
0.606545 
0.199603 
0.722969 
0.941119 
0.395154 
0.349740 
0.082131 
0.377396 
0.902082 
0.289581 
0.996124 
0.855415 
0.966699 
0.311486 
0.137405 
0.362935 
0.851985 
0.316677 
0.390262 
0.127846 
0.701270 
0.252535 
0.361327 
0.819604 
0.086439 
0.784531 
0.609730 
0.737275 
0.376489 
0.645342 
0.262300 
0.469826 
0.370944 
0.448553 
0.835739 
0.268467 
0.126143 
0.079855 
0.115944 
0.673399 
0.813304 
0.193628 
0.311129 
0.143048 
0.203316 
0.134820 
0.924934 
0.373317 
0.345772 
0.382909 
0.546321 
0.016761 
0.706131 
0.942252 
0.435669 
0.293767 
0.335524 
0.147899 
0.732663 
0.868346 
0.290440 
0.422549 
0.775678 
0.813154 
0.686161 
0.313799 
0.020686 
0.663500 
0.437928 
0.248104 
0.889862 
0.915728 
0.645332 
0.093469 
0.936660 
0.452933 
0.447907 
0.980894 
0.880900 
0.279682 
0.610182 
0.333877 
0.478248 
0.906488 
0.343650 
0.726683 
0.353479 
0.928925 
0.442250 
0.890421 
0.308044 
0.303353 
0.462161 
0.538880 
0.955810 
0.301991 
0.566188 
0.923507 
0.386177 
0.468900 
0.808044 
0.794537 
0.784843 
0.849485 
0.286437 
0.139698 
0.908665 
0.927747 
0.645073 
0.741499 
0.376497 
0.779447 
0.162299 
0.767022 
0.340954 
0.415166 
0.701397 
0.377966 
0.473066 
0.823769 
0.078716 
0.981497 
0.012839 
0.784834 
0.704243 
0.208164 
0.616129 
0.279516 
0.833355 
0.200493 
0.687511 
0.005081 
0.396747 
0.131537 
0.735468 
0.011921 
0.360273 
0.112170 
0.236943 
0.296878 
0.633499 
0.215776 
0.553850 
0.554595 
0.080120 
0.576247 
0.979626 
0.575660 
0.114362 
0.089101 
0.516050 
0.259409 
0.889017 
0.701696 
0.397564 
0.864248 
0.409265 
0.513828 
0.904556 
0.866174 
0.790335 
0.167701 
0.543976 
0.598799 
0.006956 
0.911908 
0.444529 
0.202040 
0.693950 
0.209747 
0.212002 
0.121158 
0.307846 
0.966151 
0.091608 
0.651469 
0.246307 
0.688122 
0.274342 
0.863930 
0.076580 
0.084970 
0.083750 
0.591185 
0.046711 
0.071075 
0.565647 
0.831207 
0.097726 
0.474630 
0.099982 
0.390939 
0.512208 
0.672508 
0.843885 
0.181625 
0.567420 
0.622219 
0.635990 
0.088722 
0.157947 
0.618011 
0.903292 
0.627772 
0.957727 
0.516071 
0.598275 
0.212168 
0.900936 
0.030976 
0.620093 
0.904114 
0.451621 
0.389067 
0.041954 
0.123344 
0.040652 
0.234053 
0.736355 
0.910198 
0.693783 
0.403500 
0.628072 
0.010016 
0.340593 
0.347202 
0.428880 
0.192746 
0.476833 
0.130956 
0.985495 
0.208519 
0.583962 
0.657571 
0.804083 
0.226939 
0.156288 
0.734473 
0.280905 
0.165225 
0.944514 
0.451170 
0.815919 
0.158946 
0.411348 
0.533747 
0.680608 
0.974500 
0.422541 
0.644829 
0.632874 
0.720780 
0.142243 
0.685243 
0.884863 
0.898989 
0.308903 
0.733253 
0.785201 
0.874098 
0.971145 
0.027039 
0.441817 
0.622831 
0.923361 
0.934347 
0.573706 
0.283917 
0.798508 
0.530241 
0.753510 
0.243158 
0.758927 
0.289237 
0.206693 
0.881241 
0.019290 
0.214797 
0.097805 
0.808196 
0.349854 
0.004209 
0.742787 
0.013160 
0.175481 
0.301960 
0.041986 
0.653995 
0.697301 
0.541714 
0.591249 
0.127196 
0.783493 
0.169613 
0.692470 
0.344221 
0.323017 
0.938562 
0.417156 
0.136108 
0.569643 
0.990197 
0.247703 
0.150208 
0.544082 
0.388940 
0.908314 
0.028465 
0.406504 
0.117788 
0.666557 
0.818903 
0.296421 
0.946658 
0.483320 
0.163339 
0.237224 
0.017016 
0.994293 
0.074829 
0.658964 
0.204849 
0.898109 
0.513598 
0.042422 
0.993095 
0.942755 
0.876549 
0.165959 
0.276407 
0.570880 
0.788022 
0.292066 
0.755830 
0.239256 
0.176708 
0.925899 
0.579772 
0.220569 
0.103844 
0.307001 
0.773632 
0.441220 
0.581279 
0.548124 
0.326153 
0.649793 
0.074861 
0.185123 
0.358808 
0.488315 
0.103317 
0.451026 
0.400232 
0.705258 
0.272600 
0.584027 
0.745108 
0.032048 
0.631300 
0.261320 
0.004249 
0.411518 
0.391005 
0.627841 
0.121132 
0.871354 
0.840630 
0.471578 
0.816312 
0.751942 
0.896383 
0.502006 
0.220941 
0.357434 
0.392777 
0.405885 
0.701282 
0.447428 
0.915327 
0.903337 
0.392024 
0.754277 
0.131388 
0.242308 
0.465668 
0.484440 
0.984794 
0.438560 
0.877441 
0.147602 
0.750436 
0.570103 
0.720357 
0.041817 
0.816177 
0.489934 
0.318702 
0.429364 
0.325212 
0.839408 
0.932908 
0.382728 
0.505354 
0.483027 
0.235771 
0.598893 
0.594504 
0.826082 
0.961715 
0.546701 
0.396990 
0.204857 
0.024223 
0.113516 
0.866584 
0.681321 
0.954018 
0.184878 
0.242905 
0.502455 
0.753164 
0.429348 
0.044543 
0.631250 
0.414843 
0.271697 
0.406686 
0.168687 
0.121744 
0.152417 
0.666798 
0.869448 
0.810212 
0.236765 
0.317747 
0.379829 
0.783067 
0.005183 
0.107372 
0.608967 
0.901951 
0.088556 
0.360889 
0.459444 
0.872798 
0.115774 
0.807515 
0.911428 
0.369931 
0.429871 
0.837750 
0.071589 
0.196121 
0.206317 
0.577539 
0.697057 
0.441667 
0.100948 
0.633426 
0.986982 
0.200347 
0.229773 
0.798857 
0.390602 
0.854658 
0.241602 
0.601761 
0.798310 
0.188537 
0.748729 
0.882687 
0.325599 
0.334207 
0.013314 
0.771010 
0.362482 
0.235433 
0.925096 
0.091149 
0.947309 
0.420726 
0.143034 
0.964228 
0.786930 
0.937947 
0.070437 
0.839436 
0.398726 
0.380340 
0.378526 
0.880229 
0.008974 
