0.000001 
0.010151 
0.604511 
0.020103 
0.869221 
0.999107 
0.990065 
0.016867 
0.487538 
0.047438 
0.296686 
0.402195 
0.683035 
0.762054 
0.840027 
0.339741 
0.021151 
0.480751 
0.984548 
0.290099 
0.694382 
0.479309 
0.744208 
0.902706 
0.776134 
0.478457 
0.426625 
0.278463 
0.132894 
0.551166 
0.444201 
0.686117 
0.570857 
0.401533 
0.561474 
0.698204 
0.719791 
0.532223 
0.064400 
0.375489 
0.844256 
0.409435 
0.367721 
0.290540 
0.102518 
0.019591 
0.273590 
0.230229 
0.465146 
0.704827 
0.025593 
0.143727 
0.618099 
0.393440 
0.554172 
0.966678 
0.959839 
0.013046 
0.260204 
0.242908 
0.551933 
0.335061 
0.366194 
0.630677 
0.785725 
0.674819 
0.687760 
0.189426 
0.680565 
0.250232 
0.652551 
0.417102 
0.232366 
0.375095 
0.221222 
0.082370 
0.386235 
0.451000 
0.958927 
0.683998 
0.955297 
0.679038 
0.598892 
0.580409 
0.926526 
0.116530 
0.517813 
0.883195 
0.859362 
0.296869 
0.478161 
0.453757 
0.299415 
0.266777 
0.715992 
0.674317 
0.238083 
0.468759 
0.439299 
0.304502 
0.766816 
0.883256 
0.888827 
0.514446 
0.291032 
0.374810 
0.436290 
0.720228 
0.870719 
0.181444 
0.528714 
0.102906 
0.535568 
0.295251 
0.286513 
0.429531 
0.125377 
0.218477 
0.938715 
0.978828 
0.164159 
0.014467 
0.140828 
0.890482 
0.338363 
0.858549 
0.636012 
0.452797 
0.164314 
0.621994 
0.848779 
0.426889 
0.720116 
0.984572 
0.706039 
0.401671 
0.879762 
0.164119 
0.350305 
0.581050 
0.711630 
0.370867 
0.165248 
0.321542 
0.152576 
0.346711 
0.170402 
0.940244 
0.673589 
0.007949 
0.603370 
0.847596 
0.540398 
0.461955 
0.085088 
0.066827 
0.162096 
0.345670 
0.676103 
0.259332 
0.585676 
0.450761 
0.932049 
0.940478 
0.615684 
0.802610 
0.470528 
0.167145 
0.201279 
0.890354 
0.176007 
0.151525 
0.685937 
0.549198 
0.371522 
0.169444 
0.844720 
0.215401 
0.236851 
0.749660 
0.533547 
0.332816 
0.633320 
0.201129 
0.381697 
0.184933 
0.177154 
0.431301 
0.871685 
0.412896 
0.535207 
0.227240 
0.224770 
0.710679 
0.377243 
0.329061 
0.531738 
0.923583 
0.662094 
0.811426 
0.632511 
0.608244 
0.762023 
0.327713 
0.876129 
0.096760 
0.243115 
0.041187 
0.221762 
0.153805 
0.994943 
0.001482 
0.905737 
0.730141 
0.482741 
0.435068 
0.188108 
0.534264 
0.376510 
0.005519 
0.762848 
0.182359 
0.908665 
0.929586 
0.556453 
0.308750 
0.159278 
0.979748 
0.617708 
0.822507 
0.874163 
0.049822 
0.354227 
0.500954 
0.535914 
0.100625 
0.203162 
0.544981 
0.492384 
0.504939 
0.513317 
0.310842 
0.324055 
0.388720 
0.224943 
0.610004 
0.340088 
0.854300 
0.225010 
0.743286 
0.406424 
0.771770 
0.140063 
0.037565 
0.353482 
0.973332 
0.787660 
0.195019 
0.688893 
0.224659 
0.836584 
0.470032 
0.834214 
0.629798 
0.013680 
0.914295 
0.554672 
0.366274 
0.970199 
0.135854 
0.303740 
0.951090 
0.965945 
0.640101 
0.171520 
0.743166 
0.393443 
0.594971 
0.673168 
0.930384 
0.956183 
0.575812 
0.677146 
0.795517 
0.256830 
0.538358 
0.184743 
0.982055 
0.392367 
0.510110 
0.413838 
0.376068 
0.577340 
0.354290 
0.547747 
0.978153 
0.823679 
0.575607 
0.228519 
0.721474 
0.816447 
0.026927 
0.563716 
0.368273 
0.558589 
0.203539 
0.886977 
0.429015 
0.454911 
0.685269 
0.315705 
0.054226 
0.381890 
0.423016 
0.621621 
0.577306 
0.777267 
0.529702 
0.708959 
0.466753 
0.712727 
0.805630 
0.216010 
0.478602 
0.861518 
0.525884 
0.527103 
0.028309 
0.790501 
0.954412 
0.809586 
0.719057 
0.183480 
0.743832 
0.585127 
0.237402 
0.017091 
0.243084 
0.507381 
0.555384 
0.337199 
0.304045 
0.079287 
0.575475 
0.005048 
0.835863 
0.344412 
0.524448 
0.391567 
0.063437 
0.183122 
0.737477 
0.778079 
0.177278 
0.514696 
0.493964 
0.060874 
0.117625 
0.931374 
0.598089 
0.081604 
0.522603 
0.390888 
0.650023 
0.943615 
0.339171 
0.448492 
0.797477 
0.202416 
0.012890 
0.636053 
0.148695 
0.109822 
0.780427 
0.642559 
0.491338 
0.914086 
0.050712 
0.320069 
0.400188 
0.967991 
0.018343 
0.295860 
0.526731 
0.759982 
0.019070 
0.517339 
0.911326 
0.652199 
0.516129 
0.581635 
0.540634 
0.442854 
0.044102 
0.225172 
0.468999 
0.466514 
0.704147 
0.597458 
0.481640 
0.926182 
0.342955 
0.039197 
0.792169 
0.987841 
0.643692 
0.534733 
0.264019 
0.366863 
0.873820 
0.289113 
0.123736 
0.625078 
0.685210 
0.316786 
0.228637 
0.696592 
0.613427 
0.875273 
0.721559 
0.237677 
0.631565 
0.712200 
0.938979 
0.425067 
0.096981 
0.954059 
0.867275 
0.285729 
0.241707 
0.375467 
0.470312 
0.533917 
0.545427 
0.987237 
0.483914 
0.149669 
0.481827 
0.074057 
0.682875 
0.078259 
0.296331 
0.429469 
0.093862 
0.537999 
0.157249 
0.891441 
0.442268 
0.193709 
0.660411 
0.520799 
0.072073 
0.334864 
0.062199 
0.374959 
0.931696 
0.017826 
0.605280 
0.941407 
0.231294 
0.363630 
0.523270 
0.594766 
0.228329 
0.520630 
0.228777 
0.051045 
0.915461 
0.157981 
0.192646 
0.802311 
0.437343 
0.426363 
0.884943 
0.238613 
0.369024 
0.185043 
0.010982 
0.576592 
0.777150 
0.559907 
0.357674 
0.430025 
0.436974 
0.217947 
0.035281 
0.960281 
0.437523 
0.451388 
0.476203 
0.540932 
0.442065 
0.779345 
0.458804 
0.120517 
0.530920 
0.168802 
0.051735 
0.502511 
0.694856 
0.450630 
0.743725 
0.791073 
0.567150 
0.097873 
0.956043 
0.208015 
0.103184 
0.205735 
0.787268 
0.605584 
0.053552 
0.056820 
0.982061 
0.496191 
0.490407 
0.274042 
0.828718 
0.267512 
0.066856 
0.641625 
0.797487 
0.369799 
0.211565 
0.767079 
0.299066 
0.402729 
0.660545 
0.785766 
0.371037 
0.026318 
0.327678 
0.279000 
0.158138 
0.823848 
0.412071 
0.679849 
0.224765 
0.631859 
0.660179 
0.627861 
0.466260 
0.424735 
0.524128 
0.025096 
0.785947 
0.414141 
0.469868 
0.078291 
0.833846 
0.444759 
0.067390 
0.629060 
0.611115 
0.008358 
0.466509 
0.622463 
0.737563 
0.228892 
0.994755 
0.851298 
0.762170 
0.787510 
0.676791 
0.827104 
0.144978 
0.652836 
0.218188 
0.088502 
0.459996 
0.144651 
0.144160 
0.899088 
0.970817 
0.519490 
0.064159 
0.312312 
0.028475 
0.572337 
0.271981 
0.187729 
0.156548 
0.101414 
0.472857 
0.311693 
0.627825 
0.848767 
0.224788 
0.019812 
0.988337 
0.983683 
0.753299 
0.696694 
0.330995 
0.026722 
0.109962 
0.136978 
0.196720 
0.276272 
0.303409 
0.396966 
0.806909 
0.722309 
0.849699 
0.883326 
0.065600 
0.536271 
0.107277 
0.008646 
0.318107 
0.423484 
0.499213 
0.280272 
0.536296 
0.526739 
0.907940 
0.740955 
0.235955 
0.692070 
0.616823 
0.939547 
0.960105 
0.478107 
0.541406 
0.413300 
0.331947 
0.035513 
0.866382 
0.289896 
0.289669 
0.463795 
0.005288 
0.877165 
0.512075 
0.444669 
0.560188 
0.081819 
0.138167 
0.165952 
0.151929 
0.462360 
0.885373 
0.461718 
0.092919 
0.693398 
0.932087 
0.582577 
0.370437 
0.930059 
0.503302 
0.989604 
0.269803 
0.571802 
0.273973 
0.666549 
0.695199 
0.210142 
0.848936 
0.059335 
0.244384 
0.368324 
0.429812 
0.858578 
0.115839 
0.903051 
0.571012 
0.002932 
0.275337 
0.595643 
0.978491 
0.501499 
0.689385 
0.488428 
0.008631 
0.062474 
0.004710 
0.162575 
0.391013 
0.760020 
0.662836 
0.289640 
0.982708 
0.377451 
0.818010 
0.288466 
0.242586 
0.139005 
0.249261 
0.324021 
0.815885 
0.579615 
0.589657 
0.360982 
0.021892 
0.945285 
0.406691 
0.261202 
0.029938 
0.162930 
0.370007 
0.710961 
0.126754 
0.351174 
0.177565 
0.342642 
0.787790 
0.383241 
0.128307 
0.450323 
0.578869 
0.058544 
0.946874 
0.116313 
0.873057 
0.472181 
0.949605 
0.013132 
0.710164 
0.722766 
0.527555 
0.610402 
0.021201 
0.323291 
0.553592 
0.225455 
0.215684 
0.003485 
0.576453 
0.443820 
0.278363 
0.453731 
0.855644 
0.811113 
0.383013 
0.294536 
0.270188 
0.044976 
0.915471 
0.317326 
0.302013 
0.926671 
0.554029 
0.567317 
0.893977 
0.066999 
0.054659 
0.659865 
0.358343 
0.678889 
0.094485 
0.014354 
0.245845 
0.908915 
0.132910 
0.819407 
0.770352 
0.302930 
0.345479 
0.465828 
0.168626 
0.105380 
0.129097 
0.737236 
0.728716 
0.525693 
0.320992 
0.915707 
0.292237 
0.634619 
0.046944 
0.993581 
0.121224 
0.418243 
0.415994 
0.619115 
0.473537 
0.729184 
0.398520 
0.917446 
0.511095 
0.971344 
0.378353 
0.975002 
0.866638 
0.579052 
0.127545 
0.648966 
0.164937 
0.101189 
0.685591 
0.729095 
0.900756 
0.004778 
0.298165 
0.260997 
0.581060 
0.879678 
0.750254 
0.522726 
0.457174 
0.730698 
0.838360 
0.312401 
0.523444 
0.526015 
0.733811 
0.159978 
0.755937 
0.028309 
0.794313 
0.013315 
0.789378 
0.081671 
0.641124 
0.376956 
0.495856 
0.844519 
0.834440 
0.438524 
0.272893 
0.511157 
0.017323 
0.140663 
0.115103 
0.539469 
0.854798 
0.584879 
0.067833 
0.076617 
0.707236 
0.521748 
0.014747 
0.860050 
0.861355 
0.791593 
0.301598 
0.952499 
0.652561 
0.597445 
0.257618 
0.788534 
0.896212 
0.637821 
0.862766 
0.500092 
0.038598 
0.711078 
0.083698 
0.717410 
0.510354 
0.514879 
0.571669 
0.032986 
0.399368 
0.178452 
0.248667 
0.343709 
0.723840 
0.583067 
0.603026 
0.055558 
0.764140 
0.897975 
0.257905 
0.615737 
0.693948 
0.177682 
0.301684 
0.406153 
0.218255 
0.218779 
0.015821 
0.909677 
0.937562 
0.610748 
0.837547 
0.655919 
0.027704 
0.619947 
0.441813 
0.558866 
0.865019 
0.372049 
0.026178 
0.977286 
0.245079 
0.034592 
0.392179 
0.353633 
0.513889 
0.926758 
0.016684 
0.401467 
0.461431 
0.272854 
0.858125 
0.504280 
0.432579 
0.348096 
0.441179 
0.900290 
0.182102 
0.595858 
0.584514 
0.931999 
0.108402 
0.912662 
0.111570 
0.164452 
0.952765 
0.117466 
0.247892 
0.315904 
0.395546 
0.941320 
0.758826 
0.581093 
0.426741 
0.241645 
0.334748 
0.101396 
0.160593 
0.085484 
0.731074 
0.167153 
0.344783 
0.767237 
0.955195 
0.960344 
0.506003 
0.384839 
0.981605 
0.832892 
0.423618 
0.744341 
0.130944 
0.768258 
0.114134 
0.247034 
0.905860 
0.783874 
0.576804 
0.338876 
0.486526 
0.050568 
0.894513 
0.077349 
0.010931 
0.710807 
0.540874 
0.476745 
0.645480 
0.587154 
0.295945 
0.954323 
0.304842 
0.474681 
0.970603 
0.917568 
0.559459 
0.830484 
0.936910 
0.639430 
0.904617 
0.891053 
0.926768 
0.195853 
0.696051 
0.534072 
0.150324 
0.498491 
0.136933 
0.424978 
0.598059 
0.573798 
0.824757 
0.695162 
0.594864 
0.874183 
0.391325 
0.005613 
0.339188 
0.734420 
0.399029 
0.487258 
0.336809 
0.754305 
0.603608 
0.837831 
0.423993 
0.057450 
0.561598 
0.778985 
0.408449 
0.808024 
0.457675 
0.135365 
0.085207 
0.067458 
0.772266 
0.467367 
0.033376 
0.949930 
0.465599 
0.324870 
0.083027 
0.442813 
0.356595 
0.288173 
0.319471 
0.345675 
0.766176 
0.127735 
0.847329 
0.055129 
0.550184 
0.941754 
0.052172 
0.856637 
0.492863 
0.547684 
0.926688 
0.853380 
0.756176 
0.041945 
0.975895 
0.868723 
0.629783 
0.767869 
0.575445 
0.502712 
0.082931 
0.816806 
0.065730 
0.726434 
0.168062 
0.624431 
0.805625 
0.138271 
0.913752 
0.433852 
0.754123 
0.550134 
0.106711 
0.496328 
0.791180 
0.358387 
0.414521 
0.857344 
0.381008 
0.606345 
0.832628 
0.982670 
0.731063 
0.980549 
0.089300 
0.869540 
0.360099 
0.191103 
0.862123 
0.700054 
0.810161 
0.368688 
0.540900 
0.904307 
0.686384 
0.061511 
0.811303 
0.561270 
0.264150 
0.569110 
0.028950 
0.559515 
0.767057 
0.932479 
0.172732 
0.107254 
0.613587 
0.553637 
0.978030 
0.757854 
0.255662 
0.914489 
0.808602 
0.174762 
0.216981 
0.807953 
0.274202 
0.517193 
0.470806 
0.829109 
0.841693 
0.335047 
0.134690 
0.742904 
0.980294 
0.803917 
0.432878 
0.376694 
0.100817 
0.431907 
0.064866 
0.201240 
0.240914 
0.038809 
0.266284 
0.439340 
0.991070 
0.919281 
0.360146 
0.971650 
0.520348 
0.485653 
0.363768 
0.843577 
0.997430 
0.805016 
0.901192 
0.329954 
0.537893 
0.373964 
0.217185 
0.235974 
0.009249 
0.448763 
0.356439 
0.674001 
0.935937 
0.300350 
0.990461 
0.682328 
0.880952 
0.165376 
0.478591 
0.676980 
0.996377 
0.109211 
0.516848 
0.671810 
0.115758 
0.544581 
0.767898 
0.053527 
0.620039 
0.989642 
0.918765 
0.685195 
0.067290 
0.935488 
0.754525 
0.305872 
0.788512 
0.521658 
0.502356 
0.103256 
0.422078 
0.864150 
0.762338 
0.622456 
0.609790 
0.742963 
0.982265 
0.929244 
0.804252 
0.059834 
0.626387 
0.681737 
0.951857 
0.856617 
0.163271 
0.096812 
0.119755 
0.720374 
0.329506 
0.013732 
0.785972 
0.838902 
0.420244 
0.045942 
0.152456 
0.321035 
0.639310 
0.881516 
0.635894 
0.462192 
0.054051 
0.430715 
0.022325 
0.211122 
0.326910 
0.374617 
0.180763 
0.078032 
0.480451 
0.944718 
0.873735 
0.869128 
0.433606 
0.617840 
0.039874 
0.160299 
0.149706 
0.109604 
0.114658 
0.052584 
0.781291 
0.154745 
0.802682 
0.683662 
0.313534 
0.559851 
0.412703 
0.294409 
0.139161 
0.883718 
0.653501 
0.390205 
0.176472 
0.967744 
0.869569 
0.851290 
0.634224 
0.407749 
0.040984 
0.814748 
0.466181 
0.108058 
0.132802 
0.008111 
0.322353 
0.785188 
0.652197 
0.480237 
0.349339 
0.334627 
0.073349 
0.773551 
0.078344 
0.722389 
0.192923 
0.450830 
0.095838 
0.741113 
0.882700 
0.535877 
0.491499 
0.617111 
0.782754 
0.752617 
0.230851 
0.919845 
0.828362 
0.283141 
0.749454 
0.076852 
0.643313 
0.163850 
0.821412 
0.477648 
0.824230 
0.840377 
0.215207 
0.990230 
0.797467 
0.022136 
0.039940 
0.267457 
0.142906 
0.816508 
0.055570 
0.969825 
0.842585 
0.321378 
0.399854 
0.349714 
0.644058 
0.681243 
0.649777 
0.807097 
0.882777 
0.833920 
0.691351 
0.537824 
0.200385 
0.862778 
0.706700 
0.504667 
0.935978 
0.988531 
0.239710 
0.813914 
0.445702 
0.921329 
0.778804 
0.357128 
0.249796 
0.321473 
0.997881 
0.392986 
0.916770 
0.158430 
0.728148 
0.988558 
0.687739 
0.826134 
0.827977 
0.806781 
0.572077 
0.894709 
0.365896 
0.611055 
0.999930 
0.822507 
0.876698 
0.668065 
0.170352 
0.103597 
0.152499 
0.043401 
0.445618 
0.497149 
0.584420 
0.345437 
0.767990 
0.601747 
0.556827 
0.590084 
0.546512 
0.232867 
0.792488 
0.348513 
0.451681 
0.400171 
0.671880 
0.286129 
0.968495 
0.498989 
0.511555 
0.698256 
0.584284 
0.064763 
0.472685 
0.410411 
0.780533 
0.422197 
0.868984 
0.008300 
0.504210 
0.262184 
0.529568 
0.443272 
0.066312 
0.505584 
0.344339 
0.297383 
0.107915 
0.727391 
0.263539 
0.293392 
0.043092 
0.240080 
0.031197 
0.327679 
0.300492 
0.360904 
0.716063 
0.865333 
0.658683 
0.486691 
0.816375 
0.822691 
0.975792 
0.132952 
0.521440 
0.841486 
0.855936 
0.720963 
0.219791 
0.026599 
0.054499 
0.973065 
0.304136 
0.616175 
0.045546 
0.488983 
0.338219 
0.445124 
0.196744 
0.683987 
0.764482 
0.656226 
0.185532 
0.231542 
0.528510 
0.672608 
0.523025 
0.482533 
0.933691 
0.549373 
0.314010 
0.563190 
0.533311 
0.364150 
0.267868 
0.053903 
0.944950 
0.779281 
0.382318 
0.623909 
0.041273 
0.677756 
0.049297 
0.542268 
0.896075 
0.324284 
0.240288 
0.522008 
0.390400 
0.453561 
0.996546 
0.952500 
0.669130 
0.062942 
0.874085 
0.750864 
0.764454 
0.174419 
0.456218 
0.656697 
0.109089 
0.455938 
0.957596 
0.321870 
0.663991 
0.704037 
0.749950 
0.408296 
0.222614 
0.475513 
0.939599 
0.848726 
0.541648 
0.480899 
0.466579 
0.789617 
0.099447 
0.406197 
0.947579 
0.962180 
0.364586 
0.598170 
0.450882 
0.979403 
0.831243 
0.701154 
0.301171 
0.781533 
0.233411 
0.931747 
0.863692 
0.077885 
0.009025 
0.678902 
0.313882 
0.413169 
0.129842 
0.248063 
0.196876 
0.902277 
0.572078 
0.917538 
0.061624 
0.711780 
0.882365 
0.904539 
0.580645 
0.897211 
0.418731 
0.611213 
0.651676 
0.718961 
0.583175 
0.423064 
0.431266 
0.293027 
0.903454 
0.344500 
0.012436 
0.013538 
0.525319 
0.039454 
0.108490 
0.393380 
0.534936 
0.668990 
0.723124 
0.547715 
0.450108 
0.969113 
0.884519 
0.104118 
0.915966 
0.640146 
0.926671 
0.561269 
0.239771 
0.828900 
0.318371 
0.864354 
0.197113 
0.874613 
0.628753 
0.443661 
0.605283 
0.985266 
0.369059 
0.775855 
0.798609 
0.222364 
0.275609 
0.158659 
0.586650 
0.828103 
0.934450 
0.303624 
0.001995 
0.532110 
0.179451 
0.025366 
0.324827 
0.359761 
0.509659 
0.846349 
0.594881 
0.167993 
0.451430 
0.185014 
0.523791 
0.349280 
0.345843 
0.589195 
0.597145 
0.220676 
0.909614 
0.889322 
0.834017 
0.327508 
0.433199 
0.782227 
0.883407 
0.427052 
0.455283 
0.942310 
0.409645 
0.908425 
0.906660 
0.239516 
0.549825 
0.901166 
0.898839 
0.778834 
0.854791 
0.474668 
0.752701 
0.642470 
0.996079 
0.093511 
0.631486 
0.377765 
0.088412 
0.939606 
0.956237 
0.476244 
0.231210 
0.943441 
0.413158 
0.941790 
0.658090 
0.512195 
0.456907 
0.240898 
0.766209 
0.673585 
0.950363 
0.748325 
0.103635 
0.792727 
0.360623 
0.983395 
0.912541 
0.075509 
0.082716 
0.205774 
0.451045 
0.720010 
0.207744 
0.550459 
0.569767 
0.081662 
0.485442 
0.827274 
0.994786 
0.376095 
0.028554 
0.902390 
0.461387 
0.534209 
0.453218 
0.229576 
0.491778 
0.308996 
0.292133 
0.876457 
0.608989 
0.280371 
0.203688 
0.389428 
0.110623 
0.234261 
0.230351 
0.508799 
0.378218 
0.709746 
0.700775 
0.930201 
0.892011 
0.032536 
0.837006 
0.554517 
0.760805 
0.856686 
0.323648 
0.546971 
0.942850 
0.482184 
0.063961 
0.997492 
0.855995 
0.716148 
0.301856 
0.288159 
0.087975 
0.589440 
0.716351 
0.715483 
0.125213 
0.461356 
0.017481 
0.802293 
0.143784 
0.575468 
0.884913 
0.730815 
0.802716 
0.244923 
0.414473 
0.039927 
0.048263 
0.164073 
0.578250 
0.641326 
0.757806 
0.452653 
0.742812 
0.435729 
0.295276 
0.700121 
0.938559 
0.355445 
0.960649 
0.621678 
0.533907 
0.378036 
0.657024 
0.597283 
0.540647 
0.656154 
0.974980 
0.492623 
0.519694 
0.504803 
0.217811 
0.751429 
0.260634 
0.470427 
0.463141 
0.004817 
0.965974 
0.117384 
0.871993 
0.578135 
0.713088 
0.872177 
0.680187 
0.899259 
0.842077 
0.787826 
0.988712 
0.286211 
0.344864 
0.129025 
0.530332 
0.286406 
0.628957 
0.884148 
0.880026 
0.596114 
0.884353 
0.318956 
0.694837 
0.129741 
0.562874 
0.217258 
0.453091 
0.108372 
0.410444 
0.331705 
0.970927 
0.373799 
0.443841 
0.636905 
0.462881 
0.646665 
0.490957 
0.515693 
0.252780 
0.478146 
0.195385 
0.842415 
0.468275 
0.299187 
0.429508 
0.738465 
0.384844 
0.078401 
0.692256 
0.750243 
0.329172 
0.396136 
0.855475 
0.961947 
0.445853 
0.443807 
0.065611 
0.730498 
0.480566 
0.865927 
0.638431 
0.108015 
0.409341 
0.786513 
0.921975 
0.625643 
0.181538 
0.112012 
0.592060 
0.759064 
0.592890 
0.696944 
0.529803 
0.392371 
0.587293 
0.639505 
0.155756 
0.784941 
0.504785 
0.923242 
0.932158 
0.787517 
0.796761 
0.169859 
0.818962 
0.300708 
0.007170 
0.513870 
0.606917 
0.461896 
0.078765 
0.806490 
0.674163 
0.653057 
0.931949 
0.268194 
0.541878 
0.346601 
0.320890 
0.193225 
0.535058 
0.726073 
0.115360 
0.850601 
0.050783 
0.509795 
0.117053 
0.311044 
0.718148 
0.907456 
0.607440 
0.247316 
0.639005 
0.760472 
0.251902 
0.720509 
0.595929 
0.778724 
0.020016 
0.413305 
0.418992 
0.998793 
0.708776 
0.396664 
0.726883 
0.727866 
0.235510 
0.210546 
0.646701 
0.099058 
0.870294 
0.030710 
0.134746 
0.676965 
0.752233 
0.787910 
0.408823 
0.080945 
0.441787 
0.112763 
0.211095 
0.868684 
0.968659 
0.244753 
0.571458 
0.491468 
0.103318 
0.458501 
0.018820 
0.308341 
0.283476 
0.376739 
0.851131 
0.959657 
0.947105 
0.989388 
0.635965 
0.656002 
0.433641 
0.199746 
0.137498 
0.927215 
0.704315 
0.419240 
0.168080 
0.913889 
0.730719 
0.201112 
0.088881 
0.830128 
0.959630 
0.495265 
0.918265 
0.273898 
0.407936 
0.182723 
0.029042 
0.110670 
0.030516 
0.884917 
0.794279 
0.442640 
0.448480 
0.608392 
0.249455 
0.588305 
0.648866 
0.492239 
0.055880 
0.182500 
0.271000 
0.690173 
0.733721 
0.640520 
0.220520 
0.277426 
0.705800 
0.385241 
0.739189 
0.557611 
0.771803 
0.696948 
0.608880 
0.450183 
0.223469 
0.840438 
0.235922 
0.148560 
0.843587 
0.172341 
0.543043 
0.924537 
0.701752 
0.352882 
0.892819 
0.617313 
0.183531 
0.604623 
0.900294 
0.244369 
0.110500 
0.180458 
0.952449 
0.804543 
0.951949 
0.398537 
0.212140 
0.434970 
0.534146 
0.390420 
0.792560 
0.555840 
0.997031 
0.099594 
0.875831 
0.091241 
0.488415 
0.789665 
0.898238 
0.679006 
0.049184 
0.629245 
0.719905 
0.448564 
0.012592 
0.627866 
0.539608 
0.196886 
0.057208 
0.494132 
0.880496 
0.499635 
0.372012 
0.398417 
0.199761 
0.386580 
0.248861 
0.599299 
0.418339 
0.018177 
0.508953 
0.972675 
0.749591 
0.376294 
0.366234 
0.296748 
0.440722 
0.221370 
0.565888 
0.877933 
0.421076 
0.029340 
0.113144 
0.617017 
0.205968 
0.702902 
0.670983 
0.219116 
0.680274 
0.356912 
0.623581 
0.523479 
0.117133 
0.651412 
0.274358 
0.141751 
0.404984 
0.562697 
0.246133 
0.762579 
0.659907 
0.060862 
0.905367 
0.495021 
0.826146 
0.031376 
0.342357 
0.998795 
0.752987 
0.453629 
0.141348 
0.642461 
0.837634 
0.110990 
0.401738 
0.005844 
0.215691 
0.110879 
0.537982 
0.860051 
0.875474 
0.085763 
0.413599 
0.357337 
0.764658 
0.599817 
0.126106 
0.460484 
0.346928 
0.823806 
0.700513 
0.527227 
0.100082 
0.079165 
0.528488 
0.296559 
0.263843 
0.402407 
0.253502 
0.616383 
0.544066 
0.116425 
0.762531 
0.851146 
0.208911 
0.162582 
0.507689 
0.725366 
0.226980 
0.845807 
0.476684 
0.621001 
0.159148 
0.803665 
0.193404 
0.540697 
0.498232 
0.783295 
0.847265 
0.980639 
0.595712 
0.131464 
0.516910 
0.709845 
0.367213 
0.745279 
0.910845 
0.570526 
0.833799 
0.658225 
0.782758 
0.805390 
0.190157 
0.966532 
0.506202 
0.732623 
0.191248 
0.298699 
0.228099 
0.659514 
0.455610 
0.432156 
0.248827 
0.039706 
0.334949 
0.482035 
0.565870 
0.582433 
0.948809 
0.639190 
0.860113 
0.924434 
0.963970 
0.439327 
0.775869 
0.024721 
0.480601 
0.468972 
0.019621 
0.764906 
0.777956 
0.100457 
0.384159 
0.554456 
0.744567 
0.937971 
0.483771 
0.744641 
0.182607 
0.069758 
0.414635 
0.771737 
0.576290 
0.712996 
0.324098 
0.111079 
0.899713 
0.470032 
0.829964 
0.204779 
0.719990 
0.867273 
0.262062 
