0.000001 
0.009994 
0.973755 
0.907996 
0.696218 
0.343762 
0.610881 
0.075975 
0.910243 
0.461510 
0.602828 
0.732153 
0.294707 
0.142747 
0.148585 
0.270508 
0.427147 
0.057763 
0.830584 
0.621786 
0.357537 
0.129589 
0.008754 
0.123173 
0.167404 
0.555119 
0.888049 
0.439165 
0.054515 
0.231179 
0.420389 
0.479701 
0.326897 
0.152473 
0.612184 
0.976567 
0.155107 
0.879451 
0.936191 
0.554741 
0.537483 
0.468657 
0.716715 
0.837332 
0.035401 
0.989220 
0.819873 
0.597535 
0.771003 
0.250628 
0.297365 
0.813831 
0.063464 
0.637952 
0.056035 
0.781379 
0.629695 
0.282698 
0.307078 
0.058746 
0.340646 
0.241999 
0.275737 
0.304838 
0.405066 
0.941977 
0.808227 
0.866536 
0.865907 
0.294947 
0.177569 
0.402960 
0.549523 
0.833459 
0.944873 
0.487422 
0.097318 
0.631401 
0.957247 
0.453713 
0.551206 
0.122692 
0.091585 
0.263055 
0.157420 
0.751587 
0.926945 
0.158705 
0.351122 
0.307711 
0.706717 
0.789860 
0.172978 
0.246472 
0.450518 
0.852045 
0.318452 
0.227144 
0.609087 
0.918157 
0.458924 
0.137177 
0.530480 
0.770198 
0.724478 
0.300411 
0.003193 
0.672113 
0.209644 
0.492447 
0.559112 
0.995690 
0.569715 
0.203574 
0.471764 
0.932545 
0.284585 
0.023126 
0.683684 
0.684629 
0.555613 
0.194660 
0.649065 
0.830490 
0.052497 
0.321023 
0.439620 
0.694851 
0.366098 
0.004076 
0.497988 
0.687076 
0.678942 
0.977871 
0.079115 
0.685377 
0.125256 
0.169298 
0.399645 
0.837318 
0.800117 
0.568695 
0.057071 
0.198619 
0.189545 
0.680609 
0.995068 
0.103848 
0.375615 
0.965421 
0.833079 
0.566985 
0.318495 
0.941339 
0.089944 
0.681834 
0.576713 
0.811427 
0.651028 
0.826651 
0.524216 
0.493925 
0.403413 
0.154195 
0.550677 
0.235107 
0.437058 
0.637196 
0.360858 
0.940618 
0.969746 
0.527755 
0.972970 
0.705725 
0.127551 
0.748173 
0.537940 
0.154253 
0.534663 
0.086597 
0.427402 
0.342333 
0.587316 
0.022238 
0.748209 
0.152012 
0.872187 
0.839453 
0.693247 
0.410384 
0.318010 
0.801994 
0.105653 
0.702804 
0.026014 
0.212191 
0.286839 
0.896234 
0.007320 
0.024819 
0.138563 
0.828626 
0.717890 
0.584803 
0.787831 
0.071367 
0.456791 
0.292672 
0.933069 
0.085126 
0.714373 
0.467149 
0.374423 
0.929368 
0.887788 
0.049793 
0.875261 
0.519858 
0.245801 
0.171201 
0.381000 
0.461737 
0.408917 
0.663132 
0.252576 
0.040303 
0.380414 
0.626166 
0.976726 
0.831412 
0.541485 
0.732168 
0.553854 
0.621988 
0.752014 
0.093676 
0.415912 
0.234341 
0.571916 
0.190291 
0.220127 
0.680760 
0.529544 
0.038085 
0.091944 
0.306843 
0.109709 
0.871967 
0.152920 
0.133521 
0.079417 
0.759869 
0.122483 
0.570525 
0.806782 
0.589780 
0.433185 
0.545135 
0.077653 
0.119421 
0.108187 
0.291620 
0.260055 
0.738822 
0.378927 
0.634198 
0.963235 
0.089231 
0.699263 
0.514638 
0.527275 
0.907896 
0.015044 
0.843029 
0.787226 
0.899787 
0.712742 
0.057654 
0.995864 
0.481187 
0.313066 
0.696463 
0.450822 
0.959040 
0.592114 
0.657273 
0.790222 
0.252956 
0.429493 
0.489908 
0.876231 
0.808974 
0.422716 
0.595550 
0.404374 
0.306170 
0.790932 
0.187394 
0.534170 
0.801328 
0.921051 
0.102071 
0.504907 
0.977860 
0.889991 
0.074726 
0.922645 
0.888861 
0.079353 
0.688580 
0.966966 
0.802812 
0.859424 
0.344789 
0.861842 
0.983978 
0.717479 
0.668797 
0.475204 
0.760249 
0.508213 
0.540315 
0.079294 
0.698670 
0.541371 
0.819239 
0.956138 
0.813532 
0.028119 
0.592741 
0.192631 
0.542201 
0.778954 
0.883480 
0.647809 
0.719478 
0.260466 
0.657223 
0.942117 
0.160544 
0.258753 
0.868362 
0.554549 
0.296747 
0.432880 
0.420506 
0.449355 
0.310501 
0.588304 
0.632235 
0.974439 
0.394571 
0.550969 
0.140620 
0.401902 
0.763911 
0.052997 
0.715657 
0.055023 
0.763886 
0.625450 
0.937829 
0.091876 
0.165829 
0.084037 
0.416439 
0.091537 
0.465211 
0.800683 
0.078227 
0.756546 
0.268221 
0.994790 
0.438401 
0.200885 
0.276360 
0.775087 
0.894186 
0.587300 
0.751766 
0.933789 
0.187683 
0.382277 
0.936496 
0.682727 
0.595492 
0.432260 
0.997504 
0.053862 
0.254508 
0.515611 
0.880794 
0.509271 
0.315589 
0.098338 
0.773255 
0.096946 
0.367152 
0.717004 
0.687012 
0.609664 
0.627566 
0.501970 
0.611103 
0.801444 
0.870466 
0.928955 
0.945376 
0.928670 
0.151787 
0.085734 
0.936785 
0.549132 
0.266008 
0.799180 
0.814934 
0.591016 
0.200730 
0.669795 
0.246284 
0.297234 
0.619513 
0.156113 
0.795741 
0.025297 
0.167189 
0.947828 
0.148427 
0.612086 
0.328959 
0.819947 
0.847023 
0.910418 
0.395921 
0.249577 
0.636051 
0.116520 
0.357975 
0.486948 
0.131867 
0.285225 
0.772871 
0.650295 
0.507218 
0.812664 
0.445495 
0.441303 
0.975155 
0.428193 
0.634036 
0.238289 
0.919844 
0.816208 
0.004956 
0.294389 
0.793197 
0.255793 
0.120233 
0.761123 
0.200742 
0.876912 
0.262310 
0.636481 
0.336604 
0.308284 
0.331648 
0.014021 
0.643056 
0.847912 
0.861225 
0.611065 
0.163830 
0.486866 
0.763356 
0.719128 
0.381838 
0.546877 
0.360851 
0.828302 
0.270949 
0.835776 
0.884927 
0.963101 
0.844268 
0.610885 
0.150388 
0.571533 
0.756914 
0.448282 
0.283046 
0.158651 
0.442958 
0.794313 
0.020735 
0.487201 
0.395516 
0.441449 
0.440297 
0.069164 
0.442815 
0.398192 
0.411517 
0.361758 
0.071127 
0.424043 
0.895811 
0.889464 
0.221099 
0.010581 
0.834495 
0.365714 
0.554654 
0.073678 
0.298452 
0.075279 
0.209907 
0.915152 
0.957805 
0.830079 
0.135216 
0.567738 
0.964835 
0.986302 
0.772682 
0.459954 
0.443259 
0.859125 
0.305718 
0.204644 
0.452440 
0.160839 
0.220852 
0.851414 
0.707743 
0.029340 
0.115046 
0.580700 
0.818061 
0.154884 
0.133422 
0.426198 
0.112115 
0.321038 
0.692607 
0.653853 
0.308138 
0.869590 
0.198938 
0.542774 
0.396161 
0.279844 
0.335434 
0.633238 
0.829910 
0.303526 
0.354458 
0.380791 
0.947470 
0.127445 
0.960912 
0.042488 
0.100456 
0.355937 
0.229192 
0.031775 
0.045596 
0.325113 
0.177815 
0.539721 
0.083588 
0.871796 
0.269154 
0.667799 
0.697558 
0.863060 
0.444048 
0.117057 
0.371135 
0.665285 
0.445119 
0.123153 
0.834165 
0.807638 
0.969035 
0.575198 
0.358313 
0.167984 
0.307675 
0.098921 
0.565233 
0.863657 
0.477227 
0.746860 
0.481635 
0.833557 
0.593232 
0.450209 
0.667858 
0.687586 
0.261722 
0.761700 
0.900095 
0.893900 
0.783396 
0.542026 
0.830972 
0.150207 
0.524281 
0.598336 
0.226849 
0.643631 
0.505394 
0.151047 
0.643678 
0.291169 
0.676514 
0.173631 
0.223064 
0.039918 
0.894898 
0.549577 
0.736356 
0.933340 
0.651022 
0.728438 
0.856512 
0.402737 
0.802907 
0.458132 
0.831848 
0.872218 
0.363726 
0.146600 
0.899707 
0.373048 
0.813693 
0.743626 
0.127555 
0.815667 
0.919825 
0.494552 
0.933401 
0.671252 
0.731425 
0.055103 
0.116634 
0.274442 
0.539744 
0.473929 
0.318979 
0.084598 
0.843129 
0.463524 
0.452478 
0.794282 
0.494810 
0.279376 
0.473470 
0.611234 
0.014710 
0.230802 
0.091650 
0.368083 
0.372341 
0.933844 
0.115021 
0.163257 
0.855517 
0.678209 
0.652686 
0.687289 
0.267035 
0.055299 
0.406339 
0.342159 
0.658454 
0.635781 
0.568484 
0.513143 
0.388930 
0.743154 
0.186522 
0.867390 
0.224054 
0.679546 
0.123194 
0.513885 
0.864538 
0.291268 
0.339156 
0.192882 
0.773317 
0.132594 
0.499581 
0.458079 
0.941669 
0.632657 
0.058774 
0.821945 
0.421356 
0.736236 
0.912000 
0.991865 
0.275059 
0.910990 
0.010029 
0.556976 
0.103969 
0.404828 
0.951593 
0.425413 
0.914540 
0.675044 
0.460211 
0.770991 
0.046758 
0.869522 
0.050793 
0.686177 
0.584184 
0.388190 
0.316171 
0.882685 
0.290622 
0.491832 
0.213129 
0.063570 
0.425698 
0.706829 
0.682706 
0.244730 
0.171671 
0.278174 
0.272249 
0.692462 
0.202799 
0.435185 
0.150390 
0.609272 
0.032128 
0.977146 
0.893982 
0.162270 
0.264154 
0.643453 
0.506399 
0.054470 
0.484660 
0.688467 
0.066043 
0.984063 
0.149532 
0.190196 
0.625849 
0.644088 
0.191780 
0.254311 
0.209080 
0.006833 
0.839118 
0.055953 
0.399273 
0.582460 
0.405220 
0.528381 
0.495688 
0.024177 
0.350954 
0.482197 
0.276752 
0.378414 
0.009101 
0.954585 
0.710274 
0.569476 
0.184045 
0.242227 
0.106330 
0.080631 
0.163198 
0.873097 
0.134276 
0.783406 
0.712179 
0.594024 
0.765517 
0.036800 
0.490844 
0.618519 
0.440632 
0.703203 
0.734206 
0.801928 
0.009836 
0.307859 
0.191221 
0.855319 
0.349325 
0.106801 
0.008336 
0.102622 
0.773003 
0.868108 
0.291009 
0.982052 
0.343929 
0.422739 
0.972499 
0.790402 
0.280908 
0.215886 
0.388617 
0.484421 
0.658223 
0.761274 
0.734162 
0.053547 
0.971920 
0.060135 
0.689656 
0.053776 
0.815051 
0.559465 
0.927515 
0.742407 
0.634215 
0.248952 
0.139262 
0.582760 
0.455005 
0.260811 
0.450912 
0.472848 
0.157248 
0.861113 
0.733339 
0.223085 
0.391149 
0.047754 
0.605226 
0.036976 
0.461421 
0.101386 
0.996724 
0.947276 
0.866838 
0.950691 
0.264366 
0.199794 
0.935021 
0.890902 
0.397857 
0.784983 
0.215106 
0.292894 
0.671201 
0.873490 
0.751229 
0.905610 
0.588330 
0.062411 
0.948964 
0.241105 
0.255470 
0.691824 
0.493578 
0.571241 
0.852159 
0.242604 
0.450048 
0.955575 
0.346341 
0.948078 
0.347931 
0.684599 
0.055164 
0.142335 
0.222342 
0.906455 
0.784268 
0.194813 
0.218681 
0.369396 
0.436723 
0.001538 
0.841145 
0.126580 
0.430850 
0.298836 
0.528324 
0.536214 
0.149040 
0.916479 
0.269273 
0.677282 
0.076966 
0.574376 
0.534621 
0.367400 
0.893898 
0.746855 
0.392093 
0.909723 
0.712741 
0.034050 
0.277895 
0.575535 
0.024268 
0.870475 
0.069916 
0.072478 
0.136128 
0.899313 
0.756447 
0.610690 
0.869715 
0.298424 
0.606745 
0.568683 
0.846933 
0.409007 
0.186644 
0.924567 
0.194743 
0.049695 
0.227670 
0.447773 
0.724583 
0.062729 
0.287714 
0.611749 
0.670400 
0.420666 
0.131812 
0.361236 
0.290065 
0.130351 
0.813993 
0.779848 
0.904998 
0.306868 
0.527817 
0.015223 
0.856048 
0.599518 
0.103541 
0.216480 
0.387015 
0.560294 
0.858671 
0.688360 
0.264671 
0.325980 
0.739339 
0.065282 
0.189116 
0.465049 
0.073600 
0.999024 
0.593238 
0.547053 
0.316448 
0.547843 
0.598454 
0.223496 
0.301066 
0.023981 
0.055403 
0.155752 
0.720867 
0.604914 
0.782469 
0.963528 
0.022144 
0.177903 
0.015586 
0.953525 
0.901034 
0.676431 
0.782361 
0.145079 
0.348607 
0.036896 
0.116084 
0.018680 
0.953050 
0.906899 
0.244262 
0.304480 
0.388928 
0.712694 
0.241450 
0.051476 
0.157741 
0.149458 
0.934040 
0.416239 
0.723060 
0.469656 
0.514405 
0.602797 
0.204797 
0.015466 
0.944927 
0.385396 
0.348517 
0.519254 
0.097434 
0.568232 
0.271368 
0.880823 
0.992604 
0.694771 
0.016221 
0.629452 
0.203227 
0.629622 
0.051368 
0.335332 
0.917800 
0.456741 
0.439770 
0.207992 
0.728324 
0.940296 
0.559150 
0.640215 
0.101182 
0.568673 
0.686078 
0.912848 
0.230457 
0.288405 
0.229713 
0.781539 
0.319673 
0.741247 
0.145554 
0.319639 
0.169516 
0.047054 
0.839642 
0.860078 
0.334827 
0.433162 
0.156775 
0.909530 
0.472123 
0.971340 
0.315765 
0.067311 
0.290876 
0.753947 
0.587947 
0.632353 
0.949141 
0.220048 
0.352234 
0.990006 
0.034642 
0.232050 
0.068292 
0.787829 
0.048365 
0.867232 
0.568630 
0.960331 
0.282215 
0.193324 
0.203022 
0.191020 
0.477231 
0.825367 
0.937188 
0.310544 
0.312705 
0.638368 
0.047456 
0.592131 
0.953697 
0.783947 
0.804534 
0.803240 
0.049025 
0.955413 
0.623813 
0.423868 
0.946921 
0.897807 
0.447354 
0.686024 
0.999878 
0.952857 
0.660755 
0.315873 
0.884993 
0.073710 
0.845632 
0.539737 
0.356009 
0.439125 
0.379209 
0.361591 
0.259558 
0.394417 
0.973049 
0.040121 
0.320429 
0.455607 
0.385433 
0.968232 
0.075932 
0.193661 
0.861628 
0.379528 
0.726074 
0.126450 
0.239647 
0.743525 
0.417031 
0.048228 
0.576211 
0.380369 
0.858759 
0.170447 
0.707149 
0.061449 
0.773471 
0.729798 
0.709190 
0.351066 
0.363898 
0.038693 
0.321635 
0.718969 
0.714243 
0.286402 
0.553597 
0.306786 
0.156379 
0.253993 
0.868624 
0.960951 
0.702228 
0.341383 
0.617782 
0.059363 
0.711587 
0.648125 
0.045126 
0.436853 
0.188843 
0.890638 
0.946422 
0.511070 
0.553580 
0.022759 
0.518509 
0.581246 
0.996686 
0.305138 
0.454397 
0.045216 
0.938342 
0.713499 
0.771701 
0.974231 
0.905568 
0.873477 
0.532380 
0.714440 
0.596705 
0.828772 
0.178704 
0.485378 
0.746867 
0.597747 
0.328182 
0.753792 
0.983567 
0.802592 
0.166075 
0.215648 
0.398640 
0.941572 
0.997705 
0.420218 
0.603322 
0.032847 
0.062039 
0.681099 
0.230404 
0.399111 
0.853922 
0.859988 
0.822483 
0.465595 
0.251130 
0.733988 
0.129467 
0.955052 
0.555262 
0.286017 
0.091301 
0.502814 
0.797000 
0.170863 
0.698555 
0.609126 
0.586262 
0.313747 
0.141111 
0.657641 
0.978187 
0.394378 
0.311118 
0.968614 
0.489094 
0.203399 
0.530794 
0.057130 
0.183427 
0.852502 
0.009511 
0.858468 
0.270866 
0.447949 
0.683569 
0.738132 
0.792324 
0.594977 
0.774754 
0.290874 
0.713266 
0.854525 
0.995888 
0.885756 
0.895948 
0.202383 
0.452091 
0.295844 
0.249333 
0.534619 
0.344031 
0.122063 
0.509363 
0.862799 
0.066752 
0.900610 
0.558826 
0.187850 
0.196468 
0.031281 
0.733271 
0.092629 
0.809954 
0.903806 
0.262871 
0.071670 
0.558629 
0.882931 
0.419291 
0.015824 
0.955563 
0.143614 
0.724752 
0.903271 
0.270232 
0.785413 
0.442531 
0.625648 
0.273694 
0.969468 
0.844729 
0.364368 
0.927110 
0.941363 
0.480159 
0.024413 
0.302472 
0.648354 
0.892718 
0.912722 
0.121736 
0.009844 
0.442911 
0.007293 
0.580759 
0.816002 
0.538250 
0.368055 
0.904520 
0.262558 
0.806887 
0.351621 
0.693901 
0.392846 
0.560751 
0.548838 
0.324376 
0.787444 
0.569657 
0.228518 
0.704890 
0.087874 
0.899249 
0.684086 
0.434497 
0.584073 
0.515998 
0.372642 
0.999931 
0.840664 
0.044367 
0.672413 
0.238658 
0.123588 
0.137811 
0.186911 
0.411761 
0.464811 
0.071938 
0.070257 
0.813973 
0.441350 
0.764123 
0.621078 
0.450961 
0.299438 
0.652280 
0.872822 
0.525672 
0.967632 
0.984573 
0.711940 
0.581163 
0.606175 
0.986319 
0.056802 
0.676277 
0.183271 
0.234864 
0.354738 
0.079985 
0.313143 
0.986655 
0.718273 
0.007615 
0.983662 
0.401895 
0.650006 
0.652028 
0.635798 
0.861003 
0.869512 
0.893452 
0.250485 
0.894787 
0.685938 
0.563630 
0.927203 
0.505658 
0.595564 
0.638186 
0.997590 
0.499932 
0.360085 
0.955388 
0.207020 
0.378960 
0.185487 
0.485032 
0.928126 
0.014556 
0.638842 
0.012360 
0.730663 
0.245700 
0.481856 
0.554816 
0.786125 
0.401991 
0.256634 
0.255329 
0.318760 
0.394684 
0.459077 
0.711058 
0.757480 
0.959325 
0.369314 
0.060080 
0.767679 
0.376182 
0.485675 
0.739324 
0.815879 
0.474421 
0.590246 
0.269846 
0.305469 
0.020847 
0.376268 
0.934516 
0.409278 
0.739939 
0.162793 
0.059538 
0.651297 
0.345957 
0.493828 
0.764806 
0.087491 
0.464369 
0.656986 
0.960561 
0.152355 
0.629561 
0.034847 
0.681256 
0.876132 
0.143006 
0.499906 
0.913035 
0.385392 
0.275411 
0.824775 
0.988119 
0.317349 
0.692603 
0.583064 
0.548844 
0.419451 
0.708494 
0.663111 
0.910321 
0.761290 
0.004070 
0.397247 
0.532667 
0.527235 
0.233373 
0.299235 
0.242730 
0.566956 
0.822663 
0.496309 
0.470361 
0.361376 
0.641154 
0.871136 
0.186412 
0.031379 
0.379720 
0.960196 
0.012795 
0.049359 
0.572140 
0.953616 
0.428632 
0.011148 
0.362779 
0.229729 
0.054608 
0.804639 
0.566544 
0.907307 
0.101319 
0.874486 
0.480759 
0.108478 
0.190974 
0.704659 
0.204148 
0.113412 
0.121421 
0.727631 
0.301249 
0.085211 
0.140471 
0.888291 
0.509418 
0.780457 
0.135487 
0.135848 
0.204094 
0.211971 
0.598983 
0.106621 
0.979054 
0.954806 
0.421389 
0.289396 
0.871329 
0.420432 
0.207733 
0.366563 
0.826359 
0.623406 
0.583292 
0.395497 
0.110785 
0.968748 
0.744301 
0.474742 
0.982411 
0.385894 
0.726723 
0.036839 
0.150897 
0.120957 
0.926690 
0.879379 
0.724708 
0.162826 
0.611633 
0.721486 
0.012200 
0.050084 
0.764034 
0.125372 
0.132731 
0.810708 
0.566918 
0.193313 
0.016614 
0.223982 
0.469667 
0.696524 
0.487127 
0.140644 
0.804036 
0.438541 
0.565662 
0.076736 
0.701215 
0.324798 
0.871920 
0.364711 
0.699801 
0.556208 
0.187783 
0.068469 
0.752951 
0.849394 
0.766415 
0.133561 
0.754199 
0.816425 
0.657757 
0.926249 
0.465225 
0.031866 
0.572951 
0.582158 
0.334468 
0.406216 
0.273806 
0.851803 
0.261231 
0.511619 
0.787639 
0.855167 
0.791981 
0.819148 
0.413256 
0.585515 
0.750507 
0.764383 
0.992214 
0.147168 
0.450358 
0.172061 
0.833658 
0.296665 
0.044412 
0.433050 
0.264750 
0.649246 
0.885482 
0.301948 
0.836121 
0.684016 
0.254906 
0.208644 
0.681836 
0.624759 
0.321908 
0.312101 
0.479811 
0.182286 
0.684370 
0.210311 
0.704692 
0.751313 
0.314795 
0.756312 
0.334305 
0.657118 
0.178805 
0.170724 
0.357242 
0.159039 
0.964891 
0.916231 
0.092669 
0.484337 
0.251934 
0.262274 
0.036238 
0.045943 
0.158098 
0.159780 
0.430747 
0.568261 
0.761072 
0.331765 
0.973219 
0.892176 
0.795033 
0.124700 
0.831908 
0.873821 
0.306777 
0.004523 
0.026290 
0.858557 
0.772441 
0.419520 
0.876290 
0.811093 
0.047261 
0.323425 
0.801866 
0.954317 
0.200986 
0.968233 
0.087977 
0.630317 
0.738219 
0.242081 
0.654852 
0.104637 
0.641311 
0.516324 
0.854200 
0.540595 
0.785908 
0.762165 
0.714427 
0.376925 
0.984606 
0.270047 
0.672373 
0.577306 
0.785876 
0.221269 
0.874813 
0.981898 
0.756688 
0.660735 
0.965088 
0.229790 
0.087564 
0.688069 
0.379389 
0.386318 
0.852382 
0.983734 
0.617385 
0.389269 
0.447802 
0.211837 
0.342343 
0.763863 
0.251663 
0.693067 
0.381688 
0.035528 
0.120779 
0.925700 
0.240667 
0.886333 
0.604340 
0.145517 
0.697325 
0.942291 
0.089860 
0.274402 
0.873195 
0.795126 
0.680504 
0.228813 
0.655820 
0.366502 
0.803649 
0.922940 
0.857815 
0.289507 
0.752036 
0.477074 
0.189078 
0.827865 
0.924579 
0.391717 
0.592747 
0.302419 
0.754293 
0.410414 
0.827531 
0.306615 
0.278943 
0.202343 
0.771471 
0.112098 
0.032488 
0.025896 
0.241229 
0.336424 
0.274314 
0.392697 
0.054818 
0.332915 
0.300657 
0.143053 
0.295143 
0.467689 
0.442180 
0.715315 
0.303768 
0.431042 
0.520803 
0.136484 
0.890861 
0.694000 
0.065544 
0.606060 
0.051930 
0.782471 
0.998027 
0.840714 
0.886163 
0.745367 
0.391508 
0.073127 
0.049100 
0.218033 
0.483636 
0.474892 
0.514054 
0.703452 
0.913926 
0.346913 
0.565786 
0.162714 
0.730965 
0.322533 
0.808882 
0.882033 
0.329651 
0.451857 
0.358499 
0.298109 
0.319892 
0.425112 
0.850895 
0.989191 
0.327962 
0.052937 
0.709687 
0.713886 
0.278192 
0.572093 
0.168201 
0.953902 
0.239039 
0.528790 
0.373618 
0.405465 
0.642179 
0.097883 
0.116499 
0.995747 
0.523499 
0.450740 
0.581169 
0.706822 
0.562274 
0.141246 
0.916973 
0.569944 
0.050000 
0.348502 
0.280244 
0.064922 
0.137297 
0.554989 
0.702160 
0.198013 
0.999236 
0.166633 
0.596514 
0.616877 
0.859677 
0.594781 
0.484627 
0.120116 
0.791868 
0.925565 
0.976952 
0.633415 
0.809738 
0.264059 
0.036041 
0.749319 
0.810977 
0.085966 
0.822178 
0.352518 
0.772607 
0.198523 
0.577180 
0.660109 
0.453405 
0.379620 
0.267665 
0.650731 
0.842381 
0.894610 
0.710854 
0.314996 
0.142445 
0.079109 
0.589003 
0.368932 
0.645361 
0.581921 
0.341556 
0.536697 
0.261291 
0.516948 
0.342678 
0.381224 
0.236027 
0.901862 
0.596576 
0.654646 
0.638847 
0.104899 
0.033470 
0.523030 
0.561016 
0.994631 
0.759544 
0.657533 
0.153047 
0.256032 
0.127561 
0.923249 
0.038261 
0.045311 
0.538114 
0.089697 
0.544400 
0.730398 
0.791032 
0.882836 
0.828291 
0.093486 
0.216430 
0.534246 
0.071360 
0.347160 
0.711335 
0.413715 
0.314078 
0.710911 
0.286867 
0.373439 
0.392414 
0.303735 
0.871707 
0.778160 
0.535318 
0.083232 
0.885077 
0.490416 
0.421428 
0.948345 
0.826939 
0.366140 
0.714240 
0.236884 
0.314012 
0.591913 
0.276994 
0.435682 
0.513852 
0.309664 
0.525164 
0.433023 
0.815829 
0.641719 
0.364201 
0.130381 
0.307383 
0.185088 
0.775720 
0.528485 
0.239998 
0.640248 
0.642743 
0.588999 
0.307558 
0.126026 
0.124984 
0.607222 
0.576021 
0.183352 
0.593068 
0.685568 
0.338810 
0.374337 
0.478570 
0.333386 
0.224402 
0.524356 
0.858757 
0.124553 
0.369560 
0.191840 
0.249098 
0.582717 
0.732521 
0.481436 
0.501199 
0.644570 
0.282493 
0.862787 
0.856637 
0.505612 
0.822741 
0.807758 
0.994445 
0.634005 
0.726460 
0.611575 
0.739347 
0.203628 
0.382597 
0.300329 
0.631982 
0.725480 
0.134774 
0.154734 
0.608048 
0.470409 
0.164776 
0.389720 
0.024276 
0.998405 
0.186601 
0.197075 
0.231184 
0.512576 
0.863307 
0.601987 
0.592377 
0.077473 
0.096822 
0.293641 
0.226951 
0.368555 
0.302363 
0.808453 
0.674104 
0.657527 
0.062222 
0.760000 
0.327797 
0.288468 
0.274470 
0.023953 
0.585343 
0.864658 
0.309610 
0.619340 
0.249423 
0.055838 
0.475450 
0.884143 
0.794155 
0.363502 
0.382758 
0.009709 
0.172708 
0.709549 
0.389345 
0.713584 
0.212927 
0.657918 
0.625650 
0.295271 
0.619150 
0.048603 
0.862781 
0.766384 
0.611839 
0.182165 
0.654437 
0.122663 
0.596669 
0.207946 
0.943660 
0.093195 
0.325152 
0.836639 
0.390726 
0.939611 
0.039901 
0.615199 
0.652104 
0.913351 
0.694926 
0.615491 
0.565037 
0.576018 
0.135486 
0.107955 
0.403417 
0.234603 
0.969913 
0.324187 
0.608514 
0.287794 
0.947538 
0.277005 
0.625848 
0.619028 
0.007783 
0.806070 
0.611358 
0.086139 
0.731803 
0.419092 
0.674450 
0.475369 
0.518567 
0.554729 
0.324464 
0.273139 
0.651056 
0.298041 
0.176733 
0.358086 
0.359508 
0.257671 
0.681429 
0.779386 
0.137820 
0.339016 
0.848673 
0.654247 
0.937252 
0.401516 
0.285759 
0.753466 
0.499896 
0.746725 
0.207393 
0.662314 
0.509471 
0.684324 
0.434640 
0.994509 
0.707830 
0.500220 
0.195412 
0.289348 
0.065205 
0.896716 
0.103941 
0.944325 
0.268139 
0.608255 
0.940778 
0.650794 
0.901688 
0.665773 
0.646818 
0.069002 
0.720796 
0.423938 
0.124852 
0.387225 
0.093187 
0.200079 
0.731247 
0.062072 
0.251853 
