0.000001 
0.011732 
0.175144 
0.652378 
0.516548 
0.618089 
0.219820 
0.519880 
0.618211 
0.265312 
0.104651 
0.869614 
0.605142 
0.617054 
0.823594 
0.138991 
0.020590 
0.052927 
0.539581 
0.740060 
0.196514 
0.811476 
0.472296 
0.875988 
0.724306 
0.404169 
0.866238 
0.855371 
0.224524 
0.583036 
0.084701 
0.570925 
0.534861 
0.417038 
0.149306 
0.386745 
0.023105 
0.325213 
0.859318 
0.565041 
0.642667 
0.311290 
0.842879 
0.267941 
0.280397 
0.626344 
0.956139 
0.820442 
0.175986 
0.792240 
0.180697 
0.975672 
0.119916 
0.423876 
0.085354 
0.538204 
0.594293 
0.289557 
0.586774 
0.902944 
0.785927 
0.074985 
0.279819 
0.921654 
0.230379 
0.976526 
0.471051 
0.950616 
0.008609 
0.698611 
0.549864 
0.559935 
0.829080 
0.345619 
0.812346 
0.091343 
0.204292 
0.528951 
0.075892 
0.509879 
0.536616 
0.898133 
0.922698 
0.785684 
0.994496 
0.502451 
0.685583 
0.600547 
0.392586 
0.187361 
0.969748 
0.559123 
0.176425 
0.171857 
0.397280 
0.079260 
0.126359 
0.709075 
0.424449 
0.706591 
0.676529 
0.418659 
0.408135 
0.531345 
0.313228 
0.426246 
0.910561 
0.806185 
0.547578 
0.140312 
0.221698 
0.085779 
0.690684 
0.321189 
0.215485 
0.649088 
0.217379 
0.491516 
0.914521 
0.350242 
0.510466 
0.394515 
0.607634 
0.496402 
0.025602 
0.287560 
0.019570 
0.908052 
0.626296 
0.162967 
0.991765 
0.599003 
0.435970 
0.352254 
0.337974 
0.336241 
0.200280 
0.111808 
0.151972 
0.192748 
0.517914 
0.572806 
0.157831 
0.663062 
0.079192 
0.974341 
0.741274 
0.587837 
0.783122 
0.937483 
0.283309 
0.581762 
0.681616 
0.920178 
0.436042 
0.555261 
0.274465 
0.941526 
0.229359 
0.829405 
0.806421 
0.514796 
0.171273 
0.581940 
0.672252 
0.534397 
0.608575 
0.319622 
0.889527 
0.282683 
0.059240 
0.651609 
0.586908 
0.168271 
0.135629 
0.524284 
0.643204 
0.332988 
0.528943 
0.946600 
0.505619 
0.936693 
0.997954 
0.607936 
0.579926 
0.817437 
0.657328 
0.708959 
0.473906 
0.938266 
0.428894 
0.422230 
0.427857 
0.990214 
0.524663 
0.009455 
0.905224 
0.099808 
0.475311 
0.556150 
0.221383 
0.782389 
0.607766 
0.731104 
0.667939 
0.053233 
0.684988 
0.601186 
0.137565 
0.047458 
0.628696 
0.498243 
0.972013 
0.617950 
0.891773 
0.026343 
0.747860 
0.279770 
0.096676 
0.832131 
0.619513 
0.160645 
0.956121 
0.520779 
0.725616 
0.420059 
0.925796 
0.850919 
0.391630 
0.132566 
0.034209 
0.958121 
0.138001 
0.378512 
0.653303 
0.070807 
0.054387 
0.082441 
0.589117 
0.282887 
0.474527 
0.374674 
0.148618 
0.830140 
0.168226 
0.371932 
0.066917 
0.675864 
0.253115 
0.101916 
0.909198 
0.891969 
0.317621 
0.254672 
0.275150 
0.447205 
0.167850 
0.058854 
0.162414 
0.687558 
0.793400 
0.671996 
0.233220 
0.728656 
0.524677 
0.243275 
0.728183 
0.564414 
0.106653 
0.510135 
0.846034 
0.287343 
0.370048 
0.390525 
0.552898 
0.561300 
0.768520 
0.521867 
0.013939 
0.267267 
0.951672 
0.757242 
0.963024 
0.543932 
0.870461 
0.837316 
0.769414 
0.545952 
0.817392 
0.914151 
0.143673 
0.703721 
0.439038 
0.917564 
0.495815 
0.165190 
0.354429 
0.896557 
0.441442 
0.314950 
0.359949 
0.667975 
0.657679 
0.611442 
0.511430 
0.604553 
0.726738 
0.284575 
0.848043 
0.051826 
0.037966 
0.093512 
0.658792 
0.313107 
0.395381 
0.169916 
0.781128 
0.424845 
0.369876 
0.502438 
0.478318 
0.085304 
0.696838 
0.755917 
0.695000 
0.862991 
0.293854 
0.797560 
0.590564 
0.607297 
0.840840 
0.005294 
0.969187 
0.133388 
0.852048 
0.368439 
0.358997 
0.660279 
0.316549 
0.243269 
0.629500 
0.004443 
0.679145 
0.390622 
0.183937 
0.430962 
0.184482 
0.585310 
0.304517 
0.018575 
0.190825 
0.200831 
0.371890 
0.347525 
0.853916 
0.767504 
0.440440 
0.477502 
0.382521 
0.023543 
0.688762 
0.028822 
0.410903 
0.040389 
0.825350 
0.658764 
0.853731 
0.653368 
0.159925 
0.852985 
0.119078 
0.341475 
0.171645 
0.834896 
0.103467 
0.962618 
0.717977 
0.031625 
0.521036 
0.049254 
0.813429 
0.308016 
0.823049 
0.988103 
0.040257 
0.597214 
0.376631 
0.040923 
0.795410 
0.458502 
0.048474 
0.705020 
0.272042 
0.202089 
0.506194 
0.596014 
0.199156 
0.207800 
0.490046 
0.207385 
0.523012 
0.268380 
0.665194 
0.920942 
0.270450 
0.453273 
0.153096 
0.082316 
0.492620 
0.466350 
0.943239 
0.011935 
0.592129 
0.919143 
0.044613 
0.807037 
0.862907 
0.881671 
0.250605 
0.921832 
0.236143 
0.853289 
0.228672 
0.285682 
0.462741 
0.287875 
0.316989 
0.627637 
0.689520 
0.760462 
0.086218 
0.065534 
0.431258 
0.155432 
0.337600 
0.047331 
0.484467 
0.432737 
0.003864 
0.948057 
0.987903 
0.683269 
0.699132 
0.318966 
0.863887 
0.345965 
0.637833 
0.060107 
0.225420 
0.626797 
0.574154 
0.809590 
0.773293 
0.740352 
0.088715 
0.030542 
0.314357 
0.404252 
0.262274 
0.039869 
0.079476 
0.758968 
0.973442 
0.634745 
0.165323 
0.589774 
0.324994 
0.166751 
0.589679 
0.739997 
0.133897 
0.399828 
0.915280 
0.112976 
0.785413 
0.439604 
0.430516 
0.677303 
0.434318 
0.589782 
0.473632 
0.332424 
0.045958 
0.423303 
0.449270 
0.872695 
0.386631 
0.111679 
0.982753 
0.127084 
0.901971 
0.433041 
0.128172 
0.183306 
0.817005 
0.398496 
0.515061 
0.627255 
0.279309 
0.340470 
0.280258 
0.299032 
0.827154 
0.976992 
0.303556 
0.864385 
0.725377 
0.412238 
0.476790 
0.410265 
0.328273 
0.292425 
0.786564 
0.786514 
0.947410 
0.123454 
0.898835 
0.724941 
0.085582 
0.376420 
0.487892 
0.007273 
0.243122 
0.144283 
0.969045 
0.742714 
0.793130 
0.144300 
0.255099 
0.448871 
0.167657 
0.806622 
0.897626 
0.407131 
0.648379 
0.312024 
0.181260 
0.432477 
0.649312 
0.980423 
0.964660 
0.043117 
0.672072 
0.522489 
0.474648 
0.411823 
0.514108 
0.606270 
0.587015 
0.954460 
0.610404 
0.060153 
0.986863 
0.201281 
0.927161 
0.798225 
0.763356 
0.717508 
0.153516 
0.136575 
0.420274 
0.545484 
0.946397 
0.097540 
0.359930 
0.348745 
0.362838 
0.225955 
0.631199 
0.561706 
0.600487 
0.381724 
0.635106 
0.230728 
0.849433 
0.427273 
0.184391 
0.067605 
0.233565 
0.523284 
0.839942 
0.912618 
0.368558 
0.361460 
0.050292 
0.249891 
0.924674 
0.987631 
0.120816 
0.561694 
0.395945 
0.641631 
0.890011 
0.409530 
0.977684 
0.928939 
0.673347 
0.938229 
0.821998 
0.324449 
0.013147 
0.965734 
0.089238 
0.819351 
0.830460 
0.535339 
0.435521 
0.795535 
0.552784 
0.639817 
0.400002 
0.836793 
0.985450 
0.451741 
0.406000 
0.645337 
0.170927 
0.766150 
0.678807 
0.708263 
0.778242 
0.919967 
0.880248 
0.334285 
0.330406 
0.133839 
0.426549 
0.007484 
0.790713 
0.513657 
0.038727 
0.885063 
0.255875 
0.496993 
0.968049 
0.999786 
0.397569 
0.945344 
0.403826 
0.096176 
0.437223 
0.400288 
0.645424 
0.644014 
0.940172 
0.468156 
0.294744 
0.760435 
0.636977 
0.664957 
0.930159 
0.179209 
0.965406 
0.571076 
0.076451 
0.919124 
0.710873 
0.641137 
0.585153 
0.664096 
0.457300 
0.845250 
0.112574 
0.025168 
0.992038 
0.176521 
0.783651 
0.815521 
0.461734 
0.369127 
0.925017 
0.755118 
0.263033 
0.791779 
0.437663 
0.801897 
0.483191 
0.998557 
0.753485 
0.829292 
0.909152 
0.124194 
0.329066 
0.616960 
0.238558 
0.448447 
0.052712 
0.934959 
0.854824 
0.030849 
0.485615 
0.734692 
0.967704 
0.197237 
0.966062 
0.603416 
0.609516 
0.138687 
0.906887 
0.051381 
0.555691 
0.495762 
0.280192 
0.192884 
0.802329 
0.743174 
0.528510 
0.674119 
0.909818 
0.314360 
0.453167 
0.373450 
0.573133 
0.642801 
0.554202 
0.468356 
0.663597 
0.069804 
0.192310 
0.155593 
0.054736 
0.942005 
0.273410 
0.209587 
0.535047 
0.541488 
0.796626 
0.899077 
0.787422 
0.194500 
0.964644 
0.763771 
0.693800 
0.701724 
0.875489 
0.350818 
0.203870 
0.442784 
0.868675 
0.827847 
0.616869 
0.720501 
0.458294 
0.555182 
0.944820 
0.592085 
0.174355 
0.382542 
0.382155 
0.881753 
0.620290 
0.218597 
0.967975 
0.754227 
0.290124 
0.113922 
0.693980 
0.723110 
0.301678 
0.296662 
0.004599 
0.300321 
0.500476 
0.496025 
0.698546 
0.456567 
0.520158 
0.299201 
0.674090 
0.425882 
0.806768 
0.353674 
0.201193 
0.443775 
0.520473 
0.597403 
0.547453 
0.049638 
0.269276 
0.724851 
0.563643 
0.143524 
0.210122 
0.526669 
0.727833 
0.684032 
0.531842 
0.673278 
0.776162 
0.959677 
0.290604 
0.182909 
0.153556 
0.810293 
0.587691 
0.318434 
0.925704 
0.299638 
0.023567 
0.090443 
0.074261 
0.098459 
0.799760 
0.571043 
0.520044 
0.371613 
0.706097 
0.368658 
0.031176 
0.979703 
0.867355 
0.637069 
0.213897 
0.968424 
0.295341 
0.788965 
0.133334 
0.945895 
0.660252 
0.863582 
0.230705 
0.460267 
0.710758 
0.709745 
0.689795 
0.382684 
0.777744 
0.546401 
0.364572 
0.354778 
0.757209 
0.409488 
0.270790 
0.172838 
0.889435 
0.741014 
0.219581 
0.492821 
0.849322 
0.546777 
0.679270 
0.487604 
0.155817 
0.809781 
0.983529 
0.173368 
0.790983 
0.058954 
0.845334 
0.521218 
0.117042 
0.127164 
0.237815 
0.960411 
0.622591 
0.881073 
0.192922 
0.447214 
0.325379 
0.651454 
0.986339 
0.397414 
0.332355 
0.882498 
0.147255 
0.917677 
0.402733 
0.741885 
0.857998 
0.377151 
0.777139 
0.377576 
0.921824 
0.092834 
0.264850 
0.339617 
0.943117 
0.961857 
0.926214 
0.883021 
0.935806 
0.093033 
0.598845 
0.779677 
0.032345 
0.624805 
0.105516 
0.401601 
0.707090 
0.068095 
0.471249 
0.279883 
0.999845 
0.402225 
0.188133 
0.947825 
0.096311 
0.701955 
0.753119 
0.668718 
0.149989 
0.861196 
0.125822 
0.689427 
0.201285 
0.996526 
0.617641 
0.693326 
0.733627 
0.069541 
0.771844 
0.376708 
0.323469 
0.550442 
0.280677 
0.338843 
0.936051 
0.208701 
0.638571 
0.461670 
0.294520 
0.997478 
0.610748 
0.848019 
0.653479 
0.027625 
0.293823 
0.284377 
0.526258 
0.810715 
0.693040 
0.924769 
0.596381 
0.370858 
0.013698 
0.223812 
0.611117 
0.045556 
0.665616 
0.014560 
0.701640 
0.471572 
0.707768 
0.454359 
0.406169 
0.483327 
0.272125 
0.612479 
0.930995 
0.231126 
0.539430 
0.191654 
0.125014 
0.117673 
0.733639 
0.273676 
0.671972 
0.830326 
0.294860 
0.718296 
0.393134 
0.403568 
0.764461 
0.296854 
0.233376 
0.346358 
0.231753 
0.066601 
0.355107 
0.287846 
0.823622 
0.617010 
0.085614 
0.914796 
0.972339 
0.097387 
0.785697 
0.202545 
0.171473 
0.941863 
0.897004 
0.944058 
0.779411 
0.556781 
0.819891 
0.912781 
0.113110 
0.033006 
0.724679 
0.678154 
0.739489 
0.595093 
0.726831 
0.840606 
0.059543 
0.746379 
0.398545 
0.342887 
0.905258 
0.676659 
0.599524 
0.202028 
0.488006 
0.924389 
0.213554 
0.201587 
0.070761 
0.274121 
0.159577 
0.005310 
0.240684 
0.179259 
0.800675 
0.941516 
0.054463 
0.354453 
0.294286 
0.060298 
0.421818 
0.501004 
0.366213 
0.944569 
0.371794 
0.737477 
0.768601 
0.885017 
0.476651 
0.068655 
0.879750 
0.958051 
0.960343 
0.492917 
0.453657 
0.609506 
0.969872 
0.636797 
0.644581 
0.472345 
0.706452 
0.330543 
0.440512 
0.690386 
0.319700 
0.202745 
0.534307 
0.098673 
0.391845 
0.732743 
0.205982 
0.939963 
0.950586 
0.504325 
0.192769 
0.876533 
0.897335 
0.504904 
0.929407 
0.539544 
0.122176 
0.419678 
0.526894 
0.503031 
0.435361 
0.115504 
0.278763 
0.175706 
0.083427 
0.155083 
0.477520 
0.681543 
0.687815 
0.101307 
0.674412 
0.848742 
0.814021 
0.259002 
0.043002 
0.731509 
0.464843 
0.623799 
0.194313 
0.812057 
0.238102 
0.780335 
0.090183 
0.707984 
0.087218 
0.879745 
0.872994 
0.407662 
0.574275 
0.844023 
0.495170 
0.321435 
0.355908 
0.742838 
0.879007 
0.464058 
0.429965 
0.423381 
0.759005 
0.590003 
0.181695 
0.752606 
0.047167 
0.727957 
0.771450 
0.764545 
0.702392 
0.104748 
0.506171 
0.208945 
0.734767 
0.235380 
0.030472 
0.138125 
0.458534 
0.582796 
0.052892 
0.958598 
0.163895 
0.591026 
0.377583 
0.029194 
0.659750 
0.414266 
0.560777 
0.976847 
0.862934 
0.331304 
0.228072 
0.203198 
0.144872 
0.863846 
0.652885 
0.045928 
0.919590 
0.545687 
0.358553 
0.205491 
0.679512 
0.550562 
0.288540 
0.489929 
0.237065 
0.358696 
0.606096 
0.659882 
0.637854 
0.419455 
0.782962 
0.245165 
0.494961 
0.817295 
0.284334 
0.793905 
0.162190 
0.925016 
0.738674 
0.902140 
0.264998 
0.813736 
0.457931 
0.449941 
0.157819 
0.458715 
0.627543 
0.119378 
0.386329 
0.035269 
0.758767 
0.602554 
0.125552 
0.152606 
0.850103 
0.680935 
0.474567 
0.050074 
0.596660 
0.058235 
0.757311 
0.118987 
0.806779 
0.532154 
0.920451 
0.023147 
0.036732 
0.354252 
0.911698 
0.902111 
0.779144 
0.079386 
0.235135 
0.908401 
0.500487 
0.691387 
0.144813 
0.876620 
0.344751 
0.234981 
0.333299 
0.753592 
0.627831 
0.950557 
0.005261 
0.422633 
0.191953 
0.154372 
0.536476 
0.558972 
0.645502 
0.955776 
0.725767 
0.964998 
0.726055 
0.811564 
0.948279 
0.718991 
0.087624 
0.691198 
0.972308 
0.587280 
0.415741 
0.358855 
0.273174 
0.238863 
0.575157 
0.670062 
0.734895 
0.375641 
0.406320 
0.014375 
0.592811 
0.373677 
0.383659 
0.155705 
0.940288 
0.420538 
0.974450 
0.575321 
0.416186 
0.845536 
0.926699 
0.023259 
0.915405 
0.211069 
0.435659 
0.114378 
0.357882 
0.918309 
0.012989 
0.310497 
0.526930 
0.112900 
0.517502 
0.660236 
0.590293 
0.062681 
0.478021 
0.106801 
0.010582 
0.853967 
0.631731 
0.500696 
0.195206 
0.823338 
0.845734 
0.256913 
0.930567 
0.047263 
0.346004 
0.288384 
0.875671 
0.406616 
0.001713 
0.785230 
0.354035 
0.262927 
0.012212 
0.243857 
0.508131 
0.157545 
0.851347 
0.594739 
0.777412 
0.970966 
0.028138 
0.923694 
0.531078 
0.824461 
0.717083 
0.011648 
0.774921 
0.095163 
0.412749 
0.064336 
0.300608 
0.312895 
0.818879 
0.899953 
0.505386 
0.028908 
0.864956 
0.314511 
0.982555 
0.808124 
0.146002 
0.861637 
0.532126 
0.449867 
0.919022 
0.999919 
0.639120 
0.683247 
0.324155 
0.080461 
0.301690 
0.500845 
0.693954 
0.287572 
0.223768 
0.860482 
0.124758 
0.803559 
0.421757 
0.463133 
0.877052 
0.611582 
0.860499 
0.408589 
0.152984 
0.204371 
0.868817 
0.213684 
0.385433 
0.980551 
0.116411 
0.516438 
0.776936 
0.955160 
0.367833 
0.174676 
0.772711 
0.956067 
0.623650 
0.680498 
0.137581 
0.319824 
0.275261 
0.319061 
0.455254 
0.450580 
0.890416 
0.226032 
0.918872 
0.473990 
0.344148 
0.087929 
0.828678 
0.585655 
0.100139 
0.039140 
0.822044 
0.089774 
0.830374 
0.098981 
0.568338 
0.061963 
0.411372 
0.934269 
0.258454 
0.832469 
0.301692 
0.540970 
0.088194 
0.276059 
0.722994 
0.358108 
0.728506 
0.001307 
0.961160 
0.215806 
0.047529 
0.826733 
0.908239 
0.767918 
0.404195 
0.302174 
0.641709 
0.196576 
0.854034 
0.752592 
0.816563 
0.967029 
0.860632 
0.638408 
0.715742 
0.472323 
0.336554 
0.460062 
0.266169 
0.509201 
0.141758 
0.534722 
0.064611 
0.915559 
0.805816 
0.342402 
0.747294 
0.763970 
0.035433 
0.522665 
0.435512 
0.656296 
0.363995 
0.665530 
0.555505 
0.374873 
0.482566 
0.480974 
0.723822 
0.282980 
0.049615 
0.880689 
0.742131 
0.003790 
0.705824 
0.784018 
0.984109 
0.915593 
0.371975 
0.785996 
0.236301 
0.514513 
0.417387 
0.030204 
0.643049 
0.729914 
0.665993 
0.349622 
0.095791 
0.955228 
0.515703 
0.427449 
0.138502 
0.794966 
0.996059 
0.767480 
0.030307 
0.371253 
0.641216 
0.922030 
0.554453 
0.691622 
0.084835 
0.813767 
0.976499 
0.012246 
0.810862 
0.157806 
0.251927 
0.136105 
0.515555 
0.932544 
0.259322 
0.419146 
0.589704 
0.162003 
0.782971 
0.394406 
0.789044 
0.455184 
0.283699 
0.132355 
0.494914 
0.018802 
0.009960 
0.405303 
0.923830 
0.814851 
0.208730 
0.128126 
0.413394 
0.918634 
0.480530 
0.266983 
0.183042 
0.388313 
0.373395 
0.642601 
0.194404 
0.348209 
0.343621 
0.237370 
0.479427 
0.728576 
0.177352 
0.749971 
0.760756 
0.026903 
0.161198 
0.248291 
0.021263 
0.368604 
0.135190 
0.139103 
0.903254 
0.994016 
0.422256 
0.863895 
0.486542 
0.319584 
0.242905 
0.499089 
0.191915 
0.519059 
0.824986 
0.541338 
0.262393 
0.042512 
0.494858 
0.071232 
0.203799 
0.246523 
0.317758 
0.554349 
0.944205 
0.248262 
0.546664 
0.785594 
0.472847 
0.136453 
0.365210 
0.089998 
0.589685 
0.828600 
0.273196 
0.607681 
0.293424 
0.570871 
0.622362 
0.031705 
0.857975 
0.991914 
0.092593 
0.216802 
0.786380 
0.691107 
0.436822 
0.662473 
0.185158 
0.954872 
0.537797 
0.760261 
0.703724 
0.485801 
0.855848 
0.237615 
0.599729 
0.638673 
0.177696 
0.533024 
0.531633 
0.155974 
0.458028 
0.082592 
0.124265 
0.529373 
0.172914 
0.160007 
0.243230 
0.965612 
0.048489 
0.946479 
0.475881 
0.137489 
0.780064 
0.530822 
0.527972 
0.628299 
0.824291 
0.860098 
0.668238 
0.074475 
0.699105 
0.863800 
0.889204 
0.851637 
0.463461 
0.383114 
0.997061 
0.606007 
0.159951 
0.289219 
0.903851 
0.026529 
0.871348 
0.747942 
0.669553 
0.182481 
0.958430 
0.333990 
0.368363 
0.071551 
0.562592 
0.485443 
0.837918 
0.886178 
0.999333 
0.792733 
0.465832 
0.245881 
0.514887 
0.709233 
0.072688 
0.674116 
0.871821 
0.698399 
0.989327 
0.627059 
0.988195 
0.595951 
0.152590 
0.580156 
0.679546 
0.135794 
0.289724 
0.389107 
0.717980 
0.094408 
0.717172 
0.515149 
0.104788 
0.166794 
0.313642 
0.380014 
0.893016 
0.912982 
0.483042 
0.494589 
0.553547 
0.462509 
0.385945 
0.574256 
0.526992 
0.162448 
0.261043 
0.356364 
0.407585 
0.280287 
0.780745 
0.978014 
0.484573 
0.219176 
0.687848 
0.663296 
0.008366 
0.600113 
0.104045 
0.676019 
0.845294 
0.864265 
0.703568 
0.860813 
0.687091 
0.945735 
0.969531 
0.908943 
0.609724 
0.627612 
0.269001 
0.103567 
0.656651 
0.335296 
0.314825 
0.259391 
0.583326 
0.967228 
0.209285 
0.448745 
0.053739 
0.186969 
0.388891 
0.089198 
0.152020 
0.997878 
0.336331 
0.714722 
0.331502 
0.559843 
0.286526 
0.642189 
0.270157 
0.526291 
0.380099 
0.330203 
0.723170 
0.310778 
0.252914 
0.732422 
0.813731 
0.376999 
0.217674 
0.443182 
0.557701 
0.281541 
0.862432 
0.897953 
0.895231 
0.154635 
0.943317 
0.330569 
0.867903 
0.837459 
0.170740 
0.627799 
0.420375 
0.240879 
0.451291 
0.856066 
0.903408 
0.584317 
0.615536 
0.312987 
0.379355 
0.824917 
0.383763 
0.902762 
0.726122 
0.929795 
0.067449 
0.607427 
0.018473 
0.474080 
0.860851 
0.322045 
0.606487 
0.229321 
0.194146 
0.015695 
0.786398 
0.998715 
0.398047 
0.974057 
0.969943 
0.838371 
0.509657 
0.801857 
0.802556 
0.551736 
0.025430 
0.403269 
0.740816 
0.900637 
0.999928 
0.789128 
0.868032 
0.011366 
0.027539 
0.851329 
0.291569 
0.398113 
0.087600 
0.297978 
0.119219 
0.709077 
0.457163 
0.534546 
0.106776 
0.576211 
0.375188 
0.780744 
0.959724 
0.080762 
0.369538 
0.822490 
0.586262 
0.300747 
0.656845 
0.597201 
0.160318 
0.467997 
0.619910 
0.827506 
0.894799 
0.892069 
0.005894 
0.060179 
0.432833 
0.619063 
0.585236 
0.058692 
0.438845 
0.668822 
0.896881 
0.884737 
0.767368 
0.150773 
0.045279 
0.000670 
0.258248 
0.371320 
0.767188 
0.132072 
0.736552 
0.227451 
0.774514 
0.252945 
0.238389 
0.600197 
0.505473 
0.490052 
0.312313 
0.050138 
0.668935 
0.787513 
0.731294 
0.856261 
0.180442 
0.692355 
0.409230 
0.920276 
0.078703 
0.758539 
0.764330 
0.100415 
0.679285 
0.735105 
0.906829 
0.072490 
0.335301 
0.404484 
0.156292 
0.797897 
0.263140 
0.590757 
0.845183 
0.996862 
0.261165 
0.408516 
0.931014 
0.551820 
0.431836 
0.875336 
0.772820 
0.787993 
0.805258 
0.973870 
0.832610 
0.679852 
0.270964 
0.099423 
0.998396 
0.039590 
0.391262 
0.940812 
0.228498 
0.363520 
0.672631 
0.906306 
0.282632 
0.193135 
0.022284 
0.523928 
0.651422 
0.449301 
0.405929 
0.450751 
0.769096 
0.192191 
0.157271 
0.248213 
0.723878 
0.217926 
0.685324 
0.248084 
0.545541 
0.910739 
0.789182 
0.780915 
0.842051 
0.343531 
0.720017 
0.327675 
0.235525 
0.465725 
0.436283 
0.610588 
0.157845 
0.906485 
0.299016 
0.566677 
0.136327 
0.247223 
0.070695 
0.166182 
0.012598 
0.737873 
0.434758 
0.985294 
0.843462 
0.070421 
0.570819 
0.758761 
0.494472 
0.588698 
0.243107 
0.891781 
0.165386 
0.648204 
0.363924 
0.474920 
0.974870 
0.648418 
0.955296 
0.666681 
0.900725 
0.479605 
0.717967 
0.877062 
0.781258 
0.599746 
0.931974 
0.687844 
0.598078 
0.903977 
0.140963 
0.172495 
0.126629 
0.258395 
0.841478 
0.723882 
0.283863 
0.891190 
0.222923 
0.672903 
0.474714 
0.520327 
0.131807 
0.277290 
0.415750 
0.507665 
0.332678 
0.318459 
0.348766 
0.706314 
0.024864 
0.881974 
0.340046 
0.156235 
0.843534 
0.282178 
0.566557 
0.130796 
0.294398 
0.940066 
0.693926 
0.809710 
0.789499 
0.110720 
0.865003 
0.101577 
0.211758 
0.012956 
0.755169 
0.131635 
0.381659 
0.538741 
0.628138 
0.122268 
0.964893 
0.953171 
0.951029 
0.941458 
0.080557 
0.923634 
0.523597 
0.096531 
0.399562 
0.438816 
0.181216 
0.698067 
0.406348 
0.488199 
0.153581 
0.231093 
0.979946 
0.949793 
0.167347 
0.595692 
0.802138 
0.538323 
0.593492 
0.828312 
0.432696 
0.327243 
0.980121 
0.885378 
0.544764 
0.840389 
0.421471 
0.668637 
0.775733 
0.746363 
0.120482 
0.936812 
0.003766 
0.296121 
0.912346 
0.801097 
0.039837 
0.539864 
0.491551 
0.497687 
0.625450 
0.929838 
0.791795 
0.692795 
0.802253 
0.461090 
0.534208 
0.432658 
0.679807 
0.516596 
0.435099 
0.712600 
0.670674 
0.022782 
0.902760 
0.692030 
0.951190 
0.650665 
0.727452 
0.284387 
0.687864 
0.934503 
0.187338 
0.591343 
0.707066 
0.659097 
0.437978 
0.101351 
0.402601 
0.519165 
0.600014 
0.443226 
0.305072 
0.351082 
0.637070 
0.233651 
0.969801 
0.443174 
0.421898 
0.837841 
0.598881 
0.400864 
0.318128 
0.774833 
0.625137 
0.670002 
0.716668 
0.046328 
0.642691 
0.714911 
0.509689 
0.345617 
0.785000 
0.498311 
0.119296 
0.005390 
0.587164 
0.466482 
0.162727 
0.944812 
0.461056 
0.968706 
0.038238 
0.661646 
0.292664 
0.805593 
0.597633 
0.414885 
0.973800 
0.661660 
0.522141 
0.625079 
0.701285 
0.495403 
0.241968 
0.763962 
0.917333 
0.617442 
0.351200 
0.625805 
0.906383 
0.571408 
0.652246 
0.306295 
0.899802 
0.965174 
