0.000000 
0.007975 
0.037006 
0.961823 
0.364484 
0.889815 
0.119411 
0.938464 
0.763146 
0.203038 
0.452061 
0.788617 
0.285283 
0.753688 
0.228981 
0.477406 
0.764497 
0.901222 
0.844452 
0.700548 
0.112240 
0.418208 
0.821394 
0.167199 
0.114788 
0.244061 
0.940424 
0.712224 
0.343423 
0.903345 
0.513216 
0.616926 
0.679802 
0.439601 
0.366339 
0.067440 
0.470676 
0.658701 
0.782285 
0.867096 
0.280105 
0.732624 
0.218742 
0.390948 
0.669596 
0.897428 
0.066915 
0.635778 
0.516564 
0.891456 
0.703222 
0.058179 
0.808669 
0.292148 
0.130070 
0.091014 
0.670837 
0.761213 
0.711756 
0.483056 
0.715050 
0.841501 
0.108830 
0.101511 
0.094567 
0.388312 
0.362242 
0.201253 
0.456820 
0.771771 
0.150308 
0.220530 
0.440849 
0.346354 
0.179973 
0.812594 
0.270296 
0.858573 
0.035579 
0.983033 
0.838433 
0.545829 
0.747318 
0.169188 
0.535952 
0.743827 
0.504743 
0.212780 
0.194826 
0.447579 
0.455086 
0.625581 
0.141946 
0.684538 
0.025903 
0.344741 
0.055210 
0.910305 
0.499342 
0.434300 
0.287113 
0.512751 
0.807799 
0.669407 
0.715930 
0.640657 
0.516252 
0.651436 
0.681776 
0.604388 
0.951241 
0.512614 
0.510211 
0.120941 
0.661494 
0.721428 
0.038365 
0.803105 
0.793794 
0.289457 
0.905380 
0.719153 
0.805323 
0.056593 
0.164835 
0.386940 
0.306165 
0.717348 
0.469110 
0.332931 
0.572788 
0.843485 
0.447801 
0.191426 
0.291792 
0.145183 
0.092119 
0.236112 
0.336130 
0.343169 
0.641597 
0.320674 
0.561594 
0.712915 
0.966442 
0.987894 
0.533261 
0.514347 
0.631756 
0.916808 
0.796326 
0.847109 
0.355948 
0.425391 
0.552586 
0.315418 
0.225270 
0.119690 
0.627563 
0.445072 
0.331383 
0.550752 
0.484007 
0.711139 
0.112091 
0.914310 
0.805295 
0.600864 
0.719432 
0.489029 
0.108983 
0.681114 
0.475690 
0.924929 
0.280324 
0.413773 
0.280470 
0.865453 
0.676446 
0.033079 
0.958123 
0.165103 
0.893872 
0.314534 
0.376214 
0.027330 
0.338103 
0.504623 
0.191401 
0.877980 
0.216173 
0.216313 
0.569037 
0.801219 
0.095151 
0.204559 
0.027634 
0.443432 
0.760735 
0.677597 
0.366637 
0.071550 
0.548575 
0.901264 
0.548786 
0.443792 
0.813211 
0.636830 
0.208925 
0.399173 
0.895024 
0.674256 
0.220468 
0.399394 
0.612886 
0.779749 
0.239539 
0.934013 
0.959648 
0.808500 
0.455159 
0.865708 
0.962166 
0.125866 
0.432557 
0.977345 
0.233079 
0.364967 
0.008053 
0.346287 
0.049940 
0.334440 
0.929035 
0.283325 
0.839704 
0.904038 
0.160387 
0.627090 
0.497872 
0.731328 
0.437987 
0.252697 
0.080348 
0.414885 
0.976266 
0.096063 
0.537818 
0.099870 
0.522965 
0.467547 
0.061023 
0.606348 
0.895701 
0.045704 
0.154355 
0.241962 
0.660467 
0.461623 
0.492662 
0.161856 
0.311858 
0.390103 
0.453403 
0.345231 
0.290624 
0.520946 
0.533701 
0.915369 
0.604189 
0.600953 
0.210879 
0.250702 
0.548418 
0.260804 
0.329822 
0.320190 
0.431703 
0.626272 
0.758641 
0.486554 
0.516847 
0.652855 
0.531235 
0.468490 
0.917278 
0.691277 
0.300889 
0.047582 
0.708421 
0.429300 
0.241096 
0.093457 
0.728072 
0.707804 
0.054860 
0.037578 
0.568488 
0.579448 
0.777071 
0.231443 
0.870439 
0.471425 
0.246281 
0.241534 
0.465075 
0.513035 
0.582752 
0.320868 
0.834660 
0.131295 
0.668237 
0.059566 
0.119619 
0.435661 
0.160703 
0.930050 
0.346211 
0.763120 
0.759775 
0.546354 
0.569984 
0.717761 
0.415662 
0.037545 
0.011478 
0.903528 
0.590685 
0.642904 
0.293385 
0.927175 
0.033900 
0.760770 
0.260575 
0.484938 
0.356395 
0.938252 
0.200012 
0.599616 
0.750209 
0.767106 
0.746805 
0.548051 
0.085423 
0.701163 
0.451923 
0.462409 
0.703127 
0.450588 
0.026219 
0.669732 
0.182422 
0.971079 
0.921251 
0.467731 
0.146858 
0.246222 
0.251373 
0.830270 
0.350092 
0.002662 
0.741060 
0.994243 
0.234630 
0.419718 
0.195485 
0.513196 
0.286826 
0.678974 
0.518321 
0.421075 
0.010901 
0.210115 
0.410878 
0.626257 
0.503290 
0.803140 
0.382000 
0.275001 
0.934580 
0.487118 
0.992585 
0.372160 
0.897056 
0.822466 
0.186139 
0.431328 
0.334748 
0.109207 
0.435306 
0.179596 
0.463906 
0.868856 
0.866051 
0.717764 
0.462182 
0.898157 
0.329513 
0.119912 
0.359144 
0.136308 
0.926584 
0.099052 
0.771736 
0.575343 
0.796924 
0.895854 
0.614413 
0.434877 
0.975971 
0.137565 
0.062148 
0.525125 
0.769433 
0.858310 
0.622055 
0.878166 
0.329088 
0.976933 
0.319124 
0.515242 
0.665530 
0.564044 
0.882599 
0.847972 
0.868268 
0.972878 
0.167453 
0.375291 
0.522095 
0.854510 
0.753740 
0.106591 
0.467280 
0.567301 
0.633766 
0.698619 
0.688907 
0.460279 
0.913234 
0.723862 
0.955085 
0.120247 
0.998943 
0.239511 
0.455838 
0.263868 
0.834524 
0.849399 
0.853037 
0.993800 
0.793905 
0.156085 
0.325541 
0.366523 
0.155037 
0.706552 
0.025570 
0.763131 
0.935462 
0.306622 
0.398256 
0.495923 
0.974608 
0.233359 
0.069022 
0.058692 
0.436403 
0.629032 
0.148021 
0.785895 
0.543990 
0.835507 
0.367359 
0.194878 
0.317769 
0.747136 
0.114540 
0.074164 
0.475364 
0.440953 
0.094484 
0.986484 
0.839781 
0.198363 
0.879790 
0.635274 
0.056689 
0.777052 
0.908222 
0.491327 
0.727224 
0.454483 
0.487396 
0.669639 
0.617430 
0.148811 
0.058604 
0.952751 
0.878996 
0.291487 
0.021737 
0.326026 
0.523596 
0.072418 
0.131637 
0.418818 
0.080160 
0.242208 
0.793095 
0.543736 
0.571388 
0.318867 
0.191133 
0.379892 
0.845504 
0.391461 
0.285466 
0.823025 
0.587197 
0.017059 
0.714585 
0.023623 
0.039187 
0.611091 
0.598037 
0.203353 
0.746631 
0.628447 
0.308169 
0.402534 
0.396159 
0.242794 
0.635545 
0.597643 
0.580186 
0.183424 
0.801670 
0.671577 
0.201900 
0.338259 
0.124742 
0.543653 
0.183350 
0.565988 
0.564821 
0.944395 
0.444880 
0.103929 
0.734602 
0.450030 
0.652436 
0.493193 
0.087133 
0.452372 
0.011192 
0.109000 
0.963215 
0.755264 
0.718767 
0.324330 
0.008845 
0.664342 
0.588645 
0.355166 
0.272027 
0.963557 
0.497487 
0.257004 
0.460435 
0.527938 
0.051965 
0.381572 
0.084172 
0.672523 
0.095112 
0.544624 
0.498262 
0.291454 
0.464311 
0.678604 
0.290128 
0.175422 
0.317919 
0.269731 
0.374414 
0.781614 
0.585885 
0.976916 
0.019421 
0.407182 
0.515322 
0.015892 
0.094010 
0.024891 
0.341734 
0.527411 
0.190887 
0.245534 
0.693540 
0.323958 
0.766776 
0.202190 
0.207427 
0.228098 
0.639252 
0.904276 
0.169977 
0.803636 
0.705328 
0.449615 
0.683524 
0.985118 
0.884038 
0.028902 
0.752311 
0.091126 
0.555153 
0.456776 
0.027154 
0.382068 
0.418965 
0.549997 
0.805853 
0.965068 
0.893718 
0.723403 
0.239929 
0.484074 
0.828377 
0.525962 
0.840869 
0.487578 
0.722306 
0.800158 
0.249127 
0.083910 
0.280936 
0.690664 
0.996997 
0.525686 
0.209826 
0.552964 
0.674241 
0.968145 
0.621104 
0.897299 
0.899496 
0.823805 
0.689846 
0.241222 
0.210028 
0.939035 
0.366743 
0.855188 
0.142031 
0.109798 
0.372501 
0.629966 
0.830734 
0.151910 
0.156764 
0.729359 
0.340702 
0.181218 
0.731078 
0.232738 
0.631448 
0.739837 
0.443300 
0.549794 
0.383984 
0.618722 
0.867932 
0.336773 
0.150086 
0.491750 
0.840141 
0.257859 
0.828420 
0.255536 
0.793480 
0.015713 
0.087604 
0.362029 
0.624477 
0.583034 
0.049842 
0.701617 
0.068756 
0.589350 
0.204031 
0.142529 
0.486384 
0.661764 
0.273127 
0.442882 
0.524414 
0.830768 
0.723227 
0.283760 
0.162274 
0.341682 
0.656782 
0.532721 
0.442677 
0.076914 
0.698167 
0.090011 
0.817948 
0.259729 
0.258023 
0.597429 
0.982670 
0.734499 
0.725638 
0.800037 
0.216948 
0.244917 
0.314185 
0.514709 
0.721665 
0.021283 
0.698869 
0.898312 
0.928094 
0.480171 
0.238667 
0.280960 
0.099655 
0.898730 
0.948614 
0.348420 
0.903257 
0.043400 
0.425700 
0.733478 
0.568875 
0.080852 
0.875370 
0.350617 
0.828279 
0.879380 
0.737159 
0.439447 
0.779701 
0.433846 
0.644875 
0.414150 
0.612019 
0.199137 
0.893313 
0.907105 
0.718723 
0.584761 
0.082479 
0.228210 
0.527129 
0.449532 
0.285797 
0.388458 
0.818337 
0.784541 
0.785847 
0.732121 
0.763054 
0.649261 
0.123443 
0.708396 
0.015942 
0.941277 
0.042760 
0.662704 
0.073392 
0.506475 
0.329128 
0.649602 
0.860477 
0.037079 
0.185719 
0.375332 
0.205705 
0.285691 
0.611818 
0.819664 
0.087166 
0.995350 
0.839858 
0.495043 
0.192068 
0.080661 
0.669197 
0.185713 
0.285172 
0.890386 
0.712380 
0.962298 
0.341089 
0.677339 
0.041371 
0.318320 
0.000448 
0.529906 
0.136728 
0.992590 
0.464926 
0.014459 
0.012350 
0.566152 
0.321393 
0.657984 
0.729043 
0.018795 
0.879894 
0.378802 
0.518981 
0.508309 
0.150012 
0.245408 
0.578917 
0.865904 
0.253561 
0.605745 
0.762016 
0.207625 
0.560308 
0.088696 
0.715491 
0.260696 
0.512007 
0.301213 
0.494727 
0.877431 
0.977942 
0.274264 
0.557928 
0.102797 
0.713644 
0.218936 
0.656744 
0.889370 
0.641879 
0.052614 
0.281372 
0.024794 
0.715955 
0.051142 
0.541703 
0.394980 
0.422545 
0.713223 
0.141605 
0.955690 
0.285746 
0.538131 
0.369193 
0.021890 
0.907664 
0.104544 
0.066419 
0.298754 
0.150820 
0.833199 
0.567491 
0.824060 
0.973351 
0.108815 
0.848156 
0.953289 
0.932822 
0.940171 
0.460243 
0.310040 
0.843455 
0.941693 
0.037280 
0.562421 
0.617102 
0.633177 
0.802410 
0.101934 
0.198523 
0.580921 
0.535172 
0.632749 
0.614383 
0.930405 
0.313222 
0.329707 
0.391945 
0.414536 
0.098201 
0.456438 
0.360135 
0.790438 
0.894401 
0.200023 
0.778613 
0.150962 
0.216430 
0.533972 
0.467537 
0.900973 
0.658581 
0.766862 
0.650507 
0.064350 
0.526602 
0.598065 
0.678163 
0.881162 
0.692134 
0.694373 
0.325294 
0.212075 
0.345570 
0.000188 
0.151992 
0.528797 
0.487461 
0.754131 
0.677195 
0.622702 
0.748734 
0.976072 
0.834487 
0.216911 
0.626688 
0.749687 
0.983493 
0.571794 
0.138898 
0.455864 
0.702943 
0.367515 
0.819185 
0.042738 
0.301353 
0.842176 
0.453144 
0.993887 
0.253483 
0.295885 
0.940104 
0.322876 
0.580978 
0.500007 
0.611271 
0.638503 
0.318668 
0.858251 
0.618198 
0.052232 
0.856831 
0.759112 
0.396650 
0.496248 
0.440787 
0.302270 
0.249808 
0.528981 
0.590796 
0.512499 
0.566368 
0.948962 
0.212015 
0.329512 
0.106842 
0.691038 
0.275420 
0.980864 
0.377766 
0.109895 
0.010834 
0.092846 
0.470856 
0.677277 
0.986407 
0.550629 
0.425437 
0.326724 
0.244194 
0.170110 
0.038839 
0.766084 
0.574029 
0.702551 
0.775356 
0.408694 
0.924248 
0.836584 
0.465337 
0.911541 
0.266605 
0.823601 
0.253952 
0.179160 
0.139504 
0.651369 
0.558011 
0.488002 
0.849843 
0.316122 
0.060893 
0.428254 
0.666185 
0.573327 
0.905340 
0.054256 
0.880993 
0.850841 
0.084228 
0.613519 
0.409531 
0.994933 
0.838224 
0.027477 
0.803120 
0.040989 
0.910496 
0.699481 
0.183570 
0.258516 
0.882494 
0.069038 
0.329023 
0.883143 
0.992466 
0.382228 
0.099043 
0.613245 
0.803596 
0.033544 
0.772032 
0.545088 
0.292395 
0.275448 
0.448184 
0.630634 
0.059289 
0.468862 
0.157360 
0.742831 
0.758355 
0.677516 
0.018318 
0.872947 
0.619273 
0.115187 
0.941892 
0.374131 
0.013774 
0.502273 
0.703424 
0.441753 
0.540616 
0.141092 
0.341605 
0.350764 
0.295862 
0.560141 
0.294800 
0.698191 
0.494752 
0.294662 
0.388966 
0.349596 
0.655111 
0.456991 
0.646827 
0.214471 
0.613665 
0.860062 
0.054854 
0.931867 
0.887584 
0.618361 
0.789739 
0.144368 
0.388709 
0.039794 
0.820550 
0.984981 
0.568129 
0.550475 
0.825815 
0.471938 
0.869163 
0.024990 
0.007726 
0.844835 
0.140218 
0.640467 
0.322601 
0.946993 
0.107185 
0.455605 
0.354041 
0.370164 
0.342985 
0.547982 
0.932239 
0.134232 
0.030118 
0.200070 
0.581763 
0.690319 
0.190199 
0.669160 
0.574208 
0.711633 
0.424141 
0.542972 
0.726970 
0.184024 
0.893296 
0.625583 
0.172946 
0.705717 
0.978584 
0.057913 
0.346237 
0.207642 
0.843066 
0.417444 
0.980177 
0.831312 
0.859527 
0.077656 
0.169666 
0.580786 
0.277789 
0.793902 
0.104486 
0.096904 
0.660634 
0.274717 
0.172156 
0.427655 
0.597976 
0.180383 
0.705418 
0.967993 
0.066726 
0.462467 
0.678832 
0.135098 
0.586132 
0.123029 
0.741143 
0.393879 
0.926510 
0.853118 
0.350477 
0.474866 
0.071872 
0.949959 
0.968827 
0.073109 
0.749639 
0.187645 
0.757193 
0.144894 
0.241249 
0.668105 
0.845775 
0.946251 
0.647409 
0.008436 
0.790974 
0.893888 
0.581844 
0.049368 
0.727110 
0.533359 
0.169616 
0.742410 
0.686847 
0.840577 
0.585054 
0.004898 
0.314676 
0.761339 
0.825956 
0.838069 
0.425577 
0.670839 
0.784810 
0.298187 
0.633102 
0.545198 
0.134722 
0.270777 
0.941029 
0.871688 
0.466976 
0.461323 
0.460016 
0.497182 
0.132289 
0.385221 
0.407359 
0.486932 
0.861747 
0.390005 
0.810781 
0.799642 
0.578786 
0.655307 
0.747611 
0.104465 
0.739004 
0.437582 
0.443333 
0.101623 
0.981888 
0.594385 
0.830084 
0.221916 
0.743355 
0.560595 
0.912463 
0.768138 
0.089820 
0.603518 
0.322458 
0.551302 
0.732545 
0.888455 
0.255409 
0.654956 
0.841254 
0.955736 
0.048082 
0.107923 
0.861206 
0.296640 
0.633191 
0.043047 
0.494306 
0.795365 
0.696527 
0.529421 
0.970851 
0.095197 
0.983854 
0.639813 
0.332179 
0.930321 
0.909727 
0.789697 
0.445121 
0.145028 
0.482283 
0.724513 
0.896154 
0.659627 
0.349239 
0.657686 
0.734559 
0.732375 
0.031877 
0.751963 
0.245986 
0.295003 
0.110684 
0.258827 
0.105272 
0.312738 
0.184288 
0.334330 
0.085776 
0.634999 
0.429826 
0.083617 
0.353399 
0.578485 
0.596906 
0.192076 
0.227781 
0.316538 
0.054560 
0.990352 
0.848915 
0.707164 
0.306994 
0.640036 
0.091176 
0.398429 
0.390372 
0.989410 
0.016483 
0.023262 
0.964406 
0.769161 
0.280581 
0.722854 
0.013555 
0.821774 
0.559331 
0.682490 
0.601727 
0.225122 
0.624009 
0.726142 
0.264325 
0.518665 
0.201318 
0.559712 
0.076876 
0.052311 
0.197120 
0.999945 
0.074892 
0.707290 
0.428495 
0.719806 
0.781469 
0.148339 
0.138185 
0.475007 
0.447644 
0.560928 
0.520432 
0.907156 
0.572228 
0.438247 
0.620891 
0.318347 
0.458205 
0.043597 
0.736418 
0.980156 
0.487875 
0.718308 
0.604908 
0.684577 
0.688874 
0.910774 
0.382053 
0.162980 
0.212023 
0.466974 
0.436553 
0.142917 
0.006337 
0.504622 
0.176914 
0.401535 
0.590721 
0.254919 
0.416880 
0.507766 
0.015566 
0.625968 
0.649987 
0.326882 
0.898390 
0.237892 
0.249782 
0.078574 
0.591089 
0.426206 
0.251276 
0.194449 
0.110841 
0.911849 
0.442386 
0.182882 
0.699258 
0.436304 
0.965553 
0.054227 
0.385873 
0.375750 
0.224730 
0.030223 
0.955791 
0.979928 
0.654668 
0.008894 
0.474598 
0.564314 
0.418567 
0.861535 
0.822879 
0.123088 
0.739076 
0.645707 
0.405538 
0.872789 
0.968153 
0.741755 
0.683841 
0.311143 
0.374239 
0.829578 
0.716038 
0.449831 
0.317511 
0.400136 
0.080872 
0.210057 
0.432590 
0.534277 
0.593621 
0.995300 
0.010091 
0.595669 
0.404598 
0.076374 
0.621152 
0.694861 
0.520872 
0.295374 
0.348840 
0.952084 
0.683829 
0.114740 
0.433445 
0.914017 
0.890977 
0.656009 
0.536730 
0.815492 
0.970802 
0.266753 
0.314366 
0.549642 
0.839764 
0.919939 
0.422977 
0.975937 
0.578246 
0.582581 
0.435169 
0.879105 
0.114921 
0.484845 
0.787623 
0.583232 
0.379994 
0.556623 
0.155772 
0.055084 
0.794618 
0.152148 
0.158762 
0.314251 
0.610996 
0.008877 
0.192395 
0.574749 
0.801860 
0.855078 
0.301832 
0.892747 
0.404304 
0.141747 
0.335736 
0.716347 
0.650243 
0.626211 
0.735391 
0.709981 
0.654602 
0.900007 
0.411547 
0.868633 
0.115976 
0.202735 
0.371605 
0.559595 
0.112802 
0.855150 
0.507883 
0.997438 
0.940060 
0.585726 
0.299789 
0.545920 
0.272646 
0.357946 
0.990826 
0.819939 
0.708246 
0.482359 
0.002348 
0.465437 
0.607398 
0.532228 
0.162840 
0.857788 
0.847999 
0.310794 
0.514033 
0.359185 
0.829701 
0.780000 
0.463783 
0.797475 
0.154276 
0.923955 
0.907717 
0.991733 
0.058545 
0.962472 
0.271125 
0.794464 
0.561894 
0.754709 
0.398790 
0.470084 
0.700147 
0.365291 
0.453343 
0.340841 
0.520121 
0.667527 
0.127671 
0.764723 
0.695971 
0.177175 
0.786305 
0.425755 
0.670310 
0.905191 
0.549129 
0.213462 
0.654470 
0.680801 
0.214030 
0.201498 
0.577818 
0.388731 
0.399525 
0.823444 
0.628010 
0.962793 
0.663775 
0.065855 
0.830678 
0.207009 
0.204988 
0.231995 
0.134325 
0.594344 
0.131635 
0.395089 
0.257586 
0.246871 
0.165895 
0.193472 
0.687135 
0.679590 
0.873312 
0.753190 
0.856644 
0.613162 
0.415026 
0.336096 
0.764558 
0.921382 
0.663598 
0.098691 
0.698286 
0.094837 
0.932373 
0.385878 
0.451767 
0.851266 
0.224717 
0.824522 
0.748105 
0.405245 
0.953251 
0.287593 
0.570303 
0.090666 
0.817214 
0.914101 
0.289495 
0.537985 
0.918569 
0.383516 
0.746757 
0.740635 
0.857971 
0.922494 
0.352413 
0.997594 
0.559710 
0.045711 
0.268839 
0.376727 
0.655120 
0.595752 
0.811810 
0.096833 
0.480504 
0.823181 
0.201228 
0.032912 
0.159014 
0.543636 
0.894784 
0.636202 
0.640986 
0.055381 
0.784070 
0.859770 
0.152557 
0.029054 
0.314656 
0.431426 
0.982034 
0.051317 
0.487916 
0.400713 
0.779269 
0.179435 
0.769827 
0.484506 
0.090386 
0.124202 
0.463281 
0.358488 
0.114229 
0.839560 
0.478067 
0.866045 
0.622948 
0.881879 
0.739679 
0.783164 
0.644831 
0.668602 
0.190782 
0.480539 
0.423096 
0.967302 
0.447675 
0.067576 
0.750686 
0.773294 
0.747168 
0.658128 
0.162777 
0.798622 
0.444516 
0.975725 
0.015730 
0.370645 
0.426137 
0.090954 
0.665055 
0.576983 
0.360590 
0.437302 
0.731835 
0.958548 
0.311111 
0.839017 
0.354860 
0.134869 
0.743260 
0.964446 
0.438260 
0.840703 
0.688665 
0.389284 
0.691202 
0.037048 
0.667864 
0.782966 
0.312746 
0.323762 
0.469253 
0.728223 
0.239000 
0.874764 
0.155277 
0.735505 
0.626604 
0.338154 
0.354175 
0.618304 
0.835705 
0.687993 
0.099934 
0.588713 
0.494310 
0.860167 
0.829413 
0.941488 
0.593943 
0.407923 
0.965917 
0.169235 
0.332035 
0.504562 
0.166906 
0.186899 
0.212682 
0.538094 
0.739358 
0.386852 
0.813755 
0.776527 
0.090221 
0.339275 
0.188286 
0.516244 
0.509935 
0.478566 
0.260163 
0.556856 
0.080962 
0.728122 
0.554280 
0.787413 
0.042410 
0.790807 
0.085544 
0.745787 
0.435999 
0.841622 
0.132791 
0.825827 
0.675729 
0.981629 
0.231975 
0.798511 
0.570930 
0.618471 
0.635228 
0.280963 
0.146104 
0.575502 
0.466201 
0.436953 
0.876811 
0.566171 
0.635497 
0.795573 
0.193044 
0.483189 
0.960200 
0.086786 
0.607608 
0.064856 
0.031963 
0.210094 
0.051295 
0.122581 
0.216762 
0.122829 
0.391277 
0.195185 
0.469688 
0.047702 
0.719219 
0.907056 
0.894106 
0.237251 
0.483311 
0.015710 
0.039926 
0.033824 
0.476854 
0.486430 
0.431832 
0.802253 
0.472954 
0.945495 
0.930326 
0.993407 
0.191728 
0.377226 
0.032238 
0.829585 
0.836134 
0.897191 
0.081180 
0.386410 
0.394130 
0.138771 
0.332225 
0.713357 
0.396969 
0.857788 
0.849470 
0.039898 
0.567834 
0.585410 
0.989941 
0.944327 
0.308171 
0.424041 
0.862001 
0.646219 
0.006107 
0.642011 
0.280030 
0.462029 
0.321912 
0.378101 
0.737978 
0.201968 
0.480933 
0.036425 
0.187510 
0.478561 
0.180952 
0.262902 
0.599496 
0.730137 
0.417070 
0.701488 
0.903850 
0.001007 
0.926621 
0.718987 
0.011473 
0.828520 
0.932523 
0.921496 
0.590521 
0.885972 
0.529058 
0.885168 
0.021129 
0.108185 
0.259681 
0.454341 
0.113502 
0.627739 
0.411102 
0.390796 
0.100152 
0.252354 
0.306006 
0.045566 
0.835918 
0.276830 
0.673451 
0.698442 
0.722854 
0.006253 
0.097018 
0.579566 
0.761916 
0.529894 
0.936201 
0.731382 
0.345361 
0.480779 
0.450193 
0.393880 
0.944237 
0.786208 
0.796532 
0.317415 
0.789665 
0.892517 
0.524883 
0.701693 
0.355999 
0.267055 
0.389399 
0.622977 
0.377758 
0.973936 
0.936379 
0.717189 
0.800764 
0.444828 
0.227423 
0.291556 
0.187576 
0.589561 
0.759206 
0.972020 
0.737623 
0.236091 
0.987325 
0.967027 
0.823597 
0.201594 
0.191357 
0.139899 
0.281986 
0.345193 
0.651045 
0.121361 
0.711166 
0.567938 
0.332780 
0.037287 
0.677798 
0.747175 
0.766837 
0.222655 
0.156548 
0.094848 
0.112653 
0.358828 
0.820364 
0.857055 
0.518031 
0.549379 
0.420840 
0.053998 
0.545959 
0.938451 
0.540658 
0.846796 
0.103962 
0.282667 
0.778258 
0.181939 
0.844631 
0.711235 
0.726272 
0.451577 
0.647393 
0.731923 
0.429381 
0.602250 
0.014033 
0.850103 
0.680098 
0.400024 
0.200305 
0.521096 
0.052141 
0.328678 
0.085213 
0.168254 
0.847439 
0.908311 
0.988425 
0.459180 
0.440960 
0.212482 
0.181716 
0.101224 
0.266402 
0.411429 
0.882927 
0.348368 
0.020388 
0.660133 
0.856119 
0.788046 
0.695124 
0.951920 
0.913349 
0.658502 
0.438625 
0.977867 
0.018304 
0.636763 
0.071902 
0.457773 
0.798211 
0.524440 
0.263449 
0.789845 
0.923998 
0.634818 
0.378403 
0.815398 
0.394328 
0.478549 
0.978711 
0.194919 
0.002365 
0.752078 
0.178888 
0.577154 
0.223922 
0.457859 
0.228198 
0.319863 
0.934289 
0.590049 
0.957015 
0.543588 
0.088410 
0.903276 
0.357824 
0.956338 
0.177297 
0.837925 
0.004615 
0.560681 
0.368074 
0.218279 
0.612484 
0.024254 
0.635410 
0.332449 
0.466626 
0.579415 
0.235337 
0.317286 
0.625642 
0.167944 
0.630874 
0.105616 
0.083785 
0.176198 
0.364837 
0.813304 
0.204358 
0.649436 
0.077944 
0.012647 
0.558703 
0.117979 
0.871486 
0.069298 
0.698281 
0.010281 
0.798109 
0.825977 
0.195742 
0.834033 
0.589668 
0.554489 
0.293704 
0.286876 
0.531203 
0.931147 
0.795820 
0.341066 
0.300132 
0.314596 
0.408606 
0.440040 
0.747365 
0.960825 
0.583223 
0.222167 
0.965587 
0.618844 
0.916524 
0.010509 
0.621197 
0.457031 
0.328370 
0.919676 
0.991937 
0.489500 
0.024190 
0.554690 
0.673897 
0.194500 
0.958649 
0.005825 
0.900124 
0.375723 
0.775786 
0.628082 
0.167694 
0.432411 
0.527629 
0.853088 
0.854278 
0.847560 
0.938839 
0.072945 
0.993208 
0.841737 
0.073927 
0.485731 
0.685767 
0.680599 
0.826034 
0.150700 
0.811866 
0.039872 
0.126286 
0.486479 
0.248874 
0.821184 
0.646170 
0.184667 
0.698843 
0.456623 
0.461483 
0.138208 
0.859822 
0.029150 
0.919015 
0.888769 
0.539452 
0.576461 
0.574982 
0.720155 
