0.000001 
0.015441 
0.524056 
0.809301 
0.916710 
0.149759 
0.006475 
0.819028 
0.400086 
0.251809 
0.149084 
0.649599 
0.808502 
0.494628 
0.210774 
0.479806 
0.098481 
0.177735 
0.188521 
0.479079 
0.879735 
0.699828 
0.002561 
0.050916 
0.751204 
0.487275 
0.630478 
0.446729 
0.182113 
0.766731 
0.449043 
0.062999 
0.816732 
0.819756 
0.647486 
0.289558 
0.606128 
0.195894 
0.397889 
0.316762 
0.813197 
0.407721 
0.571715 
0.808971 
0.371062 
0.446148 
0.409247 
0.215299 
0.527165 
0.056764 
0.039703 
0.294197 
0.564772 
0.128958 
0.391196 
0.829804 
0.518706 
0.898797 
0.075853 
0.867585 
0.493418 
0.880551 
0.423671 
0.644044 
0.451993 
0.644887 
0.615999 
0.103113 
0.016002 
0.938865 
0.506925 
0.895098 
0.912458 
0.682392 
0.961813 
0.191608 
0.351613 
0.553449 
0.815700 
0.467639 
0.613571 
0.283533 
0.345886 
0.306975 
0.322309 
0.051591 
0.089164 
0.570967 
0.237873 
0.930395 
0.152978 
0.093495 
0.372973 
0.553084 
0.689015 
0.267098 
0.121618 
0.035360 
0.300492 
0.362978 
0.573577 
0.100744 
0.200968 
0.670009 
0.840560 
0.289515 
0.874942 
0.146499 
0.215057 
0.469537 
0.501275 
0.926779 
0.381400 
0.193933 
0.425051 
0.827652 
0.344155 
0.221322 
0.758739 
0.122766 
0.332988 
0.523934 
0.762416 
0.918213 
0.400608 
0.026922 
0.474057 
0.471372 
0.344018 
0.907628 
0.505506 
0.032576 
0.511787 
0.611073 
0.296080 
0.212410 
0.982090 
0.989057 
0.082616 
0.519208 
0.320776 
0.284288 
0.021615 
0.276331 
0.303032 
0.060957 
0.496687 
0.810409 
0.545097 
0.445400 
0.839206 
0.532233 
0.240713 
0.658780 
0.120954 
0.879607 
0.548046 
0.003089 
0.923632 
0.483933 
0.463021 
0.991789 
0.999947 
0.116857 
0.012910 
0.984233 
0.001813 
0.479396 
0.207496 
0.391417 
0.547619 
0.834973 
0.384236 
0.858572 
0.017743 
0.208414 
0.813904 
0.282178 
0.570784 
0.161202 
0.321272 
0.611138 
0.388234 
0.047670 
0.193592 
0.697667 
0.685062 
0.835741 
0.302880 
0.497797 
0.476456 
0.800574 
0.250942 
0.576846 
0.048806 
0.279289 
0.009344 
0.047980 
0.393455 
0.798722 
0.127944 
0.359342 
0.453718 
0.638071 
0.060603 
0.555056 
0.820869 
0.340988 
0.979596 
0.075140 
0.878197 
0.861930 
0.464164 
0.196275 
0.792173 
0.057355 
0.962326 
0.821205 
0.994491 
0.405466 
0.669313 
0.139394 
0.800151 
0.135755 
0.627511 
0.582239 
0.684853 
0.330796 
0.682913 
0.721516 
0.518676 
0.386506 
0.006855 
0.210010 
0.631733 
0.535492 
0.012212 
0.244601 
0.004221 
0.940050 
0.423110 
0.207626 
0.578535 
0.440205 
0.520287 
0.456853 
0.326903 
0.257158 
0.061638 
0.953356 
0.059271 
0.174019 
0.734267 
0.823528 
0.031935 
0.737381 
0.168892 
0.561120 
0.748794 
0.981690 
0.256423 
0.700365 
0.040789 
0.544789 
0.268304 
0.381576 
0.145233 
0.930346 
0.327836 
0.932953 
0.148248 
0.611026 
0.506407 
0.181125 
0.160686 
0.649396 
0.401128 
0.756266 
0.566045 
0.513220 
0.693562 
0.697824 
0.326915 
0.468431 
0.924229 
0.519029 
0.319583 
0.225593 
0.537502 
0.792943 
0.984967 
0.343857 
0.203618 
0.199702 
0.393758 
0.891208 
0.530547 
0.897203 
0.297508 
0.222412 
0.080841 
0.687068 
0.551435 
0.964227 
0.757206 
0.357427 
0.281424 
0.886235 
0.948758 
0.773351 
0.703073 
0.552034 
0.041225 
0.867085 
0.102126 
0.431784 
0.998110 
0.228298 
0.009850 
0.546571 
0.225297 
0.573251 
0.636999 
0.040310 
0.482478 
0.010461 
0.825733 
0.087782 
0.359028 
0.178917 
0.062694 
0.696761 
0.456442 
0.423732 
0.666505 
0.943249 
0.190995 
0.045184 
0.413310 
0.500981 
0.988661 
0.430131 
0.215446 
0.996462 
0.544301 
0.074909 
0.997320 
0.955848 
0.941836 
0.438058 
0.436623 
0.327712 
0.854395 
0.816322 
0.927136 
0.369770 
0.727144 
0.104144 
0.352043 
0.794163 
0.499618 
0.087969 
0.497472 
0.015803 
0.597342 
0.527513 
0.913550 
0.028082 
0.981008 
0.804496 
0.163403 
0.308693 
0.197902 
0.140928 
0.571140 
0.157602 
0.812253 
0.541292 
0.487661 
0.116863 
0.124013 
0.294673 
0.574967 
0.476669 
0.371199 
0.736026 
0.392991 
0.998493 
0.676014 
0.758923 
0.213235 
0.843232 
0.197957 
0.067859 
0.512155 
0.785147 
0.957928 
0.894589 
0.356812 
0.940074 
0.824485 
0.123091 
0.797484 
0.312220 
0.488057 
0.778724 
0.010045 
0.834163 
0.777812 
0.678525 
0.963315 
0.442660 
0.792042 
0.854216 
0.811889 
0.411797 
0.065054 
0.362600 
0.220443 
0.985841 
0.024623 
0.838919 
0.707918 
0.980421 
0.937284 
0.923934 
0.564655 
0.164328 
0.854852 
0.492590 
0.952040 
0.937491 
0.408187 
0.398710 
0.120137 
0.141683 
0.270082 
0.268038 
0.918362 
0.906948 
0.082810 
0.789252 
0.965569 
0.322428 
0.054335 
0.214536 
0.706100 
0.430682 
0.468147 
0.151881 
0.669651 
0.817425 
0.465449 
0.797007 
0.298222 
0.212981 
0.574534 
0.199859 
0.035001 
0.263950 
0.214681 
0.143725 
0.584790 
0.568614 
0.697921 
0.951717 
0.502477 
0.122749 
0.038317 
0.994673 
0.466430 
0.282096 
0.181353 
0.994597 
0.197212 
0.535917 
0.155042 
0.785403 
0.268786 
0.486752 
0.835541 
0.936539 
0.412059 
0.470431 
0.536630 
0.144648 
0.099949 
0.842123 
0.556352 
0.604895 
0.462034 
0.411868 
0.273438 
0.665552 
0.926585 
0.107560 
0.753312 
0.918329 
0.349617 
0.013841 
0.623048 
0.572375 
0.901918 
0.532759 
0.073326 
0.391883 
0.375029 
0.117642 
0.201939 
0.990963 
0.113198 
0.516314 
0.687052 
0.288054 
0.323042 
0.371298 
0.404538 
0.065583 
0.252737 
0.756288 
0.939034 
0.341128 
0.332007 
0.045811 
0.947916 
0.625333 
0.976549 
0.853705 
0.227692 
0.819628 
0.479511 
0.138403 
0.131432 
0.981500 
0.078220 
0.651516 
0.031104 
0.771366 
0.353630 
0.464559 
0.844079 
0.436338 
0.529686 
0.429534 
0.173103 
0.335909 
0.619969 
0.827333 
0.978772 
0.227585 
0.018897 
0.607526 
0.687845 
0.615829 
0.231680 
0.853834 
0.390994 
0.442724 
0.857829 
0.538668 
0.389060 
0.928112 
0.774678 
0.005635 
0.709234 
0.104119 
0.929873 
0.382795 
0.637329 
0.582553 
0.967152 
0.919374 
0.916654 
0.206956 
0.306826 
0.823890 
0.111944 
0.446554 
0.230703 
0.419907 
0.370385 
0.053099 
0.431065 
0.902041 
0.605220 
0.937315 
0.459227 
0.223213 
0.545945 
0.689275 
0.640560 
0.884548 
0.601061 
0.039362 
0.555684 
0.375448 
0.149775 
0.272266 
0.973851 
0.512433 
0.468939 
0.457233 
0.722526 
0.490713 
0.419277 
0.796013 
0.585245 
0.212535 
0.077147 
0.602641 
0.582525 
0.490322 
0.848093 
0.906794 
0.489018 
0.930119 
0.516503 
0.871657 
0.934814 
0.417881 
0.320529 
0.122811 
0.091214 
0.036387 
0.561635 
0.401644 
0.423336 
0.011852 
0.203520 
0.564007 
0.259112 
0.890080 
0.570275 
0.610119 
0.265484 
0.991713 
0.712745 
0.096841 
0.605569 
0.797035 
0.774276 
0.262021 
0.779468 
0.511434 
0.667751 
0.894377 
0.797551 
0.447858 
0.147268 
0.133396 
0.978788 
0.491380 
0.631584 
0.040516 
0.949192 
0.068333 
0.470015 
0.539668 
0.205141 
0.807379 
0.616580 
0.859692 
0.837297 
0.446068 
0.062235 
0.983506 
0.783951 
0.865259 
0.404938 
0.790719 
0.621786 
0.364808 
0.328195 
0.966098 
0.209145 
0.108167 
0.968203 
0.592497 
0.104487 
0.120876 
0.560879 
0.693819 
0.017510 
0.293703 
0.269964 
0.278043 
0.068046 
0.652885 
0.031066 
0.129330 
0.651180 
0.381953 
0.480507 
0.876017 
0.212835 
0.124443 
0.506054 
0.255256 
0.088251 
0.234406 
0.656690 
0.985417 
0.895810 
0.882295 
0.732485 
0.876106 
0.710975 
0.350924 
0.988040 
0.980809 
0.458371 
0.839771 
0.031215 
0.627249 
0.172408 
0.665822 
0.467162 
0.596880 
0.759458 
0.213466 
0.721143 
0.251218 
0.215770 
0.441972 
0.221914 
0.702039 
0.172611 
0.071967 
0.554091 
0.611574 
0.717973 
0.973929 
0.824462 
0.726819 
0.644657 
0.747942 
0.655928 
0.175192 
0.449564 
0.824110 
0.820602 
0.863608 
0.657915 
0.581971 
0.182875 
0.585847 
0.322216 
0.488829 
0.755165 
0.055836 
0.438181 
0.501196 
0.601611 
0.271574 
0.345173 
0.326063 
0.146246 
0.955767 
0.579860 
0.706014 
0.976034 
0.197154 
0.568672 
0.662881 
0.034844 
0.616282 
0.849414 
0.107621 
0.786510 
0.879430 
0.586227 
0.711007 
0.889895 
0.469358 
0.496927 
0.858356 
0.388343 
0.874540 
0.401789 
0.870000 
0.092106 
0.028134 
0.850948 
0.887337 
0.472991 
0.564107 
0.940177 
0.549284 
0.815456 
0.365205 
0.004244 
0.330140 
0.661084 
0.843701 
0.077061 
0.157619 
0.103011 
0.301659 
0.980986 
0.427915 
0.959651 
0.847405 
0.329504 
0.979765 
0.911972 
0.511803 
0.878672 
0.836132 
0.869587 
0.147401 
0.366439 
0.735114 
0.068725 
0.063175 
0.786996 
0.041113 
0.979365 
0.187626 
0.428071 
0.586290 
0.770635 
0.054108 
0.385140 
0.055589 
0.280164 
0.710498 
0.339219 
0.253535 
0.168979 
0.032673 
0.141410 
0.672395 
0.947478 
0.260180 
0.841799 
0.108753 
0.806693 
0.088283 
0.776992 
0.908466 
0.591194 
0.192156 
0.569330 
0.734955 
0.385259 
0.044066 
0.612148 
0.377129 
0.412837 
0.556614 
0.005286 
0.846493 
0.015483 
0.227412 
0.110321 
0.167016 
0.037115 
0.798101 
0.681103 
0.299746 
0.823914 
0.517076 
0.500157 
0.140206 
0.443986 
0.066429 
0.475379 
0.695623 
0.334110 
0.383668 
0.315074 
0.444268 
0.811713 
0.467086 
0.314576 
0.082098 
0.815056 
0.648928 
0.535971 
0.066845 
0.463873 
0.311243 
0.061721 
0.349768 
0.557583 
0.298026 
0.925405 
0.285096 
0.605797 
0.625985 
0.927134 
0.343035 
0.394059 
0.956364 
0.603193 
0.861280 
0.535038 
0.383560 
0.495599 
0.539280 
0.686409 
0.484416 
0.587223 
0.450460 
0.882679 
0.179551 
0.707542 
0.662397 
0.900898 
0.393065 
0.238057 
0.025513 
0.796668 
0.597080 
0.116595 
0.610765 
0.135309 
0.142607 
0.787792 
0.422866 
0.104128 
0.080069 
0.724487 
0.459067 
0.537235 
0.303205 
0.965119 
0.749884 
0.299737 
0.684150 
0.515256 
0.900313 
0.566150 
0.286660 
0.893280 
0.352623 
0.529509 
0.458894 
0.637933 
0.734974 
0.706696 
0.432563 
0.078336 
0.596698 
0.696045 
0.429355 
0.174719 
0.499280 
0.398167 
0.999341 
0.924146 
0.116833 
0.614846 
0.709252 
0.403916 
0.616386 
0.600267 
0.689282 
0.764349 
0.417743 
0.010443 
0.508499 
0.335078 
0.652898 
0.254470 
0.875493 
0.405102 
0.549969 
0.321299 
0.065990 
0.101405 
0.317786 
0.021959 
0.063971 
0.155053 
0.974746 
0.562495 
0.846312 
0.958183 
0.174314 
0.691654 
0.620831 
0.310725 
0.362594 
0.125180 
0.907883 
0.796641 
0.149513 
0.865104 
0.809205 
0.310215 
0.782601 
0.168804 
0.082398 
0.867564 
0.156509 
0.441847 
0.125761 
0.673165 
0.887957 
0.889834 
0.439361 
0.334781 
0.664323 
0.279081 
0.509494 
0.059113 
0.516239 
0.422178 
0.545348 
0.657685 
0.712927 
0.161929 
0.538766 
0.042999 
0.677342 
0.091812 
0.079364 
0.876750 
0.530007 
0.821573 
0.184546 
0.667478 
0.297559 
0.077686 
0.661867 
0.992283 
0.296501 
0.300698 
0.836047 
0.440132 
0.296548 
0.076761 
0.123119 
0.263881 
0.043629 
0.276023 
0.116035 
0.208025 
0.268954 
0.307626 
0.263597 
0.274028 
0.596408 
0.831346 
0.434077 
0.529759 
0.667579 
0.004271 
0.786222 
0.025688 
0.743852 
0.913498 
0.168379 
0.949594 
0.826669 
0.822361 
0.425965 
0.188162 
0.430970 
0.318587 
0.485310 
0.601713 
0.988586 
0.157438 
0.066489 
0.481388 
0.694449 
0.597830 
0.730276 
0.748538 
0.677038 
0.973726 
0.416657 
0.753879 
0.441635 
0.555599 
0.948810 
0.652526 
0.000504 
0.475903 
0.503795 
0.274700 
0.882322 
0.188747 
0.266079 
0.990048 
0.736315 
0.252446 
0.863454 
0.065407 
0.295035 
0.653082 
0.353696 
0.576522 
0.601481 
0.084910 
0.081779 
0.465858 
0.675337 
0.387936 
0.040077 
0.581377 
0.210735 
0.819253 
0.177624 
0.332936 
0.658737 
0.391474 
0.505449 
0.087174 
0.141593 
0.754967 
0.736094 
0.528433 
0.369259 
0.140552 
0.261412 
0.551272 
0.223025 
0.383833 
0.082118 
0.155417 
0.095797 
0.055828 
0.302432 
0.978261 
0.627297 
0.985036 
0.497440 
0.478976 
0.157378 
0.047253 
0.183701 
0.457734 
0.132500 
0.920181 
0.474743 
0.009624 
0.742784 
0.966428 
0.763348 
0.582581 
0.442048 
0.500821 
0.292000 
0.638311 
0.090025 
0.048357 
0.732212 
0.278709 
0.257312 
0.650139 
0.892945 
0.719139 
0.577301 
0.703136 
0.603773 
0.615347 
0.132703 
0.341454 
0.824217 
0.609405 
0.272004 
0.565961 
0.114773 
0.995426 
0.116433 
0.886743 
0.487382 
0.420979 
0.398825 
0.056514 
0.826612 
0.872084 
0.107728 
0.589941 
0.131952 
0.720620 
0.460906 
0.444412 
0.234663 
0.987842 
0.655064 
0.659140 
0.158552 
0.785505 
0.984616 
0.436811 
0.479563 
0.015512 
0.702887 
0.425564 
0.457155 
0.408580 
0.006075 
0.108550 
0.401314 
0.892058 
0.811620 
0.897664 
0.041920 
0.546838 
0.704102 
0.834810 
0.650337 
0.209956 
0.722199 
0.002981 
0.095298 
0.678169 
0.992492 
0.817170 
0.180081 
0.623420 
0.826027 
0.039996 
0.209853 
0.002589 
0.520170 
0.493906 
0.071183 
0.375088 
0.104750 
0.537006 
0.467830 
0.819737 
0.316900 
0.133387 
0.837319 
0.814322 
0.309780 
0.480731 
0.648608 
0.162081 
0.091532 
0.381046 
0.243309 
0.298592 
0.433027 
0.889350 
0.307700 
0.520598 
0.689720 
0.122811 
0.087684 
0.712845 
0.783635 
0.550434 
0.145312 
0.261259 
0.986398 
0.396019 
0.896433 
0.343584 
0.610838 
0.353335 
0.500113 
0.399691 
0.601547 
0.202054 
0.917197 
0.325153 
0.853818 
0.116171 
0.493293 
0.776941 
0.039285 
0.267518 
0.176284 
0.802979 
0.671102 
0.215944 
0.363078 
0.254422 
0.076890 
0.289200 
0.582892 
0.661837 
0.497085 
0.506032 
0.885147 
0.666250 
0.658719 
0.091951 
0.422759 
0.315889 
0.142394 
0.220024 
0.949074 
0.083926 
0.537680 
0.787804 
0.629591 
0.543264 
0.639050 
0.509072 
0.972876 
0.125182 
0.939698 
0.497750 
0.685148 
0.277891 
0.508025 
0.379307 
0.018966 
0.753878 
0.422288 
0.394186 
0.092454 
0.869400 
0.999893 
0.208795 
0.209503 
0.121120 
0.661607 
0.627908 
0.248943 
0.992776 
0.589980 
0.790189 
0.706292 
0.646529 
0.213758 
0.623166 
0.550208 
0.342511 
0.576152 
0.382765 
0.131518 
0.426843 
0.950784 
0.819998 
0.702867 
0.093703 
0.860325 
0.476103 
0.864531 
0.179382 
0.874937 
0.059196 
0.911031 
0.692167 
0.259053 
0.908246 
0.891677 
0.411239 
0.689134 
0.276245 
0.844901 
0.255648 
0.669108 
0.704330 
0.681095 
0.159395 
0.956759 
0.246833 
0.527341 
0.025338 
0.848897 
0.415327 
0.394411 
0.873177 
0.486407 
0.040913 
0.621273 
0.742716 
0.830055 
0.739585 
0.201009 
0.360193 
0.763483 
0.856063 
0.854126 
0.290865 
0.568822 
0.193107 
0.544061 
0.038921 
0.143815 
0.091640 
0.196654 
0.168629 
0.154867 
0.842532 
0.429688 
0.773500 
0.212935 
0.799927 
0.378816 
0.753842 
0.825793 
0.110125 
0.877217 
0.390945 
0.612127 
0.015449 
0.657034 
0.767859 
0.406740 
0.074151 
0.254605 
0.154563 
0.735160 
0.842213 
0.074315 
0.016594 
0.892301 
0.898206 
0.142970 
0.894536 
0.465122 
0.313720 
0.687706 
0.278961 
0.495057 
0.416285 
0.506753 
0.006072 
0.053343 
0.533757 
0.852115 
0.493589 
0.757571 
0.503819 
0.694115 
0.992389 
0.077963 
0.326649 
0.986301 
0.759111 
0.373429 
0.223631 
0.559796 
0.487328 
0.529415 
0.877076 
0.009420 
0.320884 
0.093932 
0.715140 
0.361351 
0.221136 
0.632660 
0.115586 
0.654749 
0.360390 
0.077543 
0.269377 
0.416599 
0.771928 
0.789970 
0.022639 
0.492708 
0.945549 
0.848273 
0.929041 
0.384363 
0.992549 
0.768747 
0.333590 
0.652125 
0.260967 
0.077324 
0.581482 
0.969296 
0.965635 
0.426706 
0.641629 
0.858682 
0.863764 
0.289579 
0.952461 
0.006095 
0.444607 
0.502400 
0.828987 
0.789635 
0.390071 
0.930422 
0.595614 
0.476179 
0.143180 
0.428596 
0.405661 
0.941799 
0.823977 
0.587152 
0.267317 
0.789094 
0.300573 
0.732499 
0.108048 
0.964864 
0.470253 
0.543349 
0.070657 
0.532817 
0.054017 
0.865964 
0.255532 
0.731072 
0.133390 
0.890765 
0.085877 
0.338526 
0.602482 
0.916073 
0.434364 
0.359216 
0.348198 
0.158465 
0.316378 
0.368714 
0.983755 
0.970049 
0.613541 
0.779226 
0.445431 
0.366828 
0.283759 
0.129114 
0.016074 
0.157032 
0.232112 
0.107892 
0.346842 
0.370128 
0.740206 
0.639077 
0.965928 
0.359721 
0.830260 
0.182499 
0.252467 
0.208690 
0.460318 
0.557008 
0.627702 
0.782073 
0.304149 
0.833591 
0.165300 
0.204834 
0.638884 
0.718979 
0.882941 
0.583425 
0.626317 
0.510380 
0.954181 
0.919255 
0.915326 
0.889923 
0.936256 
0.646755 
0.005062 
0.079263 
0.169623 
0.849968 
0.410670 
0.124520 
0.813817 
0.825041 
0.470774 
0.295500 
0.463760 
0.408574 
0.910046 
0.139890 
0.124011 
0.254939 
0.757617 
0.268448 
0.804479 
0.876762 
0.737202 
0.152977 
0.079846 
0.971070 
0.777402 
0.803184 
0.121036 
0.256797 
0.989550 
0.360425 
0.670046 
0.469166 
0.273121 
0.338815 
0.466445 
0.546799 
0.052423 
0.077805 
0.661974 
0.789421 
0.792642 
0.928413 
0.831240 
0.649790 
0.018667 
0.743804 
0.112595 
0.380367 
0.834553 
0.324069 
0.619888 
0.456591 
0.924406 
0.489034 
0.200192 
0.622497 
0.300115 
0.033566 
0.149709 
0.164130 
0.538428 
0.354864 
0.196760 
0.944088 
0.291334 
0.443504 
0.964016 
0.217910 
0.418109 
0.153383 
0.913025 
0.219285 
0.517395 
0.857416 
0.597719 
0.865503 
0.502833 
0.108129 
0.324093 
0.032533 
0.786471 
0.215019 
0.817240 
0.352784 
0.245596 
0.727505 
0.175763 
0.052707 
0.847069 
0.685463 
0.583081 
0.844634 
0.758616 
0.056041 
0.886197 
0.315292 
0.104778 
0.008295 
0.410356 
0.861029 
0.310544 
0.310890 
0.121601 
0.747021 
0.185301 
0.351698 
0.985416 
0.890183 
0.306625 
0.452258 
0.106661 
0.651331 
0.919270 
0.162960 
0.877078 
0.044255 
0.795579 
0.293221 
0.166877 
0.708324 
0.808474 
0.028247 
0.742441 
0.203051 
0.678470 
0.045290 
0.191649 
0.043354 
0.652392 
0.747707 
0.718199 
0.778617 
0.210176 
0.431335 
0.443840 
0.614436 
0.817892 
0.303785 
0.706428 
0.940954 
0.620956 
0.413053 
0.174783 
0.582434 
0.964971 
0.264722 
0.185104 
0.036957 
0.128315 
0.590047 
0.923001 
0.880361 
0.227680 
0.609803 
0.951411 
0.359714 
0.721395 
0.491865 
0.782435 
0.385355 
0.668045 
0.834726 
0.237090 
0.773862 
0.291144 
0.255409 
0.651403 
0.123098 
0.910919 
0.820922 
0.231597 
0.453736 
0.938385 
0.428610 
0.642479 
0.143731 
0.685422 
0.881494 
0.271153 
0.275113 
0.823615 
0.499967 
0.937992 
0.837202 
0.859616 
0.563352 
0.251065 
0.650309 
0.749632 
0.064114 
0.564745 
0.670489 
0.907566 
0.470030 
0.793978 
0.394029 
0.446718 
0.993967 
0.598304 
0.697097 
0.113827 
0.092345 
0.040917 
0.694912 
0.381765 
0.320532 
0.178676 
0.007946 
0.547177 
0.406277 
0.294184 
0.354008 
0.816323 
0.939869 
0.381751 
0.097003 
0.327909 
0.164339 
0.040759 
0.041209 
0.600863 
0.712725 
0.761144 
0.555222 
0.617951 
0.894168 
0.276906 
0.963088 
0.626711 
0.123451 
0.833642 
0.015166 
0.893248 
0.820821 
0.536805 
0.077251 
0.361469 
0.201192 
0.429985 
0.750891 
0.220825 
0.405921 
0.313766 
0.463190 
0.832237 
0.404012 
0.223257 
0.281240 
0.796009 
0.516185 
0.523093 
0.615784 
0.473877 
0.444422 
0.394462 
0.726400 
0.604532 
0.377533 
0.200006 
0.494172 
0.541590 
0.496600 
0.353577 
0.575061 
0.048305 
0.869049 
0.107592 
0.301933 
0.585740 
0.527098 
0.929439 
0.073624 
0.392377 
0.682470 
0.270546 
0.072079 
0.429195 
0.487159 
0.685907 
0.041736 
0.461339 
0.720353 
0.970166 
0.587727 
0.923209 
0.376745 
0.945306 
0.753861 
0.145947 
0.926425 
0.424132 
0.391892 
0.521508 
0.978884 
0.111149 
0.086832 
0.384813 
0.556445 
0.174089 
0.920095 
0.034574 
0.083538 
0.029420 
0.462403 
0.600155 
0.807909 
0.526995 
0.209946 
0.563880 
0.125064 
0.955236 
0.644651 
0.644047 
0.491790 
0.514540 
0.869063 
0.339034 
0.137404 
0.346328 
0.728799 
0.922183 
0.134682 
0.595768 
0.069877 
0.423860 
0.810398 
0.352631 
0.668114 
0.993122 
0.408189 
0.428810 
0.014470 
0.199752 
0.238489 
0.290833 
0.035392 
0.840542 
0.996511 
0.363229 
0.794447 
0.271418 
0.729702 
0.107257 
0.670438 
0.044130 
0.695091 
0.392412 
0.276875 
0.434018 
0.540694 
0.448065 
0.626073 
0.417150 
0.033293 
0.557720 
0.603080 
0.960920 
0.187010 
0.077251 
0.363816 
0.662528 
0.111581 
0.345930 
0.050996 
0.093677 
0.427151 
0.122605 
0.621159 
0.811880 
0.273880 
0.106151 
0.085612 
0.887818 
0.561583 
0.525842 
0.818692 
0.753878 
0.419157 
0.779071 
0.850325 
0.409347 
0.892998 
0.625120 
0.391657 
0.575233 
0.943045 
0.750750 
0.848112 
0.226227 
0.203841 
0.961345 
0.321638 
0.766452 
0.754004 
0.543891 
0.183947 
0.605616 
0.581762 
0.673680 
0.540861 
0.252245 
0.484027 
0.048487 
0.916911 
0.526118 
0.460582 
0.999865 
0.736199 
0.300166 
0.893739 
0.073391 
0.478277 
0.398477 
0.203626 
0.344052 
0.476723 
0.275770 
0.873580 
0.256130 
0.780741 
0.913314 
0.061678 
0.629977 
0.027208 
0.276544 
0.872772 
0.682271 
0.929430 
0.932632 
0.739124 
0.452590 
0.688420 
0.270297 
0.879454 
0.978398 
0.938033 
0.516985 
0.968818 
0.930427 
0.684224 
0.747017 
0.106638 
0.265389 
0.396323 
0.997707 
0.463122 
0.693477 
0.261223 
0.382062 
0.311094 
0.564663 
0.297697 
0.390299 
0.762885 
0.808938 
0.823984 
0.691681 
0.086015 
0.653777 
0.031735 
0.371722 
0.526941 
0.292758 
0.387412 
0.226146 
0.828975 
0.586564 
0.379082 
0.239127 
0.000640 
0.764670 
0.809172 
0.761939 
0.902852 
0.237957 
0.347406 
0.858748 
0.970710 
0.731258 
0.258021 
0.563454 
0.977132 
0.651795 
0.725415 
0.057459 
0.715120 
0.024238 
0.362450 
0.689012 
0.219804 
0.238764 
0.912398 
0.677744 
0.850562 
0.403214 
0.810128 
0.821484 
0.681828 
0.491390 
0.786461 
0.041805 
0.622913 
0.295793 
0.400876 
0.523007 
0.171051 
0.861261 
0.213155 
0.497409 
0.959908 
0.176655 
0.035469 
0.131001 
0.736247 
0.102385 
0.780099 
0.130126 
0.034099 
0.105846 
0.958143 
0.511303 
0.467931 
0.515961 
0.764800 
0.986077 
0.997711 
0.523221 
0.772152 
0.554493 
0.356425 
0.430711 
0.952255 
0.553305 
0.392460 
0.079985 
0.315686 
0.736437 
0.290002 
0.068908 
0.133014 
0.563631 
0.939506 
0.283061 
0.407130 
