0.000001 
0.009525 
0.081488 
0.571677 
0.177211 
0.377728 
0.473330 
0.253298 
0.178360 
0.703726 
0.521254 
0.722028 
0.129725 
0.284826 
0.074259 
0.062810 
0.645135 
0.788800 
0.368693 
0.616847 
0.347003 
0.080431 
0.802391 
0.784574 
0.341214 
0.785106 
0.272322 
0.921272 
0.819377 
0.271217 
0.348953 
0.860451 
0.595014 
0.405293 
0.764313 
0.811654 
0.461053 
0.921137 
0.551561 
0.092498 
0.617162 
0.646324 
0.763698 
0.477708 
0.834051 
0.898105 
0.458720 
0.699452 
0.688575 
0.888030 
0.112681 
0.824145 
0.399558 
0.371486 
0.561625 
0.225480 
0.639263 
0.091655 
0.447701 
0.506260 
0.706787 
0.962813 
0.004363 
0.327320 
0.263089 
0.743450 
0.169626 
0.897865 
0.421933 
0.429092 
0.752625 
0.360534 
0.500994 
0.208551 
0.115827 
0.702578 
0.230569 
0.172604 
0.952208 
0.762857 
0.338933 
0.453654 
0.569662 
0.310992 
0.850102 
0.656759 
0.154340 
0.985234 
0.826402 
0.340239 
0.392384 
0.798167 
0.793668 
0.185557 
0.654096 
0.385230 
0.559559 
0.502298 
0.118448 
0.759120 
0.535247 
0.898938 
0.455437 
0.537456 
0.024816 
0.077212 
0.703905 
0.527770 
0.226419 
0.425457 
0.650305 
0.674045 
0.672156 
0.928543 
0.027515 
0.441588 
0.762208 
0.437075 
0.918594 
0.802031 
0.729978 
0.735240 
0.173776 
0.650514 
0.194901 
0.708446 
0.850445 
0.421013 
0.971449 
0.150321 
0.445616 
0.467636 
0.555421 
0.957767 
0.198342 
0.536494 
0.861735 
0.184837 
0.547665 
0.606120 
0.065578 
0.162178 
0.732542 
0.829851 
0.300451 
0.682303 
0.469066 
0.594662 
0.481694 
0.837837 
0.522207 
0.725153 
0.652786 
0.379491 
0.104512 
0.526853 
0.820563 
0.208697 
0.575803 
0.528609 
0.339836 
0.623420 
0.817504 
0.795345 
0.355657 
0.532596 
0.336648 
0.047352 
0.839596 
0.091411 
0.350964 
0.656443 
0.834068 
0.175308 
0.395638 
0.484359 
0.617598 
0.970811 
0.428101 
0.097406 
0.108965 
0.370884 
0.449306 
0.485562 
0.847745 
0.053249 
0.957284 
0.063911 
0.157934 
0.402848 
0.666420 
0.526254 
0.748300 
0.679180 
0.972325 
0.861579 
0.552140 
0.814187 
0.042998 
0.665000 
0.656720 
0.489771 
0.585492 
0.356073 
0.522937 
0.995186 
0.097819 
0.047127 
0.066989 
0.879090 
0.872664 
0.864151 
0.780480 
0.527048 
0.102927 
0.893969 
0.936721 
0.476638 
0.853672 
0.668247 
0.235455 
0.299870 
0.909672 
0.863768 
0.340943 
0.234964 
0.043825 
0.565422 
0.053779 
0.858127 
0.543451 
0.779208 
0.152733 
0.985090 
0.400314 
0.072830 
0.054162 
0.302422 
0.810510 
0.246346 
0.340560 
0.790513 
0.146010 
0.986178 
0.692949 
0.397359 
0.418571 
0.924968 
0.936652 
0.304224 
0.098395 
0.724167 
0.069743 
0.169404 
0.166683 
0.439125 
0.369762 
0.595481 
0.243934 
0.803708 
0.922994 
0.756384 
0.537578 
0.065894 
0.474671 
0.793907 
0.188925 
0.258100 
0.886455 
0.650991 
0.197881 
0.778316 
0.162340 
0.451814 
0.634341 
0.369648 
0.670640 
0.445705 
0.963952 
0.133598 
0.383713 
0.058414 
0.771848 
0.449610 
0.597966 
0.014018 
0.606656 
0.065660 
0.540872 
0.429301 
0.263409 
0.107691 
0.958846 
0.319330 
0.974254 
0.290218 
0.692689 
0.022755 
0.451124 
0.040890 
0.234862 
0.327502 
0.328483 
0.806621 
0.884196 
0.688286 
0.029646 
0.268397 
0.952680 
0.698514 
0.920750 
0.048569 
0.292028 
0.110108 
0.582508 
0.203995 
0.538114 
0.086082 
0.773942 
0.640739 
0.894672 
0.744373 
0.669147 
0.358873 
0.580931 
0.699306 
0.243242 
0.169200 
0.740971 
0.507725 
0.341763 
0.011636 
0.565378 
0.302424 
0.835852 
0.165704 
0.990593 
0.899640 
0.246325 
0.976023 
0.023417 
0.561313 
0.980333 
0.460565 
0.716379 
0.174437 
0.764186 
0.668661 
0.178517 
0.338630 
0.348389 
0.365852 
0.869639 
0.030646 
0.063520 
0.573751 
0.029363 
0.509753 
0.425969 
0.261275 
0.256987 
0.183507 
0.194842 
0.713245 
0.505304 
0.648243 
0.020674 
0.468412 
0.595482 
0.274238 
0.118024 
0.626801 
0.649694 
0.412321 
0.875863 
0.631425 
0.358090 
0.424608 
0.388993 
0.806499 
0.831183 
0.695701 
0.641528 
0.165791 
0.450962 
0.324756 
0.177025 
0.256040 
0.258849 
0.469645 
0.317540 
0.901274 
0.708522 
0.130048 
0.717837 
0.686023 
0.988240 
0.356166 
0.075641 
0.303127 
0.660111 
0.481400 
0.890288 
0.067903 
0.242253 
0.550789 
0.111620 
0.989446 
0.614089 
0.985689 
0.475598 
0.375934 
0.321295 
0.008404 
0.246360 
0.573825 
0.274288 
0.962638 
0.053360 
0.820460 
0.475908 
0.583357 
0.487854 
0.366028 
0.825988 
0.377815 
0.929136 
0.991884 
0.591158 
0.590715 
0.153387 
0.977155 
0.039921 
0.947405 
0.036597 
0.092462 
0.017075 
0.986418 
0.725619 
0.478843 
0.906123 
0.202494 
0.312771 
0.747286 
0.636658 
0.310233 
0.090889 
0.573816 
0.131645 
0.554911 
0.390758 
0.463156 
0.260239 
0.833227 
0.052679 
0.377698 
0.969695 
0.665093 
0.220272 
0.109086 
0.416760 
0.479429 
0.761627 
0.661431 
0.671247 
0.640263 
0.902947 
0.825841 
0.917705 
0.866962 
0.037326 
0.343290 
0.668376 
0.398593 
0.160672 
0.420279 
0.632380 
0.410459 
0.583433 
0.752345 
0.663382 
0.466684 
0.562329 
0.066150 
0.789700 
0.495710 
0.405290 
0.715085 
0.438966 
0.703577 
0.011807 
0.445638 
0.839216 
0.706526 
0.587255 
0.989306 
0.259392 
0.605984 
0.769125 
0.686693 
0.240877 
0.414891 
0.073813 
0.583055 
0.402553 
0.715115 
0.933812 
0.574845 
0.425119 
0.976179 
0.646103 
0.057959 
0.124249 
0.247624 
0.812541 
0.368408 
0.838481 
0.345066 
0.517781 
0.340295 
0.346074 
0.466879 
0.835810 
0.456033 
0.538578 
0.875839 
0.228312 
0.241236 
0.461278 
0.696648 
0.564402 
0.900373 
0.568653 
0.356557 
0.645816 
0.223971 
0.283251 
0.597949 
0.723957 
0.553152 
0.821208 
0.049682 
0.009948 
0.198045 
0.540125 
0.874709 
0.235937 
0.386145 
0.936222 
0.083107 
0.785098 
0.139564 
0.645772 
0.486297 
0.189029 
0.018305 
0.655773 
0.577189 
0.823101 
0.859381 
0.616060 
0.115313 
0.061218 
0.886395 
0.645787 
0.747447 
0.341944 
0.056696 
0.893375 
0.954367 
0.053230 
0.644135 
0.973932 
0.877783 
0.893769 
0.583717 
0.531290 
0.399116 
0.944128 
0.964534 
0.929426 
0.867015 
0.926308 
0.457569 
0.365714 
0.549778 
0.125636 
0.556336 
0.336247 
0.295919 
0.503579 
0.649009 
0.897360 
0.933555 
0.254063 
0.043041 
0.389902 
0.081271 
0.921529 
0.136661 
0.855904 
0.179652 
0.408674 
0.584490 
0.518125 
0.127089 
0.992014 
0.775294 
0.367404 
0.953073 
0.304071 
0.523934 
0.763370 
0.965823 
0.584458 
0.982238 
0.471660 
0.184392 
0.083461 
0.729124 
0.379667 
0.065110 
0.299041 
0.979870 
0.673852 
0.430208 
0.504410 
0.612481 
0.962840 
0.458386 
0.097486 
0.439041 
0.954903 
0.062602 
0.158183 
0.574209 
0.729047 
0.095720 
0.764814 
0.223513 
0.591127 
0.077486 
0.299854 
0.646941 
0.140220 
0.670277 
0.350036 
0.047665 
0.105537 
0.766012 
0.369582 
0.563107 
0.138691 
0.987992 
0.177479 
0.893645 
0.487080 
0.347074 
0.266932 
0.325687 
0.818235 
0.077164 
0.896599 
0.141847 
0.026224 
0.747049 
0.644231 
0.596057 
0.925904 
0.675269 
0.244660 
0.999985 
0.755911 
0.599463 
0.181211 
0.619686 
0.055400 
0.100897 
0.772510 
0.567210 
0.103695 
0.797961 
0.337207 
0.442188 
0.852785 
0.765017 
0.638526 
0.710370 
0.193009 
0.908968 
0.032684 
0.324296 
0.447429 
0.932647 
0.996463 
0.546602 
0.747019 
0.145285 
0.798987 
0.575404 
0.812059 
0.267740 
0.913939 
0.567538 
0.616034 
0.676746 
0.078184 
0.030955 
0.268345 
0.069764 
0.526020 
0.817537 
0.351236 
0.221674 
0.667421 
0.338219 
0.438691 
0.072683 
0.576412 
0.754074 
0.721557 
0.201081 
0.560868 
0.501713 
0.290962 
0.205465 
0.243825 
0.973433 
0.495859 
0.895735 
0.617726 
0.119752 
0.679356 
0.939959 
0.886238 
0.000631 
0.605810 
0.855149 
0.485109 
0.222474 
0.128572 
0.913842 
0.947128 
0.374688 
0.372813 
0.861619 
0.238285 
0.863611 
0.717200 
0.980716 
0.893191 
0.860596 
0.034040 
0.104666 
0.118133 
0.456066 
0.108455 
0.799883 
0.629848 
0.850592 
0.907670 
0.209801 
0.118131 
0.434732 
0.536444 
0.019774 
0.349588 
0.527103 
0.024928 
0.966177 
0.532913 
0.672729 
0.563610 
0.593111 
0.420558 
0.315570 
0.781355 
0.229760 
0.570186 
0.119508 
0.578354 
0.402047 
0.208618 
0.248803 
0.638941 
0.679431 
0.200302 
0.468565 
0.170507 
0.705755 
0.625527 
0.234557 
0.193380 
0.144847 
0.448445 
0.021704 
0.782242 
0.146538 
0.859027 
0.661821 
0.218396 
0.576934 
0.535229 
0.593702 
0.350162 
0.174285 
0.211021 
0.622186 
0.076679 
0.740693 
0.823596 
0.186333 
0.692670 
0.709521 
0.914229 
0.449080 
0.680632 
0.384359 
0.924968 
0.939947 
0.681633 
0.208236 
0.815872 
0.364750 
0.351221 
0.972466 
0.241171 
0.353549 
0.101190 
0.698309 
0.478001 
0.759404 
0.311242 
0.044926 
0.069675 
0.028562 
0.034843 
0.606914 
0.398682 
0.648050 
0.782302 
0.157047 
0.492081 
0.398601 
0.288829 
0.351560 
0.669531 
0.806369 
0.646945 
0.209021 
0.018973 
0.876423 
0.040975 
0.662321 
0.636219 
0.938803 
0.462833 
0.833395 
0.873240 
0.544242 
0.082972 
0.503437 
0.270497 
0.248166 
0.920086 
0.892471 
0.751919 
0.503585 
0.751957 
0.145425 
0.165963 
0.337899 
0.063282 
0.579039 
0.906153 
0.708015 
0.601583 
0.806257 
0.765979 
0.811632 
0.102652 
0.279667 
0.361437 
0.668357 
0.074292 
0.629345 
0.402543 
0.546863 
0.134442 
0.571629 
0.364583 
0.546109 
0.461516 
0.692800 
0.890565 
0.733491 
0.784664 
0.840746 
0.425314 
0.252055 
0.286549 
0.022065 
0.851318 
0.097420 
0.340203 
0.786373 
0.564156 
0.762360 
0.988542 
0.421368 
0.937514 
0.800836 
0.649541 
0.839151 
0.618802 
0.202383 
0.450416 
0.146757 
0.549794 
0.383491 
0.331842 
0.264797 
0.441815 
0.585750 
0.697321 
0.876331 
0.489381 
0.032746 
0.369884 
0.632849 
0.292482 
0.736787 
0.183986 
0.256394 
0.211922 
0.767431 
0.216631 
0.913570 
0.378289 
0.902414 
0.875848 
0.380856 
0.044265 
0.964613 
0.246369 
0.730626 
0.633874 
0.515268 
0.108753 
0.812062 
0.323206 
0.122243 
0.542457 
0.069519 
0.398158 
0.841937 
0.436151 
0.382593 
0.243392 
0.694573 
0.696761 
0.455065 
0.273081 
0.679968 
0.220826 
0.423961 
0.508368 
0.133458 
0.020791 
0.432494 
0.924182 
0.719080 
0.579181 
0.294401 
0.990218 
0.588072 
0.728614 
0.819544 
0.083177 
0.955469 
0.563478 
0.376863 
0.944325 
0.267247 
0.612947 
0.801771 
0.364679 
0.166223 
0.704426 
0.283732 
0.678425 
0.281006 
0.868948 
0.405615 
0.173759 
0.363138 
0.258859 
0.636620 
0.676250 
0.740823 
0.009087 
0.719058 
0.212077 
0.382910 
0.566975 
0.144984 
0.748576 
0.319951 
0.408409 
0.127059 
0.486266 
0.671886 
0.395878 
0.522898 
0.352422 
0.162355 
0.693226 
0.048954 
0.771416 
0.192609 
0.183910 
0.979013 
0.271830 
0.644769 
0.635349 
0.308916 
0.954692 
0.515379 
0.971085 
0.017977 
0.143254 
0.673035 
0.703202 
0.721660 
0.946854 
0.774504 
0.091698 
0.165340 
0.863743 
0.936805 
0.886660 
0.096197 
0.789910 
0.019173 
0.243664 
0.253559 
0.562959 
0.644929 
0.313329 
0.120036 
0.450209 
0.665620 
0.067779 
0.158600 
0.587763 
0.528665 
0.271573 
0.328636 
0.386717 
0.552200 
0.828038 
0.842687 
0.045253 
0.570760 
0.756007 
0.215366 
0.656792 
0.694954 
0.089488 
0.019638 
0.056751 
0.822075 
0.622922 
0.447578 
0.444739 
0.732625 
0.231710 
0.349063 
0.707615 
0.880696 
0.862227 
0.451149 
0.469493 
0.770292 
0.297367 
0.844307 
0.271611 
0.965076 
0.039649 
0.377001 
0.256766 
0.474434 
0.806285 
0.238950 
0.034783 
0.599089 
0.883089 
0.083895 
0.028864 
0.121584 
0.460780 
0.322237 
0.842644 
0.315491 
0.461242 
0.093345 
0.842465 
0.308506 
0.064584 
0.461293 
0.957978 
0.742686 
0.317686 
0.355208 
0.987381 
0.912006 
0.090751 
0.255012 
0.984236 
0.054446 
0.071021 
0.653288 
0.813554 
0.407291 
0.335501 
0.759280 
0.223793 
0.286072 
0.018139 
0.865375 
0.357280 
0.812736 
0.658645 
0.850767 
0.844938 
0.867842 
0.817973 
0.663843 
0.211714 
0.278240 
0.382232 
0.170803 
0.683224 
0.948795 
0.396603 
0.714832 
0.181867 
0.644481 
0.786037 
0.916929 
0.829797 
0.389837 
0.997577 
0.278618 
0.734512 
0.948087 
0.498589 
0.787021 
0.457616 
0.157374 
0.991662 
0.870792 
0.393130 
0.340613 
0.674493 
0.207643 
0.851715 
0.766700 
0.924058 
0.639708 
0.567325 
0.027557 
0.153967 
0.726299 
0.900317 
0.629552 
0.874282 
0.051995 
0.877341 
0.476899 
0.247263 
0.746369 
0.218045 
0.686879 
0.379713 
0.828666 
0.388728 
0.346314 
0.498023 
0.267424 
0.600546 
0.379328 
0.362347 
0.974332 
0.605799 
0.668725 
0.254995 
0.703700 
0.082430 
0.398247 
0.339309 
0.771929 
0.815257 
0.021232 
0.853504 
0.844126 
0.219217 
0.386172 
0.385518 
0.404449 
0.575434 
0.326337 
0.747337 
0.495265 
0.926357 
0.283971 
0.703839 
0.426960 
0.910366 
0.514469 
0.674649 
0.831034 
0.186762 
0.915094 
0.989628 
0.684921 
0.467623 
0.335868 
0.928197 
0.202239 
0.024344 
0.142424 
0.722782 
0.805046 
0.414218 
0.763505 
0.222369 
0.348762 
0.642365 
0.229597 
0.830887 
0.709818 
0.915138 
0.728023 
0.880619 
0.562956 
0.599864 
0.918745 
0.344591 
0.542750 
0.991867 
0.300784 
0.275700 
0.684723 
0.139960 
0.309878 
0.123674 
0.587247 
0.853737 
0.761826 
0.010593 
0.031540 
0.092606 
0.429851 
0.508049 
0.779188 
0.810713 
0.652210 
0.692128 
0.603415 
0.593120 
0.567021 
0.913737 
0.179354 
0.408328 
0.776267 
0.721721 
0.971302 
0.676359 
0.561557 
0.091658 
0.496819 
0.037418 
0.885789 
0.451041 
0.651545 
0.515173 
0.515101 
0.298413 
0.433869 
0.030480 
0.280971 
0.286243 
0.891137 
0.335100 
0.026216 
0.606964 
0.249361 
0.016395 
0.547193 
0.674486 
0.094184 
0.948400 
0.756344 
0.873095 
0.113067 
0.316001 
0.021756 
0.652167 
0.966303 
0.657405 
0.999934 
0.895136 
0.547372 
0.685455 
0.443576 
0.183560 
0.093748 
0.617440 
0.310190 
0.367795 
0.534494 
0.244717 
0.951922 
0.960159 
0.386013 
0.714057 
0.164306 
0.499151 
0.231656 
0.445752 
0.747645 
0.670014 
0.922651 
0.989375 
0.419166 
0.927733 
0.410611 
0.132442 
0.952254 
0.538795 
0.521401 
0.187718 
0.978342 
0.985978 
0.339671 
0.848189 
0.517829 
0.148094 
0.018877 
0.270209 
0.409176 
0.026442 
0.410995 
0.585902 
0.250064 
0.819765 
0.788532 
0.863576 
0.125245 
0.988572 
0.929041 
0.399218 
0.651271 
0.907649 
0.851541 
0.844341 
0.845503 
0.368005 
0.066715 
0.273875 
0.012751 
0.313649 
0.493903 
0.030909 
0.481630 
0.759762 
0.323428 
0.847626 
0.055764 
0.225305 
0.695554 
0.178014 
0.884679 
0.808090 
0.564080 
0.500937 
0.254000 
0.977958 
0.543851 
0.508579 
0.683726 
0.376088 
0.919196 
0.924876 
0.388220 
0.815916 
0.096609 
0.712866 
0.137355 
0.532307 
0.483454 
0.412622 
0.934460 
0.475405 
0.124907 
0.313327 
0.091196 
0.733460 
0.260007 
0.942043 
0.911330 
0.723161 
0.169254 
0.655091 
0.121381 
0.043395 
0.347045 
0.778707 
0.735387 
0.647026 
0.564634 
0.810795 
0.029886 
0.288975 
0.808281 
0.775842 
0.583822 
0.299306 
0.443147 
0.964439 
0.322587 
0.712194 
0.842003 
0.540334 
0.391433 
0.820274 
0.348436 
0.162451 
0.311868 
0.562760 
0.308547 
0.754244 
0.571185 
0.898970 
0.992311 
0.766647 
0.038708 
0.558962 
0.470857 
0.690033 
0.393002 
0.187304 
0.025152 
0.737321 
0.147668 
0.852834 
0.588327 
0.019226 
0.123449 
0.810937 
0.424042 
0.882208 
0.276788 
0.979049 
0.876652 
0.885037 
0.814648 
0.791111 
0.206800 
0.681298 
0.579026 
0.683297 
0.169497 
0.740034 
0.743751 
0.218894 
0.948802 
0.507206 
0.606854 
0.396281 
0.288145 
0.852636 
0.248150 
0.664313 
0.106016 
0.814384 
0.358624 
0.385871 
0.340257 
0.700860 
0.360087 
0.977443 
0.880507 
0.674758 
0.661559 
0.823107 
0.955113 
0.586284 
0.679614 
0.269631 
0.695243 
0.954554 
0.197193 
0.215161 
0.210332 
0.056878 
0.951779 
0.554294 
0.012248 
0.859988 
0.820503 
0.186534 
0.082983 
0.695504 
0.339356 
0.558378 
0.652974 
0.533244 
0.229311 
0.025511 
0.770974 
0.758521 
0.464322 
0.862382 
0.060469 
0.299598 
0.340317 
0.710000 
0.974028 
0.483292 
0.687167 
0.215117 
0.478003 
0.802966 
0.450571 
0.744149 
0.916309 
0.411005 
0.761674 
0.457248 
0.959696 
0.611845 
0.282961 
0.729610 
0.563608 
0.551718 
0.717196 
0.919021 
0.980807 
0.423841 
0.495050 
0.300533 
0.062867 
0.603357 
0.617892 
0.906316 
0.445749 
0.703716 
0.348409 
0.709977 
0.586184 
0.996663 
0.909820 
0.349180 
0.664786 
0.061528 
0.107570 
0.924240 
0.703622 
0.769854 
0.932722 
0.259513 
0.641004 
0.356336 
0.938175 
0.906830 
0.084730 
0.060402 
0.171208 
0.485098 
0.045857 
0.715307 
0.168536 
0.589601 
0.416441 
0.120855 
0.205765 
0.298220 
0.181621 
0.502617 
0.489333 
0.223923 
0.465630 
0.845221 
0.635948 
0.373870 
0.627916 
0.383487 
0.258892 
0.201074 
0.444607 
0.507870 
0.773901 
0.957755 
0.986514 
0.334721 
0.648085 
0.360366 
0.669617 
0.256783 
0.755995 
0.009752 
0.896021 
0.431929 
0.433222 
0.158777 
0.561008 
0.865918 
0.489080 
0.972404 
0.192977 
0.366045 
0.124783 
0.227490 
0.429127 
0.336620 
0.578748 
0.014531 
0.222745 
0.674315 
0.218103 
0.652786 
0.378912 
0.370715 
0.612059 
0.880454 
0.783922 
0.372824 
0.047308 
0.103847 
0.355486 
0.650230 
0.416191 
0.918846 
0.041160 
0.778312 
0.091191 
0.641782 
0.426357 
0.781298 
0.283685 
0.887742 
0.281346 
0.574457 
0.900087 
0.765297 
0.354462 
0.435372 
0.292004 
0.718962 
0.586932 
0.561202 
0.121821 
0.445090 
0.631728 
0.444909 
0.593852 
0.868602 
0.587594 
0.692044 
0.189487 
0.713238 
0.398302 
0.263604 
0.384709 
0.803808 
0.601813 
0.664243 
0.924031 
0.188392 
0.309234 
0.291048 
0.635460 
0.170786 
0.399878 
0.754713 
0.461519 
0.745456 
0.876804 
0.446099 
0.582751 
0.298720 
0.582720 
0.768233 
0.688364 
0.328284 
0.465122 
0.299397 
0.973554 
0.521221 
0.165315 
0.452241 
0.811443 
0.914424 
0.730911 
0.421334 
0.364115 
0.684788 
0.225611 
0.837236 
0.427153 
0.157597 
0.726609 
0.123276 
0.898620 
0.108470 
0.052134 
0.224297 
0.765732 
0.660072 
0.830630 
0.391666 
0.729757 
0.025134 
0.422231 
0.436317 
0.182563 
0.334016 
0.810247 
0.826608 
0.794689 
0.330541 
0.408909 
0.540798 
0.185409 
0.173512 
0.220202 
0.941478 
0.425684 
0.477016 
0.207095 
0.650049 
0.369197 
0.101015 
0.754702 
0.274351 
0.019252 
0.575524 
0.828194 
0.454268 
0.889779 
0.510723 
0.718529 
0.314818 
0.147677 
0.012938 
0.456859 
0.437302 
0.729198 
0.630313 
0.672117 
0.273922 
0.812301 
0.345623 
0.889224 
0.187036 
0.515372 
0.849197 
0.448465 
0.345966 
0.655881 
0.386247 
0.651293 
0.274001 
0.135404 
0.729473 
0.258178 
0.202389 
0.546227 
0.432360 
0.670148 
0.178406 
0.468362 
0.763156 
0.362007 
0.247614 
0.643921 
0.386763 
0.321814 
0.727973 
0.047651 
0.864626 
0.769818 
0.326554 
0.394746 
0.497589 
0.986318 
0.050103 
0.079930 
0.385115 
0.630351 
0.305983 
0.650922 
0.042951 
0.878458 
0.240549 
0.910496 
0.705883 
0.781481 
0.343670 
0.058301 
0.872639 
0.437637 
0.365640 
0.303805 
0.046688 
0.677832 
0.317944 
0.686188 
0.763197 
0.052019 
0.276705 
0.587153 
0.275644 
0.745300 
0.264636 
0.736239 
0.972389 
0.937438 
0.525725 
0.855408 
0.842033 
0.046058 
0.100228 
0.524984 
0.402661 
0.515798 
0.016570 
0.491771 
0.188822 
0.529396 
0.556734 
0.036213 
0.639441 
0.085382 
0.019346 
0.142895 
0.637950 
0.020934 
0.834399 
0.739825 
0.236856 
0.846018 
0.026795 
0.345543 
0.533744 
0.631356 
0.207199 
0.398248 
0.359548 
0.928649 
0.810620 
0.090474 
0.589580 
0.072581 
0.876595 
0.930329 
0.046024 
0.520278 
0.311807 
0.537075 
0.623722 
0.898743 
0.178145 
0.088671 
0.296147 
0.334469 
0.423238 
0.368495 
0.293379 
0.825268 
0.280361 
0.023870 
0.177207 
0.322740 
0.288830 
0.370304 
0.702534 
0.481116 
0.114011 
0.186555 
0.426224 
0.548279 
0.921972 
0.577213 
0.225705 
0.426279 
0.465044 
0.995399 
0.673445 
0.584858 
0.714935 
0.906212 
0.707653 
0.528649 
0.007245 
0.771379 
0.572565 
0.102645 
0.147362 
0.715128 
0.160385 
0.593812 
0.199197 
0.897499 
0.257626 
0.926404 
0.065888 
0.381177 
0.443489 
0.727746 
0.223624 
0.449037 
0.964551 
0.202895 
0.060409 
0.287476 
0.610479 
0.318523 
0.421667 
0.958615 
0.447273 
0.311259 
0.335089 
0.833170 
0.095882 
0.488484 
0.952241 
0.310515 
0.827197 
0.691680 
0.071294 
0.231198 
0.738124 
0.650824 
0.391767 
0.430529 
0.896488 
0.281613 
0.072436 
0.429227 
0.011675 
0.216931 
0.954824 
0.734530 
0.247837 
0.395875 
0.470861 
0.757669 
0.142567 
0.128499 
0.679593 
0.911786 
0.392956 
0.412408 
0.337211 
0.498765 
0.739456 
0.035891 
0.220330 
0.084730 
0.048967 
0.994499 
0.545722 
0.958014 
0.342373 
0.269165 
0.857416 
0.595089 
0.668806 
0.619444 
0.001685 
0.314301 
0.462247 
0.979480 
0.116474 
0.573648 
0.295971 
0.388898 
0.203604 
0.971407 
0.436478 
0.883959 
0.706198 
0.076888 
0.258043 
0.930957 
0.597049 
0.610910 
0.559660 
0.208626 
0.381633 
0.098281 
0.812960 
0.410341 
0.594118 
0.345817 
0.146981 
0.317502 
0.253156 
0.801210 
0.942106 
0.983112 
0.165558 
0.540102 
0.497408 
0.930708 
0.409167 
0.872012 
0.907359 
0.981684 
0.165661 
0.256636 
0.285868 
0.579209 
0.766652 
0.111892 
0.568819 
0.136225 
0.527417 
0.299439 
0.674656 
0.939359 
0.801288 
0.248359 
0.166104 
0.716254 
0.081721 
0.480401 
0.094743 
0.343792 
0.108716 
0.194679 
0.964788 
0.196402 
0.926800 
0.725995 
0.802745 
0.727387 
0.192960 
0.085619 
0.994296 
0.133191 
0.536250 
0.753737 
0.052142 
0.358887 
0.821075 
0.804798 
0.236948 
0.389848 
0.170884 
0.051399 
0.858767 
0.296608 
0.096294 
0.419243 
0.213598 
0.937665 
0.331273 
0.710279 
0.663134 
0.296756 
0.571118 
0.772458 
0.706161 
0.447781 
0.856019 
0.108343 
0.923495 
0.182065 
0.963386 
0.621241 
0.199097 
0.215291 
0.393905 
0.362846 
0.347882 
0.858400 
0.137021 
0.910892 
0.362516 
0.800270 
0.138804 
0.882857 
0.185980 
0.765017 
0.646470 
0.221225 
