0.000001 
0.014001 
0.321103 
0.777921 
0.525086 
0.120588 
0.717984 
0.162818 
0.488978 
0.261270 
0.165591 
0.085217 
0.235890 
0.597004 
0.849506 
0.642865 
0.633646 
0.686248 
0.772055 
0.930599 
0.580763 
0.882408 
0.636382 
0.679214 
0.550889 
0.792567 
0.675583 
0.525190 
0.861024 
0.222849 
0.429973 
0.563966 
0.572293 
0.528406 
0.914015 
0.850492 
0.211031 
0.790398 
0.218359 
0.965883 
0.590882 
0.952566 
0.782462 
0.839457 
0.753589 
0.566730 
0.035045 
0.994511 
0.741053 
0.878131 
0.740005 
0.259158 
0.662128 
0.378462 
0.808337 
0.725048 
0.881382 
0.379598 
0.907097 
0.573294 
0.349582 
0.424382 
0.591459 
0.646323 
0.749932 
0.102738 
0.724289 
0.132523 
0.321149 
0.550243 
0.937096 
0.764993 
0.230303 
0.699341 
0.819404 
0.718087 
0.893581 
0.413137 
0.600247 
0.349015 
0.895934 
0.965150 
0.278657 
0.387318 
0.646534 
0.294119 
0.253175 
0.105656 
0.762065 
0.030146 
0.655690 
0.185638 
0.009756 
0.966279 
0.246653 
0.502199 
0.461011 
0.212499 
0.462534 
0.808600 
0.140967 
0.236812 
0.104172 
0.822933 
0.028262 
0.005039 
0.690457 
0.503846 
0.133167 
0.130766 
0.780933 
0.140400 
0.695552 
0.150505 
0.529354 
0.855382 
0.408867 
0.824098 
0.612460 
0.616132 
0.334371 
0.781712 
0.238196 
0.366286 
0.170648 
0.081684 
0.867252 
0.898269 
0.200430 
0.622781 
0.078231 
0.826295 
0.532989 
0.949422 
0.928376 
0.222505 
0.640628 
0.036707 
0.936543 
0.476869 
0.734855 
0.704303 
0.226391 
0.945442 
0.043145 
0.132819 
0.283615 
0.715571 
0.603740 
0.054141 
0.952529 
0.150616 
0.399207 
0.469112 
0.365630 
0.137667 
0.762521 
0.688052 
0.092944 
0.103272 
0.697590 
0.388906 
0.336496 
0.483050 
0.614849 
0.763199 
0.093890 
0.003872 
0.075626 
0.053850 
0.050021 
0.696283 
0.424936 
0.898624 
0.173210 
0.132718 
0.591523 
0.719623 
0.710660 
0.061019 
0.544731 
0.298695 
0.165003 
0.201866 
0.765502 
0.794793 
0.079359 
0.790746 
0.061253 
0.474688 
0.078246 
0.088306 
0.155061 
0.104398 
0.617493 
0.204079 
0.956268 
0.996369 
0.969534 
0.961943 
0.383625 
0.586854 
0.247695 
0.003299 
0.448261 
0.921437 
0.586687 
0.454651 
0.323618 
0.043297 
0.696956 
0.746069 
0.176071 
0.229162 
0.518600 
0.112827 
0.284137 
0.488665 
0.991963 
0.929741 
0.156310 
0.109669 
0.202468 
0.884372 
0.631839 
0.312532 
0.719312 
0.477848 
0.185875 
0.003442 
0.858039 
0.064095 
0.243418 
0.123521 
0.019853 
0.671564 
0.969512 
0.586716 
0.935910 
0.845286 
0.725770 
0.010869 
0.669032 
0.414357 
0.096702 
0.267770 
0.407415 
0.419694 
0.798414 
0.943515 
0.650804 
0.064531 
0.572531 
0.526757 
0.202297 
0.008705 
0.307728 
0.982182 
0.525389 
0.213504 
0.355165 
0.258973 
0.558526 
0.147809 
0.228584 
0.804683 
0.304015 
0.581546 
0.035224 
0.017767 
0.604773 
0.413647 
0.158116 
0.448065 
0.625173 
0.290304 
0.138681 
0.812955 
0.334847 
0.780614 
0.776879 
0.007809 
0.244730 
0.172845 
0.008842 
0.613048 
0.489981 
0.117884 
0.279063 
0.207083 
0.438979 
0.926589 
0.181080 
0.419294 
0.074725 
0.908956 
0.829269 
0.525645 
0.509499 
0.157068 
0.843195 
0.578391 
0.010399 
0.772429 
0.206103 
0.972345 
0.209562 
0.116814 
0.293628 
0.003814 
0.094677 
0.239022 
0.234542 
0.947398 
0.912166 
0.773169 
0.648058 
0.907970 
0.259311 
0.246739 
0.943769 
0.932360 
0.179215 
0.064933 
0.337128 
0.109334 
0.572851 
0.911831 
0.145109 
0.851537 
0.786700 
0.069693 
0.334807 
0.108493 
0.443171 
0.378344 
0.830050 
0.655263 
0.012880 
0.468452 
0.266961 
0.821847 
0.787852 
0.432170 
0.480363 
0.453630 
0.162800 
0.187538 
0.951822 
0.271001 
0.716735 
0.172973 
0.164984 
0.879068 
0.489430 
0.853279 
0.054668 
0.806039 
0.089613 
0.119492 
0.302999 
0.508047 
0.746568 
0.561212 
0.289227 
0.038379 
0.029569 
0.971231 
0.485060 
0.405597 
0.871935 
0.608338 
0.339608 
0.794283 
0.507740 
0.579802 
0.733462 
0.301252 
0.146186 
0.951378 
0.809356 
0.852595 
0.570003 
0.046508 
0.660453 
0.239103 
0.610269 
0.791335 
0.971307 
0.752008 
0.005817 
0.772702 
0.808994 
0.765535 
0.345284 
0.184302 
0.557898 
0.594232 
0.256633 
0.229494 
0.112521 
0.141516 
0.454992 
0.046408 
0.973206 
0.665047 
0.436884 
0.702645 
0.346429 
0.435824 
0.892231 
0.722716 
0.693342 
0.997564 
0.049908 
0.805729 
0.893757 
0.365784 
0.730042 
0.813314 
0.372555 
0.528041 
0.791924 
0.862632 
0.259402 
0.769852 
0.907333 
0.550929 
0.457339 
0.495308 
0.641257 
0.603229 
0.471995 
0.823260 
0.533667 
0.341344 
0.965117 
0.728596 
0.516954 
0.437674 
0.986897 
0.773428 
0.997163 
0.325304 
0.381250 
0.666399 
0.164832 
0.333244 
0.825401 
0.509232 
0.670555 
0.016915 
0.293810 
0.070373 
0.756979 
0.538785 
0.363833 
0.937429 
0.376390 
0.982872 
0.136880 
0.542891 
0.368571 
0.564749 
0.744339 
0.098135 
0.361850 
0.616623 
0.585681 
0.545600 
0.906965 
0.365772 
0.537983 
0.875993 
0.817948 
0.253804 
0.683918 
0.604200 
0.784520 
0.429700 
0.973534 
0.187262 
0.316357 
0.017537 
0.751663 
0.203637 
0.523471 
0.980516 
0.527782 
0.427854 
0.945048 
0.420088 
0.411140 
0.035313 
0.500081 
0.861847 
0.061670 
0.493102 
0.562831 
0.495064 
0.540615 
0.116056 
0.552220 
0.169339 
0.074090 
0.237749 
0.844363 
0.202464 
0.806523 
0.225460 
0.306392 
0.526450 
0.042137 
0.198849 
0.050645 
0.190700 
0.102746 
0.853182 
0.428356 
0.385200 
0.059266 
0.080728 
0.803832 
0.008087 
0.922363 
0.151911 
0.175391 
0.789295 
0.681369 
0.768532 
0.717103 
0.355602 
0.597634 
0.437863 
0.168746 
0.118886 
0.118928 
0.829688 
0.565456 
0.618396 
0.388777 
0.178210 
0.175676 
0.579542 
0.357669 
0.340061 
0.410099 
0.534768 
0.852014 
0.800887 
0.501676 
0.673525 
0.926282 
0.028747 
0.147226 
0.422965 
0.767607 
0.173864 
0.124509 
0.627307 
0.148012 
0.640341 
0.204206 
0.087725 
0.392205 
0.789797 
0.114822 
0.811364 
0.588536 
0.519608 
0.056885 
0.069316 
0.988796 
0.692977 
0.867669 
0.918874 
0.515595 
0.599029 
0.885822 
0.012779 
0.776289 
0.087174 
0.128320 
0.666879 
0.229467 
0.657809 
0.796025 
0.785772 
0.473743 
0.196712 
0.136321 
0.144682 
0.662594 
0.225250 
0.778570 
0.421529 
0.631499 
0.606733 
0.357942 
0.928912 
0.224497 
0.114542 
0.101165 
0.280733 
0.279314 
0.437439 
0.033453 
0.248974 
0.502289 
0.963063 
0.207875 
0.747180 
0.859219 
0.894706 
0.321771 
0.001005 
0.897123 
0.953063 
0.135014 
0.176173 
0.932806 
0.664323 
0.279362 
0.244854 
0.260905 
0.027643 
0.601799 
0.427878 
0.351291 
0.152057 
0.616599 
0.187710 
0.849073 
0.376332 
0.006564 
0.323960 
0.801368 
0.599214 
0.982951 
0.461681 
0.470441 
0.703880 
0.107181 
0.385684 
0.195442 
0.792215 
0.762706 
0.805483 
0.750868 
0.837630 
0.052738 
0.365981 
0.035431 
0.482759 
0.724331 
0.824758 
0.706972 
0.085386 
0.082614 
0.494374 
0.951374 
0.748600 
0.724746 
0.805887 
0.545534 
0.788389 
0.458940 
0.402913 
0.764538 
0.593308 
0.731057 
0.879190 
0.543406 
0.025012 
0.382241 
0.322611 
0.121701 
0.425230 
0.833212 
0.800936 
0.333205 
0.168901 
0.724950 
0.229313 
0.067899 
0.179634 
0.116946 
0.513437 
0.329740 
0.943422 
0.093239 
0.071624 
0.779334 
0.270752 
0.530544 
0.846238 
0.723432 
0.720554 
0.351181 
0.306818 
0.689213 
0.609686 
0.990170 
0.779233 
0.561285 
0.520706 
0.509343 
0.527017 
0.569489 
0.409867 
0.633566 
0.342296 
0.971537 
0.629067 
0.721459 
0.559633 
0.745947 
0.130673 
0.222844 
0.334460 
0.276799 
0.164941 
0.162196 
0.022650 
0.672582 
0.078534 
0.925393 
0.085023 
0.973781 
0.331528 
0.995162 
0.681378 
0.921420 
0.307795 
0.105571 
0.327961 
0.045846 
0.536451 
0.135464 
0.741172 
0.884976 
0.791178 
0.331480 
0.187606 
0.086246 
0.541855 
0.952582 
0.050946 
0.243279 
0.794167 
0.559506 
0.615124 
0.389398 
0.606612 
0.332243 
0.003207 
0.898953 
0.700896 
0.957106 
0.074536 
0.721300 
0.882772 
0.744731 
0.686717 
0.659572 
0.423481 
0.447340 
0.447812 
0.384220 
0.593665 
0.726690 
0.479468 
0.424239 
0.176726 
0.240245 
0.795032 
0.108335 
0.786393 
0.903092 
0.269351 
0.988230 
0.182632 
0.488265 
0.266318 
0.010736 
0.433445 
0.908249 
0.947627 
0.774886 
0.511582 
0.166038 
0.597882 
0.594871 
0.991070 
0.908191 
0.971100 
0.278908 
0.613111 
0.554477 
0.098601 
0.181356 
0.046126 
0.242009 
0.441358 
0.907510 
0.524894 
0.896069 
0.228505 
0.480837 
0.424075 
0.430086 
0.448109 
0.374024 
0.220487 
0.722725 
0.833528 
0.102425 
0.452439 
0.146892 
0.820513 
0.362729 
0.393207 
0.638123 
0.929776 
0.747193 
0.081136 
0.648689 
0.510682 
0.025496 
0.512140 
0.540792 
0.085107 
0.385219 
0.382393 
0.881388 
0.480770 
0.296084 
0.283294 
0.319837 
0.506460 
0.076860 
0.792077 
0.434127 
0.367377 
0.499355 
0.663879 
0.816591 
0.439272 
0.850768 
0.863549 
0.664702 
0.647429 
0.333857 
0.132205 
0.963185 
0.254329 
0.511100 
0.050077 
0.648501 
0.364544 
0.886965 
0.217460 
0.856959 
0.917805 
0.543989 
0.823032 
0.696124 
0.759995 
0.229459 
0.516160 
0.093597 
0.085046 
0.365005 
0.642482 
0.194008 
0.684173 
0.890084 
0.639601 
0.771846 
0.417428 
0.714581 
0.964933 
0.637313 
0.326779 
0.180697 
0.981839 
0.771693 
0.840870 
0.501658 
0.358787 
0.134132 
0.360715 
0.532170 
0.188512 
0.323929 
0.274622 
0.579920 
0.722346 
0.473202 
0.104294 
0.874803 
0.816331 
0.074780 
0.830143 
0.221547 
0.538883 
0.005977 
0.459213 
0.996303 
0.870853 
0.424168 
0.997285 
0.364034 
0.317372 
0.074804 
0.230948 
0.534753 
0.598643 
0.396533 
0.534976 
0.334154 
0.119738 
0.444049 
0.124820 
0.856621 
0.225765 
0.426050 
0.628253 
0.041678 
0.475897 
0.402834 
0.437233 
0.573666 
0.602045 
0.568716 
0.416544 
0.860766 
0.897599 
0.939818 
0.527049 
0.118235 
0.181883 
0.900732 
0.596296 
0.946389 
0.952416 
0.254725 
0.159256 
0.613442 
0.123072 
0.471007 
0.213388 
0.412042 
0.188471 
0.624737 
0.951705 
0.311646 
0.836860 
0.113746 
0.728506 
0.002880 
0.400255 
0.092476 
0.236206 
0.912948 
0.919035 
0.223886 
0.856003 
0.840752 
0.514981 
0.280494 
0.256725 
0.776627 
0.765557 
0.712818 
0.330371 
0.539434 
0.263077 
0.538869 
0.771844 
0.374743 
0.307485 
0.893506 
0.159494 
0.614267 
0.977295 
0.400502 
0.243527 
0.958273 
0.686603 
0.738456 
0.237239 
0.275717 
0.975880 
0.608755 
0.339075 
0.825882 
0.594013 
0.573387 
0.915638 
0.135790 
0.216430 
0.537721 
0.474138 
0.835923 
0.351994 
0.962369 
0.531957 
0.598721 
0.702801 
0.981043 
0.396060 
0.578657 
0.492576 
0.726774 
0.885335 
0.820198 
0.071963 
0.480743 
0.839423 
0.184893 
0.504893 
0.729913 
0.641325 
0.742514 
0.427815 
0.290012 
0.233371 
0.268094 
0.853871 
0.013379 
0.853788 
0.615472 
0.231759 
0.170848 
0.438445 
0.950737 
0.043379 
0.076612 
0.621976 
0.549084 
0.450367 
0.325513 
0.895071 
0.450217 
0.797549 
0.400274 
0.397516 
0.053037 
0.385986 
0.266577 
0.359732 
0.009249 
0.451713 
0.946185 
0.537208 
0.847037 
0.153599 
0.538075 
0.418148 
0.812951 
0.260121 
0.857813 
0.257263 
0.816349 
0.383147 
0.550534 
0.826847 
0.812731 
0.567899 
0.670114 
0.601227 
0.819562 
0.381855 
0.832078 
0.729389 
0.841848 
0.940406 
0.406674 
0.976636 
0.315961 
0.353415 
0.851210 
0.294209 
0.770739 
0.808928 
0.656460 
0.125326 
0.354093 
0.247703 
0.149018 
0.550338 
0.536931 
0.193494 
0.047845 
0.124708 
0.967007 
0.479120 
0.565849 
0.223101 
0.654342 
0.532032 
0.856606 
0.982263 
0.890848 
0.479863 
0.060123 
0.488840 
0.925670 
0.738089 
0.055730 
0.652970 
0.468645 
0.516407 
0.259182 
0.072785 
0.297744 
0.175198 
0.556120 
0.711096 
0.387064 
0.385154 
0.283853 
0.711293 
0.695325 
0.328967 
0.942782 
0.332608 
0.135950 
0.909742 
0.031368 
0.200481 
0.481772 
0.139706 
0.044037 
0.136869 
0.350331 
0.012831 
0.651402 
0.116493 
0.893026 
0.090030 
0.130886 
0.798187 
0.136831 
0.722954 
0.680658 
0.817564 
0.804617 
0.205741 
0.883735 
0.940361 
0.644754 
0.378347 
0.871029 
0.387122 
0.362347 
0.960542 
0.836217 
0.292147 
0.113463 
0.967827 
0.276344 
0.505633 
0.179678 
0.851662 
0.886374 
0.290572 
0.641857 
0.683186 
0.303159 
0.186771 
0.053778 
0.839234 
0.011230 
0.747960 
0.971315 
0.884978 
0.832838 
0.507126 
0.274736 
0.480899 
0.461859 
0.472331 
0.469438 
0.840167 
0.688935 
0.929791 
0.996682 
0.242746 
0.835150 
0.359587 
0.579490 
0.493082 
0.229067 
0.934551 
0.996045 
0.522530 
0.160614 
0.435878 
0.809387 
0.373033 
0.569839 
0.289223 
0.976926 
0.194857 
0.958241 
0.164224 
0.117249 
0.604404 
0.214012 
0.893851 
0.958904 
0.299121 
0.321490 
0.276109 
0.561355 
0.685974 
0.170620 
0.603438 
0.987632 
0.123845 
0.466818 
0.815204 
0.139232 
0.070932 
0.146736 
0.183950 
0.649584 
0.561056 
0.664380 
0.237302 
0.338585 
0.596736 
0.345141 
0.778891 
0.813326 
0.565271 
0.514537 
0.817377 
0.663481 
0.119856 
0.420856 
0.333963 
0.915717 
0.452036 
0.373178 
0.996413 
0.711975 
0.162678 
0.126910 
0.972968 
0.678904 
0.347551 
0.288734 
0.743938 
0.360931 
0.161532 
0.864697 
0.958017 
0.393550 
0.394762 
0.760618 
0.708302 
0.433771 
0.393564 
0.626430 
0.410685 
0.381444 
0.936326 
0.836558 
0.037305 
0.978369 
0.455928 
0.789235 
0.680971 
0.082300 
0.222399 
0.861139 
0.158279 
0.198830 
0.737723 
0.915317 
0.735149 
0.644957 
0.795903 
0.740053 
0.074376 
0.032754 
0.495638 
0.182029 
0.358799 
0.327107 
0.687957 
0.492600 
0.124815 
0.765702 
0.151280 
0.559022 
0.489670 
0.884681 
0.827030 
0.885528 
0.065817 
0.187319 
0.274673 
0.425082 
0.356550 
0.536340 
0.273391 
0.876004 
0.999903 
0.375841 
0.752053 
0.761117 
0.090023 
0.011823 
0.713816 
0.113065 
0.278497 
0.692675 
0.791463 
0.114871 
0.636803 
0.747513 
0.457335 
0.427649 
0.497078 
0.395219 
0.441605 
0.050493 
0.631501 
0.640637 
0.179640 
0.211168 
0.096868 
0.062214 
0.632360 
0.078010 
0.121268 
0.149469 
0.123078 
0.579973 
0.614012 
0.704943 
0.974257 
0.342983 
0.520457 
0.313838 
0.670313 
0.957604 
0.457696 
0.502305 
0.234404 
0.622989 
0.583701 
0.259293 
0.934827 
0.636761 
0.037850 
0.136857 
0.159454 
0.937716 
0.193199 
0.098425 
0.232873 
0.894434 
0.759741 
0.966608 
0.776789 
0.497914 
0.448490 
0.771666 
0.390791 
0.026537 
0.007918 
0.082346 
0.982426 
0.627283 
0.746723 
0.171791 
0.296916 
0.260861 
0.284874 
0.876477 
0.949170 
0.701871 
0.344623 
0.076062 
0.371364 
0.514254 
0.071639 
0.042582 
0.675794 
0.071161 
0.002075 
0.882230 
0.631745 
0.743892 
0.600435 
0.503120 
0.939934 
0.466048 
0.868323 
0.911667 
0.388216 
0.744899 
0.522720 
0.350172 
0.346058 
0.202395 
0.647797 
0.529774 
0.916020 
0.539818 
0.721569 
0.415476 
0.907036 
0.553909 
0.552676 
0.831166 
0.411776 
0.713650 
0.315913 
0.541476 
0.594917 
0.775663 
0.571453 
0.404650 
0.954634 
0.528661 
0.212907 
0.321376 
0.369222 
0.510811 
0.204827 
0.524627 
0.398810 
0.800842 
0.750149 
0.757418 
0.925219 
0.149829 
0.173253 
0.867098 
0.308335 
0.189426 
0.687139 
0.741974 
0.361021 
0.683213 
0.756845 
0.300811 
0.738700 
0.328732 
0.995216 
0.593033 
0.100672 
0.993751 
0.966188 
0.719611 
0.506666 
0.528571 
0.692008 
0.583006 
0.586960 
0.030675 
0.547581 
0.185947 
0.218541 
0.020413 
0.079603 
0.886950 
0.966500 
0.966245 
0.677543 
0.468859 
0.108797 
0.550855 
0.227331 
0.753448 
0.197610 
0.231196 
0.707429 
0.759618 
0.907694 
0.604711 
0.383383 
0.523684 
0.563451 
0.921807 
0.811171 
0.351393 
0.859677 
0.583519 
0.201750 
0.804057 
0.794328 
0.273511 
0.894683 
0.936212 
0.923410 
0.756531 
0.012964 
0.889830 
0.370817 
0.326832 
0.072911 
0.421225 
0.534028 
0.414559 
0.499490 
0.924988 
0.267425 
0.617302 
0.001732 
0.113342 
0.944265 
0.260455 
0.460343 
0.977518 
0.153059 
0.456035 
0.575737 
0.417257 
0.842382 
0.912063 
0.040121 
0.314865 
0.932240 
0.150049 
0.867988 
0.278426 
0.513680 
0.412906 
0.706714 
0.746329 
0.559801 
0.569670 
0.438484 
0.600670 
0.467458 
0.564989 
0.763531 
0.671547 
0.697037 
0.098622 
0.536618 
0.940943 
0.434399 
0.946797 
0.810718 
0.739239 
0.392333 
0.934598 
0.782587 
0.938701 
0.739889 
0.315487 
0.383980 
0.552300 
0.506724 
0.514404 
0.586416 
0.896206 
0.533527 
0.990201 
0.303568 
0.066940 
0.054872 
0.233581 
0.800854 
0.959137 
0.210975 
0.854137 
0.484302 
0.656794 
0.734250 
0.540722 
0.913961 
0.939064 
0.846375 
0.016996 
0.658596 
0.024483 
0.479879 
0.324740 
0.912994 
0.697219 
0.157699 
0.448794 
0.882019 
0.094164 
0.611349 
0.949960 
0.974290 
0.886486 
0.162154 
0.325438 
0.628725 
0.978407 
0.078391 
0.515678 
0.994667 
0.361893 
0.331859 
0.561064 
0.804785 
0.025222 
0.898065 
0.780103 
0.189380 
0.906693 
0.793741 
0.398292 
0.092057 
0.207931 
0.690751 
0.449571 
0.939166 
0.557626 
0.017449 
0.273505 
0.793128 
0.101874 
0.188749 
0.312419 
0.825292 
0.675428 
0.919877 
0.378266 
0.522749 
0.846208 
0.211071 
0.467715 
0.893159 
0.317281 
0.549249 
0.227594 
0.167324 
0.221678 
0.742781 
0.915581 
0.162338 
0.414803 
0.592141 
0.112079 
0.714166 
0.989439 
0.505959 
0.659608 
0.032467 
0.665711 
0.609143 
0.868286 
0.277942 
0.378897 
0.115145 
0.245587 
0.588657 
0.563864 
0.858686 
0.935078 
0.861904 
0.028156 
0.226097 
0.019674 
0.658505 
0.499530 
0.604935 
0.138921 
0.852089 
0.066544 
0.398161 
0.899414 
0.449667 
0.548079 
0.569961 
0.337165 
0.733025 
0.950726 
0.855562 
0.432772 
0.605454 
0.863218 
0.102204 
0.742959 
0.918371 
0.054742 
0.042401 
0.640157 
0.114660 
0.098940 
0.879610 
0.605069 
0.387414 
0.264010 
0.208794 
0.205113 
0.328421 
0.767021 
0.325184 
0.366523 
0.156673 
0.197950 
0.947083 
0.621008 
0.283814 
0.069092 
0.230581 
0.378649 
0.947557 
0.584175 
0.220957 
0.616714 
0.108161 
0.854604 
0.321503 
0.493236 
0.814211 
0.444428 
0.501230 
0.164906 
0.572338 
0.282633 
0.210658 
0.535391 
0.324244 
0.569067 
0.315146 
0.655547 
0.783647 
0.747197 
0.136844 
0.934665 
0.909365 
0.697135 
0.749336 
0.092280 
0.948685 
0.544274 
0.614210 
0.025421 
0.248557 
0.501820 
0.094627 
0.404120 
0.046378 
0.482837 
0.033393 
0.229816 
0.519979 
0.282402 
0.329045 
0.264757 
0.775016 
0.697738 
0.879475 
0.343741 
0.253521 
0.929031 
0.215627 
0.037836 
0.918001 
0.836746 
0.190486 
0.500910 
0.795398 
0.258186 
0.338787 
0.986798 
0.121915 
0.024647 
0.245820 
0.489062 
0.656727 
0.616292 
0.025375 
0.471712 
0.060969 
0.710346 
0.792025 
0.570393 
0.594002 
0.384787 
0.118020 
0.558735 
0.665551 
0.912834 
0.995666 
0.154761 
0.070047 
0.277581 
0.302550 
0.965658 
0.807067 
0.378133 
0.277340 
0.260176 
0.777317 
0.368916 
0.374443 
0.269846 
0.307723 
0.903730 
0.990601 
0.025754 
0.846243 
0.800185 
0.711642 
0.572576 
0.288662 
0.537511 
0.942426 
0.356721 
0.405511 
0.421137 
0.053937 
0.514217 
0.443378 
0.846639 
0.458555 
0.931821 
0.112092 
0.933547 
0.125179 
0.878746 
0.081456 
0.030898 
0.310663 
0.316780 
0.125164 
0.635494 
0.755463 
0.061879 
0.005913 
0.378274 
0.654694 
0.441778 
0.961198 
0.850290 
0.816014 
0.750204 
0.674434 
0.207855 
0.425430 
0.209211 
0.204305 
0.756197 
0.407108 
0.266014 
0.901846 
0.327639 
0.621632 
0.773161 
0.510415 
0.552890 
0.428510 
0.966869 
0.166365 
0.097150 
0.805550 
0.871158 
0.551238 
0.665373 
0.921814 
0.936096 
0.957567 
0.831829 
0.556925 
0.232393 
0.830590 
0.720492 
0.312121 
0.823913 
0.504218 
0.383571 
0.680662 
0.881819 
0.729858 
0.725436 
0.401318 
0.959380 
0.299674 
0.614646 
0.350355 
0.410614 
0.191022 
0.512599 
0.244631 
0.517639 
0.950490 
0.887851 
0.114931 
0.642077 
0.381787 
0.694155 
0.661144 
0.850422 
0.045825 
0.181424 
0.186780 
0.216942 
0.139042 
0.870987 
0.685911 
0.102680 
0.746095 
0.618997 
0.478744 
0.246204 
0.958393 
0.713171 
0.264856 
0.434973 
0.599527 
0.257102 
0.119422 
0.119042 
0.734532 
0.284637 
0.886555 
0.327086 
0.330589 
0.214118 
0.674593 
0.883378 
0.933685 
0.444656 
0.338404 
0.563979 
0.794546 
0.938513 
0.593955 
0.596938 
0.735039 
0.793371 
0.191371 
0.366112 
0.250215 
0.361425 
0.474459 
0.225591 
0.507488 
0.345525 
0.238557 
0.420601 
0.041262 
0.491223 
0.977655 
0.445019 
0.428830 
0.349947 
0.567041 
0.260625 
0.328738 
0.103024 
0.526064 
0.563985 
0.899318 
0.834883 
0.882403 
0.546254 
0.890046 
0.999999 
0.977648 
0.328077 
0.991200 
0.095223 
0.416770 
0.652564 
0.640576 
0.162369 
0.929465 
0.517089 
0.718067 
0.546841 
0.762972 
0.262052 
0.313570 
0.176248 
0.197359 
0.013980 
0.964901 
0.098570 
0.660057 
0.577133 
0.882708 
0.673371 
0.347361 
0.091411 
0.348272 
0.407444 
0.905837 
0.399662 
0.123708 
0.162399 
0.434250 
0.441349 
0.750138 
0.563050 
0.184250 
0.691652 
0.597227 
0.592756 
0.456943 
0.836383 
0.081895 
0.415735 
0.262951 
0.409118 
0.051245 
0.276441 
0.140335 
0.609025 
0.890914 
0.598079 
0.916217 
0.866064 
0.939219 
0.455436 
0.506354 
0.293646 
0.301662 
0.028281 
0.310768 
0.082613 
0.470152 
0.841920 
0.150128 
0.202588 
0.891287 
0.866852 
0.185302 
0.372641 
0.980537 
0.890025 
0.654378 
0.137386 
0.041444 
0.542724 
0.561252 
0.960143 
0.115267 
0.295814 
0.753790 
0.956487 
0.681845 
0.771660 
0.286192 
0.023998 
0.342787 
0.223332 
0.548298 
0.237758 
0.995427 
0.144850 
0.500452 
0.090306 
0.779608 
0.876664 
0.097319 
0.645614 
0.829870 
0.632978 
0.459846 
0.627996 
0.721467 
0.696078 
0.975745 
0.353860 
0.329244 
0.598477 
0.611254 
0.340780 
0.489670 
0.876189 
0.108529 
0.053753 
0.430424 
0.134867 
0.703956 
0.381674 
0.788332 
0.499740 
0.131599 
0.776250 
0.433140 
0.778440 
0.241313 
0.755243 
0.365313 
0.814742 
0.361284 
0.107084 
0.754669 
0.720393 
0.643070 
0.075213 
0.113206 
