0.000001 
0.014878 
0.053335 
0.405717 
0.893901 
0.790518 
0.241413 
0.431815 
0.521827 
0.342467 
0.851195 
0.037449 
0.410523 
0.665123 
0.721582 
0.630568 
0.960068 
0.854979 
0.634252 
0.873152 
0.067094 
0.640837 
0.554926 
0.644598 
0.759776 
0.563259 
0.691606 
0.825257 
0.099947 
0.814777 
0.963320 
0.519899 
0.938473 
0.923141 
0.230041 
0.291663 
0.973264 
0.645918 
0.936334 
0.962070 
0.508813 
0.620922 
0.828094 
0.777422 
0.129442 
0.536811 
0.175863 
0.737599 
0.828251 
0.421647 
0.618082 
0.106573 
0.168085 
0.009198 
0.597903 
0.962726 
0.530188 
0.869545 
0.444601 
0.404601 
0.132787 
0.745529 
0.098023 
0.471023 
0.481621 
0.606655 
0.049678 
0.940708 
0.483233 
0.699839 
0.196992 
0.844187 
0.254223 
0.732502 
0.166957 
0.049795 
0.911513 
0.802892 
0.209653 
0.638612 
0.158843 
0.680688 
0.319579 
0.164500 
0.753528 
0.537797 
0.762037 
0.562802 
0.008209 
0.969428 
0.175778 
0.303464 
0.317801 
0.279987 
0.733308 
0.706920 
0.210946 
0.365545 
0.711726 
0.972135 
0.665164 
0.414858 
0.510918 
0.990718 
0.000965 
0.221676 
0.715795 
0.373287 
0.835187 
0.989148 
0.610706 
0.140805 
0.504329 
0.263896 
0.291952 
0.838503 
0.717303 
0.718060 
0.440630 
0.663649 
0.942225 
0.972630 
0.992069 
0.702241 
0.571494 
0.091829 
0.367046 
0.942766 
0.070440 
0.883123 
0.642659 
0.169249 
0.563562 
0.786948 
0.239152 
0.433752 
0.065866 
0.007703 
0.460239 
0.241771 
0.439329 
0.796468 
0.232179 
0.233809 
0.636120 
0.262990 
0.065485 
0.599386 
0.872392 
0.292299 
0.666158 
0.122035 
0.041863 
0.584562 
0.738436 
0.893630 
0.240666 
0.879814 
0.033363 
0.726283 
0.641765 
0.147183 
0.696858 
0.086237 
0.378886 
0.941220 
0.081322 
0.771582 
0.981982 
0.172369 
0.005081 
0.389398 
0.617554 
0.222071 
0.339447 
0.091837 
0.509494 
0.062048 
0.842909 
0.774174 
0.539147 
0.445399 
0.822622 
0.803660 
0.113035 
0.779151 
0.187178 
0.905091 
0.860504 
0.488754 
0.494548 
0.869687 
0.822119 
0.348497 
0.184379 
0.858555 
0.727706 
0.549523 
0.836269 
0.166939 
0.749732 
0.752716 
0.894839 
0.563595 
0.342730 
0.263640 
0.990102 
0.646334 
0.940300 
0.627897 
0.068147 
0.338332 
0.351432 
0.513491 
0.250340 
0.470366 
0.436078 
0.169342 
0.123937 
0.001922 
0.294660 
0.345154 
0.001058 
0.776518 
0.933552 
0.215832 
0.480946 
0.257903 
0.575377 
0.353574 
0.521035 
0.042954 
0.925510 
0.045732 
0.609693 
0.110476 
0.778112 
0.726298 
0.890534 
0.207316 
0.367629 
0.739330 
0.918295 
0.777916 
0.441493 
0.165473 
0.097538 
0.320759 
0.002116 
0.558201 
0.682045 
0.131176 
0.670979 
0.142183 
0.663816 
0.756595 
0.092784 
0.421536 
0.748331 
0.202834 
0.034192 
0.658081 
0.373817 
0.737275 
0.383196 
0.373226 
0.816061 
0.532989 
0.952466 
0.096576 
0.152975 
0.055529 
0.283162 
0.111666 
0.777225 
0.813230 
0.950605 
0.821927 
0.127750 
0.096113 
0.378338 
0.732166 
0.512147 
0.657115 
0.131252 
0.947123 
0.299304 
0.400837 
0.871156 
0.520215 
0.249581 
0.702317 
0.846973 
0.068238 
0.877615 
0.072066 
0.212655 
0.099637 
0.597853 
0.109886 
0.857414 
0.557586 
0.339725 
0.758740 
0.150252 
0.293700 
0.209826 
0.541679 
0.996750 
0.385271 
0.247614 
0.646942 
0.160349 
0.985468 
0.766924 
0.695804 
0.382872 
0.929040 
0.368335 
0.603159 
0.289047 
0.018120 
0.544823 
0.832554 
0.729950 
0.266542 
0.770257 
0.714584 
0.014451 
0.876899 
0.041653 
0.060082 
0.800150 
0.126465 
0.492157 
0.678721 
0.267147 
0.936085 
0.778359 
0.879557 
0.706257 
0.061672 
0.526387 
0.993044 
0.084499 
0.179626 
0.975117 
0.785640 
0.250091 
0.285731 
0.285363 
0.093249 
0.236799 
0.884353 
0.321077 
0.341578 
0.898784 
0.857059 
0.597179 
0.791031 
0.857463 
0.382782 
0.421031 
0.272702 
0.302862 
0.205678 
0.828514 
0.831923 
0.134768 
0.039709 
0.397176 
0.338989 
0.383787 
0.309632 
0.981114 
0.583680 
0.911857 
0.577798 
0.049693 
0.182543 
0.000887 
0.904295 
0.486068 
0.351823 
0.093081 
0.411143 
0.086708 
0.308736 
0.921998 
0.017087 
0.175550 
0.467807 
0.437059 
0.645211 
0.055553 
0.680468 
0.627481 
0.081406 
0.187177 
0.879412 
0.285021 
0.347692 
0.663465 
0.860381 
0.417028 
0.995111 
0.829243 
0.087047 
0.000314 
0.279207 
0.631152 
0.769639 
0.318638 
0.345091 
0.948505 
0.522466 
0.084981 
0.276889 
0.680721 
0.874852 
0.639031 
0.195532 
0.306007 
0.064765 
0.498112 
0.776685 
0.742225 
0.576476 
0.829738 
0.406697 
0.352168 
0.893649 
0.563590 
0.260491 
0.064562 
0.089376 
0.150748 
0.622170 
0.804767 
0.723319 
0.827887 
0.304799 
0.760541 
0.410510 
0.443128 
0.652221 
0.885604 
0.349076 
0.912290 
0.856932 
0.452613 
0.069400 
0.398286 
0.990933 
0.608170 
0.514383 
0.231216 
0.053691 
0.385979 
0.153963 
0.662498 
0.604268 
0.934965 
0.958406 
0.933475 
0.922054 
0.969188 
0.142091 
0.122068 
0.601558 
0.377944 
0.097447 
0.799164 
0.556883 
0.527065 
0.382047 
0.057645 
0.844932 
0.774943 
0.464427 
0.628669 
0.034648 
0.331132 
0.336690 
0.751208 
0.559035 
0.700458 
0.591929 
0.545172 
0.709531 
0.085822 
0.415085 
0.327321 
0.288502 
0.846648 
0.620107 
0.134844 
0.317153 
0.389570 
0.506493 
0.634270 
0.176424 
0.156384 
0.347073 
0.247538 
0.375048 
0.428247 
0.542137 
0.699385 
0.560983 
0.449665 
0.520280 
0.347738 
0.427061 
0.607756 
0.561499 
0.112532 
0.330296 
0.277980 
0.002384 
0.073038 
0.543580 
0.951417 
0.465832 
0.242265 
0.744429 
0.619574 
0.176327 
0.535653 
0.712677 
0.963786 
0.353828 
0.792120 
0.160077 
0.417991 
0.182226 
0.674166 
0.707231 
0.436519 
0.568235 
0.318091 
0.161418 
0.956377 
0.836059 
0.636629 
0.815795 
0.059585 
0.451981 
0.450910 
0.451920 
0.425202 
0.372482 
0.302886 
0.603492 
0.894285 
0.250450 
0.320973 
0.598387 
0.092617 
0.616831 
0.077346 
0.945940 
0.421015 
0.994279 
0.846049 
0.546341 
0.350071 
0.637452 
0.661714 
0.427488 
0.784874 
0.369351 
0.684014 
0.223225 
0.743678 
0.991492 
0.009025 
0.680131 
0.965315 
0.043204 
0.137912 
0.892519 
0.573469 
0.288282 
0.153839 
0.567074 
0.808408 
0.921606 
0.430735 
0.366098 
0.008466 
0.290687 
0.581661 
0.981666 
0.860291 
0.915219 
0.077406 
0.968362 
0.254582 
0.762360 
0.981983 
0.192702 
0.740254 
0.452025 
0.190596 
0.351353 
0.195413 
0.313750 
0.200028 
0.874110 
0.175053 
0.112571 
0.982882 
0.293368 
0.640965 
0.696988 
0.274137 
0.425251 
0.187066 
0.018951 
0.516637 
0.117316 
0.730055 
0.031005 
0.096132 
0.690078 
0.145343 
0.783341 
0.609170 
0.315852 
0.529433 
0.180457 
0.940240 
0.605593 
0.207646 
0.904331 
0.095250 
0.858639 
0.144545 
0.361462 
0.090167 
0.434922 
0.733790 
0.810054 
0.569891 
0.158749 
0.088264 
0.457363 
0.905198 
0.669835 
0.920768 
0.355354 
0.441785 
0.083133 
0.209029 
0.146934 
0.519259 
0.187993 
0.591978 
0.380551 
0.921500 
0.642308 
0.271516 
0.369475 
0.773091 
0.341939 
0.961121 
0.553906 
0.502173 
0.017819 
0.490632 
0.044349 
0.368929 
0.597847 
0.016009 
0.061645 
0.071746 
0.831393 
0.215728 
0.734812 
0.993528 
0.227547 
0.381291 
0.355464 
0.277851 
0.848231 
0.217616 
0.467883 
0.713156 
0.013105 
0.258942 
0.043128 
0.858309 
0.595696 
0.858895 
0.450363 
0.243289 
0.959068 
0.060702 
0.219263 
0.147677 
0.012305 
0.802299 
0.233271 
0.578537 
0.476167 
0.936423 
0.463308 
0.824259 
0.322614 
0.179099 
0.123368 
0.442645 
0.541004 
0.648124 
0.015574 
0.750165 
0.023147 
0.027739 
0.217333 
0.721182 
0.913109 
0.629589 
0.495281 
0.180871 
0.892842 
0.988917 
0.729250 
0.500926 
0.067208 
0.565569 
0.511626 
0.905880 
0.128070 
0.477188 
0.105341 
0.460678 
0.620902 
0.500568 
0.052526 
0.802314 
0.487440 
0.399745 
0.514610 
0.058107 
0.612111 
0.742794 
0.143571 
0.989644 
0.953444 
0.529134 
0.154472 
0.214223 
0.446154 
0.514026 
0.243206 
0.571218 
0.464731 
0.727478 
0.719783 
0.398094 
0.769787 
0.811477 
0.498295 
0.844520 
0.845186 
0.039907 
0.719000 
0.237788 
0.506740 
0.771625 
0.707361 
0.620725 
0.528763 
0.918226 
0.616186 
0.235296 
0.622657 
0.989256 
0.417572 
0.138416 
0.349459 
0.361203 
0.731286 
0.726891 
0.860804 
0.536379 
0.922549 
0.277842 
0.683353 
0.111033 
0.130561 
0.330827 
0.205715 
0.445764 
0.954199 
0.215319 
0.858314 
0.683656 
0.212096 
0.698579 
0.012122 
0.730050 
0.942997 
0.953704 
0.908230 
0.624610 
0.815756 
0.413119 
0.299143 
0.695692 
0.492373 
0.318625 
0.124732 
0.370542 
0.699014 
0.331867 
0.682553 
0.665871 
0.286638 
0.524063 
0.925929 
0.092829 
0.180271 
0.810741 
0.116400 
0.329881 
0.310680 
0.591094 
0.524639 
0.602037 
0.442587 
0.553551 
0.525394 
0.292073 
0.863020 
0.780802 
0.947200 
0.598106 
0.359855 
0.085585 
0.426908 
0.038164 
0.417207 
0.995123 
0.025732 
0.474756 
0.227533 
0.149419 
0.285414 
0.958971 
0.420772 
0.922673 
0.364070 
0.922311 
0.288139 
0.744327 
0.896700 
0.842259 
0.846841 
0.848586 
0.182444 
0.335428 
0.531440 
0.917900 
0.145100 
0.692192 
0.677334 
0.945333 
0.218121 
0.967539 
0.434138 
0.549958 
0.144415 
0.180441 
0.665518 
0.366154 
0.949626 
0.367400 
0.899682 
0.953280 
0.784426 
0.852170 
0.427729 
0.844889 
0.043866 
0.256561 
0.024312 
0.608525 
0.477951 
0.921177 
0.219519 
0.448103 
0.264596 
0.059133 
0.849110 
0.987383 
0.950911 
0.965096 
0.369068 
0.934042 
0.440383 
0.517136 
0.512075 
0.450062 
0.189724 
0.693886 
0.148107 
0.242578 
0.014808 
0.876101 
0.623163 
0.496942 
0.096325 
0.926329 
0.809967 
0.117700 
0.190621 
0.765126 
0.466735 
0.411529 
0.573853 
0.745185 
0.328275 
0.314386 
0.881598 
0.015048 
0.919680 
0.068323 
0.298312 
0.732134 
0.979978 
0.482135 
0.236158 
0.114103 
0.725462 
0.833044 
0.978387 
0.756062 
0.131873 
0.389472 
0.856210 
0.313187 
0.726975 
0.272266 
0.981857 
0.075591 
0.453184 
0.656318 
0.743410 
0.485961 
0.545920 
0.274618 
0.505468 
0.403368 
0.399772 
0.965589 
0.660074 
0.857591 
0.539346 
0.790092 
0.074838 
0.805364 
0.750714 
0.251266 
0.022966 
0.986365 
0.843634 
0.959346 
0.719943 
0.084527 
0.641718 
0.360742 
0.990678 
0.329831 
0.461730 
0.292601 
0.748524 
0.446277 
0.582043 
0.393732 
0.454739 
0.799640 
0.543990 
0.838301 
0.326349 
0.945978 
0.055866 
0.945040 
0.282970 
0.869092 
0.830068 
0.949770 
0.779847 
0.896726 
0.271426 
0.852991 
0.222034 
0.721078 
0.159658 
0.377382 
0.656475 
0.370714 
0.589903 
0.496975 
0.665255 
0.934300 
0.783259 
0.230390 
0.172177 
0.784217 
0.328066 
0.803257 
0.346779 
0.310563 
0.628296 
0.768137 
0.076468 
0.200051 
0.259778 
0.094177 
0.831638 
0.344083 
0.997293 
0.511749 
0.961586 
0.369655 
0.793537 
0.983592 
0.234326 
0.316620 
0.427642 
0.374517 
0.513456 
0.662259 
0.589427 
0.496563 
0.739779 
0.460950 
0.189702 
0.315153 
0.771464 
0.989827 
0.017624 
0.203948 
0.750218 
0.913874 
0.474946 
0.414658 
0.151347 
0.685167 
0.593544 
0.690097 
0.453162 
0.296086 
0.322097 
0.484191 
0.797648 
0.064214 
0.252040 
0.033773 
0.614584 
0.310621 
0.615459 
0.023969 
0.842573 
0.117141 
0.789735 
0.073226 
0.710215 
0.587415 
0.690851 
0.130792 
0.229126 
0.914913 
0.945539 
0.667609 
0.510739 
0.991106 
0.512904 
0.369839 
0.879733 
0.674204 
0.347843 
0.199091 
0.130672 
0.207340 
0.758102 
0.422656 
0.579030 
0.750298 
0.264502 
0.477197 
0.247530 
0.239213 
0.458396 
0.256165 
0.367695 
0.852811 
0.194027 
0.013921 
0.971712 
0.558641 
0.077854 
0.499442 
0.121979 
0.095748 
0.244429 
0.122246 
0.596482 
0.074870 
0.341697 
0.903798 
0.128390 
0.857856 
0.992378 
0.897714 
0.879850 
0.640125 
0.587922 
0.211184 
0.374610 
0.075240 
0.554034 
0.653892 
0.964989 
0.573073 
0.642419 
0.131046 
0.484863 
0.086434 
0.695983 
0.391195 
0.818659 
0.208896 
0.916818 
0.958066 
0.207038 
0.695537 
0.889018 
0.720315 
0.325962 
0.449309 
0.537929 
0.967086 
0.808460 
0.785316 
0.809497 
0.213850 
0.178375 
0.950241 
0.698505 
0.778467 
0.691580 
0.387270 
0.850709 
0.874131 
0.525987 
0.266991 
0.325529 
0.165284 
0.923890 
0.826903 
0.754728 
0.719155 
0.837904 
0.648405 
0.749792 
0.747440 
0.216174 
0.244441 
0.315847 
0.446747 
0.483725 
0.970011 
0.966950 
0.521783 
0.600528 
0.068879 
0.652905 
0.378017 
0.331016 
0.390718 
0.800951 
0.584908 
0.555706 
0.747717 
0.876206 
0.395021 
0.126026 
0.118848 
0.481596 
0.181448 
0.601648 
0.903553 
0.021566 
0.455831 
0.144399 
0.910188 
0.534156 
0.558773 
0.301921 
0.381925 
0.020019 
0.455638 
0.906888 
0.067980 
0.547339 
0.134651 
0.077122 
0.192195 
0.214763 
0.524805 
0.400575 
0.461795 
0.393450 
0.722267 
0.135292 
0.850949 
0.900579 
0.034929 
0.048312 
0.976200 
0.991450 
0.294399 
0.964696 
0.643345 
0.699659 
0.161464 
0.729216 
0.929562 
0.150985 
0.599022 
0.758745 
0.233713 
0.012672 
0.984982 
0.586686 
0.426570 
0.366034 
0.931401 
0.060283 
0.177221 
0.550511 
0.433079 
0.751996 
0.797323 
0.606026 
0.483211 
0.326020 
0.426079 
0.111578 
0.289322 
0.638175 
0.800381 
0.010747 
0.617177 
0.889364 
0.538171 
0.045383 
0.755248 
0.451896 
0.017292 
0.622964 
0.153493 
0.758616 
0.065871 
0.097659 
0.355576 
0.169344 
0.163945 
0.423094 
0.949067 
0.964628 
0.507175 
0.095878 
0.425631 
0.572264 
0.044173 
0.407987 
0.037997 
0.610068 
0.415885 
0.775583 
0.221388 
0.873120 
0.525344 
0.463604 
0.798919 
0.423816 
0.078836 
0.989422 
0.216227 
0.130691 
0.523439 
0.437827 
0.566014 
0.999208 
0.686250 
0.807078 
0.562201 
0.914580 
0.341749 
0.769770 
0.521573 
0.075547 
0.712175 
0.526999 
0.275899 
0.032820 
0.611114 
0.999897 
0.274160 
0.813110 
0.936771 
0.307509 
0.299875 
0.996068 
0.909411 
0.468095 
0.273771 
0.261359 
0.655880 
0.379297 
0.845737 
0.296475 
0.854087 
0.632167 
0.822421 
0.426769 
0.714358 
0.217151 
0.662856 
0.628561 
0.226624 
0.865929 
0.661973 
0.773682 
0.270150 
0.406110 
0.485825 
0.254875 
0.691744 
0.137081 
0.915649 
0.315295 
0.167139 
0.101391 
0.073564 
0.385280 
0.399892 
0.977686 
0.973103 
0.941085 
0.819063 
0.984693 
0.729970 
0.599836 
0.438503 
0.922835 
0.088969 
0.302471 
0.637562 
0.502108 
0.932983 
0.643204 
0.323823 
0.498193 
0.132768 
0.426314 
0.066258 
0.596747 
0.518690 
0.629343 
0.361345 
0.131947 
0.628026 
0.237334 
0.877845 
0.944953 
0.818656 
0.148930 
0.074285 
0.510087 
0.029728 
0.632964 
0.223732 
0.264465 
0.864502 
0.680248 
0.920960 
0.574168 
0.040217 
0.928834 
0.917986 
0.590802 
0.615494 
0.603660 
0.715003 
0.047751 
0.546356 
0.609734 
0.798187 
0.135094 
0.521565 
0.936276 
0.997235 
0.530291 
0.596801 
0.439831 
0.232394 
0.840952 
0.876524 
0.733568 
0.076688 
0.888040 
0.285534 
0.967734 
0.698704 
0.118299 
0.258830 
0.158069 
0.666657 
0.497792 
0.388120 
0.133559 
0.733670 
0.792807 
0.704997 
0.886953 
0.016761 
0.701920 
0.174922 
0.920006 
0.539996 
0.706750 
0.347856 
0.422660 
0.639128 
0.828974 
0.557771 
0.451560 
0.367146 
0.626805 
0.714004 
0.258326 
0.684796 
0.359559 
0.106480 
0.612242 
0.954605 
0.037878 
0.609750 
0.067227 
0.878099 
0.210120 
0.493211 
0.403788 
0.471280 
0.802528 
0.093338 
0.725641 
0.843943 
0.143939 
0.190774 
0.341426 
0.338911 
0.082700 
0.941580 
0.129931 
0.751149 
0.555240 
0.926826 
0.164515 
0.996552 
0.049195 
0.818502 
0.566698 
0.496465 
0.090082 
0.005201 
0.410652 
0.829795 
0.363791 
0.239818 
0.624106 
0.346873 
0.898721 
0.802417 
0.222538 
0.195839 
0.458936 
0.333705 
0.575878 
0.775444 
0.887941 
0.618509 
0.287321 
0.009471 
0.181550 
0.304494 
0.632422 
0.116358 
0.634234 
0.574380 
0.612031 
0.407663 
0.586140 
0.255310 
0.992838 
0.635035 
0.031040 
0.684965 
0.198645 
0.622969 
0.243316 
0.417811 
0.148154 
0.025223 
0.925160 
0.163925 
0.095005 
0.753450 
0.233917 
0.434995 
0.960519 
0.437580 
0.414908 
0.356377 
0.623358 
0.777106 
0.819478 
0.962151 
0.877308 
0.923943 
0.707917 
0.963540 
0.210274 
0.083254 
0.256321 
0.985397 
0.559887 
0.017352 
0.640846 
0.695143 
0.275610 
0.184729 
0.739022 
0.749432 
0.698040 
0.951291 
0.355045 
0.237727 
0.477822 
0.761694 
0.786863 
0.805182 
0.685595 
0.791917 
0.754581 
0.248699 
0.882774 
0.783612 
0.166449 
0.506812 
0.997337 
0.234976 
0.237050 
0.101874 
0.193578 
0.471234 
0.033775 
0.662559 
0.637263 
0.476084 
0.549277 
0.705738 
0.336953 
0.173232 
0.513940 
0.797183 
0.254868 
0.558586 
0.153153 
0.046697 
0.841951 
0.665361 
0.729795 
0.656463 
0.180987 
0.850843 
0.112755 
0.068757 
0.590931 
0.774664 
0.774804 
0.133711 
0.280746 
0.502882 
0.945895 
0.655087 
0.048642 
0.531192 
0.751180 
0.084381 
0.196682 
0.640348 
0.331971 
0.442116 
0.649090 
0.253200 
0.539973 
0.320080 
0.591895 
0.986111 
0.570710 
0.930842 
0.660211 
0.165251 
0.376945 
0.308578 
0.276787 
0.954686 
0.399517 
0.685669 
0.036787 
0.286701 
0.586853 
0.231408 
0.273162 
0.033585 
0.470512 
0.898066 
0.800585 
0.423771 
0.325821 
0.081136 
0.650152 
0.108248 
0.323691 
0.279715 
0.168265 
0.030474 
0.182563 
0.330095 
0.909815 
0.268341 
0.010972 
0.414155 
0.710357 
0.971445 
0.074186 
0.846013 
0.939062 
0.806937 
0.198082 
0.163378 
0.886468 
0.865770 
0.989401 
0.855173 
0.897911 
0.183110 
0.531291 
0.415051 
0.755065 
0.376970 
0.741095 
0.581111 
0.727211 
0.240408 
0.534277 
0.597261 
0.160372 
0.366566 
0.867980 
0.141363 
0.892396 
0.496898 
0.366954 
0.393701 
0.927570 
0.677306 
0.480697 
0.082715 
0.190771 
0.293106 
0.224607 
0.975441 
0.235665 
0.825007 
0.897132 
0.101780 
0.616064 
0.188505 
0.202612 
0.307368 
0.941821 
0.186651 
0.048255 
0.017947 
0.636207 
0.734355 
0.301193 
0.155564 
0.555844 
0.065700 
0.212147 
0.556928 
0.287499 
0.988156 
0.937566 
0.667700 
0.038032 
0.195848 
0.624714 
0.567133 
0.807812 
0.902538 
0.963564 
0.611994 
0.786382 
0.721904 
0.038018 
0.969416 
0.973427 
0.393951 
0.142196 
0.880826 
0.036385 
0.517158 
0.872394 
0.318290 
0.503153 
0.487310 
0.218951 
0.904558 
0.901894 
0.128801 
0.750391 
0.823178 
0.148470 
0.336683 
0.623537 
0.783097 
0.510837 
0.632327 
0.513228 
0.828324 
0.646998 
0.094958 
0.965053 
0.643290 
0.777258 
0.380829 
0.597153 
0.342314 
0.269918 
0.507240 
0.174368 
0.595912 
0.496873 
0.949652 
0.798837 
0.051791 
0.452272 
0.331599 
0.178900 
0.771835 
0.226402 
0.140248 
0.150229 
0.904893 
0.544049 
0.824878 
0.716847 
0.041683 
0.574196 
0.517453 
0.840080 
0.219323 
0.158547 
0.696097 
0.296924 
0.401610 
0.860456 
0.682591 
0.313143 
0.987869 
0.106630 
0.126440 
0.074432 
0.980817 
0.588680 
0.943944 
0.859829 
0.151945 
0.746911 
0.336274 
0.760022 
0.694416 
0.044615 
0.850183 
0.030733 
0.533813 
0.788783 
0.067612 
0.358137 
0.210258 
0.809856 
0.246768 
0.424676 
0.534828 
0.859448 
0.739590 
0.285565 
0.494456 
0.323384 
0.112088 
0.871359 
0.925914 
0.838856 
0.647508 
0.662430 
0.460969 
0.500260 
0.866124 
0.946254 
0.685712 
0.754372 
0.723420 
0.527634 
0.944704 
0.635626 
0.963461 
0.897284 
0.646227 
0.129443 
0.546014 
0.864302 
0.329458 
0.200807 
0.955918 
0.114085 
0.431041 
0.512992 
0.861772 
0.796749 
0.961169 
0.363842 
0.084792 
0.101403 
0.275484 
0.060214 
0.017204 
0.151090 
0.367828 
0.088092 
0.570161 
0.694388 
0.577240 
0.676551 
0.792102 
0.865234 
0.994899 
0.262923 
0.947746 
0.767096 
0.587092 
0.256408 
0.447613 
0.027921 
0.270909 
0.162293 
0.663644 
0.858310 
0.624466 
0.391804 
0.055527 
0.241174 
0.411433 
0.954671 
0.155272 
0.654377 
0.105892 
0.733384 
0.986907 
0.953121 
0.104779 
0.023501 
0.988279 
0.002170 
0.467750 
0.477632 
0.559300 
0.154711 
0.219446 
0.224614 
0.093713 
0.034720 
0.532636 
0.017926 
0.280272 
0.527288 
0.126745 
0.206214 
0.834653 
0.020865 
0.670046 
0.468469 
0.566258 
0.089941 
0.646584 
0.130515 
0.565056 
0.890834 
0.243014 
0.332041 
0.604974 
0.796728 
0.603183 
0.693874 
0.941750 
0.985718 
0.969278 
0.648072 
0.149414 
0.200076 
0.670929 
0.300339 
0.801634 
0.070113 
0.391344 
0.313643 
0.403454 
0.848691 
0.950922 
0.140188 
0.132465 
0.336310 
0.361134 
0.585772 
0.066992 
0.932216 
0.751170 
0.913078 
0.097575 
0.951056 
0.397884 
0.232824 
0.070420 
0.540641 
0.549050 
0.880349 
0.033789 
0.892639 
0.585159 
0.761346 
0.945856 
0.996983 
0.299113 
0.190860 
0.778887 
0.752922 
0.356622 
0.752660 
0.955659 
0.765942 
0.192856 
0.330508 
0.856078 
0.106057 
0.492265 
0.504144 
0.140853 
0.321434 
0.335129 
0.510011 
0.746876 
0.747958 
0.932950 
0.086741 
0.855549 
0.204180 
0.649738 
0.142967 
0.849151 
0.677489 
0.558456 
0.975591 
0.761751 
0.750735 
0.604556 
0.770260 
0.766215 
0.769239 
0.605210 
0.756573 
0.725547 
0.273903 
0.479798 
0.962694 
0.997111 
0.436181 
0.899290 
0.368166 
0.757945 
0.778470 
0.748079 
0.958563 
0.565530 
0.869434 
0.572674 
0.933358 
0.940613 
0.889675 
0.764644 
0.374919 
0.256226 
0.385945 
0.576737 
0.224471 
0.689335 
0.653135 
0.243578 
0.817647 
0.193430 
0.980860 
0.314975 
0.782221 
0.789334 
0.342838 
0.079310 
0.967725 
0.547452 
0.019006 
0.430373 
0.285620 
0.407026 
0.892557 
0.203867 
0.394041 
0.651331 
0.917900 
0.143848 
0.646146 
0.780482 
0.561312 
0.975363 
0.934070 
0.906999 
0.931603 
0.456990 
0.629577 
0.305186 
0.259534 
0.995171 
0.835863 
0.345820 
0.201250 
0.400525 
0.620461 
0.081225 
0.150131 
0.246110 
0.372927 
0.788049 
0.738686 
0.091248 
0.612572 
0.505136 
0.821069 
0.704699 
0.868638 
0.197777 
0.035697 
0.958432 
0.370774 
0.595967 
0.416566 
0.218212 
0.491459 
0.946094 
0.995875 
0.663502 
0.485841 
0.522443 
0.705645 
0.771836 
0.246359 
0.561608 
0.943801 
0.462730 
0.100504 
0.170803 
0.680618 
0.146711 
0.780031 
0.984338 
0.770377 
