0.000001 
0.009165 
0.030750 
0.813832 
0.079304 
0.870435 
0.401207 
0.089246 
0.950583 
0.456091 
0.525381 
0.080933 
0.236572 
0.060420 
0.483941 
0.603575 
0.278926 
0.915929 
0.014576 
0.979727 
0.272260 
0.876076 
0.210846 
0.691649 
0.541135 
0.861429 
0.033599 
0.690887 
0.739105 
0.135247 
0.094186 
0.985693 
0.533904 
0.332456 
0.580946 
0.951887 
0.362279 
0.819763 
0.756679 
0.504778 
0.811583 
0.282535 
0.566385 
0.235329 
0.179683 
0.928251 
0.115169 
0.644255 
0.992048 
0.343371 
0.037756 
0.565385 
0.423897 
0.433862 
0.915910 
0.699291 
0.979932 
0.711856 
0.155512 
0.682687 
0.920828 
0.348771 
0.796310 
0.577889 
0.587574 
0.357913 
0.446698 
0.655218 
0.248220 
0.831937 
0.360167 
0.328008 
0.830455 
0.462788 
0.080225 
0.334198 
0.866061 
0.887526 
0.648345 
0.733201 
0.909524 
0.374059 
0.802855 
0.581078 
0.181158 
0.717391 
0.195342 
0.118906 
0.457450 
0.365176 
0.518062 
0.071203 
0.702864 
0.038855 
0.043505 
0.194005 
0.644407 
0.546582 
0.408959 
0.370526 
0.427095 
0.182955 
0.931239 
0.325687 
0.821741 
0.006093 
0.407783 
0.617106 
0.705946 
0.840764 
0.720219 
0.727450 
0.250694 
0.417686 
0.053591 
0.698520 
0.028386 
0.087769 
0.132024 
0.925372 
0.730324 
0.549684 
0.542721 
0.512533 
0.137411 
0.472137 
0.198743 
0.277738 
0.935552 
0.829109 
0.838797 
0.666065 
0.560721 
0.042355 
0.856416 
0.789018 
0.026370 
0.196749 
0.761147 
0.595536 
0.169097 
0.017182 
0.783736 
0.247128 
0.485479 
0.450269 
0.665798 
0.070952 
0.496355 
0.240022 
0.050537 
0.379749 
0.442410 
0.582074 
0.915680 
0.841368 
0.874182 
0.379938 
0.618131 
0.933444 
0.398478 
0.222699 
0.901641 
0.886893 
0.006142 
0.227337 
0.859667 
0.428471 
0.306629 
0.507019 
0.476565 
0.621770 
0.094243 
0.935321 
0.934504 
0.215435 
0.812003 
0.330173 
0.213070 
0.072361 
0.164830 
0.292773 
0.643498 
0.274111 
0.990723 
0.077531 
0.055858 
0.802662 
0.347528 
0.897071 
0.066868 
0.848187 
0.474330 
0.061068 
0.364497 
0.092776 
0.288871 
0.051284 
0.937018 
0.455805 
0.720640 
0.796649 
0.283986 
0.947380 
0.619851 
0.836782 
0.789274 
0.325543 
0.402994 
0.121130 
0.827354 
0.335185 
0.458457 
0.285270 
0.534534 
0.907837 
0.017174 
0.643503 
0.353040 
0.549316 
0.357205 
0.542438 
0.760252 
0.550922 
0.342025 
0.417537 
0.552440 
0.852185 
0.679519 
0.678609 
0.378292 
0.948605 
0.211874 
0.963467 
0.997344 
0.356848 
0.543487 
0.387951 
0.293433 
0.722655 
0.666225 
0.241323 
0.918634 
0.479716 
0.587053 
0.600089 
0.688699 
0.965602 
0.870846 
0.301764 
0.746278 
0.696795 
0.029309 
0.595211 
0.709273 
0.756956 
0.154471 
0.200746 
0.938083 
0.361662 
0.447679 
0.146035 
0.417012 
0.716649 
0.714741 
0.649683 
0.228620 
0.420900 
0.063302 
0.922194 
0.312012 
0.978972 
0.575267 
0.518549 
0.250463 
0.529875 
0.605028 
0.709877 
0.906152 
0.700447 
0.404542 
0.135911 
0.251302 
0.625714 
0.369119 
0.787523 
0.899256 
0.788732 
0.226262 
0.782836 
0.126912 
0.003374 
0.703211 
0.874228 
0.144496 
0.544655 
0.017370 
0.929866 
0.254122 
0.024554 
0.675451 
0.300333 
0.693224 
0.008672 
0.746421 
0.092016 
0.511681 
0.826042 
0.288898 
0.506130 
0.518651 
0.970315 
0.090357 
0.630186 
0.535018 
0.039341 
0.200601 
0.506000 
0.336307 
0.315781 
0.324290 
0.334150 
0.054701 
0.365029 
0.044593 
0.474025 
0.930022 
0.875212 
0.687492 
0.675880 
0.522765 
0.104869 
0.534969 
0.223614 
0.280019 
0.274478 
0.150357 
0.052160 
0.646217 
0.967891 
0.342992 
0.659242 
0.873435 
0.819492 
0.200394 
0.019117 
0.305556 
0.476583 
0.931014 
0.546865 
0.168417 
0.577167 
0.447287 
0.546332 
0.204093 
0.194628 
0.111244 
0.685227 
0.610361 
0.342608 
0.207832 
0.038526 
0.507116 
0.099597 
0.928275 
0.525959 
0.799679 
0.204199 
0.971495 
0.924513 
0.295157 
0.701713 
0.685121 
0.825660 
0.860013 
0.236975 
0.838393 
0.864598 
0.303624 
0.015128 
0.252519 
0.085181 
0.640287 
0.308251 
0.773276 
0.450525 
0.981344 
0.454250 
0.582672 
0.967916 
0.765686 
0.883641 
0.361281 
0.054467 
0.426119 
0.785812 
0.138233 
0.281076 
0.050597 
0.375482 
0.732120 
0.736006 
0.054665 
0.751450 
0.613540 
0.772370 
0.218329 
0.456566 
0.506243 
0.425014 
0.207827 
0.945948 
0.546620 
0.044241 
0.555865 
0.422308 
0.731464 
0.713434 
0.680760 
0.527329 
0.812891 
0.255638 
0.508856 
0.336580 
0.906517 
0.839294 
0.014806 
0.838534 
0.241780 
0.591395 
0.575691 
0.643589 
0.805873 
0.303543 
0.639980 
0.142378 
0.940834 
0.601557 
0.375267 
0.111524 
0.382144 
0.698538 
0.320670 
0.498005 
0.968387 
0.673199 
0.455572 
0.799457 
0.470958 
0.394249 
0.140984 
0.513028 
0.467329 
0.401569 
0.167368 
0.959149 
0.417020 
0.849486 
0.305619 
0.538817 
0.897309 
0.079220 
0.457572 
0.410465 
0.682851 
0.676868 
0.117790 
0.699310 
0.304546 
0.504694 
0.397460 
0.114209 
0.507534 
0.118942 
0.065856 
0.849751 
0.764599 
0.615158 
0.962366 
0.488082 
0.197881 
0.779365 
0.788404 
0.702927 
0.093459 
0.760458 
0.011171 
0.749684 
0.931824 
0.159317 
0.632561 
0.447693 
0.373642 
0.798967 
0.230629 
0.177877 
0.586482 
0.999677 
0.572429 
0.806998 
0.220268 
0.050811 
0.986389 
0.242200 
0.652744 
0.676581 
0.301145 
0.346051 
0.076265 
0.784804 
0.194402 
0.310493 
0.463020 
0.975322 
0.244441 
0.323259 
0.013033 
0.041965 
0.311685 
0.497523 
0.876132 
0.151779 
0.953766 
0.946602 
0.532189 
0.507484 
0.278023 
0.725134 
0.324697 
0.183874 
0.373800 
0.454673 
0.685204 
0.220647 
0.418447 
0.840814 
0.555207 
0.362529 
0.026914 
0.341611 
0.457383 
0.235150 
0.171446 
0.485547 
0.586266 
0.375747 
0.183469 
0.563004 
0.404532 
0.976433 
0.905793 
0.656063 
0.455381 
0.589526 
0.167916 
0.160588 
0.999926 
0.759974 
0.889771 
0.381541 
0.555798 
0.293370 
0.668600 
0.156918 
0.316530 
0.918866 
0.388181 
0.163838 
0.631177 
0.188631 
0.325664 
0.431620 
0.241968 
0.749288 
0.283980 
0.857463 
0.382203 
0.687235 
0.357908 
0.362752 
0.780902 
0.625534 
0.350622 
0.898779 
0.771775 
0.229902 
0.959835 
0.946976 
0.818196 
0.422778 
0.627519 
0.714043 
0.912744 
0.480027 
0.809785 
0.054561 
0.010333 
0.664888 
0.767552 
0.240780 
0.794793 
0.093979 
0.503334 
0.531995 
0.233134 
0.287446 
0.104066 
0.034404 
0.223689 
0.543179 
0.210409 
0.338149 
0.266152 
0.212801 
0.542646 
0.249959 
0.066815 
0.954744 
0.383511 
0.668697 
0.782736 
0.450488 
0.346078 
0.531987 
0.098669 
0.336708 
0.049025 
0.966487 
0.749783 
0.605399 
0.936857 
0.763448 
0.274603 
0.254156 
0.593453 
0.157271 
0.251203 
0.971313 
0.859159 
0.889675 
0.765169 
0.187950 
0.881782 
0.115504 
0.272142 
0.894737 
0.841324 
0.137071 
0.756437 
0.442071 
0.888069 
0.781757 
0.989653 
0.098552 
0.371264 
0.832751 
0.046319 
0.483503 
0.236300 
0.497436 
0.401934 
0.299391 
0.868461 
0.231802 
0.897049 
0.698269 
0.812979 
0.730470 
0.015804 
0.625916 
0.771978 
0.628581 
0.559714 
0.114192 
0.224485 
0.923296 
0.843774 
0.309080 
0.704691 
0.737225 
0.546776 
0.666732 
0.764067 
0.676090 
0.052269 
0.490415 
0.400751 
0.425508 
0.517678 
0.612491 
0.143199 
0.746714 
0.022135 
0.031331 
0.575890 
0.977051 
0.301363 
0.011609 
0.114720 
0.093507 
0.570189 
0.173808 
0.187529 
0.791773 
0.323234 
0.587897 
0.777776 
0.074979 
0.163707 
0.427029 
0.069819 
0.443169 
0.336317 
0.472128 
0.054683 
0.061671 
0.508387 
0.456131 
0.192258 
0.284323 
0.610471 
0.179511 
0.047474 
0.896882 
0.903629 
0.299588 
0.182021 
0.226697 
0.100781 
0.825724 
0.937023 
0.546615 
0.953596 
0.085203 
0.001466 
0.645636 
0.203290 
0.695464 
0.656584 
0.201740 
0.644666 
0.895735 
0.615519 
0.026096 
0.598655 
0.600622 
0.645877 
0.254140 
0.339229 
0.415299 
0.923522 
0.639078 
0.980986 
0.438425 
0.614900 
0.625352 
0.296632 
0.486165 
0.974159 
0.692723 
0.593987 
0.131205 
0.162146 
0.190691 
0.942626 
0.721574 
0.499070 
0.862151 
0.174356 
0.394735 
0.318029 
0.114845 
0.197196 
0.269953 
0.106387 
0.049739 
0.961353 
0.457723 
0.945512 
0.219346 
0.552385 
0.940672 
0.867947 
0.593549 
0.773377 
0.146766 
0.692320 
0.818151 
0.660364 
0.742349 
0.665976 
0.051492 
0.426827 
0.681690 
0.156228 
0.725074 
0.326217 
0.724401 
0.002400 
0.329492 
0.773822 
0.626615 
0.513355 
0.959100 
0.599047 
0.177558 
0.215370 
0.720279 
0.729491 
0.559861 
0.589508 
0.864581 
0.018995 
0.248849 
0.398161 
0.897183 
0.961397 
0.200563 
0.854674 
0.498502 
0.329657 
0.543011 
0.379118 
0.833297 
0.217979 
0.565126 
0.068538 
0.917836 
0.065319 
0.818176 
0.077846 
0.362582 
0.920677 
0.825479 
0.829572 
0.621566 
0.657191 
0.405666 
0.034393 
0.047549 
0.153719 
0.557027 
0.958280 
0.806707 
0.317353 
0.756513 
0.720642 
0.821905 
0.756428 
0.285755 
0.683827 
0.076657 
0.370568 
0.138520 
0.099435 
0.210631 
0.081329 
0.896389 
0.615090 
0.810442 
0.098734 
0.428533 
0.359698 
0.442565 
0.195087 
0.831621 
0.057105 
0.769678 
0.975795 
0.178548 
0.860594 
0.998093 
0.951605 
0.622888 
0.876011 
0.108533 
0.120340 
0.553925 
0.824948 
0.899278 
0.165330 
0.693090 
0.755335 
0.912610 
0.230071 
0.800298 
0.614115 
0.435807 
0.608407 
0.504829 
0.666333 
0.050529 
0.246043 
0.250837 
0.820749 
0.336827 
0.045884 
0.175443 
0.669715 
0.893308 
0.833647 
0.105044 
0.473207 
0.192341 
0.674920 
0.376206 
0.888764 
0.461564 
0.512393 
0.790815 
0.234042 
0.543779 
0.291383 
0.269225 
0.858354 
0.357428 
0.300277 
0.760766 
0.201979 
0.661518 
0.139348 
0.024714 
0.371705 
0.252188 
0.527168 
0.106971 
0.854614 
0.502339 
0.805369 
0.830786 
0.014376 
0.621017 
0.435865 
0.585240 
0.130781 
0.033412 
0.549445 
0.523246 
0.203760 
0.600433 
0.478733 
0.068186 
0.999864 
0.714512 
0.808955 
0.111391 
0.153875 
0.180262 
0.662572 
0.842995 
0.209921 
0.146382 
0.241756 
0.189323 
0.953363 
0.175767 
0.113995 
0.919488 
0.830741 
0.272264 
0.944870 
0.428004 
0.462431 
0.075795 
0.885446 
0.684846 
0.213064 
0.959966 
0.150654 
0.044741 
0.968954 
0.203815 
0.517848 
0.469797 
0.879659 
0.426978 
0.222849 
0.423736 
0.728349 
0.354851 
0.984251 
0.298527 
0.340020 
0.716471 
0.735219 
0.819124 
0.015645 
0.939726 
0.977718 
0.503081 
0.285485 
0.144666 
0.395676 
0.128985 
0.859056 
0.158779 
0.604867 
0.003683 
0.901306 
0.247743 
0.820576 
0.413326 
0.762812 
0.585364 
0.206185 
0.355609 
0.724390 
0.823880 
0.952545 
0.416423 
0.817106 
0.092670 
0.500060 
0.511351 
0.273366 
0.464353 
0.375323 
0.047104 
0.672414 
0.269963 
0.274740 
0.559100 
0.787439 
0.480711 
0.301556 
0.250403 
0.529125 
0.999596 
0.212933 
0.772433 
0.286566 
0.312345 
0.587880 
0.498820 
0.673596 
0.123208 
0.760376 
0.647176 
0.080890 
0.525061 
0.697025 
0.892890 
0.802781 
0.343839 
0.898381 
0.094427 
0.030587 
0.077413 
0.075520 
0.269977 
0.510431 
0.819590 
0.841717 
0.729433 
0.586911 
0.206300 
0.277742 
0.010545 
0.224195 
0.048995 
0.451629 
0.536390 
0.109278 
0.637929 
0.670735 
0.044530 
0.424078 
0.478053 
0.643213 
0.479044 
0.287145 
0.053123 
0.834381 
0.438878 
0.214289 
0.554564 
0.553272 
0.846962 
0.896152 
0.624729 
0.822242 
0.413555 
0.613621 
0.123264 
0.692865 
0.980020 
0.188214 
0.312329 
0.315061 
0.223063 
0.027669 
0.038259 
0.027248 
0.948899 
0.152614 
0.979895 
0.103614 
0.433230 
0.303862 
0.008525 
0.277381 
0.945226 
0.411451 
0.258373 
0.479141 
0.918904 
0.024262 
0.766032 
0.698133 
0.519453 
0.450117 
0.120530 
0.746106 
0.800287 
0.420068 
0.087888 
0.130049 
0.733458 
0.235448 
0.176463 
0.821829 
0.479047 
0.345663 
0.561165 
0.495375 
0.765914 
0.714923 
0.712400 
0.305868 
0.718450 
0.995378 
0.323512 
0.267275 
0.089769 
0.741514 
0.618934 
0.425510 
0.548365 
0.372159 
0.871667 
0.113881 
0.002473 
0.570300 
0.037830 
0.805606 
0.822571 
0.942454 
0.826366 
0.725102 
0.785312 
0.731053 
0.810600 
0.746231 
0.899969 
0.772485 
0.150542 
0.163392 
0.126213 
0.262834 
0.447235 
0.684665 
0.156694 
0.559865 
0.649020 
0.077922 
0.641865 
0.824452 
0.560235 
0.862836 
0.688659 
0.287870 
0.224544 
0.903283 
0.479454 
0.185104 
0.039610 
0.719625 
0.740251 
0.405396 
0.488455 
0.454844 
0.557927 
0.086550 
0.641196 
0.582287 
0.499070 
0.864585 
0.082608 
0.387991 
0.958220 
0.805456 
0.293503 
0.900829 
0.233314 
0.310921 
0.650844 
0.726869 
0.484004 
0.649569 
0.304312 
0.567240 
0.604708 
0.321007 
0.167513 
0.389033 
0.480256 
0.656289 
0.246678 
0.914085 
0.031725 
0.209395 
0.301677 
0.282771 
0.525025 
0.100874 
0.396492 
0.834179 
0.045990 
0.952373 
0.535286 
0.548081 
0.594199 
0.709695 
0.842708 
0.390185 
0.835696 
0.549372 
0.302630 
0.307246 
0.883173 
0.486858 
0.624305 
0.687246 
0.542078 
0.709983 
0.685344 
0.580438 
0.429252 
0.446351 
0.825684 
0.274419 
0.162857 
0.140203 
0.389084 
0.328845 
0.904044 
0.264947 
0.971939 
0.384976 
0.297091 
0.208279 
0.547426 
0.596421 
0.047503 
0.376248 
0.593153 
0.125573 
0.502601 
0.219989 
0.350944 
0.308467 
0.400931 
0.451472 
0.893472 
0.587449 
0.254256 
0.273085 
0.745060 
0.220610 
0.793425 
0.101515 
0.158571 
0.104344 
0.702567 
0.042032 
0.427287 
0.419997 
0.881179 
0.976184 
0.726856 
0.264857 
0.459963 
0.599685 
0.904896 
0.589293 
0.244831 
0.871214 
0.498096 
0.501596 
0.320510 
0.805006 
0.736251 
0.171069 
0.155728 
0.322434 
0.147657 
0.671122 
0.543962 
0.374855 
0.184686 
0.021219 
0.629654 
0.600309 
0.395792 
0.075098 
0.176994 
0.733802 
0.005321 
0.437705 
0.511537 
0.409056 
0.999937 
0.936897 
0.433010 
0.595454 
0.800680 
0.029539 
0.459966 
0.647512 
0.732319 
0.093417 
0.055787 
0.611802 
0.557684 
0.991245 
0.862794 
0.985342 
0.644538 
0.752264 
0.309178 
0.351664 
0.417824 
0.375174 
0.541844 
0.768741 
0.228302 
0.074261 
0.102568 
0.857099 
0.263837 
0.311363 
0.074413 
0.659670 
0.067081 
0.435153 
0.610316 
0.581125 
0.975659 
0.907492 
0.225230 
0.445699 
0.856323 
0.225936 
0.299322 
0.701800 
0.156799 
0.322880 
0.640404 
0.266432 
0.922483 
0.168955 
0.620302 
0.415352 
0.827969 
0.672027 
0.754441 
0.882271 
0.327924 
0.424761 
0.960660 
0.808305 
0.184003 
0.542549 
0.628070 
0.964827 
0.841404 
0.482072 
0.183019 
0.994717 
0.206491 
0.495342 
0.220619 
0.951072 
0.667181 
0.316576 
0.693951 
0.233030 
0.536922 
0.046992 
0.791988 
0.948682 
0.495187 
0.609203 
0.868840 
0.594930 
0.985707 
0.782611 
0.340287 
0.206874 
0.935779 
0.639549 
0.904786 
0.740493 
0.467751 
0.492768 
0.953382 
0.495404 
0.248801 
0.596452 
0.560779 
0.019007 
0.456999 
0.777175 
0.976332 
0.220306 
0.678009 
0.293193 
0.697115 
0.415667 
0.110220 
0.471378 
0.454550 
0.615810 
0.919471 
0.548390 
0.783481 
0.971661 
0.707195 
0.818807 
0.685230 
0.656826 
0.282456 
0.236630 
0.044359 
0.546205 
0.060286 
0.232162 
0.945783 
0.782440 
0.475922 
0.823330 
0.699514 
0.736417 
0.956333 
0.086848 
0.655707 
0.473906 
0.941107 
0.177111 
0.706962 
0.917855 
0.384721 
0.006848 
0.086650 
0.333116 
0.684403 
0.768832 
0.767405 
0.769526 
0.422809 
0.157443 
0.137678 
0.949109 
0.680459 
0.479430 
0.781067 
0.401297 
0.594867 
0.927191 
0.296764 
0.720460 
0.776532 
0.166919 
0.409598 
0.120443 
0.287537 
0.628862 
0.278592 
0.297402 
0.431081 
0.185739 
0.718503 
0.874640 
0.067859 
0.502802 
0.597490 
0.009568 
0.807681 
0.699963 
0.283846 
0.606169 
0.879755 
0.038279 
0.354210 
0.203075 
0.076159 
0.006457 
0.520491 
0.891158 
0.686794 
0.939801 
0.243328 
0.610340 
0.977742 
0.916149 
0.718405 
0.237966 
0.490989 
0.051009 
0.305951 
0.126579 
0.405759 
0.588687 
0.057661 
0.103891 
0.097277 
0.933328 
0.444234 
0.237000 
0.252689 
0.948951 
0.026960 
0.118511 
0.818999 
0.908669 
0.994091 
0.690903 
0.007815 
0.353665 
0.047318 
0.279322 
0.564234 
0.077159 
0.810799 
0.093076 
0.325077 
0.565652 
0.917008 
0.146497 
0.175777 
0.281378 
0.118163 
0.961767 
0.422636 
0.237776 
0.308122 
0.605638 
0.955495 
0.997677 
0.961812 
0.171995 
0.717916 
0.006511 
0.438469 
0.352942 
0.901850 
0.389725 
0.110906 
0.990182 
0.981912 
0.995385 
0.431735 
0.171809 
0.600164 
0.955538 
0.724293 
0.193139 
0.081318 
0.713464 
0.182367 
0.047246 
0.069201 
0.059893 
0.626636 
0.868751 
0.090060 
0.636728 
0.480049 
0.175621 
0.656930 
0.025514 
0.806654 
0.439297 
0.268986 
0.848334 
0.946304 
0.534528 
0.816722 
0.654244 
0.886342 
0.748205 
0.073138 
0.234358 
0.849016 
0.417218 
0.182165 
0.647331 
0.686351 
0.507036 
0.753626 
0.191008 
0.278254 
0.608641 
0.427476 
0.589590 
0.238461 
0.820015 
0.985133 
0.135570 
0.521875 
0.151761 
0.647716 
0.161396 
0.586065 
0.994075 
0.415204 
0.326152 
0.644980 
0.179121 
0.487850 
0.288977 
0.836464 
0.443418 
0.518587 
0.898431 
0.937968 
0.436469 
0.730250 
0.304039 
0.988360 
0.369452 
0.382414 
0.238630 
0.654647 
0.656621 
0.827216 
0.013156 
0.117479 
0.475412 
0.250943 
0.597868 
0.359305 
0.835184 
0.943599 
0.060779 
0.517830 
0.160562 
0.558574 
0.949488 
0.038836 
0.724651 
0.212978 
0.527975 
0.681558 
0.938939 
0.754316 
0.782386 
0.555525 
0.716368 
0.002413 
0.563602 
0.463679 
0.048618 
0.114751 
0.625473 
0.325187 
0.423163 
0.095645 
0.513667 
0.198088 
0.257505 
0.891446 
0.530980 
0.174537 
0.446738 
0.320045 
0.988709 
0.237241 
0.312924 
0.306524 
0.756456 
0.761802 
0.601328 
0.525985 
0.223493 
0.238502 
0.510903 
0.746457 
0.706597 
0.779571 
0.245178 
0.707807 
0.118982 
0.726676 
0.242893 
0.299979 
0.739047 
0.164057 
0.306980 
0.410051 
0.721734 
0.180431 
0.497596 
0.091372 
0.681833 
0.570170 
0.845836 
0.964979 
0.395141 
0.130805 
0.444046 
0.074113 
0.623291 
0.658882 
0.831846 
0.829321 
0.405109 
0.673829 
0.038334 
0.275820 
0.698393 
0.892085 
0.270042 
0.592067 
0.868062 
0.519665 
0.012266 
0.150190 
0.241687 
0.031881 
0.829875 
0.704667 
0.345985 
0.972747 
0.956675 
0.843972 
0.641892 
0.282545 
0.730050 
0.953555 
0.398181 
0.219810 
0.343638 
0.518759 
0.789062 
0.762330 
0.484195 
0.863225 
0.219341 
0.469035 
0.063228 
0.671266 
0.969644 
0.802299 
0.231431 
0.667157 
0.908916 
0.153642 
0.263008 
0.368850 
0.267130 
0.645891 
0.488712 
0.789815 
0.418015 
0.585276 
0.738718 
0.625719 
0.459663 
0.548194 
0.497228 
0.912109 
0.810431 
0.921663 
0.386077 
0.789283 
0.483331 
0.336341 
0.880031 
0.672664 
0.455459 
0.894612 
0.751778 
0.126090 
0.202675 
0.360649 
0.428887 
0.306518 
0.641659 
0.365525 
0.382462 
0.045850 
0.593654 
0.545157 
0.460472 
0.158790 
0.786916 
0.704173 
0.036705 
0.908462 
0.519285 
0.622959 
0.067630 
0.657543 
0.319881 
0.247062 
0.366215 
0.968111 
0.037460 
0.598286 
0.388198 
0.448867 
0.105883 
0.578860 
0.904818 
0.281640 
0.516574 
0.067166 
0.858104 
0.153267 
0.962780 
0.449395 
0.982763 
0.289693 
0.862596 
0.644821 
0.501963 
0.488197 
0.132019 
0.844487 
0.287283 
0.368679 
0.393608 
0.363134 
0.194221 
0.266028 
0.131894 
0.749383 
0.884473 
0.335138 
0.670592 
0.639213 
0.257959 
0.516357 
0.404918 
0.460134 
0.465615 
0.595998 
0.946622 
0.877990 
0.373115 
0.943578 
0.722563 
0.112315 
0.676563 
0.993123 
0.413323 
0.717599 
0.691562 
0.074239 
0.733797 
0.928060 
0.896661 
0.175797 
0.614953 
0.521769 
0.371810 
0.008559 
0.842969 
0.786562 
0.741270 
0.527457 
0.969087 
0.442423 
0.797542 
0.282526 
0.411493 
0.970964 
0.994751 
0.783490 
0.118773 
0.222998 
0.932048 
0.931760 
0.082588 
0.058281 
0.534281 
0.664442 
0.280745 
0.482651 
0.920713 
0.415329 
0.438051 
0.327884 
0.741683 
0.474048 
0.331389 
0.659139 
0.150835 
0.089246 
0.957768 
0.207781 
0.171067 
0.121754 
0.316896 
0.064953 
0.670899 
0.801385 
0.873027 
0.964007 
0.069483 
0.803957 
0.098448 
0.613274 
0.288627 
0.956426 
0.656270 
0.928364 
0.009166 
0.052061 
0.991229 
0.592597 
0.774744 
0.126395 
0.315110 
0.053073 
0.004715 
0.249494 
0.249688 
0.512729 
0.431201 
0.202579 
0.743432 
0.854959 
0.289555 
0.554349 
0.941888 
0.313077 
0.887489 
0.025155 
0.773745 
0.324534 
0.440004 
0.146041 
0.517948 
0.159502 
0.756581 
0.860435 
0.327681 
0.337526 
0.797718 
0.240447 
0.197758 
0.713251 
0.601561 
0.431499 
0.210532 
0.406384 
0.099735 
0.253271 
0.719759 
0.983954 
0.316190 
0.200248 
0.567914 
0.933385 
0.400882 
0.626996 
0.913642 
0.589177 
0.297458 
0.375693 
0.270617 
0.258470 
0.110962 
0.942345 
0.000755 
0.694488 
0.265435 
0.166680 
0.393732 
0.450591 
0.084612 
0.073169 
0.753731 
0.959713 
0.897609 
0.122220 
0.146740 
0.255874 
0.481857 
0.573967 
0.659093 
0.368214 
0.573507 
0.936759 
0.111889 
0.512860 
0.641039 
0.949363 
0.950996 
0.388908 
0.381176 
0.432282 
0.365633 
0.196803 
0.662048 
0.041867 
0.653340 
0.692518 
0.153202 
0.858026 
0.838296 
0.246692 
0.154370 
0.504897 
0.803997 
0.778027 
0.302494 
0.009964 
0.464681 
0.901029 
0.592431 
0.987281 
0.233156 
0.656741 
0.846137 
0.027137 
0.088814 
0.698044 
0.018575 
0.185409 
0.176682 
0.493007 
0.961634 
0.178988 
0.247747 
0.885566 
0.703118 
0.309408 
0.216059 
0.305325 
0.592693 
0.382883 
0.116489 
0.829899 
0.106231 
0.418357 
0.326223 
0.836294 
0.598157 
0.218784 
0.094758 
0.599808 
0.972842 
0.555978 
0.327904 
0.078272 
0.519703 
0.649481 
0.825363 
0.871415 
0.866972 
0.205578 
0.142659 
0.671593 
0.459130 
0.590742 
0.604867 
0.997539 
0.644142 
0.097565 
0.780222 
0.191044 
0.879851 
0.655340 
0.297383 
0.107931 
0.990467 
0.774749 
0.210692 
0.108626 
0.677999 
0.125286 
0.685408 
0.659084 
0.230290 
0.483067 
0.904166 
0.320614 
0.555835 
0.923299 
0.882092 
0.318091 
0.148348 
0.288271 
0.975171 
0.690908 
0.094508 
0.397744 
