0.000001 
0.012389 
0.224319 
0.123225 
0.043159 
0.370537 
0.612392 
0.471627 
0.642847 
0.326210 
0.618854 
0.083789 
0.236117 
0.418143 
0.727651 
0.629768 
0.515406 
0.429475 
0.186229 
0.946975 
0.811262 
0.880298 
0.161204 
0.350026 
0.880971 
0.482188 
0.128255 
0.580422 
0.153717 
0.526982 
0.984711 
0.037875 
0.559497 
0.463089 
0.136325 
0.217623 
0.594780 
0.466853 
0.397799 
0.812181 
0.331116 
0.062556 
0.377103 
0.971414 
0.562287 
0.353904 
0.061753 
0.877759 
0.491385 
0.699877 
0.839255 
0.361233 
0.249384 
0.396929 
0.177528 
0.716462 
0.580898 
0.157017 
0.989902 
0.276425 
0.873331 
0.065845 
0.659742 
0.290178 
0.029146 
0.854463 
0.965092 
0.306755 
0.630173 
0.310808 
0.744786 
0.619331 
0.097020 
0.620490 
0.573011 
0.590124 
0.217741 
0.571267 
0.282946 
0.477077 
0.233798 
0.434786 
0.453390 
0.118571 
0.824742 
0.435210 
0.567231 
0.443406 
0.327194 
0.141822 
0.609814 
0.147493 
0.907459 
0.657138 
0.512271 
0.732801 
0.188810 
0.323860 
0.111342 
0.329242 
0.569676 
0.552193 
0.713194 
0.657184 
0.292755 
0.338724 
0.929566 
0.208266 
0.324093 
0.034099 
0.094028 
0.336083 
0.547266 
0.906232 
0.037433 
0.136428 
0.948707 
0.911988 
0.785648 
0.385879 
0.466356 
0.037703 
0.673038 
0.748368 
0.826236 
0.545168 
0.644416 
0.691425 
0.778804 
0.358224 
0.665086 
0.106218 
0.208900 
0.980399 
0.571056 
0.744676 
0.769209 
0.090054 
0.544744 
0.516424 
0.546269 
0.141930 
0.412172 
0.379337 
0.523923 
0.571969 
0.077676 
0.500698 
0.234612 
0.116102 
0.318532 
0.560327 
0.413608 
0.506766 
0.215647 
0.372234 
0.133075 
0.585347 
0.934673 
0.046663 
0.264552 
0.333503 
0.191544 
0.284331 
0.745280 
0.917912 
0.349149 
0.145405 
0.819294 
0.871573 
0.525535 
0.671445 
0.981372 
0.910856 
0.760308 
0.493624 
0.331683 
0.589807 
0.878130 
0.731466 
0.751431 
0.296721 
0.991168 
0.559281 
0.840576 
0.555705 
0.738192 
0.794718 
0.823344 
0.948815 
0.741120 
0.008266 
0.928150 
0.423288 
0.199827 
0.500311 
0.733802 
0.014674 
0.625362 
0.459897 
0.495963 
0.656785 
0.593125 
0.651326 
0.838791 
0.559885 
0.987550 
0.744949 
0.350077 
0.735908 
0.407089 
0.942441 
0.603533 
0.581198 
0.190578 
0.044497 
0.861816 
0.540278 
0.445656 
0.136266 
0.223275 
0.587259 
0.055063 
0.439888 
0.201901 
0.347534 
0.997021 
0.935960 
0.683756 
0.895165 
0.031457 
0.692265 
0.899570 
0.070170 
0.345683 
0.899992 
0.160837 
0.187128 
0.055084 
0.804409 
0.705921 
0.421020 
0.085566 
0.102810 
0.926819 
0.045209 
0.834510 
0.601663 
0.155891 
0.062931 
0.682629 
0.941952 
0.391457 
0.216242 
0.371289 
0.258122 
0.256642 
0.388370 
0.329620 
0.929556 
0.052670 
0.221327 
0.844688 
0.670756 
0.390636 
0.419683 
0.612217 
0.527997 
0.044584 
0.319242 
0.507186 
0.268755 
0.963833 
0.138226 
0.166937 
0.703494 
0.627463 
0.778596 
0.858616 
0.753891 
0.652767 
0.050510 
0.913587 
0.657135 
0.462268 
0.337873 
0.626406 
0.008167 
0.261462 
0.399001 
0.001623 
0.285517 
0.688457 
0.904272 
0.097982 
0.787523 
0.891969 
0.327052 
0.757707 
0.779563 
0.120614 
0.152371 
0.904674 
0.851176 
0.719542 
0.345569 
0.976935 
0.353223 
0.625385 
0.837919 
0.902668 
0.149453 
0.853147 
0.841660 
0.786450 
0.861893 
0.832239 
0.440647 
0.951643 
0.269753 
0.737276 
0.399623 
0.471044 
0.831632 
0.239616 
0.230897 
0.691908 
0.899625 
0.992570 
0.126318 
0.032055 
0.748085 
0.068195 
0.146867 
0.388787 
0.343722 
0.936819 
0.120895 
0.890659 
0.301598 
0.958972 
0.434312 
0.483046 
0.561277 
0.387040 
0.975459 
0.543719 
0.283886 
0.278219 
0.029623 
0.867296 
0.641038 
0.925751 
0.101489 
0.727651 
0.633728 
0.073527 
0.765768 
0.263196 
0.527197 
0.604610 
0.684873 
0.666750 
0.074007 
0.835577 
0.534239 
0.952939 
0.048887 
0.647205 
0.578569 
0.013009 
0.639463 
0.454779 
0.471408 
0.958497 
0.465526 
0.101772 
0.489034 
0.198666 
0.972628 
0.957077 
0.596791 
0.260098 
0.467089 
0.364728 
0.976244 
0.733961 
0.678974 
0.508428 
0.157311 
0.925774 
0.476349 
0.993090 
0.861846 
0.038896 
0.718138 
0.751343 
0.823180 
0.187954 
0.944824 
0.652387 
0.673013 
0.321549 
0.281422 
0.853317 
0.700821 
0.697365 
0.620618 
0.733034 
0.098887 
0.997429 
0.797127 
0.311101 
0.679789 
0.218560 
0.344589 
0.506326 
0.815001 
0.713614 
0.717986 
0.186000 
0.103907 
0.364234 
0.687282 
0.141774 
0.793000 
0.943157 
0.646797 
0.718819 
0.194004 
0.619402 
0.283349 
0.249954 
0.983354 
0.235771 
0.608355 
0.623690 
0.352917 
0.469725 
0.662291 
0.118646 
0.081798 
0.771666 
0.382871 
0.910295 
0.335332 
0.928412 
0.821981 
0.040587 
0.137571 
0.160698 
0.848953 
0.351650 
0.180772 
0.227108 
0.012240 
0.714895 
0.241448 
0.019466 
0.168187 
0.723690 
0.055001 
0.398238 
0.179988 
0.057176 
0.957713 
0.280497 
0.310852 
0.491970 
0.531965 
0.737130 
0.948585 
0.861166 
0.623643 
0.567251 
0.785786 
0.710811 
0.607853 
0.177135 
0.115828 
0.714983 
0.717963 
0.807039 
0.912667 
0.198928 
0.389244 
0.019371 
0.570238 
0.995796 
0.338342 
0.507552 
0.429289 
0.065308 
0.623197 
0.076930 
0.967190 
0.569941 
0.995294 
0.899363 
0.599042 
0.100499 
0.094308 
0.030277 
0.860292 
0.933642 
0.717360 
0.663290 
0.916993 
0.896437 
0.411908 
0.935728 
0.787798 
0.515765 
0.457673 
0.115244 
0.901553 
0.406175 
0.582776 
0.722799 
0.089308 
0.998221 
0.104412 
0.853810 
0.987592 
0.458972 
0.937102 
0.876268 
0.434575 
0.895812 
0.906979 
0.602669 
0.055292 
0.293491 
0.698791 
0.585313 
0.359529 
0.597688 
0.340635 
0.052609 
0.192801 
0.411646 
0.530523 
0.507599 
0.214877 
0.433868 
0.018623 
0.001222 
0.544180 
0.036187 
0.192735 
0.303048 
0.334371 
0.769315 
0.882340 
0.487456 
0.668839 
0.178380 
0.035900 
0.379597 
0.878718 
0.617274 
0.524684 
0.359004 
0.777456 
0.700313 
0.166153 
0.539275 
0.595522 
0.936083 
0.742616 
0.146478 
0.856751 
0.406520 
0.378414 
0.006440 
0.231737 
0.804464 
0.628431 
0.043184 
0.796103 
0.111160 
0.266627 
0.202420 
0.077512 
0.743570 
0.181840 
0.183961 
0.839507 
0.588561 
0.938734 
0.300054 
0.001135 
0.079311 
0.976842 
0.788975 
0.299206 
0.757777 
0.959451 
0.494478 
0.699535 
0.081262 
0.774354 
0.568555 
0.697820 
0.263921 
0.720774 
0.056991 
0.844117 
0.076089 
0.823102 
0.875386 
0.610836 
0.328197 
0.000738 
0.395396 
0.417323 
0.953687 
0.620290 
0.217846 
0.340347 
0.216116 
0.259711 
0.968268 
0.673898 
0.206826 
0.130665 
0.084207 
0.274081 
0.484122 
0.636504 
0.723352 
0.379623 
0.324250 
0.668940 
0.868860 
0.935064 
0.617980 
0.389913 
0.275021 
0.271012 
0.902017 
0.198570 
0.365381 
0.962291 
0.221009 
0.493056 
0.788912 
0.249346 
0.752724 
0.039111 
0.331182 
0.171239 
0.020171 
0.021357 
0.939975 
0.160756 
0.820088 
0.218092 
0.467176 
0.828728 
0.434894 
0.265531 
0.772651 
0.947859 
0.662706 
0.091683 
0.910286 
0.178766 
0.514960 
0.937511 
0.744697 
0.128987 
0.882175 
0.721406 
0.662989 
0.856173 
0.695725 
0.053180 
0.790372 
0.779699 
0.404395 
0.668178 
0.071322 
0.711572 
0.396022 
0.949895 
0.878214 
0.150794 
0.392386 
0.833112 
0.109893 
0.963320 
0.526935 
0.190945 
0.212326 
0.556509 
0.249409 
0.817572 
0.939028 
0.235714 
0.649539 
0.797727 
0.389289 
0.783413 
0.815268 
0.209770 
0.598821 
0.376337 
0.100895 
0.748921 
0.112317 
0.709254 
0.426464 
0.576754 
0.499200 
0.060312 
0.666760 
0.239159 
0.545982 
0.317748 
0.388023 
0.503131 
0.123955 
0.314061 
0.416264 
0.152219 
0.344269 
0.132247 
0.682781 
0.496260 
0.642449 
0.636457 
0.932145 
0.566931 
0.404203 
0.433853 
0.764994 
0.256122 
0.642504 
0.561362 
0.804873 
0.492697 
0.759493 
0.800436 
0.923716 
0.894777 
0.517014 
0.452011 
0.941929 
0.001211 
0.347511 
0.623109 
0.586594 
0.883883 
0.426462 
0.543922 
0.698179 
0.295986 
0.629457 
0.280598 
0.012195 
0.965583 
0.550536 
0.854709 
0.087257 
0.522846 
0.464583 
0.252592 
0.314266 
0.860688 
0.590470 
0.024594 
0.348558 
0.207802 
0.528959 
0.213268 
0.392674 
0.676836 
0.583899 
0.586016 
0.176282 
0.768645 
0.614826 
0.375395 
0.264949 
0.004552 
0.502940 
0.904469 
0.403379 
0.588505 
0.999350 
0.082418 
0.205523 
0.221276 
0.990870 
0.555758 
0.628011 
0.983541 
0.370451 
0.175564 
0.712178 
0.572956 
0.665791 
0.947272 
0.804689 
0.409115 
0.002502 
0.059096 
0.230388 
0.136004 
0.816560 
0.920267 
0.922348 
0.896607 
0.281204 
0.188080 
0.055416 
0.368480 
0.049486 
0.713176 
0.351705 
0.109809 
0.551788 
0.897616 
0.237455 
0.909132 
0.788638 
0.646400 
0.038770 
0.614152 
0.053143 
0.177598 
0.897039 
0.530089 
0.197449 
0.527702 
0.083120 
0.990751 
0.558023 
0.686823 
0.435813 
0.713727 
0.608844 
0.847153 
0.105355 
0.694757 
0.784608 
0.900150 
0.819322 
0.337618 
0.337744 
0.457171 
0.679427 
0.134310 
0.341935 
0.906430 
0.367843 
0.332181 
0.970698 
0.513177 
0.957555 
0.621151 
0.691206 
0.092725 
0.427688 
0.159228 
0.149785 
0.429889 
0.144904 
0.403622 
0.682596 
0.389395 
0.560538 
0.969284 
0.754675 
0.825626 
0.300169 
0.944376 
0.122880 
0.244711 
0.864831 
0.207652 
0.009987 
0.855389 
0.530489 
0.921326 
0.719167 
0.039182 
0.537241 
0.407468 
0.311532 
0.923986 
0.436795 
0.209287 
0.489536 
0.628691 
0.401908 
0.873378 
0.872039 
0.367299 
0.194418 
0.579235 
0.207589 
0.950876 
0.372671 
0.484657 
0.633573 
0.459997 
0.168333 
0.177507 
0.360793 
0.846116 
0.673150 
0.634656 
0.669321 
0.273108 
0.123261 
0.652684 
0.665015 
0.910490 
0.602552 
0.088064 
0.086601 
0.500610 
0.746803 
0.519500 
0.235572 
0.252948 
0.296241 
0.927527 
0.940015 
0.831828 
0.527732 
0.596443 
0.422738 
0.955500 
0.090326 
0.106148 
0.027799 
0.218177 
0.905068 
0.477317 
0.267109 
0.302368 
0.900577 
0.005408 
0.887775 
0.832925 
0.963152 
0.696380 
0.050645 
0.191053 
0.021947 
0.855421 
0.067612 
0.359726 
0.912429 
0.197736 
0.352744 
0.576426 
0.983543 
0.409505 
0.549127 
0.182736 
0.237114 
0.174306 
0.553612 
0.557324 
0.944053 
0.691568 
0.176647 
0.905755 
0.023700 
0.333637 
0.435098 
0.695907 
0.100572 
0.316630 
0.602029 
0.299513 
0.911246 
0.304499 
0.709011 
0.345153 
0.987917 
0.924571 
0.272216 
0.142260 
0.964754 
0.625429 
0.587466 
0.539715 
0.982370 
0.693582 
0.025522 
0.945643 
0.418877 
0.063903 
0.016027 
0.359673 
0.030718 
0.282062 
0.612751 
0.511213 
0.959344 
0.686532 
0.549709 
0.962598 
0.383329 
0.607342 
0.593064 
0.628263 
0.219125 
0.832168 
0.242304 
0.411674 
0.005240 
0.063677 
0.211300 
0.316270 
0.548176 
0.189628 
0.082421 
0.254453 
0.595528 
0.035345 
0.036383 
0.488779 
0.916374 
0.493392 
0.437774 
0.673307 
0.272941 
0.320779 
0.338430 
0.000033 
0.553950 
0.244645 
0.744705 
0.256338 
0.265064 
0.931208 
0.817936 
0.044660 
0.599605 
0.563175 
0.277045 
0.290815 
0.727198 
0.013983 
0.014528 
0.179684 
0.953405 
0.877620 
0.159760 
0.093572 
0.657272 
0.772581 
0.766781 
0.295097 
0.692510 
0.018878 
0.274968 
0.384152 
0.434478 
0.270275 
0.508382 
0.377249 
0.422892 
0.538280 
0.875791 
0.418525 
0.157835 
0.734196 
0.626148 
0.671114 
0.412323 
0.909258 
0.903167 
0.526000 
0.484721 
0.706795 
0.105347 
0.570561 
0.411448 
0.199292 
0.500378 
0.854327 
0.674416 
0.906157 
0.775235 
0.379645 
0.700370 
0.111962 
0.749434 
0.743104 
0.345876 
0.130490 
0.145187 
0.151575 
0.528689 
0.669763 
0.708221 
0.074300 
0.753612 
0.959544 
0.048169 
0.581237 
0.849824 
0.998543 
0.520526 
0.475490 
0.561132 
0.944367 
0.979477 
0.077819 
0.908512 
0.361285 
0.115896 
0.866218 
0.531986 
0.083118 
0.971123 
0.661250 
0.628675 
0.141282 
0.533496 
0.459205 
0.859256 
0.512645 
0.019371 
0.574825 
0.076940 
0.123060 
0.276529 
0.630890 
0.375391 
0.191342 
0.891654 
0.034884 
0.299978 
0.727511 
0.277357 
0.544735 
0.359756 
0.422826 
0.434590 
0.153831 
0.444779 
0.398931 
0.832841 
0.563774 
0.345246 
0.552221 
0.171514 
0.641596 
0.296028 
0.349099 
0.311756 
0.677176 
0.303863 
0.030783 
0.370851 
0.886762 
0.812426 
0.448396 
0.199067 
0.713793 
0.715516 
0.685010 
0.964729 
0.199362 
0.670279 
0.385974 
0.069188 
0.845177 
0.887418 
0.836736 
0.023691 
0.167569 
0.334772 
0.506575 
0.003423 
0.528619 
0.507054 
0.059801 
0.080818 
0.314063 
0.460452 
0.814571 
0.491918 
0.670892 
0.686603 
0.739826 
0.256352 
0.506648 
0.239653 
0.843021 
0.656932 
0.058690 
0.395338 
0.450258 
0.486895 
0.248653 
0.114295 
0.956656 
0.524257 
0.191709 
0.049528 
0.413511 
0.879139 
0.696460 
0.400193 
0.041089 
0.581285 
0.649570 
0.318963 
0.805980 
0.097871 
0.914054 
0.507781 
0.280630 
0.547777 
0.491039 
0.889550 
0.659187 
0.947614 
0.556844 
0.868805 
0.001761 
0.605206 
0.699636 
0.788139 
0.245184 
0.800088 
0.081042 
0.069030 
0.186598 
0.158475 
0.486813 
0.867127 
0.800856 
0.993972 
0.685670 
0.053426 
0.936039 
0.003768 
0.321588 
0.936309 
0.540816 
0.487366 
0.164454 
0.984743 
0.580868 
0.651238 
0.360343 
0.282478 
0.608555 
0.983127 
0.422326 
0.031856 
0.396818 
0.324236 
0.436692 
0.484997 
0.347128 
0.175315 
0.522143 
0.661166 
0.222026 
0.591544 
0.077727 
0.353694 
0.538141 
0.540168 
0.596410 
0.861532 
0.775326 
0.899487 
0.681138 
0.887506 
0.311803 
0.476773 
0.125065 
0.959736 
0.278879 
0.117107 
0.215616 
0.855701 
0.770595 
0.389688 
0.484616 
0.941761 
0.177214 
0.435878 
0.799096 
0.400842 
0.948841 
0.164300 
0.388009 
0.263527 
0.094571 
0.457122 
0.842475 
0.483246 
0.908780 
0.861322 
0.239474 
0.836795 
0.019440 
0.720355 
0.999914 
0.562859 
0.979039 
0.705896 
0.993575 
0.017728 
0.962533 
0.291214 
0.429771 
0.159589 
0.212904 
0.280515 
0.610430 
0.495424 
0.592488 
0.946880 
0.212898 
0.180901 
0.397462 
0.150883 
0.893609 
0.885482 
0.300375 
0.397025 
0.807346 
0.066230 
0.122429 
0.671040 
0.168791 
0.870100 
0.773523 
0.606539 
0.098369 
0.281679 
0.186277 
0.755697 
0.005524 
0.845056 
0.855286 
0.786969 
0.590572 
0.743515 
0.256043 
0.315926 
0.774734 
0.947155 
0.836686 
0.179984 
0.999394 
0.814223 
0.646403 
0.096928 
0.071456 
0.956292 
0.406729 
0.890380 
0.615802 
0.785992 
0.171413 
0.934711 
0.693661 
0.361960 
0.469884 
0.339300 
0.619080 
0.882254 
0.049290 
0.416428 
0.899979 
0.946308 
0.604817 
0.157598 
0.745643 
0.023177 
0.530764 
0.545591 
0.742056 
0.733039 
0.178239 
0.659063 
0.879489 
0.564789 
0.406809 
0.245751 
0.329953 
0.515690 
0.201259 
0.564886 
0.045549 
0.548597 
0.261551 
0.890863 
0.734799 
0.772034 
0.576605 
0.995067 
0.098080 
0.432265 
0.084299 
0.807932 
0.917531 
0.945574 
0.269457 
0.766647 
0.040382 
0.708048 
0.170396 
0.841162 
0.405191 
0.044570 
0.092700 
0.014370 
0.517099 
0.877114 
0.657772 
0.174329 
0.950033 
0.209369 
0.864832 
0.238050 
0.902756 
0.626461 
0.927601 
0.189276 
0.156647 
0.760472 
0.247801 
0.794708 
0.658740 
0.446055 
0.849984 
0.678691 
0.767613 
0.273681 
0.757459 
0.617586 
0.771795 
0.553687 
0.809668 
0.094760 
0.632804 
0.536157 
0.188017 
0.996860 
0.224945 
0.651633 
0.989583 
0.919009 
0.785062 
0.532222 
0.050336 
0.002084 
0.021492 
0.215148 
0.984996 
0.820882 
0.563343 
0.099695 
0.577949 
0.587095 
0.311913 
0.313606 
0.780866 
0.017644 
0.547541 
0.522193 
0.498729 
0.133038 
0.961915 
0.897545 
0.037908 
0.112344 
0.160906 
0.340680 
0.804292 
0.739664 
0.524816 
0.582444 
0.136916 
0.149928 
0.834032 
0.580355 
0.024521 
0.123371 
0.493219 
0.538191 
0.369716 
0.812726 
0.492053 
0.937409 
0.030049 
0.041134 
0.334557 
0.898603 
0.820013 
0.963877 
0.878937 
0.297820 
0.458003 
0.651899 
0.468246 
0.812887 
0.197504 
0.446165 
0.700247 
0.053338 
0.444255 
0.585970 
0.391125 
0.634663 
0.777692 
0.676860 
0.990158 
0.581061 
0.892952 
0.838343 
0.029353 
0.327798 
0.303932 
0.193140 
0.100070 
0.878004 
0.612719 
0.972962 
0.579502 
0.686104 
0.345536 
0.428612 
0.684248 
0.160906 
0.351026 
0.697248 
0.649899 
0.860290 
0.900732 
0.600960 
0.342910 
0.293188 
0.610203 
0.688529 
0.113117 
0.161663 
0.074378 
0.074046 
0.489008 
0.755709 
0.196895 
0.207052 
0.916624 
0.699995 
0.815061 
0.733539 
0.590999 
0.915983 
0.930449 
0.057847 
0.229485 
0.949114 
0.764037 
0.171470 
0.890303 
0.326056 
0.016195 
0.192342 
0.686221 
0.316772 
0.982850 
0.752355 
0.828284 
0.967880 
0.166468 
0.824430 
0.195393 
0.965766 
0.635354 
0.394670 
0.214237 
0.682894 
0.400580 
0.548598 
0.279059 
0.140895 
0.023905 
0.772379 
0.376915 
0.806767 
0.336887 
0.052637 
0.670359 
0.715940 
0.811678 
0.879999 
0.138936 
0.104459 
0.634060 
0.647381 
0.531568 
0.062004 
0.106002 
0.570656 
0.008825 
0.324928 
0.057849 
0.263553 
0.533106 
0.914005 
0.675494 
0.026088 
0.455394 
0.801410 
0.290454 
0.663476 
0.034948 
0.367393 
0.771822 
0.020436 
0.460278 
0.884965 
0.609372 
0.708662 
0.475971 
0.643682 
0.358930 
0.530684 
0.204511 
0.215906 
0.738659 
0.643533 
0.861864 
0.347075 
0.281622 
0.222115 
0.089425 
0.963462 
0.900704 
0.128240 
0.328969 
0.976122 
0.683585 
0.014622 
0.759304 
0.619799 
0.966615 
0.891837 
0.103400 
0.846726 
0.928605 
0.069181 
0.726576 
0.563777 
0.393684 
0.639591 
0.612853 
0.227262 
0.592461 
0.487503 
0.470885 
0.170909 
0.469319 
0.845116 
0.865208 
0.554689 
0.656953 
0.415189 
0.073126 
0.028289 
0.459055 
0.329085 
0.924191 
0.885970 
0.490975 
0.822291 
0.245631 
0.316643 
0.814304 
0.998941 
0.194399 
0.272027 
0.954791 
0.175164 
0.979043 
0.772287 
0.828632 
0.817677 
0.691602 
0.755689 
0.860549 
0.239068 
0.022297 
0.751925 
0.610266 
0.743547 
0.801572 
0.025911 
0.488112 
0.695951 
0.844202 
0.511108 
0.197323 
0.400448 
0.323076 
0.930547 
0.700265 
0.355091 
0.015214 
0.704772 
0.105611 
0.008268 
0.968081 
0.529083 
0.298181 
0.533284 
0.912248 
0.144443 
0.646994 
0.027683 
0.266226 
0.459941 
0.220724 
0.713656 
0.423987 
0.946793 
0.748812 
0.275335 
0.554234 
0.012054 
0.593739 
0.971537 
0.616975 
0.495576 
0.149410 
0.131493 
0.005291 
0.930901 
0.650528 
0.430812 
0.651994 
0.061671 
0.511940 
0.174287 
0.237075 
0.511483 
0.486796 
0.586982 
0.405730 
0.101464 
0.304198 
0.650163 
0.291964 
0.041730 
0.359048 
0.521462 
0.208605 
0.030502 
0.655416 
0.580179 
0.072172 
0.992012 
0.741922 
0.490275 
0.051980 
0.619909 
0.804434 
0.121400 
0.367579 
0.905305 
0.462363 
0.941151 
0.931534 
0.292051 
0.492888 
0.964188 
0.104698 
0.657416 
0.198896 
0.848786 
0.545873 
0.489109 
0.452286 
0.563995 
0.061981 
0.716272 
0.383419 
0.130596 
0.924308 
0.847727 
0.752951 
0.852352 
0.487699 
0.752372 
0.123949 
0.202441 
0.424330 
0.709114 
0.076088 
0.805907 
0.886865 
0.545944 
0.673857 
0.511117 
0.342063 
0.060302 
0.487904 
0.206087 
0.697554 
0.786283 
0.058346 
0.628846 
0.013341 
0.218686 
0.455502 
0.615468 
0.171292 
0.909897 
0.631726 
0.419818 
0.883703 
0.397939 
0.155271 
0.640281 
0.206336 
0.888199 
0.958020 
0.439326 
0.759285 
0.296148 
0.352924 
0.589343 
0.085845 
0.790390 
0.090414 
0.586122 
0.955075 
0.940210 
0.103665 
0.294679 
0.668203 
0.486339 
0.897402 
0.635048 
0.249090 
0.459280 
0.118526 
0.074295 
0.671318 
0.839701 
0.858206 
0.875100 
0.802323 
0.642699 
0.846386 
0.212992 
0.759425 
0.648566 
0.455133 
0.414667 
0.307898 
0.835543 
0.966804 
0.068685 
0.396212 
0.136690 
0.355555 
0.815122 
0.763654 
0.726212 
0.444096 
0.919463 
0.414402 
0.856548 
0.008545 
0.616936 
0.843702 
0.103960 
0.252997 
0.118503 
0.682162 
0.101981 
0.990638 
0.651997 
0.105436 
0.071251 
0.519248 
0.008612 
0.745874 
0.906566 
0.660476 
0.617227 
0.726965 
0.106872 
0.193780 
0.868317 
0.799946 
0.686290 
0.478925 
0.292087 
0.097858 
0.703673 
0.640498 
0.853964 
0.573581 
0.174930 
0.047662 
0.052858 
0.385160 
0.390158 
0.389069 
0.082416 
0.173709 
0.520168 
0.455235 
0.142972 
0.929191 
0.914448 
0.134086 
0.590490 
0.372288 
0.046334 
0.729846 
0.519720 
0.930557 
0.873486 
0.680956 
0.827810 
0.008142 
0.842877 
0.231939 
0.206571 
0.841861 
0.165532 
0.091150 
0.963729 
0.387006 
0.402999 
0.212205 
0.532594 
0.314320 
0.770042 
0.097612 
0.562585 
0.366036 
0.965884 
0.615778 
0.374270 
0.362992 
0.805527 
0.486171 
0.075902 
0.683969 
0.463175 
0.582920 
0.136233 
0.660113 
0.522637 
0.962894 
0.352345 
0.869798 
0.701363 
0.807572 
0.867529 
0.552282 
0.198451 
0.372467 
0.048380 
0.126160 
0.364813 
0.406810 
0.263180 
0.264607 
0.248742 
0.615103 
0.037524 
0.667657 
0.316957 
0.093276 
0.683959 
0.295879 
0.831161 
0.316865 
0.554893 
0.090170 
0.491327 
0.726629 
0.457611 
0.061392 
0.812229 
0.127120 
0.507912 
0.483213 
0.359032 
0.252469 
0.254827 
0.875579 
0.850382 
0.370229 
0.444938 
0.068552 
0.161604 
0.072806 
0.657146 
0.653505 
0.463726 
0.842454 
0.124140 
0.428909 
0.666718 
0.536821 
0.344874 
0.296134 
0.125184 
0.971246 
0.726574 
0.530201 
0.096572 
0.092759 
0.003787 
0.655814 
0.257551 
0.666100 
0.141250 
0.989328 
0.636795 
0.621204 
0.568972 
0.713354 
0.342599 
0.064774 
0.659297 
0.797432 
0.433836 
0.475943 
0.170993 
0.871139 
0.236039 
0.112493 
0.673068 
0.260682 
0.289848 
0.469559 
0.882051 
0.634786 
0.847141 
0.898801 
0.149453 
0.848944 
0.205868 
0.026392 
0.566772 
0.736232 
0.859564 
0.688684 
0.719400 
0.955106 
0.469538 
0.530428 
0.905040 
0.011225 
0.665674 
0.983010 
0.450621 
0.585351 
0.992392 
0.137851 
0.853804 
0.878226 
0.349920 
0.108330 
0.699324 
0.545199 
0.160142 
0.505512 
0.147115 
0.567317 
0.894963 
0.640760 
0.260930 
0.449782 
0.487015 
0.267747 
0.022107 
0.551308 
0.837192 
0.680220 
0.454172 
0.265870 
0.471985 
0.659016 
0.081645 
0.208052 
