0.000001 
0.011638 
0.596691 
0.585114 
0.012746 
0.224882 
0.592310 
0.955344 
0.471834 
0.113755 
0.888336 
0.267589 
0.372145 
0.645470 
0.408728 
0.497451 
0.664187 
0.999134 
0.447203 
0.139073 
0.394407 
0.801644 
0.231023 
0.808268 
0.559068 
0.250166 
0.543092 
0.751793 
0.377497 
0.591044 
0.670414 
0.647075 
0.388485 
0.267602 
0.579732 
0.553762 
0.084294 
0.733550 
0.782393 
0.672592 
0.258603 
0.346823 
0.052276 
0.596016 
0.240127 
0.808121 
0.083908 
0.240826 
0.559500 
0.519721 
0.943760 
0.777735 
0.387135 
0.570583 
0.786472 
0.227024 
0.596207 
0.451349 
0.814898 
0.992447 
0.059155 
0.219148 
0.225544 
0.726150 
0.401984 
0.136821 
0.543331 
0.756882 
0.919815 
0.325440 
0.664875 
0.551450 
0.219374 
0.020637 
0.846536 
0.734374 
0.630942 
0.237191 
0.474884 
0.371708 
0.294161 
0.964325 
0.418314 
0.595272 
0.733033 
0.083485 
0.131062 
0.765853 
0.687642 
0.193866 
0.306882 
0.760784 
0.500563 
0.959674 
0.237995 
0.985897 
0.974580 
0.764106 
0.326321 
0.474784 
0.691793 
0.971012 
0.793127 
0.084796 
0.173296 
0.581606 
0.050704 
0.177316 
0.150933 
0.726914 
0.239937 
0.621450 
0.711172 
0.666182 
0.526635 
0.150896 
0.112904 
0.574306 
0.361503 
0.773722 
0.945338 
0.302631 
0.312576 
0.460407 
0.054083 
0.965044 
0.501735 
0.653284 
0.747367 
0.992216 
0.181291 
0.955115 
0.611266 
0.548234 
0.161820 
0.706464 
0.547576 
0.114915 
0.381576 
0.146509 
0.371006 
0.491503 
0.692925 
0.989308 
0.301373 
0.174679 
0.836073 
0.886000 
0.004338 
0.911967 
0.421135 
0.013396 
0.148474 
0.407809 
0.038955 
0.724265 
0.723236 
0.420980 
0.414314 
0.369796 
0.169545 
0.540695 
0.454091 
0.910170 
0.233248 
0.193895 
0.788493 
0.201653 
0.185275 
0.912842 
0.135484 
0.077346 
0.959128 
0.062188 
0.189247 
0.671521 
0.259136 
0.296300 
0.907631 
0.548762 
0.041931 
0.742403 
0.570352 
0.900601 
0.399833 
0.997684 
0.074347 
0.553851 
0.566843 
0.936758 
0.098576 
0.767083 
0.356386 
0.785489 
0.713925 
0.939332 
0.358284 
0.683399 
0.882447 
0.284187 
0.325014 
0.514618 
0.181287 
0.885358 
0.214960 
0.837997 
0.213194 
0.152077 
0.964349 
0.806251 
0.660354 
0.577643 
0.453224 
0.337486 
0.134801 
0.595178 
0.160152 
0.671126 
0.618250 
0.931540 
0.390404 
0.528271 
0.656272 
0.960906 
0.943289 
0.858991 
0.058478 
0.838770 
0.207041 
0.737909 
0.034603 
0.567529 
0.457777 
0.851132 
0.982963 
0.666638 
0.182037 
0.496057 
0.236835 
0.494098 
0.298613 
0.796625 
0.871912 
0.219759 
0.488427 
0.990036 
0.528690 
0.686465 
0.409861 
0.536057 
0.512994 
0.884828 
0.307073 
0.974448 
0.547130 
0.617074 
0.155166 
0.868923 
0.995670 
0.224416 
0.756361 
0.164948 
0.288725 
0.594071 
0.543826 
0.075217 
0.173321 
0.998188 
0.544091 
0.537406 
0.180155 
0.861427 
0.999507 
0.712282 
0.322321 
0.255272 
0.360100 
0.199477 
0.607556 
0.197749 
0.565802 
0.429632 
0.827229 
0.242046 
0.071631 
0.908665 
0.932701 
0.908493 
0.039668 
0.702030 
0.021108 
0.763464 
0.546264 
0.062320 
0.409791 
0.362000 
0.134781 
0.263630 
0.824833 
0.962862 
0.822712 
0.313061 
0.622394 
0.577195 
0.910271 
0.927265 
0.548138 
0.560482 
0.022708 
0.653813 
0.628723 
0.942663 
0.345312 
0.666171 
0.339514 
0.213920 
0.345255 
0.708302 
0.429623 
0.678536 
0.155609 
0.326115 
0.014809 
0.887958 
0.902912 
0.239005 
0.951274 
0.068694 
0.533134 
0.390294 
0.670667 
0.899180 
0.526472 
0.417177 
0.489657 
0.657685 
0.705022 
0.308763 
0.377391 
0.806365 
0.582433 
0.943034 
0.564302 
0.223386 
0.440637 
0.781749 
0.847448 
0.056942 
0.022560 
0.159854 
0.665615 
0.995088 
0.435624 
0.525530 
0.586240 
0.929472 
0.635713 
0.436322 
0.256710 
0.523021 
0.415070 
0.077957 
0.231496 
0.749873 
0.109603 
0.105125 
0.839558 
0.454008 
0.518885 
0.892187 
0.991373 
0.013191 
0.702626 
0.029680 
0.838462 
0.033631 
0.234577 
0.537709 
0.281374 
0.060201 
0.792908 
0.409619 
0.474899 
0.633962 
0.993904 
0.543067 
0.325584 
0.092630 
0.836408 
0.501530 
0.208860 
0.309116 
0.311892 
0.964981 
0.430093 
0.578567 
0.977415 
0.405603 
0.961774 
0.530608 
0.933102 
0.639147 
0.142858 
0.012302 
0.758612 
0.989337 
0.789629 
0.291130 
0.029704 
0.233130 
0.221211 
0.899765 
0.346562 
0.667623 
0.734049 
0.158815 
0.199562 
0.034053 
0.327318 
0.236668 
0.671878 
0.246058 
0.495020 
0.799740 
0.222879 
0.930000 
0.513250 
0.196328 
0.685334 
0.412813 
0.152906 
0.891560 
0.457159 
0.465728 
0.495004 
0.538613 
0.464578 
0.158425 
0.651599 
0.417452 
0.112082 
0.769193 
0.831628 
0.166980 
0.428686 
0.918913 
0.167750 
0.379840 
0.966110 
0.410972 
0.204648 
0.518252 
0.262099 
0.106006 
0.640373 
0.747442 
0.257138 
0.713224 
0.154104 
0.021538 
0.987446 
0.002392 
0.198471 
0.699711 
0.037916 
0.251497 
0.902779 
0.003308 
0.603638 
0.341145 
0.619149 
0.035720 
0.351582 
0.040023 
0.673722 
0.247293 
0.247616 
0.687225 
0.185345 
0.086062 
0.439153 
0.848775 
0.365804 
0.067679 
0.485033 
0.941760 
0.153383 
0.903313 
0.980890 
0.811190 
0.672603 
0.433578 
0.137152 
0.120464 
0.637015 
0.317253 
0.078649 
0.860393 
0.619301 
0.589245 
0.448795 
0.899707 
0.369565 
0.279378 
0.499258 
0.028246 
0.734247 
0.482987 
0.559698 
0.838602 
0.384351 
0.793086 
0.396679 
0.976349 
0.494863 
0.155155 
0.683501 
0.602393 
0.423122 
0.417436 
0.843560 
0.707682 
0.013023 
0.880953 
0.184770 
0.429230 
0.066968 
0.531404 
0.306426 
0.097712 
0.248369 
0.342526 
0.841074 
0.936894 
0.371675 
0.733809 
0.121770 
0.588455 
0.163126 
0.664369 
0.043662 
0.830631 
0.409854 
0.423577 
0.051902 
0.325138 
0.587377 
0.043712 
0.665704 
0.491849 
0.511455 
0.020979 
0.589369 
0.532558 
0.704262 
0.530994 
0.418352 
0.243452 
0.692647 
0.316269 
0.534988 
0.548455 
0.887453 
0.428981 
0.882733 
0.089116 
0.766205 
0.601732 
0.301930 
0.535862 
0.236774 
0.456720 
0.096333 
0.066773 
0.255575 
0.455207 
0.667238 
0.273201 
0.689333 
0.627167 
0.801197 
0.719188 
0.392292 
0.259166 
0.808395 
0.688184 
0.316204 
0.437363 
0.768282 
0.507831 
0.123929 
0.875987 
0.720111 
0.899914 
0.861785 
0.018901 
0.661285 
0.220912 
0.868787 
0.699437 
0.431988 
0.421645 
0.592193 
0.979570 
0.625679 
0.794562 
0.203882 
0.645737 
0.906598 
0.185062 
0.332090 
0.440501 
0.507914 
0.516170 
0.264658 
0.106481 
0.630532 
0.358415 
0.887516 
0.475108 
0.144260 
0.585717 
0.153388 
0.000055 
0.919489 
0.848578 
0.046883 
0.969399 
0.691655 
0.638965 
0.083781 
0.100126 
0.817536 
0.329573 
0.125076 
0.151889 
0.794653 
0.738977 
0.993655 
0.356914 
0.656538 
0.429105 
0.971145 
0.027117 
0.757195 
0.178884 
0.509863 
0.262020 
0.763298 
0.754363 
0.587156 
0.323205 
0.100439 
0.078179 
0.953091 
0.598890 
0.552414 
0.415857 
0.316292 
0.926291 
0.174787 
0.642352 
0.018277 
0.179069 
0.610514 
0.902926 
0.479846 
0.763629 
0.311273 
0.573644 
0.236491 
0.701708 
0.603155 
0.230404 
0.405474 
0.794143 
0.167115 
0.705040 
0.605359 
0.264948 
0.981261 
0.046482 
0.223030 
0.460586 
0.073206 
0.376812 
0.077641 
0.904125 
0.635173 
0.344812 
0.253576 
0.844888 
0.030671 
0.483850 
0.073739 
0.324402 
0.232389 
0.755989 
0.902296 
0.882190 
0.970855 
0.166910 
0.264607 
0.251380 
0.943338 
0.676518 
0.232752 
0.859516 
0.882521 
0.537994 
0.073288 
0.754049 
0.308371 
0.795093 
0.133488 
0.526648 
0.377430 
0.474182 
0.570357 
0.989571 
0.721409 
0.718987 
0.009047 
0.051805 
0.694874 
0.739956 
0.432677 
0.008624 
0.945227 
0.437106 
0.439243 
0.353387 
0.374037 
0.435266 
0.514245 
0.910385 
0.837995 
0.183736 
0.043843 
0.865916 
0.447154 
0.324473 
0.415266 
0.377289 
0.090692 
0.263129 
0.411118 
0.658332 
0.587902 
0.864687 
0.802116 
0.160810 
0.736744 
0.449990 
0.984933 
0.766780 
0.264809 
0.641270 
0.826281 
0.298957 
0.574943 
0.062427 
0.207610 
0.301928 
0.500158 
0.161384 
0.385240 
0.734431 
0.582636 
0.363767 
0.837668 
0.686400 
0.322998 
0.620342 
0.090690 
0.223708 
0.855279 
0.674324 
0.367187 
0.316113 
0.904694 
0.197078 
0.295165 
0.833994 
0.936816 
0.066815 
0.964543 
0.068822 
0.686560 
0.012702 
0.475069 
0.482979 
0.431846 
0.037295 
0.815808 
0.284531 
0.111088 
0.059081 
0.974012 
0.221140 
0.697415 
0.459245 
0.533184 
0.231582 
0.193666 
0.937685 
0.663753 
0.698595 
0.288432 
0.671660 
0.588897 
0.596612 
0.255547 
0.978683 
0.725932 
0.731949 
0.858751 
0.028383 
0.033219 
0.313641 
0.356276 
0.938904 
0.162039 
0.397192 
0.611558 
0.450335 
0.776188 
0.389259 
0.268257 
0.603439 
0.000647 
0.871187 
0.038469 
0.550374 
0.131148 
0.200058 
0.381932 
0.135974 
0.319507 
0.955342 
0.428335 
0.026729 
0.233956 
0.090156 
0.251840 
0.670312 
0.934751 
0.367355 
0.134764 
0.976018 
0.942656 
0.222877 
0.889013 
0.649854 
0.091256 
0.734593 
0.310791 
0.463647 
0.518905 
0.242636 
0.990451 
0.508308 
0.138233 
0.281037 
0.392908 
0.597456 
0.438869 
0.072170 
0.959869 
0.516227 
0.219217 
0.375888 
0.544865 
0.539056 
0.909161 
0.270187 
0.034966 
0.678640 
0.898119 
0.688494 
0.517374 
0.505230 
0.397253 
0.626004 
0.246896 
0.582445 
0.160708 
0.024804 
0.874212 
0.876756 
0.636923 
0.759297 
0.508853 
0.286930 
0.430790 
0.279130 
0.338369 
0.963180 
0.164702 
0.140350 
0.857927 
0.187191 
0.114141 
0.366363 
0.462516 
0.498222 
0.615365 
0.440945 
0.957240 
0.339831 
0.544851 
0.309649 
0.273515 
0.966983 
0.082299 
0.205377 
0.766449 
0.716703 
0.634793 
0.968982 
0.679087 
0.413108 
0.114198 
0.326220 
0.783005 
0.957357 
0.302145 
0.146010 
0.987688 
0.079742 
0.229187 
0.938047 
0.749045 
0.195775 
0.383835 
0.119285 
0.828373 
0.465472 
0.185305 
0.414043 
0.815437 
0.042180 
0.913576 
0.476072 
0.335539 
0.408744 
0.755604 
0.438129 
0.640687 
0.021804 
0.466399 
0.763168 
0.568310 
0.583709 
0.400214 
0.404240 
0.066192 
0.492125 
0.143734 
0.738563 
0.023076 
0.831291 
0.509509 
0.313157 
0.232842 
0.370936 
0.328630 
0.282211 
0.128115 
0.230171 
0.487476 
0.004332 
0.808745 
0.569247 
0.334802 
0.011884 
0.740714 
0.186247 
0.252822 
0.176485 
0.180684 
0.749709 
0.360896 
0.587014 
0.938745 
0.482525 
0.804666 
0.017398 
0.404668 
0.257115 
0.332635 
0.603004 
0.690325 
0.290181 
0.064404 
0.432199 
0.967069 
0.525599 
0.746577 
0.721942 
0.680782 
0.904881 
0.327329 
0.411986 
0.249870 
0.560880 
0.716625 
0.318625 
0.127612 
0.776448 
0.761773 
0.115115 
0.740896 
0.242851 
0.599057 
0.346279 
0.907007 
0.059815 
0.309035 
0.955965 
0.911647 
0.052418 
0.984561 
0.520766 
0.507612 
0.434970 
0.539546 
0.151494 
0.160232 
0.024431 
0.606425 
0.181433 
0.336616 
0.507896 
0.202935 
0.727763 
0.514671 
0.076302 
0.415272 
0.484001 
0.608433 
0.941697 
0.105667 
0.939614 
0.096407 
0.318030 
0.122530 
0.367304 
0.274380 
0.500817 
0.227166 
0.979274 
0.655536 
0.590664 
0.288417 
0.420809 
0.539712 
0.934825 
0.601519 
0.723190 
0.646091 
0.857910 
0.886846 
0.219983 
0.256518 
0.305053 
0.022719 
0.837631 
0.056753 
0.844866 
0.660961 
0.770276 
0.033923 
0.150821 
0.840861 
0.342986 
0.561670 
0.991830 
0.687940 
0.209199 
0.009969 
0.541380 
0.971353 
0.524588 
0.758574 
0.352083 
0.456767 
0.883376 
0.901362 
0.193591 
0.688424 
0.338934 
0.465856 
0.637074 
0.299690 
0.885657 
0.240882 
0.511711 
0.327791 
0.176496 
0.363335 
0.578609 
0.677906 
0.563792 
0.660531 
0.552016 
0.731919 
0.362160 
0.824188 
0.119921 
0.504120 
0.742295 
0.759572 
0.134096 
0.752042 
0.575311 
0.251394 
0.185869 
0.901034 
0.686081 
0.968454 
0.806442 
0.864220 
0.938900 
0.092760 
0.024692 
0.993246 
0.479367 
0.720602 
0.162541 
0.829315 
0.292965 
0.868862 
0.969672 
0.278079 
0.676648 
0.425904 
0.167736 
0.139539 
0.229863 
0.305159 
0.810997 
0.432995 
0.339242 
0.648110 
0.778106 
0.630597 
0.446461 
0.665437 
0.993816 
0.061551 
0.485364 
0.516349 
0.283735 
0.729022 
0.672806 
0.857356 
0.578718 
0.513949 
0.934278 
0.402302 
0.497015 
0.327514 
0.530395 
0.350018 
0.745904 
0.403040 
0.891604 
0.196445 
0.656734 
0.729344 
0.088724 
0.190591 
0.262125 
0.533091 
0.657472 
0.129874 
0.794837 
0.821369 
0.756902 
0.246245 
0.635045 
0.207258 
0.389802 
0.408079 
0.589340 
0.030434 
0.502850 
0.404733 
0.343188 
0.963034 
0.709170 
0.027782 
0.932483 
0.249650 
0.860636 
0.702693 
0.167134 
0.014440 
0.688737 
0.610150 
0.796926 
0.933679 
0.336543 
0.275399 
0.632058 
0.001624 
0.291896 
0.891755 
0.722609 
0.897840 
0.992821 
0.343706 
0.668414 
0.032451 
0.406134 
0.895324 
0.706564 
0.229017 
0.087933 
0.895812 
0.916801 
0.682593 
0.339971 
0.899406 
0.321674 
0.379092 
0.400522 
0.572908 
0.857624 
0.092193 
0.487909 
0.279193 
0.392033 
0.895598 
0.309229 
0.207611 
0.311100 
0.662446 
0.730822 
0.923195 
0.137633 
0.202802 
0.500058 
0.467116 
0.821788 
0.783072 
0.084777 
0.846678 
0.115093 
0.373793 
0.331360 
0.175814 
0.903191 
0.926969 
0.560221 
0.634267 
0.127556 
0.834435 
0.347441 
0.436115 
0.776417 
0.247087 
0.795554 
0.868093 
0.034225 
0.227223 
0.933308 
0.111910 
0.879439 
0.739498 
0.747050 
0.664525 
0.673541 
0.210505 
0.955061 
0.710107 
0.761156 
0.742601 
0.895674 
0.596792 
0.278365 
0.476287 
0.947550 
0.465652 
0.212693 
0.729714 
0.310563 
0.627560 
0.403585 
0.049568 
0.086939 
0.179658 
0.512013 
0.409444 
0.530799 
0.143431 
0.650617 
0.912390 
0.544516 
0.682795 
0.733814 
0.208932 
0.524802 
0.339600 
0.650888 
0.472385 
0.379089 
0.345745 
0.939928 
0.375974 
0.999920 
0.650014 
0.783848 
0.126764 
0.521444 
0.913684 
0.292032 
0.180060 
0.267258 
0.804364 
0.952993 
0.959650 
0.831149 
0.125518 
0.587511 
0.295648 
0.954251 
0.100442 
0.124464 
0.867570 
0.248766 
0.009294 
0.201300 
0.240920 
0.148151 
0.980722 
0.001297 
0.792063 
0.210355 
0.438938 
0.231983 
0.939307 
0.935739 
0.958217 
0.751102 
0.763564 
0.221866 
0.908148 
0.242457 
0.979294 
0.002009 
0.768545 
0.936030 
0.862149 
0.145312 
0.258004 
0.266678 
0.064205 
0.097978 
0.712413 
0.523816 
0.782775 
0.092391 
0.812386 
0.769302 
0.665190 
0.839986 
0.643569 
0.471820 
0.876131 
0.138013 
0.578797 
0.836840 
0.766607 
0.369913 
0.128814 
0.973654 
0.201660 
0.301496 
0.248996 
0.874518 
0.031805 
0.552603 
0.606105 
0.801798 
0.812567 
0.810763 
0.485804 
0.913481 
0.881887 
0.877321 
0.138245 
0.475632 
0.948472 
0.968187 
0.315749 
0.796761 
0.161078 
0.233564 
0.511537 
0.401722 
0.749029 
0.934710 
0.677836 
0.392553 
0.635922 
0.948733 
0.363726 
0.146780 
0.925076 
0.751970 
0.362646 
0.997273 
0.163616 
0.897693 
0.533713 
0.118369 
0.431338 
0.491800 
0.678001 
0.167306 
0.911793 
0.504059 
0.722848 
0.910364 
0.496038 
0.903158 
0.380500 
0.065702 
0.248250 
0.340745 
0.894850 
0.741215 
0.592832 
0.726427 
0.054846 
0.798787 
0.219034 
0.305462 
0.902896 
0.970263 
0.206705 
0.093140 
0.404904 
0.228896 
0.050127 
0.481149 
0.669824 
0.737193 
0.004996 
0.963348 
0.985638 
0.620708 
0.240259 
0.040741 
0.737194 
0.015483 
0.223984 
0.496770 
0.211885 
0.148358 
0.446051 
0.776979 
0.694204 
0.481168 
0.985250 
0.104669 
0.166296 
0.939615 
0.103608 
0.332795 
0.279427 
0.325425 
0.420238 
0.943268 
0.508213 
0.534813 
0.608229 
0.508128 
0.110328 
0.283871 
0.027830 
0.741167 
0.786223 
0.047367 
0.103525 
0.940241 
0.629245 
0.714842 
0.343615 
0.135948 
0.881230 
0.839206 
0.530292 
0.619341 
0.268660 
0.375722 
0.753332 
0.246167 
0.336025 
0.565182 
0.018424 
0.659183 
0.883274 
0.184687 
0.037451 
0.439027 
0.725747 
0.636166 
0.034349 
0.298346 
0.304336 
0.970744 
0.298451 
0.064604 
0.792364 
0.269492 
0.359025 
0.135567 
0.474885 
0.398881 
0.993361 
0.426004 
0.851572 
0.363120 
0.959328 
0.422392 
0.149359 
0.282974 
0.941376 
0.713079 
0.720526 
0.872466 
0.534931 
0.578471 
0.357066 
0.216559 
0.702682 
0.983245 
0.402570 
0.986087 
0.166651 
0.897916 
0.268637 
0.976240 
0.670012 
0.883707 
0.457341 
0.527083 
0.684677 
0.360837 
0.591531 
0.858244 
0.507963 
0.342486 
0.155868 
0.672004 
0.370111 
0.456109 
0.817367 
0.492733 
0.359932 
0.379542 
0.964035 
0.532898 
0.419468 
0.000786 
0.204885 
0.502289 
0.967767 
0.262085 
0.865979 
0.507948 
0.087816 
0.916242 
0.274820 
0.894818 
0.210203 
0.885444 
0.660921 
0.102045 
0.074496 
0.057201 
0.375297 
0.610721 
0.388423 
0.228408 
0.860684 
0.523476 
0.061127 
0.367000 
0.162673 
0.041407 
0.922633 
0.690759 
0.594860 
0.806665 
0.614827 
0.398499 
0.564500 
0.551463 
0.438129 
0.633353 
0.770897 
0.464212 
0.007995 
0.365408 
0.418952 
0.319409 
0.308001 
0.565460 
0.684881 
0.802287 
0.045422 
0.408546 
0.437224 
0.415957 
0.984076 
0.365869 
0.157736 
0.068165 
0.651035 
0.943757 
0.724140 
0.616361 
0.185336 
0.950368 
0.836982 
0.163699 
0.289817 
0.949317 
0.170660 
0.282204 
0.996922 
0.262229 
0.275460 
0.652171 
0.031544 
0.156407 
0.725900 
0.202636 
0.695063 
0.929232 
0.607497 
0.199840 
0.708587 
0.217420 
0.183508 
0.222673 
0.461619 
0.437830 
0.608112 
0.540970 
0.087278 
0.886138 
0.317171 
0.696043 
0.394739 
0.383082 
0.456940 
0.788634 
0.569850 
0.467665 
0.038496 
0.996203 
0.181249 
0.257237 
0.386697 
0.221653 
0.329556 
0.851904 
0.956931 
0.146487 
0.014773 
0.286000 
0.805475 
0.611253 
0.335028 
0.809395 
0.506277 
0.000682 
0.469834 
0.495422 
0.557074 
0.738389 
0.098815 
0.789054 
0.625713 
0.360565 
0.016721 
0.022638 
0.484138 
0.911671 
0.460445 
0.707146 
0.004238 
0.232240 
0.254892 
0.976725 
0.822560 
0.772246 
0.142549 
0.820555 
0.062242 
0.109174 
0.886215 
0.619917 
0.950106 
0.434251 
0.449441 
0.760211 
0.858953 
0.428487 
0.572976 
0.001026 
0.236890 
0.403060 
0.228866 
0.554350 
0.956883 
0.339479 
0.627286 
0.798807 
0.555771 
0.850335 
0.577489 
0.850839 
0.049862 
0.031091 
0.546562 
0.062204 
0.457284 
0.577690 
0.230210 
0.146018 
0.119978 
0.462975 
0.225948 
0.501226 
0.113659 
0.262901 
0.578983 
0.969595 
0.975521 
0.579492 
0.520920 
0.108980 
0.622682 
0.414564 
0.575593 
0.998440 
0.773578 
0.531185 
0.630349 
0.272470 
0.406113 
0.540961 
0.938593 
0.931239 
0.327260 
0.260837 
0.882763 
0.596460 
0.703321 
0.716743 
0.296732 
0.172027 
0.266027 
0.123966 
0.501604 
0.456281 
0.722555 
0.977380 
0.833558 
0.601763 
0.826398 
0.277659 
0.616230 
0.978011 
0.427214 
0.178727 
0.856442 
0.216479 
0.357283 
0.848237 
0.314052 
0.276509 
0.281936 
0.500031 
0.016842 
0.058222 
0.542070 
0.566737 
0.149208 
0.736226 
0.755888 
0.207605 
0.215697 
0.216809 
0.901944 
0.978087 
0.705009 
0.090321 
0.026186 
0.106218 
0.198600 
0.876670 
0.194452 
0.161102 
0.647524 
0.939765 
0.634029 
0.130457 
0.592199 
0.086079 
0.723438 
0.827392 
0.973527 
0.075071 
0.722164 
0.415244 
0.002022 
0.985288 
0.743535 
0.595942 
0.002065 
0.713877 
0.122385 
0.917807 
0.577447 
0.147076 
0.908877 
0.489309 
0.809399 
0.566681 
0.209331 
0.231710 
0.357140 
0.454612 
0.665389 
0.189163 
0.266939 
0.435373 
0.320336 
0.885755 
0.878198 
0.874680 
0.739220 
0.077345 
0.933238 
0.935185 
0.646841 
0.456885 
0.865114 
0.979311 
0.284040 
0.864279 
0.929421 
0.778303 
0.945479 
0.671242 
0.566468 
0.633142 
0.223259 
0.305611 
0.404681 
0.471158 
0.759603 
0.652961 
0.312783 
0.941357 
0.379191 
0.055408 
0.238210 
0.603002 
0.662588 
0.120259 
0.199142 
0.976131 
0.839979 
0.534243 
0.020457 
0.825386 
0.254320 
0.353257 
0.195966 
0.600363 
0.308683 
0.037321 
0.248591 
0.061140 
0.574195 
0.494076 
0.936707 
0.226225 
0.170603 
0.320359 
0.265834 
0.879341 
0.091547 
0.624227 
0.385462 
0.467163 
0.609926 
0.032951 
0.807538 
0.290913 
0.374202 
0.220733 
0.865347 
0.889397 
0.089148 
0.305668 
0.369930 
0.421183 
0.830806 
0.349681 
0.094475 
0.834684 
0.532842 
0.477533 
0.901831 
0.081938 
0.124311 
0.299676 
0.648174 
0.858239 
0.423814 
0.048188 
0.887444 
0.265785 
0.056774 
0.206937 
0.993654 
0.339297 
0.564977 
0.561525 
0.549698 
0.768066 
0.880067 
0.281453 
0.385385 
0.165810 
0.769590 
0.491187 
0.380902 
0.820211 
0.278618 
0.736038 
0.597956 
0.841627 
0.223796 
0.347228 
0.854416 
0.165363 
0.249411 
0.855929 
0.605727 
0.457398 
0.493835 
0.889957 
0.508261 
0.349077 
0.931245 
0.441455 
0.528704 
0.920019 
0.760535 
0.310082 
0.550231 
0.724727 
0.487111 
0.879885 
0.228011 
0.180417 
0.260566 
0.337920 
0.419045 
0.892274 
0.457284 
0.567061 
0.601894 
0.033990 
0.273098 
0.965067 
0.879373 
0.614638 
0.215373 
0.778382 
0.266030 
0.173773 
0.608088 
0.128552 
0.571994 
0.508079 
0.289819 
0.993700 
0.121457 
0.319986 
0.001820 
0.585232 
0.993005 
0.442189 
0.873353 
0.446324 
0.369313 
0.042917 
0.305309 
0.333710 
0.665936 
0.380772 
0.638383 
0.305577 
0.839922 
0.572828 
0.523948 
0.000791 
0.296164 
0.627512 
0.592640 
0.498574 
0.530269 
0.228938 
0.769174 
0.515435 
0.908801 
0.218064 
0.994933 
0.838592 
0.209753 
0.316570 
0.597546 
0.950556 
0.990563 
0.394667 
0.165158 
0.809425 
0.999605 
0.353620 
0.295713 
0.047838 
0.007117 
0.611740 
0.509154 
0.347617 
0.395359 
0.792568 
0.686673 
0.914235 
0.553765 
0.130086 
0.361149 
0.829133 
0.234514 
0.479709 
0.477022 
0.310325 
0.633474 
0.803397 
0.696255 
0.954563 
0.346019 
0.537740 
0.801139 
0.747787 
0.053566 
0.282181 
0.612670 
0.151444 
0.320956 
0.306644 
0.758489 
0.917235 
0.976378 
0.981631 
0.279426 
0.312120 
0.805998 
0.414220 
0.802989 
0.830510 
0.377612 
0.532281 
0.040309 
0.479982 
0.049907 
0.787635 
0.778390 
0.406279 
0.330937 
0.055461 
0.138916 
0.760889 
0.256698 
0.329342 
0.249427 
0.113049 
0.016681 
0.359048 
