0.000001 
0.013250 
0.693475 
0.239810 
0.494673 
0.974933 
0.697902 
0.646535 
0.317966 
0.048815 
0.435073 
0.269017 
0.371918 
0.824331 
0.530583 
0.510548 
0.782427 
0.255907 
0.033029 
0.122697 
0.163908 
0.803755 
0.706202 
0.137456 
0.228986 
0.560546 
0.090420 
0.696560 
0.084803 
0.286911 
0.115676 
0.173166 
0.401281 
0.332918 
0.357422 
0.186631 
0.700545 
0.057095 
0.602953 
0.826294 
0.518370 
0.236833 
0.457635 
0.464059 
0.431429 
0.020947 
0.057200 
0.357578 
0.809169 
0.697974 
0.844510 
0.675659 
0.799878 
0.552116 
0.417281 
0.235610 
0.896690 
0.673929 
0.732093 
0.289316 
0.535407 
0.577685 
0.157261 
0.082294 
0.122769 
0.385096 
0.302528 
0.582651 
0.610791 
0.564875 
0.857184 
0.697111 
0.352657 
0.099488 
0.092929 
0.862338 
0.306782 
0.079062 
0.792184 
0.243646 
0.956298 
0.494689 
0.243581 
0.864018 
0.554825 
0.942394 
0.817006 
0.428103 
0.122513 
0.082189 
0.352758 
0.798929 
0.602860 
0.268815 
0.972378 
0.755295 
0.246781 
0.652745 
0.677513 
0.954142 
0.263084 
0.655631 
0.184105 
0.250545 
0.908803 
0.247921 
0.811595 
0.472896 
0.960006 
0.823581 
0.926842 
0.425767 
0.859458 
0.910455 
0.018556 
0.869850 
0.573064 
0.486416 
0.188315 
0.003975 
0.813354 
0.046640 
0.877734 
0.078324 
0.398495 
0.501560 
0.724571 
0.860128 
0.168992 
0.256774 
0.594435 
0.675191 
0.935355 
0.517256 
0.519140 
0.184293 
0.418996 
0.061568 
0.773375 
0.106953 
0.559591 
0.053877 
0.507143 
0.555413 
0.820595 
0.735529 
0.042012 
0.100873 
0.373466 
0.850006 
0.055132 
0.603685 
0.134073 
0.370155 
0.188939 
0.489698 
0.352682 
0.523685 
0.572584 
0.426406 
0.602582 
0.596097 
0.599043 
0.108889 
0.102817 
0.039182 
0.533234 
0.060120 
0.441607 
0.095119 
0.659969 
0.102184 
0.402692 
0.049956 
0.602149 
0.310616 
0.518976 
0.426117 
0.740161 
0.878315 
0.835232 
0.744377 
0.744187 
0.543186 
0.324760 
0.236771 
0.415514 
0.549878 
0.804752 
0.462631 
0.435702 
0.847122 
0.583297 
0.466599 
0.131591 
0.643100 
0.580750 
0.665094 
0.226619 
0.786233 
0.212676 
0.444686 
0.835856 
0.237331 
0.824430 
0.199549 
0.812332 
0.861780 
0.937890 
0.113640 
0.950222 
0.381271 
0.025762 
0.985450 
0.462823 
0.663508 
0.582473 
0.619514 
0.164558 
0.725015 
0.323440 
0.050681 
0.803677 
0.405389 
0.373227 
0.823989 
0.780769 
0.380657 
0.709160 
0.846187 
0.861185 
0.939359 
0.801625 
0.904484 
0.657133 
0.438210 
0.990712 
0.895646 
0.117661 
0.534975 
0.318462 
0.386473 
0.455378 
0.531306 
0.658310 
0.212596 
0.101595 
0.504495 
0.052384 
0.416641 
0.481169 
0.007407 
0.488147 
0.284963 
0.378138 
0.367657 
0.206251 
0.462735 
0.191439 
0.508363 
0.058857 
0.202594 
0.002563 
0.071124 
0.381773 
0.460217 
0.865119 
0.051736 
0.534732 
0.235930 
0.277742 
0.006318 
0.193790 
0.022121 
0.780558 
0.842082 
0.871318 
0.233836 
0.083788 
0.224471 
0.689914 
0.386932 
0.158372 
0.757757 
0.618206 
0.183840 
0.796276 
0.018210 
0.057268 
0.510112 
0.458464 
0.404536 
0.038887 
0.577342 
0.386534 
0.483434 
0.072081 
0.462223 
0.576625 
0.340367 
0.545293 
0.739081 
0.728119 
0.498447 
0.396832 
0.554042 
0.780765 
0.324073 
0.690951 
0.819707 
0.820731 
0.032232 
0.726707 
0.771908 
0.465230 
0.125196 
0.161074 
0.175625 
0.737291 
0.655522 
0.362103 
0.858852 
0.722980 
0.121259 
0.000423 
0.117441 
0.832218 
0.080900 
0.685674 
0.115513 
0.425312 
0.220789 
0.793085 
0.378803 
0.544041 
0.692307 
0.598253 
0.843131 
0.499612 
0.973219 
0.890422 
0.330569 
0.869108 
0.094278 
0.533960 
0.259919 
0.466529 
0.960594 
0.696162 
0.401233 
0.515055 
0.527023 
0.674856 
0.303109 
0.348019 
0.149022 
0.616855 
0.476592 
0.083127 
0.115316 
0.113459 
0.901131 
0.311313 
0.237078 
0.563254 
0.609265 
0.916188 
0.376353 
0.356739 
0.719215 
0.850299 
0.982066 
0.587455 
0.352555 
0.387704 
0.147907 
0.866267 
0.349927 
0.228895 
0.038951 
0.645187 
0.665424 
0.784805 
0.213381 
0.289630 
0.805926 
0.201892 
0.204992 
0.299286 
0.096227 
0.288904 
0.605470 
0.127796 
0.868670 
0.736482 
0.044730 
0.783970 
0.176654 
0.030453 
0.815279 
0.393235 
0.107650 
0.276300 
0.777288 
0.878500 
0.953563 
0.529147 
0.373157 
0.643099 
0.570067 
0.116013 
0.825354 
0.728803 
0.985397 
0.565397 
0.619955 
0.586993 
0.584836 
0.343746 
0.331996 
0.858432 
0.670192 
0.922709 
0.975090 
0.340507 
0.906853 
0.477426 
0.100460 
0.423854 
0.714118 
0.174761 
0.211440 
0.679199 
0.305634 
0.792900 
0.271601 
0.806005 
0.534105 
0.698827 
0.192835 
0.980333 
0.460823 
0.057126 
0.109413 
0.899640 
0.249979 
0.404170 
0.891102 
0.750924 
0.782633 
0.714505 
0.686214 
0.204260 
0.995607 
0.170243 
0.273987 
0.906075 
0.409205 
0.511027 
0.836223 
0.400636 
0.490282 
0.168804 
0.084472 
0.725078 
0.391919 
0.984132 
0.309079 
0.697350 
0.354780 
0.788984 
0.452908 
0.028398 
0.292374 
0.924419 
0.715310 
0.220723 
0.683572 
0.792729 
0.399934 
0.697704 
0.318074 
0.875122 
0.172549 
0.037767 
0.756153 
0.657483 
0.313590 
0.512876 
0.900703 
0.110098 
0.424376 
0.482985 
0.532579 
0.060166 
0.211910 
0.570379 
0.358201 
0.282768 
0.485267 
0.888911 
0.921455 
0.891509 
0.588424 
0.639707 
0.548635 
0.915319 
0.768458 
0.469784 
0.652154 
0.755015 
0.531738 
0.923051 
0.717524 
0.430264 
0.444302 
0.380072 
0.872799 
0.128679 
0.713328 
0.904604 
0.683999 
0.963045 
0.901449 
0.648161 
0.644039 
0.366091 
0.886124 
0.091983 
0.959265 
0.362804 
0.642836 
0.145218 
0.675966 
0.955108 
0.493166 
0.643011 
0.077508 
0.675974 
0.089964 
0.020794 
0.478317 
0.077931 
0.788242 
0.975703 
0.646576 
0.996254 
0.034300 
0.481532 
0.100001 
0.710083 
0.360132 
0.746337 
0.678965 
0.364032 
0.285120 
0.007579 
0.381415 
0.437560 
0.064858 
0.065726 
0.664112 
0.732655 
0.739250 
0.574624 
0.712759 
0.341752 
0.817573 
0.954383 
0.312855 
0.147181 
0.669285 
0.678609 
0.381336 
0.116805 
0.142344 
0.378369 
0.243799 
0.531971 
0.843843 
0.466326 
0.539735 
0.318192 
0.848533 
0.294292 
0.164154 
0.928267 
0.383629 
0.653464 
0.765809 
0.960196 
0.019534 
0.303394 
0.148322 
0.851380 
0.141223 
0.535007 
0.868194 
0.732250 
0.928814 
0.575222 
0.761833 
0.124803 
0.562482 
0.641073 
0.511226 
0.180345 
0.050594 
0.332797 
0.325023 
0.664579 
0.576845 
0.038937 
0.410138 
0.191033 
0.690163 
0.573969 
0.691188 
0.804683 
0.310934 
0.860950 
0.990329 
0.464483 
0.571011 
0.973567 
0.745556 
0.564475 
0.123196 
0.558824 
0.154518 
0.977028 
0.908213 
0.342360 
0.036965 
0.262780 
0.540785 
0.978042 
0.948278 
0.701586 
0.547583 
0.224962 
0.934415 
0.712944 
0.450511 
0.731628 
0.478044 
0.483657 
0.818157 
0.761442 
0.552883 
0.308712 
0.517946 
0.115698 
0.539581 
0.737446 
0.262893 
0.439298 
0.283152 
0.931730 
0.591937 
0.691267 
0.125422 
0.970372 
0.037097 
0.493342 
0.599633 
0.028499 
0.987777 
0.560851 
0.229441 
0.222851 
0.451911 
0.264386 
0.534011 
0.124725 
0.260581 
0.593091 
0.077090 
0.648199 
0.286185 
0.910070 
0.547205 
0.876657 
0.978327 
0.745083 
0.606552 
0.316372 
0.266768 
0.572527 
0.455122 
0.236922 
0.953191 
0.283070 
0.563658 
0.391957 
0.614131 
0.706412 
0.658970 
0.314450 
0.953294 
0.010530 
0.978870 
0.865487 
0.247200 
0.689355 
0.987454 
0.143274 
0.010195 
0.351116 
0.198941 
0.594537 
0.387092 
0.853445 
0.847406 
0.355746 
0.025969 
0.456617 
0.365696 
0.247219 
0.006284 
0.610185 
0.380797 
0.047287 
0.760395 
0.951191 
0.666271 
0.013801 
0.961399 
0.236227 
0.272374 
0.791956 
0.398308 
0.363311 
0.176130 
0.215613 
0.804493 
0.118847 
0.464065 
0.536803 
0.045727 
0.527258 
0.622954 
0.987253 
0.764458 
0.253222 
0.910207 
0.846686 
0.257267 
0.889252 
0.657643 
0.014110 
0.152826 
0.539547 
0.172719 
0.890714 
0.226064 
0.465583 
0.046180 
0.153929 
0.092895 
0.284047 
0.979616 
0.401805 
0.133937 
0.072473 
0.062020 
0.367997 
0.929651 
0.652591 
0.096744 
0.973888 
0.141274 
0.398678 
0.589266 
0.801976 
0.805472 
0.570940 
0.783881 
0.686381 
0.999448 
0.716643 
0.611065 
0.168604 
0.724917 
0.682602 
0.495708 
0.369853 
0.111981 
0.058067 
0.935779 
0.641756 
0.998442 
0.821194 
0.807088 
0.733129 
0.699873 
0.761985 
0.688651 
0.158038 
0.144176 
0.166593 
0.932416 
0.109402 
0.725668 
0.296487 
0.053463 
0.557319 
0.868004 
0.538880 
0.959731 
0.202423 
0.124455 
0.707223 
0.302562 
0.167453 
0.377397 
0.905760 
0.112342 
0.130625 
0.420977 
0.367301 
0.222303 
0.248374 
0.429352 
0.121296 
0.622338 
0.636238 
0.253540 
0.254983 
0.501427 
0.488295 
0.778695 
0.526650 
0.402678 
0.815086 
0.153126 
0.594897 
0.428517 
0.081322 
0.774979 
0.069382 
0.105079 
0.059238 
0.610379 
0.645840 
0.639434 
0.966734 
0.906477 
0.166211 
0.501950 
0.269615 
0.413134 
0.543443 
0.647749 
0.712506 
0.082493 
0.454048 
0.181543 
0.196709 
0.094004 
0.919861 
0.104617 
0.303987 
0.106117 
0.509208 
0.261259 
0.985209 
0.402276 
0.044424 
0.628764 
0.630218 
0.071539 
0.349331 
0.212254 
0.348493 
0.128734 
0.624881 
0.373865 
0.547085 
0.861211 
0.367125 
0.262511 
0.024579 
0.097394 
0.897105 
0.642959 
0.213234 
0.826491 
0.838628 
0.828075 
0.459523 
0.196026 
0.604228 
0.266155 
0.265183 
0.925062 
0.516381 
0.812148 
0.765864 
0.877345 
0.538313 
0.424286 
0.981332 
0.245630 
0.311391 
0.552448 
0.987769 
0.440161 
0.785211 
0.033177 
0.608226 
0.460818 
0.964399 
0.649699 
0.487783 
0.163216 
0.177941 
0.662662 
0.366311 
0.593468 
0.410689 
0.444783 
0.471646 
0.950431 
0.892822 
0.663622 
0.492623 
0.521315 
0.733125 
0.628113 
0.692006 
0.543452 
0.794978 
0.201376 
0.529814 
0.580330 
0.598813 
0.256923 
0.097324 
0.722915 
0.028604 
0.746745 
0.547199 
0.769999 
0.381350 
0.355752 
0.122554 
0.764461 
0.290977 
0.448497 
0.886761 
0.785504 
0.958405 
0.916758 
0.957339 
0.996220 
0.465409 
0.131249 
0.904736 
0.890643 
0.042412 
0.822042 
0.052857 
0.366628 
0.908676 
0.115666 
0.998904 
0.580890 
0.024814 
0.053584 
0.591322 
0.355302 
0.561671 
0.001167 
0.612521 
0.646349 
0.179576 
0.132694 
0.189662 
0.648816 
0.644181 
0.752695 
0.545392 
0.401355 
0.565094 
0.535249 
0.932952 
0.118665 
0.398186 
0.318289 
0.483626 
0.300529 
0.983672 
0.572479 
0.647636 
0.825631 
0.374074 
0.055709 
0.303938 
0.277907 
0.785853 
0.839249 
0.252298 
0.374911 
0.126449 
0.226342 
0.129285 
0.887984 
0.343004 
0.871908 
0.149752 
0.882912 
0.100429 
0.903260 
0.083526 
0.819939 
0.721965 
0.068101 
0.578478 
0.479119 
0.548365 
0.367682 
0.632053 
0.907637 
0.654598 
0.827441 
0.793175 
0.896086 
0.511952 
0.384910 
0.182029 
0.361913 
0.679147 
0.418875 
0.035352 
0.166175 
0.911458 
0.875037 
0.747180 
0.849640 
0.892453 
0.460856 
0.613244 
0.790025 
0.947019 
0.552404 
0.245759 
0.474005 
0.600219 
0.872820 
0.479215 
0.159321 
0.711380 
0.164757 
0.074842 
0.864445 
0.729477 
0.315843 
0.372812 
0.846241 
0.766532 
0.099153 
0.469691 
0.093094 
0.638390 
0.417925 
0.064871 
0.287228 
0.446592 
0.874484 
0.455284 
0.952978 
0.695651 
0.798480 
0.046790 
0.401261 
0.991196 
0.022978 
0.191448 
0.659835 
0.841208 
0.188000 
0.717216 
0.248237 
0.117865 
0.961719 
0.612849 
0.154375 
0.581040 
0.535138 
0.062207 
0.509627 
0.302417 
0.718605 
0.598100 
0.267261 
0.862013 
0.860341 
0.748453 
0.248021 
0.488989 
0.440877 
0.826291 
0.471756 
0.797767 
0.072336 
0.743873 
0.269763 
0.900033 
0.859466 
0.039324 
0.919776 
0.667086 
0.706136 
0.031747 
0.570277 
0.640626 
0.999782 
0.341258 
0.530959 
0.823532 
0.108477 
0.176949 
0.988943 
0.159411 
0.212376 
0.402532 
0.352770 
0.997296 
0.559638 
0.841311 
0.918622 
0.273695 
0.986318 
0.045587 
0.182626 
0.400844 
0.989225 
0.899287 
0.311471 
0.898208 
0.173516 
0.286523 
0.592695 
0.425185 
0.078234 
0.876665 
0.110194 
0.025275 
0.800625 
0.112445 
0.861951 
0.815857 
0.109861 
0.428537 
0.418333 
0.923674 
0.190161 
0.038410 
0.549248 
0.211902 
0.434059 
0.233007 
0.149266 
0.717270 
0.149169 
0.090347 
0.468384 
0.122785 
0.654910 
0.067774 
0.076133 
0.574089 
0.715385 
0.475133 
0.560255 
0.213771 
0.843079 
0.630517 
0.096459 
0.186209 
0.609369 
0.665695 
0.333514 
0.370463 
0.369705 
0.638551 
0.118578 
0.940963 
0.771363 
0.306265 
0.397865 
0.920669 
0.685739 
0.222365 
0.288538 
0.459085 
0.846642 
0.518121 
0.065926 
0.024199 
0.719701 
0.016623 
0.377113 
0.138030 
0.870259 
0.435608 
0.264411 
0.959476 
0.913502 
0.232712 
0.190213 
0.902417 
0.926446 
0.772656 
0.032673 
0.137716 
0.586559 
0.301766 
0.777318 
0.375663 
0.760017 
0.601634 
0.664137 
0.149089 
0.733419 
0.578213 
0.027629 
0.353687 
0.416919 
0.151367 
0.025574 
0.829639 
0.743585 
0.440650 
0.007078 
0.951906 
0.689773 
0.018508 
0.061386 
0.719549 
0.456633 
0.629687 
0.148351 
0.329407 
0.337785 
0.152482 
0.759601 
0.622344 
0.736956 
0.013336 
0.139874 
0.869975 
0.669874 
0.564464 
0.943816 
0.712720 
0.680533 
0.716004 
0.883132 
0.797809 
0.774361 
0.683469 
0.067163 
0.816867 
0.080662 
0.678338 
0.821850 
0.832189 
0.593740 
0.984513 
0.706628 
0.289200 
0.591329 
0.459573 
0.039622 
0.930875 
0.208229 
0.704253 
0.372815 
0.908116 
0.704285 
0.914831 
0.557634 
0.150873 
0.729717 
0.352661 
0.169323 
0.804613 
0.128627 
0.841909 
0.961121 
0.565004 
0.022756 
0.466166 
0.856519 
0.508291 
0.853056 
0.307113 
0.646177 
0.303949 
0.466272 
0.637338 
0.748143 
0.043673 
0.016781 
0.036145 
0.496165 
0.045290 
0.193879 
0.531624 
0.999909 
0.462995 
0.556862 
0.181985 
0.617892 
0.907779 
0.043315 
0.001911 
0.115984 
0.337451 
0.531552 
0.794006 
0.857522 
0.377608 
0.452358 
0.776417 
0.238431 
0.314760 
0.168606 
0.767180 
0.986658 
0.764448 
0.080565 
0.055063 
0.437673 
0.976707 
0.511227 
0.199034 
0.162832 
0.718307 
0.581538 
0.912742 
0.451382 
0.381480 
0.539082 
0.350850 
0.736799 
0.376930 
0.057485 
0.149930 
0.869134 
0.527335 
0.914391 
0.169212 
0.954279 
0.570141 
0.364819 
0.520982 
0.136433 
0.035047 
0.036867 
0.623562 
0.214134 
0.954519 
0.595446 
0.669244 
0.983925 
0.824185 
0.077196 
0.439334 
0.892842 
0.988502 
0.757747 
0.453844 
0.758751 
0.328905 
0.906790 
0.412516 
0.148240 
0.474479 
0.566617 
0.135068 
0.091834 
0.459405 
0.220204 
0.968847 
0.413329 
0.828828 
0.106607 
0.737078 
0.069472 
0.616038 
0.744617 
0.773882 
0.640310 
0.682289 
0.227247 
0.340084 
0.788449 
0.466061 
0.080105 
0.324214 
0.068235 
0.817469 
0.204164 
0.385754 
0.373373 
0.281633 
0.408539 
0.319538 
0.482236 
0.946846 
0.643835 
0.936787 
0.578880 
0.241141 
0.855009 
0.144085 
0.639285 
0.464597 
0.486381 
0.611073 
0.302873 
0.387211 
0.847510 
0.097372 
0.524578 
0.575781 
0.155503 
0.538862 
0.650895 
0.589765 
0.182835 
0.914368 
0.774607 
0.819001 
0.949796 
0.225168 
0.396871 
0.214259 
0.045498 
0.677842 
0.498780 
0.998321 
0.779772 
0.621967 
0.396493 
0.858112 
0.288546 
0.593448 
0.087389 
0.750293 
0.171391 
0.572131 
0.811012 
0.678594 
0.126572 
0.298725 
0.677896 
0.399274 
0.604687 
0.972538 
0.447496 
0.062062 
0.083132 
0.195043 
0.088907 
0.252548 
0.580207 
0.536925 
0.100485 
0.852770 
0.511059 
0.368839 
0.073270 
0.454879 
0.144882 
0.026047 
0.773545 
0.966231 
0.443574 
0.146682 
0.287690 
0.205162 
0.150769 
0.968573 
0.798808 
0.570485 
0.141377 
0.115494 
0.113087 
0.652268 
0.674361 
0.990440 
0.327871 
0.534527 
0.800334 
0.214116 
0.648797 
0.334828 
0.458543 
0.733821 
0.337590 
0.874501 
0.735491 
0.400407 
0.633001 
0.849153 
0.712191 
0.797009 
0.329590 
0.416436 
0.040666 
0.469588 
0.366089 
0.852369 
0.769503 
0.033510 
0.204785 
0.817741 
0.774247 
0.772536 
0.011584 
0.687768 
0.312550 
0.033048 
0.433161 
0.136426 
0.911281 
0.898285 
0.480997 
0.120948 
0.773426 
0.974874 
0.705683 
0.417292 
0.430823 
0.843740 
0.737481 
0.842334 
0.102519 
0.034391 
0.011548 
0.079894 
0.772545 
0.167673 
0.077414 
0.105096 
0.351279 
0.942944 
0.058438 
0.169107 
0.176199 
0.368515 
0.636065 
0.338860 
0.214998 
0.478546 
0.923465 
0.669672 
0.184396 
0.140797 
0.374959 
0.944258 
0.135976 
0.351822 
0.074869 
0.322710 
0.793124 
0.029879 
0.172636 
0.499060 
0.702728 
0.749611 
0.714322 
0.614842 
0.646219 
0.998570 
0.971121 
0.632105 
0.781952 
0.267063 
0.520404 
0.434013 
0.455246 
0.318494 
0.927166 
0.875009 
0.280595 
0.961324 
0.969960 
0.115942 
0.628851 
0.100213 
0.288134 
0.674578 
0.631932 
0.887628 
0.356865 
0.826966 
0.818175 
0.073808 
0.489084 
0.028331 
0.162011 
0.921678 
0.638626 
0.382169 
0.111472 
0.517448 
0.746015 
0.266647 
0.538179 
0.180161 
0.967498 
0.731150 
0.431214 
0.407559 
0.849641 
0.913952 
0.795160 
0.261064 
0.701937 
0.458620 
0.033288 
0.477320 
0.315382 
0.627445 
0.474205 
0.959421 
0.996095 
0.373186 
0.134345 
0.933953 
0.950876 
0.376835 
0.462760 
0.615604 
0.461867 
0.600504 
0.663794 
0.388529 
0.002145 
0.058838 
0.891277 
0.692426 
0.602618 
0.196825 
0.045047 
0.106605 
0.710993 
0.654024 
0.183499 
0.063727 
0.060680 
0.849341 
0.882583 
0.571146 
0.245163 
0.457027 
0.253636 
0.865337 
0.716716 
0.839390 
0.629840 
0.713420 
0.444857 
0.715318 
0.357269 
0.623362 
0.838786 
0.468786 
0.887696 
0.498998 
0.662541 
0.325265 
0.722160 
0.343108 
0.618229 
0.571034 
0.365269 
0.080315 
0.855245 
0.103649 
0.026289 
0.842834 
0.513025 
0.408428 
0.448175 
0.481713 
0.158256 
0.810791 
0.962649 
0.247837 
0.402958 
0.512559 
0.580486 
0.220937 
0.282849 
0.837656 
0.487164 
0.765525 
0.175655 
0.234281 
0.568145 
0.811273 
0.059529 
0.508090 
0.467509 
0.427642 
0.384692 
0.512581 
0.949178 
0.834598 
0.093972 
0.386721 
0.618951 
0.713834 
0.400480 
0.872228 
0.542527 
0.258908 
0.458898 
0.693962 
0.413999 
0.085197 
0.908857 
0.158989 
0.125512 
0.488453 
0.421863 
0.257688 
0.965722 
0.889540 
0.501149 
0.805059 
0.618572 
0.346691 
0.832936 
0.162357 
0.727701 
0.472911 
0.212861 
0.546440 
0.023591 
0.494229 
0.503364 
0.043847 
0.936017 
0.631123 
0.281344 
0.544498 
0.373434 
0.308124 
0.641757 
0.002387 
0.116239 
0.632171 
0.892796 
0.214560 
0.117415 
0.399138 
0.305855 
0.509565 
0.251813 
0.217463 
0.895254 
0.532202 
0.720830 
0.998127 
0.526217 
0.127293 
0.418766 
0.201219 
0.890911 
0.537386 
0.840670 
0.146790 
0.107446 
0.845509 
0.477864 
0.462647 
0.705782 
0.084653 
0.767360 
0.024002 
0.396186 
0.705661 
0.043411 
0.607608 
0.066288 
0.103379 
0.485868 
0.984270 
0.618985 
0.286293 
0.731994 
0.623520 
0.506427 
0.518488 
0.228582 
0.772415 
0.973715 
0.220802 
0.020731 
0.418447 
0.836047 
0.448694 
0.198888 
0.708984 
0.886363 
0.111238 
0.584979 
0.742833 
0.794036 
0.358293 
0.822982 
0.858898 
0.505108 
0.350117 
0.418297 
0.318375 
0.926088 
0.767186 
0.089395 
0.460993 
0.911629 
0.755344 
0.073199 
0.253946 
0.065904 
0.656172 
0.286751 
0.431952 
0.813309 
0.291458 
0.533481 
0.209575 
0.329965 
0.725288 
0.914764 
0.431020 
0.154732 
0.587982 
0.207520 
0.792730 
0.410782 
0.009079 
0.587051 
0.564205 
0.587940 
0.515200 
0.959991 
0.563980 
0.818409 
0.997229 
0.434582 
0.021190 
0.142345 
0.399930 
0.630405 
0.224634 
0.424956 
0.240065 
0.772293 
0.926109 
0.120828 
0.755890 
0.243082 
0.476490 
0.375734 
0.962992 
0.011974 
0.247001 
0.343566 
0.319947 
0.356825 
0.161498 
0.291587 
0.708867 
0.927016 
0.362901 
0.281357 
0.765006 
0.450615 
0.488077 
0.109223 
0.719301 
0.291314 
0.114233 
0.906193 
0.390795 
0.089758 
0.570171 
0.862138 
0.958191 
0.321027 
0.499030 
0.198201 
0.166098 
0.617227 
0.734087 
0.806259 
0.794624 
0.239937 
0.618132 
0.939150 
0.289526 
0.058979 
0.257588 
0.274209 
0.627389 
0.522863 
0.752046 
0.635551 
0.697750 
0.080034 
0.131100 
0.395508 
0.297311 
0.908853 
0.085945 
0.483336 
0.423980 
0.840182 
0.941061 
0.419636 
0.822137 
0.656746 
0.931703 
0.129775 
0.121802 
0.119936 
0.762781 
0.066194 
0.515471 
0.520956 
0.709239 
0.176419 
0.075960 
0.664762 
0.647247 
0.286292 
0.712115 
0.517538 
0.268909 
0.547153 
0.999799 
0.616081 
0.480389 
0.904421 
0.607860 
0.298491 
0.740771 
0.131109 
0.546909 
0.895823 
0.093810 
0.672747 
0.865543 
0.189440 
0.918283 
0.579009 
0.408607 
0.456209 
0.504435 
0.041421 
0.154395 
0.919280 
0.335266 
0.813021 
0.451029 
0.436883 
0.696720 
0.772324 
0.442595 
0.694081 
0.417918 
0.941238 
0.384789 
0.149317 
0.578350 
0.331234 
0.054711 
0.531848 
0.772547 
0.201467 
0.057584 
0.808877 
0.802548 
0.431875 
0.524205 
0.307760 
0.514046 
0.570396 
0.639989 
0.300830 
0.054893 
0.586911 
0.205838 
0.517013 
0.429831 
0.163837 
0.615728 
0.533037 
0.760758 
0.056260 
0.559441 
0.523854 
0.417908 
0.778512 
0.451098 
0.603458 
0.324807 
0.034834 
0.455309 
0.380188 
0.817354 
0.270597 
0.922891 
0.033682 
0.097340 
0.000399 
0.700883 
0.733444 
0.987626 
0.032402 
0.579302 
0.322620 
0.271091 
0.218530 
0.827602 
0.514654 
0.794232 
0.661850 
0.712584 
0.399029 
0.477694 
0.597632 
0.404601 
0.133147 
0.796267 
0.855868 
0.568929 
0.988914 
0.678778 
0.213730 
0.168485 
0.730868 
0.695712 
0.838088 
0.737340 
0.478629 
0.322819 
0.626192 
0.416004 
0.784385 
0.157009 
0.846773 
0.713355 
0.363198 
0.272233 
0.412505 
0.964579 
0.677205 
0.776521 
0.992422 
0.643074 
0.144179 
0.224195 
0.050536 
0.364574 
0.390639 
0.463354 
0.593075 
0.805695 
0.312320 
0.160427 
0.299445 
0.777713 
0.028953 
0.612171 
0.753296 
0.645087 
0.970820 
0.565227 
0.770992 
0.069815 
0.379846 
0.064073 
0.869466 
0.116466 
0.441953 
0.909610 
0.818141 
0.497834 
0.097103 
0.010250 
0.264202 
