0.000001 
0.011372 
0.124406 
0.894533 
0.418642 
0.110796 
0.147698 
0.355827 
0.390434 
0.017678 
0.108778 
0.228519 
0.711989 
0.392648 
0.233277 
0.679756 
0.654381 
0.180055 
0.185465 
0.102941 
0.121771 
0.607121 
0.880751 
0.783062 
0.924227 
0.480492 
0.627514 
0.624986 
0.144252 
0.447066 
0.829934 
0.696167 
0.473752 
0.344200 
0.965938 
0.526978 
0.924331 
0.223839 
0.064436 
0.977321 
0.837089 
0.947501 
0.645566 
0.025562 
0.626028 
0.656489 
0.612588 
0.765245 
0.479458 
0.247582 
0.105772 
0.716912 
0.144255 
0.486252 
0.439639 
0.012015 
0.934962 
0.909758 
0.294584 
0.079372 
0.999968 
0.460943 
0.071766 
0.172223 
0.554864 
0.590989 
0.748123 
0.707969 
0.834896 
0.101455 
0.157406 
0.527409 
0.158541 
0.599856 
0.776743 
0.722963 
0.839784 
0.243873 
0.772028 
0.480223 
0.107206 
0.818537 
0.155891 
0.055770 
0.325553 
0.563082 
0.726586 
0.734219 
0.023634 
0.212298 
0.095426 
0.832158 
0.085621 
0.025155 
0.786689 
0.888035 
0.211207 
0.753360 
0.714959 
0.317997 
0.568376 
0.702677 
0.883936 
0.319576 
0.110154 
0.355127 
0.614440 
0.895521 
0.027105 
0.555619 
0.291613 
0.139184 
0.269222 
0.810332 
0.241560 
0.906020 
0.483557 
0.142210 
0.127951 
0.473583 
0.510812 
0.208959 
0.976579 
0.358420 
0.968112 
0.051251 
0.367868 
0.764776 
0.590399 
0.841756 
0.384947 
0.797432 
0.441271 
0.436842 
0.996049 
0.588764 
0.364915 
0.123720 
0.365454 
0.182163 
0.621433 
0.427810 
0.209025 
0.080339 
0.264220 
0.742306 
0.938006 
0.064128 
0.797783 
0.339669 
0.811640 
0.236358 
0.471240 
0.122761 
0.247211 
0.869776 
0.328084 
0.112767 
0.271686 
0.234240 
0.865063 
0.114075 
0.255410 
0.673489 
0.322736 
0.229139 
0.131594 
0.700741 
0.356560 
0.698291 
0.184841 
0.616936 
0.847083 
0.928284 
0.674496 
0.255360 
0.837609 
0.692349 
0.313912 
0.921554 
0.561484 
0.858582 
0.192146 
0.396485 
0.722904 
0.841718 
0.755902 
0.447710 
0.663499 
0.432488 
0.829342 
0.744163 
0.153887 
0.372102 
0.916835 
0.240652 
0.641955 
0.336905 
0.369331 
0.346956 
0.285303 
0.089267 
0.306261 
0.322411 
0.764854 
0.894828 
0.376443 
0.879602 
0.473570 
0.289497 
0.583386 
0.969278 
0.649990 
0.376172 
0.323380 
0.040211 
0.828312 
0.446635 
0.596044 
0.713199 
0.741263 
0.403213 
0.806700 
0.207933 
0.726697 
0.602632 
0.434411 
0.137682 
0.017371 
0.953047 
0.869050 
0.127518 
0.197141 
0.356890 
0.250333 
0.354825 
0.543712 
0.167970 
0.072039 
0.759196 
0.800192 
0.825485 
0.921243 
0.323678 
0.062330 
0.574662 
0.337045 
0.716498 
0.187309 
0.099456 
0.557081 
0.864597 
0.277187 
0.680479 
0.817741 
0.765036 
0.952559 
0.664120 
0.856562 
0.245512 
0.318085 
0.061648 
0.112654 
0.379411 
0.764747 
0.099052 
0.767878 
0.727214 
0.283500 
0.781339 
0.960165 
0.487998 
0.782975 
0.457260 
0.169020 
0.721527 
0.702909 
0.786039 
0.956139 
0.834115 
0.972502 
0.834738 
0.442478 
0.720036 
0.641614 
0.610821 
0.062014 
0.269025 
0.502783 
0.267687 
0.007176 
0.599404 
0.183404 
0.472462 
0.666057 
0.419627 
0.679110 
0.803668 
0.244440 
0.298614 
0.800538 
0.640806 
0.022420 
0.813493 
0.373654 
0.008283 
0.208773 
0.842220 
0.184260 
0.859442 
0.635867 
0.015259 
0.457121 
0.833185 
0.347891 
0.005262 
0.443615 
0.844763 
0.932241 
0.177480 
0.907936 
0.675081 
0.082392 
0.762073 
0.158662 
0.637709 
0.980633 
0.503572 
0.537084 
0.775452 
0.021842 
0.098527 
0.938779 
0.054578 
0.296215 
0.477213 
0.518761 
0.812799 
0.716442 
0.235137 
0.949075 
0.102372 
0.572247 
0.749549 
0.667952 
0.275643 
0.725852 
0.393232 
0.057014 
0.226811 
0.010853 
0.412147 
0.949537 
0.863211 
0.994490 
0.388381 
0.522321 
0.652976 
0.566913 
0.104875 
0.639608 
0.883841 
0.723176 
0.426742 
0.248321 
0.536481 
0.632736 
0.389155 
0.535938 
0.503260 
0.296211 
0.416386 
0.207071 
0.248235 
0.087616 
0.568168 
0.198279 
0.471615 
0.435667 
0.257883 
0.234765 
0.697496 
0.821808 
0.130562 
0.362571 
0.722983 
0.180951 
0.239134 
0.119233 
0.956774 
0.496620 
0.687388 
0.924801 
0.126508 
0.214476 
0.695802 
0.349148 
0.132710 
0.465001 
0.279740 
0.595021 
0.522986 
0.829571 
0.604489 
0.641737 
0.674853 
0.259805 
0.549437 
0.384775 
0.905675 
0.675467 
0.581949 
0.817454 
0.954980 
0.354118 
0.655520 
0.320083 
0.632467 
0.878005 
0.628701 
0.573126 
0.525570 
0.249673 
0.256235 
0.543271 
0.749355 
0.402658 
0.474287 
0.340142 
0.761142 
0.508522 
0.731969 
0.197210 
0.511569 
0.940983 
0.097246 
0.408226 
0.047876 
0.653512 
0.580738 
0.463925 
0.179313 
0.707031 
0.069685 
0.195615 
0.708931 
0.002516 
0.285748 
0.564733 
0.466135 
0.324380 
0.859462 
0.980384 
0.308693 
0.203404 
0.611993 
0.761682 
0.588644 
0.347621 
0.469600 
0.560026 
0.358759 
0.669387 
0.383779 
0.176928 
0.626378 
0.539837 
0.040220 
0.976520 
0.377729 
0.494031 
0.170748 
0.754438 
0.833325 
0.690597 
0.869076 
0.562735 
0.882002 
0.813252 
0.325520 
0.008130 
0.645105 
0.272033 
0.060079 
0.753028 
0.137442 
0.992512 
0.146277 
0.475610 
0.582824 
0.522725 
0.435096 
0.662597 
0.275746 
0.460379 
0.587067 
0.842150 
0.020949 
0.082612 
0.460776 
0.259650 
0.934952 
0.739730 
0.636137 
0.553747 
0.825852 
0.092710 
0.183443 
0.127936 
0.218890 
0.876572 
0.544959 
0.125336 
0.514213 
0.379311 
0.078305 
0.073387 
0.421841 
0.879487 
0.533648 
0.017950 
0.692174 
0.361078 
0.634852 
0.962657 
0.374358 
0.842841 
0.628198 
0.118518 
0.936097 
0.977055 
0.360922 
0.014177 
0.271222 
0.421011 
0.928866 
0.453216 
0.197058 
0.952268 
0.768882 
0.600835 
0.228585 
0.833570 
0.809991 
0.520790 
0.912861 
0.461640 
0.783129 
0.055325 
0.847786 
0.731099 
0.576652 
0.796472 
0.304510 
0.906048 
0.940507 
0.107509 
0.900293 
0.220186 
0.658735 
0.360012 
0.723541 
0.553779 
0.368063 
0.030673 
0.520165 
0.409076 
0.333097 
0.369001 
0.795970 
0.872920 
0.169209 
0.903142 
0.102234 
0.239644 
0.701020 
0.035304 
0.355724 
0.647345 
0.921502 
0.691419 
0.671137 
0.792872 
0.802669 
0.456353 
0.930015 
0.758873 
0.378271 
0.602766 
0.688554 
0.519885 
0.706664 
0.905394 
0.956002 
0.533405 
0.940459 
0.293778 
0.521846 
0.668021 
0.428569 
0.952037 
0.880061 
0.183898 
0.766856 
0.545469 
0.695695 
0.547573 
0.054644 
0.409069 
0.229922 
0.306340 
0.651008 
0.488231 
0.698719 
0.364188 
0.913058 
0.766082 
0.536501 
0.978857 
0.647836 
0.181312 
0.305345 
0.927285 
0.886402 
0.755223 
0.040339 
0.971164 
0.361491 
0.577656 
0.660670 
0.878099 
0.209471 
0.575575 
0.688547 
0.403319 
0.582848 
0.919725 
0.820938 
0.498171 
0.762338 
0.611264 
0.510753 
0.227352 
0.112576 
0.072095 
0.692615 
0.786033 
0.849842 
0.287877 
0.341016 
0.448646 
0.397859 
0.816367 
0.681637 
0.270236 
0.858230 
0.270112 
0.777566 
0.554521 
0.835845 
0.040999 
0.067477 
0.084436 
0.115122 
0.862862 
0.127742 
0.952398 
0.949935 
0.551634 
0.319775 
0.452334 
0.383713 
0.066836 
0.306508 
0.480937 
0.105508 
0.271566 
0.206740 
0.685667 
0.999307 
0.352234 
0.992965 
0.755926 
0.850862 
0.438042 
0.173845 
0.814937 
0.650097 
0.179493 
0.734372 
0.596130 
0.157110 
0.542411 
0.295921 
0.545489 
0.033865 
0.163861 
0.005011 
0.222620 
0.569484 
0.313822 
0.401830 
0.553782 
0.417118 
0.509529 
0.654324 
0.228102 
0.718142 
0.805181 
0.671625 
0.996965 
0.999081 
0.558213 
0.893255 
0.941464 
0.191809 
0.733293 
0.453252 
0.808156 
0.685842 
0.943650 
0.920436 
0.760017 
0.604757 
0.147714 
0.635612 
0.734822 
0.152341 
0.392344 
0.124489 
0.283941 
0.190633 
0.968040 
0.846968 
0.990718 
0.995823 
0.801350 
0.283099 
0.040150 
0.807112 
0.132963 
0.702393 
0.126686 
0.206591 
0.170663 
0.331087 
0.581946 
0.773071 
0.004184 
0.316335 
0.650622 
0.997079 
0.914922 
0.087986 
0.786891 
0.283208 
0.882157 
0.409392 
0.645989 
0.138793 
0.690916 
0.221726 
0.544491 
0.251985 
0.104728 
0.158367 
0.669640 
0.634249 
0.823517 
0.854441 
0.591884 
0.795790 
0.834778 
0.120617 
0.206303 
0.331572 
0.727452 
0.277601 
0.644602 
0.824688 
0.537674 
0.682148 
0.869452 
0.871414 
0.862269 
0.151367 
0.023860 
0.022863 
0.266020 
0.996271 
0.331053 
0.999845 
0.387002 
0.347135 
0.295473 
0.021805 
0.469678 
0.877501 
0.166940 
0.758114 
0.629687 
0.148139 
0.777886 
0.936441 
0.768928 
0.374886 
0.710446 
0.466751 
0.683989 
0.798871 
0.633267 
0.315317 
0.540222 
0.507751 
0.779273 
0.237069 
0.414099 
0.762099 
0.589958 
0.422138 
0.878729 
0.795042 
0.274004 
0.178292 
0.556552 
0.975344 
0.605112 
0.110688 
0.328701 
0.474645 
0.357054 
0.012666 
0.880226 
0.953391 
0.649333 
0.334018 
0.841928 
0.291574 
0.485033 
0.946275 
0.050686 
0.887584 
0.622016 
0.217886 
0.012053 
0.578321 
0.842094 
0.074490 
0.954816 
0.597952 
0.781896 
0.327397 
0.567409 
0.436609 
0.085807 
0.152901 
0.811418 
0.510208 
0.067229 
0.917653 
0.002102 
0.322510 
0.421555 
0.076898 
0.422256 
0.856828 
0.707920 
0.007978 
0.081836 
0.410274 
0.471770 
0.037771 
0.810147 
0.136683 
0.234708 
0.740136 
0.461874 
0.709525 
0.985183 
0.970667 
0.998483 
0.506455 
0.992743 
0.023930 
0.188124 
0.795759 
0.317088 
0.290544 
0.181056 
0.001295 
0.772998 
0.784303 
0.784373 
0.960262 
0.118317 
0.551161 
0.357532 
0.036651 
0.997519 
0.309972 
0.697087 
0.944175 
0.747711 
0.784348 
0.536002 
0.586359 
0.942250 
0.392530 
0.257478 
0.438988 
0.068371 
0.119650 
0.965311 
0.980515 
0.520229 
0.493889 
0.785912 
0.822710 
0.290756 
0.739698 
0.102026 
0.757395 
0.540639 
0.514457 
0.483326 
0.258265 
0.659056 
0.753969 
0.961743 
0.008652 
0.414935 
0.808999 
0.848260 
0.699704 
0.932557 
0.489793 
0.943931 
0.655232 
0.491088 
0.712578 
0.304525 
0.158902 
0.663367 
0.204258 
0.968755 
0.864092 
0.792127 
0.277473 
0.484814 
0.262059 
0.426145 
0.215792 
0.824314 
0.237478 
0.288844 
0.607506 
0.349817 
0.367221 
0.882210 
0.295986 
0.641243 
0.376507 
0.953810 
0.692682 
0.897995 
0.607243 
0.936449 
0.893109 
0.484971 
0.900093 
0.868394 
0.101745 
0.024281 
0.090192 
0.861780 
0.936293 
0.279931 
0.806736 
0.816644 
0.341246 
0.317776 
0.865721 
0.175106 
0.006006 
0.942163 
0.930134 
0.764075 
0.806509 
0.997971 
0.897504 
0.346550 
0.458753 
0.253559 
0.563976 
0.744841 
0.542021 
0.744553 
0.709950 
0.130314 
0.183579 
0.411013 
0.896296 
0.038741 
0.126843 
0.852764 
0.412212 
0.046575 
0.778051 
0.703712 
0.294673 
0.571524 
0.600042 
0.904857 
0.929968 
0.975406 
0.656451 
0.976382 
0.058447 
0.322817 
0.578358 
0.457043 
0.524656 
0.887402 
0.573418 
0.434809 
0.826504 
0.051083 
0.552872 
0.121599 
0.712507 
0.103655 
0.132227 
0.338334 
0.386666 
0.696614 
0.985501 
0.313260 
0.954181 
0.923598 
0.918799 
0.250877 
0.487079 
0.332571 
0.527411 
0.189025 
0.939541 
0.859473 
0.165227 
0.968173 
0.089904 
0.010808 
0.658295 
0.966707 
0.447367 
0.896483 
0.182539 
0.935576 
0.221453 
0.959655 
0.916472 
0.150485 
0.196733 
0.499386 
0.182673 
0.193491 
0.004870 
0.850713 
0.938182 
0.031245 
0.140948 
0.918209 
0.332355 
0.885871 
0.840042 
0.583571 
0.080940 
0.364564 
0.229408 
0.653381 
0.367832 
0.154327 
0.774462 
0.382230 
0.133307 
0.485681 
0.843696 
0.003821 
0.226998 
0.148406 
0.253724 
0.345178 
0.407849 
0.716132 
0.031384 
0.473739 
0.123645 
0.099531 
0.813394 
0.704963 
0.310322 
0.575606 
0.212992 
0.750502 
0.695488 
0.065065 
0.553517 
0.953247 
0.222070 
0.335941 
0.162908 
0.998309 
0.586789 
0.163187 
0.680458 
0.463159 
0.314006 
0.497832 
0.061243 
0.304104 
0.080616 
0.914703 
0.416785 
0.909691 
0.183068 
0.819624 
0.420899 
0.051907 
0.403174 
0.150662 
0.184379 
0.866170 
0.713974 
0.753502 
0.102847 
0.549461 
0.797021 
0.527127 
0.430209 
0.518998 
0.798918 
0.411161 
0.382232 
0.175616 
0.578964 
0.646068 
0.466435 
0.366683 
0.841767 
0.576920 
0.287837 
0.684219 
0.665928 
0.243615 
0.438646 
0.322306 
0.996360 
0.826993 
0.264208 
0.543892 
0.192001 
0.958000 
0.099639 
0.624666 
0.758348 
0.561248 
0.892937 
0.600280 
0.912913 
0.325108 
0.084220 
0.479312 
0.799540 
0.874868 
0.905762 
0.134890 
0.090993 
0.319911 
0.738331 
0.124714 
0.069790 
0.964891 
0.930545 
0.675283 
0.486471 
0.123026 
0.693551 
0.512589 
0.090546 
0.801666 
0.592907 
0.984054 
0.993561 
0.773616 
0.167383 
0.205609 
0.673506 
0.616687 
0.656923 
0.911890 
0.141046 
0.561230 
0.586371 
0.133581 
0.096837 
0.540790 
0.058763 
0.629025 
0.014879 
0.065044 
0.186249 
0.279463 
0.931116 
0.261200 
0.994758 
0.900573 
0.924084 
0.078618 
0.338022 
0.129631 
0.712016 
0.845740 
0.350446 
0.938674 
0.286468 
0.673731 
0.389639 
0.656907 
0.636825 
0.113944 
0.056576 
0.868834 
0.496255 
0.557274 
0.110709 
0.679424 
0.077545 
0.298358 
0.501028 
0.778436 
0.171408 
0.859719 
0.298575 
0.151763 
0.684320 
0.363631 
0.552157 
0.100742 
0.167573 
0.398267 
0.672650 
0.229402 
0.557140 
0.847651 
0.475680 
0.753790 
0.943511 
0.592192 
0.978036 
0.844273 
0.695919 
0.308456 
0.223359 
0.990597 
0.964317 
0.274606 
0.298406 
0.308107 
0.349763 
0.459049 
0.237273 
0.854399 
0.879935 
0.066278 
0.929829 
0.635416 
0.436250 
0.052310 
0.172804 
0.312037 
0.409156 
0.681330 
0.120689 
0.413614 
0.613846 
0.915664 
0.564252 
0.384180 
0.906690 
0.734260 
0.711102 
0.491609 
0.466928 
0.659747 
0.359755 
0.400082 
0.185778 
0.364765 
0.607496 
0.177339 
0.537446 
0.852119 
0.564379 
0.516865 
0.953959 
0.184558 
0.872051 
0.563803 
0.845202 
0.317665 
0.995101 
0.670673 
0.999922 
0.680881 
0.568884 
0.234155 
0.437565 
0.147669 
0.867063 
0.724026 
0.709701 
0.949389 
0.381775 
0.491843 
0.409321 
0.452843 
0.939915 
0.148337 
0.091814 
0.113613 
0.486110 
0.058897 
0.874551 
0.573977 
0.832877 
0.164800 
0.789687 
0.262939 
0.208395 
0.501593 
0.266742 
0.140401 
0.727688 
0.244663 
0.044807 
0.072824 
0.951144 
0.870517 
0.777654 
0.034660 
0.525414 
0.630743 
0.897727 
0.089910 
0.114359 
0.034770 
0.380725 
0.847262 
0.939801 
0.231533 
0.382893 
0.280522 
0.730400 
0.838179 
0.266472 
0.594752 
0.001881 
0.606268 
0.544384 
0.468128 
0.828214 
0.792884 
0.003721 
0.530593 
0.675137 
0.022112 
0.635833 
0.445304 
0.217700 
0.875597 
0.152034 
0.231198 
0.740871 
0.820587 
0.609235 
0.416725 
0.897789 
0.136288 
0.585096 
0.710742 
0.444713 
0.294137 
0.564054 
0.049677 
0.916673 
0.530686 
0.235895 
0.682437 
0.716001 
0.830562 
0.258486 
0.373412 
0.930533 
0.469630 
0.068012 
0.081974 
0.744035 
0.987892 
0.500007 
0.610285 
0.064742 
0.112398 
0.068334 
0.489526 
0.463374 
0.929209 
0.222158 
0.805303 
0.724943 
0.119525 
0.855807 
0.548175 
0.172895 
0.854630 
0.770274 
0.001546 
0.978991 
0.901643 
0.907390 
0.503609 
0.157676 
0.064363 
0.745865 
0.760738 
0.716869 
0.423258 
0.699057 
0.054937 
0.327262 
0.285983 
0.513676 
0.356360 
0.346195 
0.497877 
0.812598 
0.326379 
0.458363 
0.703318 
0.669879 
0.648456 
0.607358 
0.869038 
0.913749 
0.373996 
0.753120 
0.680630 
0.350502 
0.892497 
0.191323 
0.561162 
0.457167 
0.598432 
0.849740 
0.582456 
0.336215 
0.759703 
0.323562 
0.105964 
0.942222 
0.919051 
0.484371 
0.828206 
0.652690 
0.767322 
0.372456 
0.875324 
0.562588 
0.419928 
0.735093 
0.714026 
0.639079 
0.998189 
0.558484 
0.435398 
0.738342 
0.319019 
0.758456 
0.378226 
0.837371 
0.687487 
0.586190 
0.099712 
0.867877 
0.404457 
0.711073 
0.007743 
0.143176 
0.360702 
0.315349 
0.065629 
0.034083 
0.831368 
0.796375 
0.677048 
0.149154 
0.836178 
0.647176 
0.084342 
0.533225 
0.918972 
0.157598 
0.753133 
0.904840 
0.645057 
0.473767 
0.600302 
0.276980 
0.199936 
0.332597 
0.966149 
0.065890 
0.418298 
0.327219 
0.563789 
0.601200 
0.364044 
0.487971 
0.335510 
0.915761 
0.190329 
0.858884 
0.268877 
0.013520 
0.227252 
0.422793 
0.879794 
0.703106 
0.094699 
0.608379 
0.028916 
0.984973 
0.446492 
0.190171 
0.207897 
0.131588 
0.600759 
0.961316 
0.840300 
0.929405 
0.515478 
0.643478 
0.933312 
0.177738 
0.243776 
0.135863 
0.453309 
0.769759 
0.339258 
0.902772 
0.886195 
0.272176 
0.463103 
0.378575 
0.706780 
0.846318 
0.064386 
0.142099 
0.255876 
0.503121 
0.962137 
0.638753 
0.520622 
0.102091 
0.848868 
0.932111 
0.988296 
0.289374 
0.509962 
0.926140 
0.643191 
0.114022 
0.364706 
0.620896 
0.392228 
0.174925 
0.957839 
0.393664 
0.302878 
0.462594 
0.819485 
0.087835 
0.242648 
0.189812 
0.170386 
0.672605 
0.475848 
0.572746 
0.144809 
0.806378 
0.793103 
0.677215 
0.948365 
0.167637 
0.469133 
0.725126 
0.194427 
0.737391 
0.323212 
0.223227 
0.774537 
0.644991 
0.360810 
0.137601 
0.666532 
0.399276 
0.634834 
0.656098 
0.039197 
0.782371 
0.302530 
0.625829 
0.304768 
0.239438 
0.229962 
0.973960 
0.350488 
0.644636 
0.389572 
0.540609 
0.007489 
0.860023 
0.412309 
0.679460 
0.690631 
0.442530 
0.599548 
0.595170 
0.025718 
0.246539 
0.585631 
0.698224 
0.047567 
0.466328 
0.570899 
0.101664 
0.668926 
0.639117 
0.643293 
0.823747 
0.715291 
0.892766 
0.724098 
0.907308 
0.124806 
0.619388 
0.052330 
0.517524 
0.025454 
0.801177 
0.385041 
0.386428 
0.689935 
0.741012 
0.190983 
0.853744 
0.867474 
0.639195 
0.947784 
0.410737 
0.254789 
0.238105 
0.834462 
0.805526 
0.474392 
0.111531 
0.497959 
0.194726 
0.768228 
0.602657 
0.857966 
0.831238 
0.621803 
0.639537 
0.699172 
0.979723 
0.204726 
0.836502 
0.092521 
0.999660 
0.292644 
0.462610 
0.085605 
0.767245 
0.090419 
0.670248 
0.854759 
0.941818 
0.133933 
0.009714 
0.260497 
0.168919 
0.014244 
0.392114 
0.263029 
0.723111 
0.325110 
0.120800 
0.286934 
0.498816 
0.605585 
0.059829 
0.550127 
0.977529 
0.333597 
0.769732 
0.879310 
0.558500 
0.717014 
0.862573 
0.265328 
0.366153 
0.941729 
0.645772 
0.493912 
0.175297 
0.222284 
0.922351 
0.959711 
0.870389 
0.633793 
0.151429 
0.070716 
0.517405 
0.033917 
0.037917 
0.276729 
0.980608 
0.074867 
0.291663 
0.982718 
0.543566 
0.707563 
0.011429 
0.091636 
0.123619 
0.657990 
0.846000 
0.719501 
0.645829 
0.446373 
0.192577 
0.634390 
0.184756 
0.199737 
0.984406 
0.916541 
0.308607 
0.764010 
0.708149 
0.853245 
0.490982 
0.928385 
0.371887 
0.302390 
0.275492 
0.191611 
0.405129 
0.008844 
0.644893 
0.717241 
0.675940 
0.526450 
0.036972 
0.383909 
0.351132 
0.481613 
0.476369 
0.340119 
0.378910 
0.334487 
0.723638 
0.183417 
0.692461 
0.193282 
0.485234 
0.334318 
0.890711 
0.187167 
0.722775 
0.687729 
0.662774 
0.239725 
0.056891 
0.167873 
0.444162 
0.030800 
0.648781 
0.056695 
0.868628 
0.031881 
0.829202 
0.392418 
0.363927 
0.528836 
0.138693 
0.013482 
0.596055 
0.900179 
0.310559 
0.569966 
0.417002 
0.550002 
0.880618 
0.545558 
0.191361 
0.208114 
0.765348 
0.201181 
0.245595 
0.720602 
0.159434 
0.608813 
0.317652 
0.784760 
0.461079 
0.351282 
0.999936 
0.916611 
0.487063 
0.066459 
0.979538 
0.096860 
0.917755 
0.707867 
0.114973 
0.357133 
0.331801 
0.574417 
0.230447 
0.129068 
0.251884 
0.412784 
0.661637 
0.133061 
0.355479 
0.538297 
0.162745 
0.251528 
0.426973 
0.141283 
0.536908 
0.809681 
0.303176 
0.484102 
0.305887 
0.041030 
0.588392 
0.108077 
0.449762 
0.156993 
0.582296 
0.656881 
0.192545 
0.108324 
0.609251 
0.676795 
0.898489 
0.901144 
0.528980 
0.566041 
0.458475 
0.586734 
0.238595 
0.069243 
0.761606 
0.304721 
0.441939 
0.660888 
0.547234 
0.360695 
0.195910 
0.667445 
0.741261 
0.371704 
0.235565 
0.140906 
0.201266 
0.681734 
0.904726 
0.736057 
0.908021 
0.105718 
0.795451 
0.148154 
0.026828 
0.890407 
0.063016 
0.118282 
0.970734 
0.120550 
0.079141 
0.127786 
0.693344 
0.026952 
0.974303 
0.103714 
0.125002 
0.906760 
0.921787 
0.465848 
0.509567 
0.286045 
0.563748 
0.912933 
0.667879 
0.044727 
0.725608 
0.299368 
0.481565 
0.661245 
0.547946 
0.328998 
0.464597 
0.483094 
0.365202 
0.948638 
0.754155 
0.085270 
0.134513 
0.765839 
0.452600 
0.851013 
0.967846 
0.580022 
0.434889 
0.177390 
0.394081 
0.320720 
0.344920 
0.067055 
0.991930 
0.362298 
0.140519 
0.701388 
0.233303 
0.128590 
0.214993 
0.389678 
0.311880 
0.771239 
0.212148 
0.568816 
0.093399 
0.752640 
0.627116 
0.941134 
0.637036 
0.656620 
0.820219 
0.418374 
0.606321 
0.442194 
0.957033 
0.848355 
0.301418 
0.930127 
0.652612 
0.445330 
0.666972 
0.802325 
0.675554 
0.042021 
0.244135 
0.172678 
0.205429 
0.645797 
0.907966 
0.181979 
0.521854 
0.807581 
0.010407 
0.906142 
0.529213 
0.489275 
0.247066 
0.445065 
0.211326 
0.761082 
0.498365 
0.018115 
0.462669 
0.080392 
0.140883 
0.816107 
0.312566 
0.300005 
0.187115 
0.833966 
0.467281 
0.588753 
0.178843 
0.812807 
0.848919 
0.775277 
0.080364 
0.673155 
0.723274 
0.071696 
0.992171 
0.418705 
0.176114 
0.939882 
0.596679 
0.387741 
0.761267 
0.614262 
0.894633 
0.098384 
0.540114 
0.695579 
0.599042 
0.091530 
0.352003 
0.106577 
0.247241 
0.382388 
0.790132 
0.750160 
0.938027 
0.422756 
0.253849 
0.442348 
0.536635 
0.229478 
0.838035 
0.848210 
0.865132 
0.268981 
0.760655 
0.328464 
0.488104 
0.559295 
0.062884 
0.886577 
0.707369 
0.751715 
0.076723 
0.484503 
0.043444 
0.160549 
0.342558 
0.374997 
0.576339 
0.522360 
0.304459 
0.035473 
0.203105 
0.593889 
0.494218 
0.323765 
0.514685 
0.305083 
0.527895 
0.338780 
0.869090 
0.793581 
0.720601 
0.147835 
0.669811 
0.510565 
0.065264 
0.900033 
0.853768 
0.279814 
0.839101 
0.769789 
0.851587 
0.629459 
0.321796 
0.427112 
0.471999 
0.884830 
0.341446 
0.688414 
0.165705 
0.008453 
0.068872 
0.537670 
0.615624 
0.798252 
0.226176 
0.336147 
0.629849 
0.870777 
0.143626 
0.915927 
0.976822 
0.441437 
0.232186 
0.347840 
0.141693 
