0.000001 
0.009493 
0.555337 
0.549256 
0.342610 
0.246659 
0.597493 
0.065119 
0.462902 
0.986540 
0.782483 
0.188020 
0.052059 
0.960965 
0.935970 
0.848963 
0.526335 
0.104203 
0.337900 
0.083184 
0.079634 
0.410487 
0.055300 
0.428668 
0.619468 
0.400438 
0.164607 
0.553412 
0.203701 
0.607220 
0.544191 
0.219167 
0.546222 
0.355481 
0.574455 
0.867326 
0.148116 
0.390583 
0.525919 
0.128349 
0.155808 
0.658168 
0.833497 
0.587066 
0.820628 
0.292031 
0.167976 
0.172913 
0.149747 
0.797190 
0.367035 
0.758166 
0.488631 
0.420388 
0.461997 
0.788420 
0.973234 
0.145586 
0.857076 
0.869427 
0.464529 
0.344201 
0.986271 
0.262152 
0.986958 
0.796882 
0.193719 
0.833287 
0.059001 
0.638035 
0.457628 
0.357706 
0.964426 
0.100224 
0.460557 
0.583589 
0.372786 
0.408684 
0.751872 
0.716800 
0.258115 
0.142385 
0.068201 
0.247522 
0.096280 
0.183771 
0.636166 
0.040336 
0.924754 
0.342407 
0.838095 
0.865388 
0.568381 
0.781496 
0.601001 
0.020776 
0.175632 
0.853975 
0.752406 
0.681851 
0.873669 
0.749722 
0.583768 
0.388607 
0.311505 
0.462332 
0.417286 
0.318147 
0.094204 
0.287657 
0.656384 
0.852602 
0.678986 
0.710208 
0.464565 
0.942190 
0.394050 
0.798005 
0.067588 
0.943191 
0.208269 
0.371278 
0.075423 
0.638516 
0.537728 
0.600941 
0.011166 
0.669424 
0.011806 
0.426737 
0.175458 
0.919673 
0.947186 
0.356427 
0.472957 
0.993236 
0.310834 
0.185872 
0.957533 
0.257374 
0.683275 
0.801744 
0.910906 
0.605266 
0.707845 
0.749083 
0.833999 
0.027383 
0.222100 
0.829331 
0.568148 
0.869031 
0.808406 
0.875368 
0.305483 
0.249854 
0.303487 
0.701849 
0.970788 
0.042073 
0.127544 
0.632053 
0.911777 
0.238088 
0.542656 
0.419095 
0.729954 
0.341362 
0.271512 
0.301464 
0.709712 
0.131689 
0.291474 
0.806613 
0.746844 
0.200104 
0.156242 
0.958582 
0.887664 
0.964794 
0.287736 
0.972788 
0.640105 
0.249784 
0.121048 
0.446665 
0.096290 
0.345542 
0.522247 
0.402346 
0.222981 
0.641205 
0.724477 
0.277605 
0.702079 
0.838205 
0.703160 
0.008717 
0.512043 
0.907679 
0.357930 
0.733848 
0.776665 
0.407491 
0.705277 
0.590108 
0.940554 
0.897424 
0.009250 
0.465355 
0.216550 
0.557284 
0.274217 
0.766894 
0.183936 
0.416914 
0.074152 
0.273757 
0.027530 
0.701384 
0.159086 
0.755745 
0.809723 
0.010477 
0.080168 
0.381275 
0.088052 
0.894706 
0.325582 
0.059908 
0.876915 
0.315678 
0.592658 
0.809296 
0.843534 
0.271440 
0.096712 
0.440294 
0.026417 
0.983417 
0.281922 
0.264496 
0.387108 
0.116051 
0.466350 
0.936727 
0.572495 
0.928501 
0.322234 
0.782271 
0.632994 
0.721787 
0.066227 
0.075996 
0.257343 
0.162414 
0.698867 
0.865504 
0.521686 
0.982661 
0.577314 
0.920701 
0.222746 
0.687698 
0.147720 
0.737887 
0.670637 
0.402691 
0.032268 
0.326747 
0.642588 
0.969678 
0.372160 
0.892399 
0.557482 
0.600972 
0.534500 
0.338242 
0.828491 
0.443759 
0.255089 
0.282545 
0.726583 
0.682315 
0.665023 
0.037801 
0.327752 
0.519840 
0.948297 
0.025261 
0.555887 
0.794272 
0.327921 
0.367582 
0.945580 
0.355821 
0.286139 
0.145113 
0.912254 
0.256861 
0.055783 
0.542531 
0.316721 
0.128539 
0.350477 
0.462524 
0.636780 
0.360366 
0.677569 
0.899176 
0.451002 
0.998286 
0.187535 
0.894462 
0.230552 
0.885329 
0.726157 
0.513901 
0.127191 
0.699438 
0.453769 
0.491310 
0.441804 
0.402887 
0.316901 
0.157978 
0.129049 
0.926244 
0.388495 
0.435391 
0.618372 
0.976265 
0.084473 
0.730353 
0.048388 
0.262119 
0.439268 
0.782468 
0.933272 
0.497055 
0.007727 
0.874176 
0.275386 
0.404820 
0.801945 
0.291366 
0.985174 
0.825871 
0.417865 
0.052389 
0.506652 
0.297270 
0.224217 
0.423314 
0.640961 
0.627740 
0.427788 
0.829360 
0.050699 
0.094435 
0.165756 
0.866552 
0.135040 
0.616406 
0.933389 
0.463697 
0.349283 
0.401958 
0.715136 
0.287305 
0.742122 
0.850707 
0.826688 
0.143915 
0.787528 
0.988429 
0.530291 
0.593303 
0.642439 
0.476815 
0.824343 
0.729569 
0.858812 
0.047744 
0.435511 
0.640040 
0.160009 
0.273275 
0.939181 
0.817320 
0.704336 
0.769306 
0.721805 
0.384345 
0.692470 
0.346874 
0.914327 
0.088767 
0.899550 
0.744202 
0.796807 
0.938322 
0.382842 
0.431689 
0.404974 
0.396144 
0.990464 
0.725717 
0.126450 
0.241282 
0.234922 
0.338544 
0.906106 
0.924564 
0.142839 
0.691084 
0.053173 
0.680098 
0.412264 
0.925405 
0.287819 
0.380947 
0.576637 
0.537380 
0.746034 
0.591856 
0.327890 
0.848114 
0.256429 
0.808166 
0.842283 
0.252497 
0.715221 
0.717504 
0.089065 
0.922890 
0.010446 
0.561647 
0.608197 
0.968641 
0.947516 
0.897802 
0.356936 
0.029957 
0.491591 
0.167882 
0.600862 
0.680394 
0.378542 
0.149636 
0.934256 
0.032710 
0.756508 
0.621779 
0.236565 
0.949998 
0.617289 
0.768084 
0.184215 
0.102976 
0.719416 
0.227237 
0.169970 
0.683086 
0.628777 
0.860837 
0.095542 
0.771360 
0.255691 
0.400678 
0.199077 
0.888587 
0.480477 
0.374276 
0.456775 
0.022842 
0.904747 
0.080433 
0.833775 
0.251105 
0.318556 
0.972135 
0.668944 
0.947609 
0.468288 
0.518732 
0.327541 
0.978963 
0.438345 
0.264945 
0.935351 
0.445817 
0.842210 
0.018912 
0.860592 
0.962225 
0.113922 
0.683696 
0.882456 
0.436284 
0.630389 
0.948449 
0.587950 
0.683850 
0.467787 
0.103068 
0.270102 
0.598428 
0.786088 
0.785625 
0.998129 
0.558180 
0.327620 
0.310902 
0.328358 
0.712308 
0.766703 
0.970883 
0.630294 
0.353967 
0.131297 
0.700349 
0.759110 
0.368256 
0.277153 
0.104678 
0.319591 
0.370271 
0.145053 
0.912929 
0.591306 
0.079008 
0.883136 
0.866477 
0.886914 
0.364566 
0.263421 
0.316608 
0.228562 
0.447800 
0.180876 
0.978853 
0.589209 
0.831741 
0.065876 
0.179147 
0.927026 
0.531959 
0.629119 
0.595570 
0.752115 
0.793172 
0.846607 
0.930056 
0.448063 
0.595895 
0.207439 
0.419171 
0.002811 
0.252612 
0.654298 
0.782970 
0.374903 
0.996876 
0.486721 
0.327570 
0.476400 
0.848622 
0.783619 
0.279086 
0.598659 
0.669134 
0.127674 
0.823131 
0.362483 
0.259695 
0.692239 
0.467648 
0.762718 
0.999162 
0.916511 
0.802539 
0.267553 
0.756805 
0.618415 
0.695876 
0.589479 
0.372913 
0.552068 
0.611298 
0.079574 
0.393795 
0.507394 
0.763683 
0.215430 
0.739695 
0.052548 
0.175499 
0.603792 
0.928323 
0.328851 
0.998289 
0.242992 
0.971229 
0.449865 
0.880164 
0.914801 
0.058695 
0.485342 
0.134822 
0.948101 
0.725170 
0.937525 
0.987299 
0.537344 
0.135953 
0.958195 
0.381814 
0.153031 
0.984739 
0.501673 
0.620360 
0.390088 
0.201793 
0.536880 
0.335121 
0.377854 
0.599786 
0.596488 
0.166822 
0.779170 
0.510728 
0.808790 
0.340129 
0.543858 
0.624910 
0.861409 
0.693598 
0.294757 
0.977093 
0.997566 
0.087091 
0.741761 
0.774642 
0.412561 
0.907187 
0.088408 
0.881526 
0.814311 
0.129148 
0.588581 
0.277772 
0.517036 
0.823693 
0.803026 
0.453567 
0.100927 
0.271981 
0.177312 
0.079752 
0.390731 
0.009532 
0.198500 
0.193148 
0.232383 
0.655850 
0.876296 
0.912093 
0.542417 
0.410108 
0.681818 
0.315516 
0.869285 
0.079005 
0.837148 
0.950434 
0.950041 
0.336391 
0.723134 
0.712429 
0.794397 
0.438724 
0.635195 
0.723397 
0.131001 
0.741138 
0.313502 
0.033426 
0.786459 
0.013623 
0.955338 
0.361028 
0.801751 
0.028185 
0.699021 
0.453598 
0.621310 
0.351052 
0.130790 
0.185674 
0.617113 
0.824790 
0.242077 
0.587037 
0.329703 
0.321194 
0.312931 
0.426088 
0.259246 
0.144309 
0.399394 
0.611071 
0.262982 
0.939104 
0.527183 
0.357649 
0.009969 
0.540809 
0.369094 
0.365400 
0.277114 
0.460075 
0.472746 
0.449119 
0.344238 
0.604954 
0.455842 
0.343282 
0.548461 
0.976604 
0.775926 
0.982958 
0.572768 
0.517806 
0.765823 
0.187153 
0.483852 
0.102133 
0.543498 
0.568498 
0.738667 
0.781833 
0.266118 
0.648723 
0.088103 
0.751967 
0.317206 
0.288875 
0.119116 
0.975027 
0.287133 
0.841333 
0.290296 
0.003254 
0.683069 
0.340352 
0.298731 
0.772603 
0.138049 
0.184691 
0.097784 
0.463836 
0.687176 
0.370033 
0.136982 
0.254714 
0.971282 
0.338847 
0.994444 
0.612138 
0.209880 
0.450305 
0.270878 
0.651967 
0.610630 
0.857671 
0.883963 
0.771322 
0.602823 
0.649929 
0.358705 
0.753232 
0.570299 
0.017912 
0.041935 
0.807026 
0.677868 
0.933746 
0.473973 
0.056763 
0.020349 
0.001247 
0.952811 
0.887181 
0.857818 
0.343736 
0.177371 
0.066352 
0.175842 
0.372053 
0.092781 
0.363863 
0.446370 
0.147215 
0.241369 
0.696309 
0.863573 
0.065498 
0.829097 
0.638012 
0.064111 
0.506180 
0.373220 
0.712941 
0.391093 
0.096741 
0.922438 
0.411855 
0.049290 
0.423299 
0.390157 
0.367781 
0.299633 
0.927232 
0.991809 
0.328350 
0.573985 
0.967835 
0.402419 
0.447863 
0.225813 
0.246637 
0.233802 
0.504104 
0.483579 
0.514910 
0.088960 
0.154631 
0.888744 
0.117572 
0.031991 
0.670089 
0.184794 
0.825393 
0.378266 
0.517208 
0.717454 
0.242503 
0.743422 
0.693955 
0.294178 
0.241661 
0.591374 
0.225469 
0.459108 
0.223310 
0.168789 
0.838873 
0.937749 
0.741303 
0.084342 
0.540402 
0.539123 
0.047679 
0.335304 
0.452397 
0.430631 
0.613680 
0.119247 
0.191784 
0.313322 
0.004003 
0.270962 
0.061113 
0.120923 
0.351538 
0.298866 
0.045185 
0.423281 
0.080123 
0.629842 
0.750399 
0.960906 
0.950466 
0.479143 
0.948558 
0.420941 
0.754598 
0.523483 
0.174516 
0.086474 
0.372581 
0.964518 
0.654369 
0.971451 
0.177259 
0.198683 
0.261155 
0.229175 
0.742599 
0.855861 
0.464063 
0.514091 
0.323065 
0.760613 
0.620271 
0.896730 
0.344900 
0.729746 
0.844799 
0.528517 
0.778483 
0.966223 
0.311332 
0.552676 
0.824561 
0.393882 
0.982758 
0.215201 
0.885928 
0.793364 
0.070007 
0.609632 
0.078484 
0.073830 
0.852908 
0.825489 
0.986624 
0.190361 
0.389191 
0.137864 
0.074546 
0.901541 
0.198033 
0.335301 
0.399256 
0.289049 
0.053542 
0.884852 
0.702242 
0.580447 
0.571058 
0.779535 
0.638517 
0.556159 
0.372432 
0.461700 
0.790485 
0.678650 
0.075621 
0.965529 
0.646081 
0.690222 
0.558197 
0.620350 
0.218792 
0.234224 
0.603193 
0.859684 
0.701329 
0.240074 
0.930972 
0.854764 
0.018735 
0.887315 
0.098820 
0.873993 
0.205328 
0.945127 
0.746602 
0.145466 
0.848187 
0.486891 
0.179218 
0.111039 
0.226238 
0.380287 
0.480778 
0.443627 
0.033676 
0.991371 
0.978747 
0.804820 
0.610657 
0.319232 
0.325019 
0.595198 
0.494353 
0.597756 
0.476719 
0.209473 
0.616976 
0.523446 
0.555473 
0.842045 
0.258411 
0.115033 
0.364191 
0.956690 
0.089251 
0.036173 
0.953342 
0.825185 
0.878775 
0.579080 
0.598082 
0.963864 
0.668118 
0.064421 
0.717439 
0.993295 
0.317172 
0.709285 
0.956677 
0.867287 
0.492963 
0.230800 
0.048793 
0.067155 
0.677597 
0.365722 
0.681629 
0.142752 
0.239199 
0.215019 
0.825567 
0.308991 
0.209659 
0.731245 
0.040104 
0.025281 
0.902540 
0.997522 
0.354457 
0.357875 
0.804826 
0.715061 
0.033325 
0.100017 
0.987958 
0.609300 
0.513301 
0.051899 
0.264796 
0.431030 
0.326678 
0.473187 
0.856449 
0.336128 
0.306988 
0.542402 
0.157269 
0.222034 
0.729977 
0.718123 
0.500633 
0.141675 
0.127063 
0.546498 
0.986704 
0.534438 
0.294314 
0.529081 
0.272253 
0.748592 
0.591815 
0.636556 
0.589136 
0.615899 
0.407412 
0.381134 
0.711732 
0.076092 
0.881604 
0.120352 
0.760620 
0.737933 
0.435837 
0.115314 
0.075830 
0.467446 
0.360924 
0.047243 
0.018376 
0.853497 
0.725674 
0.394794 
0.299620 
0.715772 
0.972311 
0.628149 
0.306071 
0.129847 
0.344163 
0.349377 
0.980028 
0.337048 
0.766446 
0.661473 
0.372622 
0.662223 
0.985106 
0.674714 
0.919220 
0.332364 
0.034698 
0.162621 
0.174378 
0.771849 
0.466351 
0.957295 
0.253803 
0.659288 
0.654780 
0.894571 
0.057735 
0.355038 
0.122703 
0.266950 
0.630273 
0.005874 
0.725093 
0.642433 
0.377193 
0.479838 
0.629422 
0.701282 
0.453579 
0.304029 
0.809121 
0.891028 
0.509325 
0.233309 
0.219376 
0.053336 
0.411415 
0.653411 
0.871193 
0.138709 
0.286364 
0.924114 
0.590948 
0.064709 
0.565233 
0.866952 
0.854635 
0.856701 
0.573340 
0.128564 
0.775049 
0.255993 
0.469904 
0.671373 
0.767431 
0.216075 
0.574387 
0.730311 
0.338255 
0.049374 
0.834754 
0.704097 
0.765218 
0.016325 
0.367431 
0.405226 
0.636706 
0.110213 
0.357442 
0.527430 
0.513530 
0.890850 
0.522947 
0.175647 
0.096138 
0.794646 
0.621731 
0.426051 
0.633582 
0.618911 
0.043122 
0.743574 
0.251722 
0.684872 
0.639429 
0.875589 
0.017397 
0.386628 
0.062513 
0.662368 
0.414450 
0.661843 
0.589256 
0.626563 
0.649027 
0.188853 
0.058474 
0.774289 
0.467204 
0.305659 
0.216166 
0.098260 
0.453040 
0.250539 
0.816561 
0.943550 
0.247267 
0.822441 
0.765346 
0.170611 
0.458995 
0.326214 
0.672019 
0.619984 
0.063071 
0.028489 
0.815495 
0.019521 
0.089484 
0.957497 
0.646714 
0.315817 
0.940874 
0.275713 
0.908800 
0.198372 
0.045858 
0.735601 
0.246021 
0.874201 
0.696233 
0.586301 
0.966935 
0.284910 
0.477832 
0.918198 
0.148012 
0.644809 
0.312283 
0.538364 
0.281430 
0.999889 
0.140517 
0.673839 
0.220289 
0.397856 
0.766529 
0.049002 
0.575544 
0.174190 
0.608344 
0.445468 
0.974405 
0.825328 
0.281486 
0.943116 
0.943207 
0.471665 
0.275538 
0.972542 
0.508706 
0.819103 
0.672357 
0.297725 
0.861470 
0.732345 
0.516150 
0.937876 
0.877675 
0.085909 
0.880807 
0.724285 
0.053242 
0.843355 
0.268329 
0.811259 
0.832878 
0.173745 
0.137378 
0.919822 
0.445496 
0.454545 
0.537092 
0.912398 
0.670059 
0.680455 
0.398787 
0.415698 
0.644057 
0.663908 
0.293577 
0.141309 
0.972735 
0.754489 
0.696753 
0.333999 
0.515037 
0.221239 
0.361935 
0.047565 
0.428714 
0.400289 
0.662486 
0.396392 
0.159774 
0.325443 
0.727321 
0.091462 
0.194240 
0.590040 
0.796324 
0.809722 
0.999934 
0.898767 
0.580906 
0.286325 
0.257237 
0.387558 
0.690810 
0.446142 
0.303419 
0.561328 
0.231998 
0.189681 
0.961119 
0.528079 
0.427472 
0.520256 
0.945196 
0.912465 
0.803615 
0.350614 
0.762443 
0.383506 
0.585189 
0.274537 
0.141700 
0.549170 
0.905563 
0.804151 
0.370653 
0.562496 
0.873837 
0.576583 
0.638232 
0.764168 
0.363205 
0.390184 
0.818510 
0.692390 
0.993343 
0.111556 
0.926320 
0.652485 
0.314327 
0.900328 
0.807171 
0.124384 
0.514782 
0.942085 
0.629352 
0.525997 
0.423934 
0.052795 
0.318810 
0.234986 
0.408315 
0.543292 
0.104844 
0.112071 
0.579232 
0.146434 
0.114599 
0.072684 
0.592526 
0.590380 
0.512915 
0.561702 
0.528609 
0.338678 
0.155827 
0.987917 
0.915125 
0.506106 
0.126636 
0.374045 
0.575374 
0.303728 
0.756863 
0.592657 
0.782820 
0.851196 
0.058635 
0.483316 
0.088730 
0.287489 
0.831480 
0.682585 
0.204755 
0.321041 
0.728523 
0.280763 
0.780961 
0.615045 
0.067790 
0.346480 
0.283905 
0.590030 
0.626640 
0.938937 
0.720944 
0.905257 
0.654432 
0.032206 
0.282913 
0.921632 
0.865435 
0.369465 
0.594877 
0.094965 
0.072329 
0.631752 
0.859410 
0.098188 
0.237676 
0.615881 
0.110472 
0.705914 
0.290202 
0.431437 
0.159849 
0.589864 
0.840836 
0.931710 
0.250903 
0.932149 
0.623508 
0.290873 
0.704727 
0.346798 
0.630481 
0.498462 
0.646892 
0.317911 
0.126415 
0.654438 
0.136954 
0.784670 
0.943264 
0.438801 
0.926170 
0.144627 
0.740108 
0.997699 
0.334848 
0.789129 
0.889993 
0.106399 
0.256073 
0.823599 
0.236437 
0.797590 
0.094793 
0.192374 
0.224934 
0.457343 
0.563992 
0.016886 
0.795537 
0.585553 
0.388536 
0.119486 
0.204896 
0.681873 
0.233854 
0.381808 
0.051906 
0.384978 
0.325305 
0.402005 
0.504613 
0.030147 
0.673393 
0.724114 
0.188995 
0.432877 
0.366144 
0.787879 
0.875933 
0.804488 
0.031004 
0.083931 
0.622667 
0.156646 
0.747785 
0.025047 
0.958481 
0.186876 
0.830363 
0.917143 
0.419369 
0.327907 
0.134207 
0.620275 
0.960719 
0.797856 
0.558860 
0.768277 
0.433450 
0.988791 
0.603005 
0.709257 
0.480090 
0.873678 
0.906868 
0.731016 
0.187871 
0.547504 
0.895692 
0.898788 
0.926996 
0.018854 
0.880190 
0.355042 
0.190816 
0.040320 
0.663393 
0.637972 
0.398360 
0.244232 
0.806488 
0.639468 
0.546042 
0.333556 
0.072159 
0.784715 
0.700528 
0.772106 
0.785935 
0.214091 
0.232466 
0.050650 
0.277824 
0.381404 
0.251629 
0.121625 
0.150087 
0.512928 
0.781396 
0.925860 
0.935677 
0.923680 
0.297038 
0.318444 
0.095528 
0.538103 
0.903453 
0.339656 
0.590545 
0.293843 
0.620888 
0.256534 
0.572754 
0.272762 
0.317676 
0.184515 
0.148222 
0.159929 
0.931374 
0.601564 
0.484382 
0.011366 
0.031546 
0.198677 
0.161494 
0.226981 
0.864426 
0.405082 
0.206062 
0.287812 
0.256923 
0.097308 
0.459839 
0.517393 
0.829445 
0.481664 
0.332081 
0.287261 
0.998022 
0.763961 
0.895075 
0.523973 
0.409664 
0.224830 
0.716359 
0.851482 
0.857358 
0.615040 
0.980823 
0.698578 
0.997565 
0.069764 
0.517098 
0.864459 
0.961169 
0.360523 
0.312770 
0.724746 
0.807828 
0.166905 
0.178509 
0.204173 
0.529188 
0.066416 
0.260373 
0.089507 
0.344698 
0.347244 
0.133528 
0.197501 
0.402017 
0.695584 
0.683715 
0.198860 
0.245983 
0.242355 
0.255983 
0.301825 
0.765835 
0.387532 
0.245842 
0.865197 
0.362825 
0.008077 
0.750715 
0.265142 
0.239464 
0.674602 
0.030318 
0.555657 
0.934581 
0.494631 
0.268861 
0.753270 
0.201183 
0.279014 
0.386957 
0.594160 
0.044876 
0.233756 
0.740486 
0.341590 
0.103623 
0.595588 
0.055277 
0.040934 
0.974368 
0.201566 
0.719771 
0.198937 
0.527692 
0.922843 
0.228388 
0.516629 
0.990771 
0.895558 
0.648550 
0.182149 
0.376617 
0.794259 
0.118941 
0.045563 
0.772266 
0.479999 
0.335366 
0.496920 
0.726912 
0.211191 
0.483154 
0.372823 
0.044248 
0.672572 
0.913805 
0.318028 
0.104201 
0.305804 
0.646715 
0.342208 
0.486296 
0.176859 
0.477045 
0.689497 
0.376234 
0.370047 
0.377846 
0.461681 
0.480678 
0.755307 
0.438942 
0.300057 
0.054988 
0.190831 
0.297064 
0.760533 
0.270567 
0.415938 
0.673455 
0.762595 
0.938103 
0.703079 
0.652149 
0.672611 
0.570367 
0.154614 
0.590285 
0.924021 
0.023029 
0.047308 
0.106195 
0.816822 
0.331827 
0.011230 
0.749017 
0.728916 
0.891697 
0.750606 
0.430704 
0.834226 
0.831922 
0.108596 
0.177346 
0.652979 
0.612948 
0.810145 
0.110113 
0.663917 
0.460067 
0.344676 
0.964754 
0.618745 
0.254195 
0.252769 
0.295157 
0.710361 
0.034377 
0.769541 
0.668409 
0.944772 
0.788294 
0.848899 
0.449137 
0.637656 
0.088169 
0.854977 
0.595378 
0.524958 
0.975458 
0.525632 
0.300058 
0.074320 
0.089168 
0.642210 
0.626358 
0.205643 
0.245128 
0.873657 
0.558446 
0.800226 
0.394532 
0.902281 
0.631050 
0.054772 
0.547727 
0.640524 
0.283499 
0.762008 
0.061828 
0.142852 
0.917149 
0.522184 
0.339830 
0.521325 
0.907058 
0.923917 
0.264686 
0.583984 
0.014063 
0.350333 
0.049365 
0.669797 
0.282137 
0.871842 
0.047494 
0.232368 
0.402456 
0.077330 
0.678576 
0.827096 
0.005262 
0.440242 
0.151976 
0.266347 
0.499273 
0.285256 
0.303671 
0.806162 
0.171380 
0.381911 
0.785071 
0.691238 
0.635116 
0.391020 
0.874872 
0.979877 
0.797743 
0.673394 
0.736660 
0.044069 
0.668209 
0.582306 
0.813760 
0.867509 
0.217008 
0.251145 
0.996069 
0.935379 
0.910476 
0.372230 
0.062496 
0.377574 
0.885877 
0.939773 
0.769605 
0.759561 
0.943195 
0.282314 
0.850292 
0.857377 
0.927414 
0.048562 
0.173803 
0.100280 
0.408510 
0.835102 
0.556226 
0.488613 
0.117969 
0.710326 
0.443165 
0.273486 
0.486765 
0.055157 
0.018412 
0.453005 
0.651783 
0.518079 
0.358376 
0.218925 
0.464943 
0.292796 
0.022248 
0.913831 
0.754685 
0.992015 
0.793545 
0.113526 
0.024685 
0.876179 
0.937132 
0.376193 
0.673868 
0.696978 
0.101456 
0.175493 
0.511237 
0.362441 
0.540311 
0.001829 
0.737643 
0.559892 
0.100234 
0.626022 
0.555505 
0.380508 
0.189773 
0.516806 
0.951917 
0.875391 
0.700229 
0.752813 
0.524728 
0.097203 
0.684709 
0.905513 
0.963897 
0.210642 
0.263895 
0.278373 
0.620440 
0.742069 
0.960081 
0.089473 
0.769460 
0.319816 
0.142346 
0.412805 
0.010067 
0.195389 
0.904423 
0.642171 
0.960154 
0.314503 
0.853287 
0.198478 
0.812896 
0.337408 
0.815666 
0.900987 
0.883096 
0.191391 
0.700384 
0.360684 
0.020342 
0.880243 
0.247068 
0.473295 
0.668128 
0.229479 
0.849391 
0.709541 
0.248454 
0.770322 
0.805916 
0.038243 
0.749842 
0.591999 
0.721969 
0.125969 
0.168883 
0.424871 
0.807440 
0.648635 
0.616276 
0.755529 
0.180314 
0.545065 
0.912448 
0.510447 
0.076608 
0.542679 
0.808214 
0.657243 
0.282376 
0.897421 
0.955741 
0.141497 
0.142962 
0.766332 
0.744615 
0.742937 
0.539895 
0.018845 
0.724625 
0.778427 
0.023826 
0.451648 
0.849014 
0.386226 
0.292524 
0.450255 
0.431829 
0.748776 
0.675248 
0.894328 
0.973975 
0.594874 
0.043608 
0.921363 
0.349628 
0.197244 
0.079576 
0.427495 
0.909109 
0.400200 
0.162899 
0.835419 
0.890804 
0.749616 
0.795263 
0.978647 
0.116461 
0.358235 
0.849890 
0.108010 
0.317373 
0.085964 
0.803833 
0.027943 
0.633731 
0.122614 
0.770775 
0.419776 
0.180825 
0.120723 
0.996890 
0.730583 
0.913511 
0.382634 
0.928082 
0.277969 
0.828373 
0.461856 
0.414846 
0.324384 
0.919076 
0.903716 
0.754432 
0.741459 
0.700040 
0.573804 
0.927486 
0.260170 
0.670323 
0.115814 
0.494084 
0.063893 
0.846821 
0.512694 
0.843652 
0.266210 
0.185078 
0.613605 
0.854741 
0.631354 
0.161415 
0.902188 
0.068413 
0.825378 
0.122281 
0.179234 
0.378575 
0.713988 
0.992621 
0.976888 
0.558870 
0.934501 
0.164532 
0.290229 
0.873157 
0.152612 
0.954248 
0.054282 
0.314590 
0.307380 
0.130288 
0.748128 
0.780019 
0.771774 
0.204051 
0.490521 
0.182596 
0.896810 
0.692593 
0.405327 
0.325675 
0.622584 
0.763998 
0.519150 
0.347199 
0.378056 
0.986349 
0.575871 
0.657000 
0.195055 
0.287563 
0.076225 
0.110100 
0.453224 
0.331272 
0.693797 
0.644552 
0.991947 
0.653940 
0.764656 
0.578115 
0.371819 
0.166925 
0.510112 
0.460256 
0.526690 
0.072506 
0.608222 
0.390232 
0.625087 
0.845298 
0.922243 
0.135502 
0.385040 
0.367269 
0.685430 
0.019183 
