0.000000 
0.008132 
0.667762 
0.073930 
0.537487 
0.545160 
0.498595 
0.879356 
0.340441 
0.788966 
0.145919 
0.458659 
0.673611 
0.372995 
0.920423 
0.546639 
0.358501 
0.324210 
0.998415 
0.368861 
0.449085 
0.767927 
0.556848 
0.946732 
0.723518 
0.167399 
0.479000 
0.551521 
0.421802 
0.223332 
0.537028 
0.823343 
0.923763 
0.688660 
0.315630 
0.789078 
0.035361 
0.311472 
0.910495 
0.687844 
0.586879 
0.673402 
0.869747 
0.844156 
0.736713 
0.927799 
0.520632 
0.268472 
0.210707 
0.345655 
0.431450 
0.388074 
0.363304 
0.047637 
0.628207 
0.276313 
0.000981 
0.491561 
0.664882 
0.667218 
0.926336 
0.934563 
0.199288 
0.427350 
0.475226 
0.121154 
0.241776 
0.524143 
0.271478 
0.727056 
0.625289 
0.234671 
0.123692 
0.887990 
0.456322 
0.407542 
0.559212 
0.678172 
0.037259 
0.213318 
0.242524 
0.102175 
0.254625 
0.486542 
0.305058 
0.108770 
0.095611 
0.937270 
0.703066 
0.436736 
0.226530 
0.289479 
0.268383 
0.704843 
0.291377 
0.167012 
0.974841 
0.151921 
0.329554 
0.820646 
0.595006 
0.258831 
0.166146 
0.413654 
0.282484 
0.715056 
0.949348 
0.699550 
0.342851 
0.293385 
0.920844 
0.619830 
0.476064 
0.212618 
0.476243 
0.218414 
0.879157 
0.998456 
0.048824 
0.583656 
0.513925 
0.538960 
0.297086 
0.116585 
0.450701 
0.924466 
0.502557 
0.475294 
0.267326 
0.950849 
0.923578 
0.583298 
0.488975 
0.198127 
0.918716 
0.861477 
0.846625 
0.230933 
0.286790 
0.086901 
0.553110 
0.122846 
0.669771 
0.835838 
0.929473 
0.653996 
0.708595 
0.350743 
0.929729 
0.959336 
0.566617 
0.127719 
0.577851 
0.946007 
0.547730 
0.700411 
0.810654 
0.653933 
0.652637 
0.877753 
0.392843 
0.507587 
0.012643 
0.497422 
0.177098 
0.481813 
0.838765 
0.130812 
0.559852 
0.438765 
0.315244 
0.304884 
0.188658 
0.768402 
0.524296 
0.835044 
0.587251 
0.926601 
0.378634 
0.696142 
0.064268 
0.155586 
0.939876 
0.493426 
0.009702 
0.060251 
0.643071 
0.096470 
0.369839 
0.880492 
0.433370 
0.641559 
0.688154 
0.809094 
0.446381 
0.321430 
0.272534 
0.470781 
0.415509 
0.464203 
0.860585 
0.851169 
0.592708 
0.644174 
0.637084 
0.469185 
0.599535 
0.385345 
0.497618 
0.467851 
0.175594 
0.208589 
0.751782 
0.200167 
0.207840 
0.165024 
0.552386 
0.948420 
0.090358 
0.642818 
0.837008 
0.586331 
0.461914 
0.392321 
0.736434 
0.245791 
0.011943 
0.718549 
0.649035 
0.337382 
0.382617 
0.652093 
0.729408 
0.162291 
0.623604 
0.910986 
0.947637 
0.937729 
0.418340 
0.045977 
0.731176 
0.882779 
0.874860 
0.765521 
0.109264 
0.399225 
0.768197 
0.082204 
0.595054 
0.077312 
0.388030 
0.618249 
0.913281 
0.512745 
0.701055 
0.625514 
0.014941 
0.111507 
0.103901 
0.267093 
0.040255 
0.568515 
0.027562 
0.236207 
0.925376 
0.801043 
0.125138 
0.192412 
0.875125 
0.222169 
0.987344 
0.293895 
0.499319 
0.057876 
0.714117 
0.163569 
0.112403 
0.163589 
0.435945 
0.935751 
0.159965 
0.532204 
0.757560 
0.304967 
0.581994 
0.572362 
0.695411 
0.776681 
0.671295 
0.449502 
0.778703 
0.660551 
0.882696 
0.466544 
0.198233 
0.709562 
0.601236 
0.967661 
0.471420 
0.151590 
0.765835 
0.396282 
0.305089 
0.631947 
0.133673 
0.641848 
0.547085 
0.861023 
0.210218 
0.127983 
0.016976 
0.310980 
0.642084 
0.513888 
0.920481 
0.523378 
0.405999 
0.624025 
0.993530 
0.252857 
0.774498 
0.983076 
0.552378 
0.817477 
0.331624 
0.610172 
0.161650 
0.857682 
0.055768 
0.288847 
0.650856 
0.937625 
0.665101 
0.345290 
0.293714 
0.456176 
0.956636 
0.185477 
0.315473 
0.161946 
0.825250 
0.983734 
0.610161 
0.979891 
0.024090 
0.877765 
0.598183 
0.664534 
0.829482 
0.100934 
0.391106 
0.313985 
0.148361 
0.504389 
0.259652 
0.976275 
0.259251 
0.232238 
0.226444 
0.836865 
0.197214 
0.579017 
0.533641 
0.903912 
0.055063 
0.435928 
0.643780 
0.011241 
0.920054 
0.355738 
0.890408 
0.090589 
0.525910 
0.968284 
0.944964 
0.018119 
0.520999 
0.431527 
0.667349 
0.135540 
0.026787 
0.202821 
0.810639 
0.412701 
0.263394 
0.854907 
0.419826 
0.023028 
0.033643 
0.441217 
0.529930 
0.528696 
0.799634 
0.446278 
0.589016 
0.593901 
0.699081 
0.456907 
0.239598 
0.930936 
0.243102 
0.814441 
0.308964 
0.756410 
0.983321 
0.669080 
0.220191 
0.753520 
0.414164 
0.859598 
0.265527 
0.712075 
0.845379 
0.277512 
0.139662 
0.291869 
0.434664 
0.389631 
0.524602 
0.990516 
0.605972 
0.576096 
0.438686 
0.991210 
0.268037 
0.902670 
0.173683 
0.094139 
0.195738 
0.767258 
0.309260 
0.729880 
0.090779 
0.716807 
0.371425 
0.546482 
0.722055 
0.584132 
0.500344 
0.274870 
0.748119 
0.643707 
0.778118 
0.826155 
0.181173 
0.975622 
0.284662 
0.316512 
0.618553 
0.020175 
0.076415 
0.308315 
0.844197 
0.423766 
0.235607 
0.845052 
0.787603 
0.248177 
0.115746 
0.337174 
0.884974 
0.756883 
0.932893 
0.125084 
0.281368 
0.955820 
0.473428 
0.901437 
0.458090 
0.117316 
0.735236 
0.109020 
0.306855 
0.316466 
0.837254 
0.734322 
0.752706 
0.724295 
0.223654 
0.947154 
0.818615 
0.459232 
0.306705 
0.791068 
0.486852 
0.520167 
0.445437 
0.457661 
0.911328 
0.684483 
0.109505 
0.453589 
0.472429 
0.107708 
0.250746 
0.284214 
0.785956 
0.564188 
0.312343 
0.543528 
0.074175 
0.658235 
0.952911 
0.568442 
0.805467 
0.479050 
0.398710 
0.124293 
0.988249 
0.496508 
0.811258 
0.817765 
0.174276 
0.063501 
0.266417 
0.671961 
0.644356 
0.693939 
0.024630 
0.948699 
0.788472 
0.856276 
0.422684 
0.049974 
0.905162 
0.059159 
0.290235 
0.983274 
0.889291 
0.321132 
0.261638 
0.349620 
0.063131 
0.048038 
0.374694 
0.480449 
0.900820 
0.078282 
0.678876 
0.865016 
0.326406 
0.897798 
0.287047 
0.397509 
0.936064 
0.422204 
0.989431 
0.374860 
0.270119 
0.887714 
0.817351 
0.225149 
0.082956 
0.233576 
0.716024 
0.221051 
0.204888 
0.545357 
0.820215 
0.358173 
0.817655 
0.326056 
0.020218 
0.802765 
0.067357 
0.062940 
0.825210 
0.297377 
0.009217 
0.904345 
0.324820 
0.256579 
0.315461 
0.945782 
0.751542 
0.164735 
0.693518 
0.948793 
0.371363 
0.505465 
0.354703 
0.497805 
0.611696 
0.773553 
0.110909 
0.051126 
0.266668 
0.894029 
0.940312 
0.830287 
0.635348 
0.291964 
0.043843 
0.874251 
0.534899 
0.044141 
0.877657 
0.774397 
0.282226 
0.365645 
0.402041 
0.109004 
0.035836 
0.294400 
0.980552 
0.138904 
0.556041 
0.386632 
0.115639 
0.540874 
0.463377 
0.978938 
0.013264 
0.921520 
0.987881 
0.322551 
0.122477 
0.469666 
0.679306 
0.103993 
0.808935 
0.773746 
0.350619 
0.855452 
0.578580 
0.198838 
0.872705 
0.547549 
0.660141 
0.983782 
0.432447 
0.129140 
0.452872 
0.412526 
0.320749 
0.830405 
0.619129 
0.701276 
0.347281 
0.757790 
0.177635 
0.504936 
0.464707 
0.329640 
0.259399 
0.712751 
0.207631 
0.654498 
0.145976 
0.425544 
0.115033 
0.365709 
0.475021 
0.676683 
0.014298 
0.310186 
0.303267 
0.005431 
0.278835 
0.381585 
0.294286 
0.067521 
0.831197 
0.924716 
0.700285 
0.688729 
0.471123 
0.159657 
0.360735 
0.875599 
0.198194 
0.041072 
0.301061 
0.939065 
0.870401 
0.838006 
0.366935 
0.080388 
0.075298 
0.529442 
0.339966 
0.811900 
0.597665 
0.955985 
0.233397 
0.702426 
0.674962 
0.086339 
0.101509 
0.066079 
0.590763 
0.958869 
0.714773 
0.184076 
0.760332 
0.907905 
0.152960 
0.801932 
0.064213 
0.232411 
0.137000 
0.556436 
0.016091 
0.435228 
0.874329 
0.854675 
0.524431 
0.114349 
0.863443 
0.887005 
0.891154 
0.629763 
0.423939 
0.147345 
0.426828 
0.702883 
0.360558 
0.904287 
0.350774 
0.458080 
0.943876 
0.726313 
0.139475 
0.161282 
0.661717 
0.482726 
0.178582 
0.431715 
0.836645 
0.494387 
0.157615 
0.032393 
0.436196 
0.154164 
0.027774 
0.800867 
0.178666 
0.845932 
0.583425 
0.620502 
0.777803 
0.539427 
0.142207 
0.069269 
0.203248 
0.982106 
0.250270 
0.287833 
0.602441 
0.227579 
0.923603 
0.003417 
0.437442 
0.091822 
0.257798 
0.806781 
0.575747 
0.585931 
0.744792 
0.717967 
0.867764 
0.514365 
0.940623 
0.055617 
0.760366 
0.474565 
0.014973 
0.649680 
0.168365 
0.711469 
0.657927 
0.774828 
0.537051 
0.212196 
0.378767 
0.939094 
0.347434 
0.329269 
0.022534 
0.723229 
0.303953 
0.529768 
0.803414 
0.974122 
0.072194 
0.357378 
0.452024 
0.169136 
0.674738 
0.325620 
0.695088 
0.352263 
0.488022 
0.178715 
0.665517 
0.352137 
0.365448 
0.078268 
0.457296 
0.767158 
0.628524 
0.595263 
0.581021 
0.225026 
0.008889 
0.404340 
0.749589 
0.349590 
0.559301 
0.171388 
0.526472 
0.419556 
0.477144 
0.361703 
0.134662 
0.270003 
0.940983 
0.107929 
0.957306 
0.449141 
0.710942 
0.808017 
0.343214 
0.395214 
0.357370 
0.309279 
0.051418 
0.189267 
0.005864 
0.553445 
0.755664 
0.441266 
0.365144 
0.978371 
0.488408 
0.671056 
0.443058 
0.480348 
0.206434 
0.541762 
0.393437 
0.487405 
0.817808 
0.890835 
0.268770 
0.222901 
0.302089 
0.214312 
0.940161 
0.288556 
0.765582 
0.129502 
0.533749 
0.722393 
0.254751 
0.599356 
0.377883 
0.077155 
0.743875 
0.313449 
0.143967 
0.648374 
0.224360 
0.826495 
0.897264 
0.309184 
0.454596 
0.402814 
0.096371 
0.708379 
0.723447 
0.979521 
0.805053 
0.531324 
0.963429 
0.344805 
0.130686 
0.438538 
0.515902 
0.759479 
0.562577 
0.227259 
0.537825 
0.222204 
0.590131 
0.334338 
0.221235 
0.291036 
0.446742 
0.400100 
0.488744 
0.324082 
0.845123 
0.982596 
0.489973 
0.981181 
0.708517 
0.048920 
0.197125 
0.081253 
0.620973 
0.690983 
0.344716 
0.638636 
0.548456 
0.894857 
0.863729 
0.685368 
0.972140 
0.764011 
0.737122 
0.806137 
0.741884 
0.851174 
0.676200 
0.889298 
0.434661 
0.348793 
0.160424 
0.241945 
0.369584 
0.596651 
0.909651 
0.512403 
0.951945 
0.334024 
0.946152 
0.980299 
0.881108 
0.790082 
0.911987 
0.767068 
0.115170 
0.659321 
0.202290 
0.883616 
0.939260 
0.142317 
0.920331 
0.994748 
0.730490 
0.344872 
0.263756 
0.953355 
0.032028 
0.290978 
0.472140 
0.262419 
0.469182 
0.540454 
0.406583 
0.433041 
0.118005 
0.315719 
0.285691 
0.611974 
0.450419 
0.199272 
0.168352 
0.495203 
0.874227 
0.132960 
0.657955 
0.255125 
0.879571 
0.955214 
0.278713 
0.331686 
0.653740 
0.410321 
0.271343 
0.464358 
0.472283 
0.668761 
0.866751 
0.486448 
0.728045 
0.244459 
0.623189 
0.935688 
0.104728 
0.160691 
0.736363 
0.049030 
0.042606 
0.086311 
0.622762 
0.768041 
0.457599 
0.871649 
0.810093 
0.231689 
0.994114 
0.074309 
0.912519 
0.702794 
0.858631 
0.013516 
0.155813 
0.745863 
0.714413 
0.144701 
0.995356 
0.948926 
0.605659 
0.307838 
0.828899 
0.313417 
0.600934 
0.898944 
0.549080 
0.387091 
0.842496 
0.826041 
0.263900 
0.374434 
0.115252 
0.041794 
0.431801 
0.274545 
0.274513 
0.745435 
0.527881 
0.096890 
0.430672 
0.299888 
0.220974 
0.910829 
0.298239 
0.502612 
0.393460 
0.886018 
0.300433 
0.381105 
0.237289 
0.123837 
0.331367 
0.290705 
0.877921 
0.213098 
0.544158 
0.657312 
0.448411 
0.449401 
0.081484 
0.507352 
0.068130 
0.057585 
0.827895 
0.439374 
0.552808 
0.044025 
0.932146 
0.584869 
0.888813 
0.281251 
0.991096 
0.358630 
0.496959 
0.387622 
0.762804 
0.440059 
0.075611 
0.787197 
0.426041 
0.467350 
0.756291 
0.986078 
0.014772 
0.275599 
0.991754 
0.411780 
0.789002 
0.761737 
0.509519 
0.478387 
0.258625 
0.710499 
0.350215 
0.064128 
0.794457 
0.436109 
0.679378 
0.310052 
0.045164 
0.065107 
0.253249 
0.352272 
0.627112 
0.868286 
0.283304 
0.482281 
0.704791 
0.420928 
0.534215 
0.550906 
0.084248 
0.957409 
0.179942 
0.292790 
0.925021 
0.819889 
0.869767 
0.181426 
0.226155 
0.983554 
0.589417 
0.339801 
0.037882 
0.686347 
0.427559 
0.987387 
0.018962 
0.686164 
0.357345 
0.896939 
0.851512 
0.367262 
0.565013 
0.178775 
0.671973 
0.848617 
0.698671 
0.567934 
0.258492 
0.480602 
0.472079 
0.240123 
0.740219 
0.862058 
0.609050 
0.310956 
0.231169 
0.253860 
0.618644 
0.556851 
0.994966 
0.390906 
0.963000 
0.139763 
0.996006 
0.867267 
0.159301 
0.380278 
0.327092 
0.436081 
0.211964 
0.478731 
0.028506 
0.103278 
0.795529 
0.452786 
0.981498 
0.030801 
0.664058 
0.818457 
0.810217 
0.316939 
0.790849 
0.800749 
0.195018 
0.672763 
0.125277 
0.534015 
0.192110 
0.800937 
0.354915 
0.054726 
0.774113 
0.524779 
0.964216 
0.572417 
0.618711 
0.684161 
0.697970 
0.781515 
0.928002 
0.932640 
0.877204 
0.173787 
0.833119 
0.234574 
0.491823 
0.075323 
0.946197 
0.727185 
0.795307 
0.717190 
0.811377 
0.810069 
0.828239 
0.221135 
0.619950 
0.498218 
0.551705 
0.512576 
0.863550 
0.679658 
0.016142 
0.295628 
0.612607 
0.081376 
0.685334 
0.413361 
0.360551 
0.783933 
0.562668 
0.759435 
0.822147 
0.831736 
0.985108 
0.709174 
0.080101 
0.262597 
0.471228 
0.936768 
0.251675 
0.909294 
0.507699 
0.899370 
0.706623 
0.218935 
0.645067 
0.634990 
0.278738 
0.746617 
0.392654 
0.337688 
0.525387 
0.184984 
0.031465 
0.833179 
0.237445 
0.743996 
0.341309 
0.374101 
0.520987 
0.225443 
0.014312 
0.536196 
0.851513 
0.375925 
0.177345 
0.633867 
0.397669 
0.621948 
0.086491 
0.646324 
0.761734 
0.461723 
0.177115 
0.776922 
0.734143 
0.740696 
0.880377 
0.492986 
0.609283 
0.216228 
0.140537 
0.997976 
0.989323 
0.547880 
0.220393 
0.136907 
0.989205 
0.574015 
0.469458 
0.185412 
0.215383 
0.947369 
0.429952 
0.203890 
0.781736 
0.638742 
0.338745 
0.295433 
0.336786 
0.361695 
0.010466 
0.896843 
0.240125 
0.788985 
0.474016 
0.785813 
0.159928 
0.903825 
0.588550 
0.753648 
0.562902 
0.690871 
0.462341 
0.564445 
0.623177 
0.741077 
0.286088 
0.278749 
0.942182 
0.258904 
0.403479 
0.274884 
0.972713 
0.383613 
0.384049 
0.708990 
0.002585 
0.447392 
0.324014 
0.697292 
0.387511 
0.902210 
0.435533 
0.999944 
0.056735 
0.539622 
0.424148 
0.651500 
0.761478 
0.163027 
0.994675 
0.508864 
0.479983 
0.073410 
0.795613 
0.861173 
0.732625 
0.230951 
0.589898 
0.413898 
0.391633 
0.183805 
0.212108 
0.906165 
0.920414 
0.405615 
0.179096 
0.071909 
0.581688 
0.436010 
0.023506 
0.070988 
0.093515 
0.704795 
0.492226 
0.843465 
0.115392 
0.386950 
0.466942 
0.898130 
0.869244 
0.382591 
0.210146 
0.922049 
0.885352 
0.109304 
0.077857 
0.541344 
0.375296 
0.606643 
0.857236 
0.558036 
0.903966 
0.951745 
0.983391 
0.856755 
0.474155 
0.127979 
0.947634 
0.886177 
0.978930 
0.873719 
0.602757 
0.544987 
0.590699 
0.882634 
0.427374 
0.873799 
0.946091 
0.954019 
0.199411 
0.508577 
0.661538 
0.466459 
0.778107 
0.651752 
0.993102 
0.066623 
0.725122 
0.131394 
0.332045 
0.677947 
0.255064 
0.867207 
0.147704 
0.463471 
0.561172 
0.613279 
0.382692 
0.909102 
0.276637 
0.444299 
0.338592 
0.722522 
0.420472 
0.867629 
0.238246 
0.200311 
0.626579 
0.918449 
0.377210 
0.771691 
0.805080 
0.979352 
0.975649 
0.727079 
0.016138 
0.231811 
0.053482 
0.875579 
0.852159 
0.229307 
0.967346 
0.182132 
0.099767 
0.776542 
0.336274 
0.755796 
0.664010 
0.017741 
0.179112 
0.336425 
0.295852 
0.384690 
0.480665 
0.538078 
0.476094 
0.718734 
0.761927 
0.703389 
0.865889 
0.990165 
0.701485 
0.864898 
0.337436 
0.278932 
0.017280 
0.428933 
0.068649 
0.791469 
0.211801 
0.732309 
0.919429 
0.839219 
0.749884 
0.306601 
0.042791 
0.181123 
0.136479 
0.803017 
0.313866 
0.151408 
0.716979 
0.272457 
0.184564 
0.969255 
0.263132 
0.463304 
0.752303 
0.964190 
0.143767 
0.294055 
0.180665 
0.430245 
0.119922 
0.533367 
0.299010 
0.456661 
0.109639 
0.703209 
0.825790 
0.057125 
0.103316 
0.431703 
0.633433 
0.115718 
0.865424 
0.181718 
0.134877 
0.878891 
0.514314 
0.078494 
0.247489 
0.544889 
0.951983 
0.974401 
0.762591 
0.874577 
0.010853 
0.403749 
0.809490 
0.098701 
0.862898 
0.729135 
0.579114 
0.174103 
0.145072 
0.219832 
0.714130 
0.386112 
0.389409 
0.800925 
0.152447 
0.172146 
0.264428 
0.245866 
0.275784 
0.098267 
0.574490 
0.453936 
0.299951 
0.276297 
0.729258 
0.631094 
0.803700 
0.793287 
0.780621 
0.890573 
0.857257 
0.923245 
0.983312 
0.518500 
0.433147 
0.907121 
0.985626 
0.417950 
0.490782 
0.573659 
0.488226 
0.614663 
0.648344 
0.711898 
0.863665 
0.616372 
0.357196 
0.388658 
0.174253 
0.661946 
0.325583 
0.074090 
0.223387 
0.472521 
0.666697 
0.183531 
0.597579 
0.516285 
0.199579 
0.325382 
0.689944 
0.889181 
0.464388 
0.973703 
0.031772 
0.988534 
0.283100 
0.059411 
0.521609 
0.677661 
0.440368 
0.266857 
0.065148 
0.947463 
0.017155 
0.330401 
0.052288 
0.802796 
0.600027 
0.656338 
0.079043 
0.484005 
0.680162 
0.485526 
0.228445 
0.468073 
0.908138 
0.078972 
0.286438 
0.162434 
0.025939 
0.961208 
0.023706 
0.430324 
0.452933 
0.444057 
0.264302 
0.123081 
0.623817 
0.488701 
0.605958 
0.332296 
0.905047 
0.129818 
0.857778 
0.670457 
0.376070 
0.607299 
0.880943 
0.004920 
0.690858 
0.256664 
0.751372 
0.315310 
0.415610 
0.163089 
0.031333 
0.609668 
0.694145 
0.493934 
0.545579 
0.538116 
0.121355 
0.614753 
0.153926 
0.030816 
0.926312 
0.518200 
0.388958 
0.224209 
0.288208 
0.904124 
0.613063 
0.750560 
0.668540 
0.158265 
0.963225 
0.924149 
0.172698 
0.531577 
0.220042 
0.248558 
0.508927 
0.530939 
0.493753 
0.500698 
0.235488 
0.848334 
0.946328 
0.929142 
0.083538 
0.030195 
0.484644 
0.405082 
0.214272 
0.270952 
0.886906 
0.221297 
0.332671 
0.205580 
0.179247 
0.610752 
0.914011 
0.780109 
0.291702 
0.631735 
0.577723 
0.790117 
0.490919 
0.880333 
0.752063 
0.926879 
0.060376 
0.732547 
0.923611 
0.123153 
0.834063 
0.097647 
0.146166 
0.612747 
0.432339 
0.321515 
0.696095 
0.273680 
0.734379 
0.712649 
0.491700 
0.994447 
0.679085 
0.384120 
0.898231 
0.564107 
0.942916 
0.587510 
0.277319 
0.892751 
0.472777 
0.965855 
0.126700 
0.446352 
0.830803 
0.300133 
0.328738 
0.097389 
0.818857 
0.528153 
0.671223 
0.242472 
0.231789 
0.674130 
0.107450 
0.906586 
0.998763 
0.206581 
0.011412 
0.800174 
0.524850 
0.160187 
0.256437 
0.934812 
0.386771 
0.457821 
0.591656 
0.956940 
0.286619 
0.198869 
0.399294 
0.936087 
0.808639 
0.799259 
0.143249 
0.579033 
0.802829 
0.146136 
0.100119 
0.707216 
0.172911 
0.112454 
0.019629 
0.907675 
0.290287 
0.852745 
0.079865 
0.294401 
0.998044 
0.125860 
0.333936 
0.469676 
0.850414 
0.914655 
0.608094 
0.241580 
0.240731 
0.960143 
0.115025 
0.218143 
0.330025 
0.738333 
0.166061 
0.983925 
0.827809 
0.979192 
0.284599 
0.247853 
0.659733 
0.135850 
0.235501 
0.073115 
0.843141 
0.669600 
0.973977 
0.638021 
0.211434 
0.573504 
0.887805 
0.343024 
0.201570 
0.784464 
0.490293 
0.361285 
0.124834 
0.082372 
0.433264 
0.861569 
0.391308 
0.712641 
0.353627 
0.404789 
0.289991 
0.878492 
0.818628 
0.686142 
0.981797 
0.056175 
0.130127 
0.040681 
0.729126 
0.422219 
0.236064 
0.525178 
0.660637 
0.329322 
0.911304 
0.285988 
0.599946 
0.297399 
0.383661 
0.198281 
0.505856 
0.913490 
0.031167 
0.829092 
0.554160 
0.768248 
0.950758 
0.395707 
0.644759 
0.462370 
0.060723 
0.565861 
0.430163 
0.749603 
0.582041 
0.363147 
0.405063 
0.894041 
0.139274 
0.783937 
0.633849 
0.095618 
0.052553 
0.254686 
0.503132 
0.142973 
0.950886 
0.537197 
0.672040 
0.968656 
0.203070 
0.001198 
0.137522 
0.332715 
0.940194 
0.842194 
0.748715 
0.649994 
0.444081 
0.676767 
0.427592 
0.535507 
0.267954 
0.504904 
0.919334 
0.250411 
0.658127 
0.136958 
0.855459 
0.702558 
0.888940 
0.416614 
0.024289 
0.225948 
0.516253 
0.666212 
0.025120 
0.187236 
0.882690 
0.377159 
0.905155 
0.941177 
0.358079 
0.233042 
0.738553 
0.855028 
0.451904 
0.152031 
0.177525 
0.654720 
0.879288 
0.186631 
0.699011 
0.275689 
0.504310 
0.930868 
0.095991 
0.320833 
0.236890 
0.406574 
0.289333 
0.821139 
0.890793 
0.551969 
0.939961 
0.921840 
0.366029 
0.854421 
0.254599 
0.043272 
0.267813 
0.134531 
0.069439 
0.066478 
0.292671 
0.923763 
0.686696 
0.299645 
0.132142 
0.914178 
0.586895 
0.951739 
0.879645 
0.191835 
0.170004 
0.261830 
0.585135 
0.363203 
0.355497 
0.843033 
0.849602 
0.255958 
0.887160 
0.499206 
0.150746 
0.585902 
0.258657 
0.248256 
0.443176 
0.461421 
0.103671 
0.405759 
0.584030 
0.792677 
0.518724 
0.200448 
0.936822 
0.163518 
0.245453 
0.328183 
0.767590 
0.884687 
0.934775 
0.766257 
0.484288 
0.423685 
0.881230 
0.836200 
0.019781 
0.466898 
0.147010 
0.793102 
0.673004 
0.181035 
0.651973 
0.715362 
0.096352 
0.394385 
0.427387 
0.093994 
0.761761 
0.909759 
0.320873 
0.914802 
0.078245 
0.066736 
0.636917 
0.656130 
0.577729 
0.897573 
0.504750 
0.341406 
0.018375 
0.821049 
0.370004 
0.655128 
0.736173 
0.862805 
0.167524 
0.581171 
0.732955 
0.766949 
0.107417 
0.349764 
0.479750 
0.154723 
0.430476 
0.009534 
0.235621 
0.076877 
0.068426 
0.033426 
0.791303 
0.435513 
0.675032 
0.265460 
0.584671 
0.563921 
0.819639 
0.670858 
0.105785 
0.925955 
0.518576 
0.704408 
0.984663 
0.224926 
0.334829 
0.471457 
0.771172 
0.086372 
0.647219 
0.801433 
0.683064 
0.256618 
0.975936 
0.551261 
0.040287 
0.108018 
0.453450 
0.133487 
0.513570 
0.577786 
0.857688 
0.165987 
0.735517 
0.840609 
0.107433 
0.626105 
0.947511 
0.823044 
0.907984 
0.487920 
0.465531 
0.175231 
0.102714 
0.310220 
0.862766 
0.510368 
0.747714 
0.820866 
0.291322 
0.240793 
0.003765 
0.284460 
0.921042 
0.949167 
0.651140 
0.716680 
0.242363 
0.401209 
0.117021 
0.778194 
0.099380 
0.274699 
0.871858 
0.322724 
0.021763 
0.774822 
0.426519 
0.504014 
0.964802 
0.423281 
0.075740 
0.968680 
0.611419 
0.116832 
0.600813 
0.861998 
0.603573 
0.256700 
0.348610 
0.095461 
0.413352 
0.213306 
0.031987 
0.604136 
0.715853 
0.339343 
0.333604 
0.887698 
0.548390 
0.797522 
0.950453 
0.263143 
0.637143 
0.469654 
0.469607 
0.680497 
0.119932 
0.702111 
0.385260 
0.063013 
0.065133 
0.697614 
0.804807 
0.386095 
0.105476 
0.741509 
0.546963 
0.804010 
0.001822 
0.625546 
0.544152 
0.565204 
0.380183 
0.730364 
