0.000001 
0.011356 
0.861331 
0.383323 
0.501341 
0.045261 
0.709779 
0.261738 
0.032704 
0.659085 
0.239392 
0.461514 
0.673156 
0.730717 
0.164132 
0.572832 
0.594981 
0.837756 
0.170068 
0.336109 
0.988087 
0.772149 
0.507206 
0.605109 
0.063354 
0.788158 
0.573656 
0.441056 
0.836414 
0.615067 
0.427553 
0.875525 
0.949356 
0.819294 
0.871009 
0.054815 
0.267862 
0.958562 
0.551615 
0.995246 
0.106411 
0.453423 
0.680465 
0.580242 
0.119317 
0.353452 
0.467216 
0.501976 
0.710044 
0.702162 
0.232950 
0.183923 
0.188791 
0.010703 
0.889825 
0.293485 
0.601948 
0.936723 
0.499272 
0.260955 
0.878839 
0.651637 
0.062720 
0.139639 
0.916798 
0.617705 
0.760170 
0.175680 
0.653430 
0.205927 
0.009908 
0.525995 
0.390257 
0.045692 
0.949108 
0.663468 
0.910892 
0.361913 
0.671860 
0.957194 
0.566797 
0.162903 
0.905160 
0.024035 
0.948642 
0.826588 
0.467499 
0.261770 
0.572810 
0.213382 
0.318282 
0.365769 
0.472977 
0.323125 
0.760142 
0.705808 
0.519244 
0.929198 
0.031938 
0.779362 
0.737587 
0.628069 
0.948102 
0.745151 
0.753498 
0.047687 
0.471131 
0.290710 
0.960998 
0.486720 
0.294653 
0.228463 
0.772636 
0.701164 
0.460085 
0.656322 
0.799478 
0.822675 
0.702448 
0.044163 
0.249957 
0.026978 
0.427402 
0.352421 
0.139525 
0.997498 
0.948229 
0.888981 
0.110578 
0.479964 
0.749868 
0.023451 
0.137153 
0.136171 
0.633356 
0.817135 
0.589464 
0.124238 
0.070388 
0.007790 
0.930282 
0.247593 
0.298207 
0.968047 
0.967917 
0.775696 
0.120472 
0.780488 
0.667986 
0.835416 
0.834611 
0.308297 
0.549049 
0.870700 
0.847696 
0.231277 
0.069546 
0.859342 
0.969179 
0.990972 
0.258917 
0.618391 
0.302546 
0.894860 
0.916236 
0.172388 
0.328247 
0.847746 
0.072518 
0.803318 
0.364215 
0.354559 
0.075787 
0.743937 
0.350099 
0.113233 
0.106931 
0.186235 
0.043693 
0.355248 
0.650869 
0.159534 
0.287546 
0.778596 
0.859555 
0.538426 
0.325405 
0.088525 
0.845656 
0.932237 
0.107622 
0.801639 
0.141975 
0.171314 
0.281712 
0.728965 
0.717465 
0.434171 
0.103854 
0.468295 
0.635908 
0.711305 
0.901847 
0.348120 
0.856024 
0.192289 
0.797811 
0.804751 
0.444701 
0.082630 
0.755329 
0.815844 
0.896858 
0.496095 
0.863884 
0.301684 
0.397028 
0.845194 
0.182973 
0.229768 
0.703078 
0.631151 
0.756725 
0.281287 
0.596310 
0.175787 
0.456524 
0.802324 
0.653273 
0.553938 
0.035782 
0.395753 
0.417104 
0.268993 
0.971943 
0.454130 
0.564987 
0.736906 
0.179992 
0.127731 
0.770873 
0.062476 
0.041791 
0.388615 
0.449030 
0.844345 
0.914007 
0.718265 
0.880100 
0.838479 
0.324381 
0.863407 
0.275429 
0.133775 
0.363071 
0.126680 
0.117112 
0.299131 
0.495439 
0.834988 
0.645246 
0.643806 
0.455238 
0.190314 
0.601272 
0.571042 
0.508734 
0.299510 
0.856406 
0.619217 
0.182518 
0.583679 
0.887885 
0.677553 
0.630591 
0.337189 
0.134839 
0.232307 
0.388409 
0.989195 
0.408190 
0.446803 
0.419845 
0.336388 
0.675143 
0.122712 
0.422562 
0.996115 
0.706495 
0.065666 
0.653415 
0.942695 
0.867942 
0.496588 
0.151720 
0.952429 
0.475835 
0.364846 
0.975005 
0.906599 
0.210998 
0.248320 
0.516539 
0.474452 
0.106795 
0.895401 
0.012339 
0.388204 
0.546704 
0.459773 
0.400993 
0.490118 
0.404874 
0.725363 
0.171913 
0.345930 
0.037637 
0.558673 
0.608866 
0.206830 
0.187484 
0.048549 
0.968720 
0.284080 
0.526648 
0.367045 
0.923537 
0.882094 
0.360846 
0.739285 
0.160146 
0.580841 
0.198326 
0.268543 
0.402483 
0.525421 
0.743098 
0.254213 
0.559915 
0.495653 
0.441230 
0.758804 
0.219773 
0.721676 
0.210736 
0.834107 
0.836346 
0.471838 
0.176687 
0.583691 
0.089985 
0.377856 
0.626826 
0.059546 
0.783210 
0.415376 
0.221533 
0.312779 
0.879278 
0.021455 
0.593992 
0.225364 
0.693275 
0.878322 
0.962364 
0.444208 
0.797040 
0.855929 
0.595764 
0.009794 
0.608260 
0.028339 
0.295568 
0.614032 
0.043449 
0.246670 
0.784379 
0.055963 
0.562390 
0.093040 
0.731345 
0.714430 
0.430450 
0.571539 
0.854845 
0.380625 
0.172443 
0.247751 
0.959400 
0.630612 
0.690017 
0.121404 
0.431442 
0.253656 
0.201792 
0.526228 
0.312191 
0.999011 
0.376956 
0.500277 
0.163370 
0.751447 
0.575849 
0.286382 
0.223097 
0.597531 
0.699228 
0.917572 
0.640955 
0.533471 
0.055130 
0.563254 
0.609860 
0.913060 
0.802357 
0.214149 
0.209525 
0.491198 
0.557457 
0.181173 
0.979082 
0.424364 
0.294064 
0.341911 
0.503294 
0.856375 
0.102035 
0.902402 
0.672777 
0.369867 
0.352970 
0.369640 
0.534860 
0.396619 
0.967217 
0.012459 
0.404911 
0.335491 
0.594801 
0.825637 
0.484621 
0.026967 
0.229114 
0.711021 
0.123082 
0.637756 
0.757502 
0.339037 
0.188181 
0.763497 
0.096129 
0.644239 
0.728518 
0.202969 
0.295347 
0.898143 
0.085479 
0.640140 
0.829593 
0.966544 
0.711354 
0.732663 
0.873558 
0.894607 
0.655693 
0.236665 
0.636135 
0.512979 
0.645513 
0.144587 
0.074906 
0.943396 
0.660488 
0.821166 
0.338649 
0.670358 
0.698918 
0.716989 
0.438423 
0.574899 
0.335717 
0.397830 
0.325341 
0.000809 
0.592322 
0.148953 
0.453637 
0.278216 
0.975300 
0.863508 
0.984497 
0.435186 
0.164094 
0.931939 
0.097047 
0.073527 
0.769415 
0.559805 
0.639277 
0.335572 
0.954406 
0.701731 
0.996798 
0.186535 
0.086364 
0.519829 
0.760855 
0.695235 
0.808421 
0.123612 
0.552585 
0.295069 
0.227021 
0.545852 
0.137220 
0.250255 
0.037498 
0.234750 
0.435743 
0.540484 
0.910562 
0.808908 
0.322728 
0.090964 
0.831944 
0.488778 
0.888481 
0.692715 
0.460406 
0.044237 
0.490507 
0.950239 
0.671418 
0.526182 
0.541560 
0.999164 
0.943301 
0.056387 
0.704570 
0.716206 
0.280668 
0.193171 
0.623200 
0.126839 
0.783665 
0.065080 
0.807185 
0.356036 
0.901773 
0.104017 
0.214607 
0.903457 
0.396890 
0.526390 
0.035564 
0.729302 
0.383342 
0.821283 
0.310041 
0.855351 
0.879131 
0.557370 
0.710622 
0.423303 
0.451140 
0.310226 
0.976303 
0.729060 
0.314123 
0.458330 
0.145635 
0.681709 
0.480013 
0.574908 
0.474001 
0.539008 
0.115779 
0.889990 
0.056639 
0.938816 
0.684961 
0.138898 
0.463495 
0.952287 
0.082704 
0.003064 
0.490795 
0.786560 
0.710677 
0.346243 
0.307882 
0.579057 
0.210411 
0.371066 
0.514089 
0.288786 
0.625101 
0.068960 
0.009152 
0.824400 
0.688510 
0.789379 
0.101057 
0.460226 
0.011339 
0.572232 
0.508966 
0.196345 
0.968038 
0.820797 
0.128354 
0.251626 
0.075308 
0.709457 
0.840631 
0.489915 
0.009349 
0.135212 
0.513642 
0.775644 
0.242315 
0.582970 
0.972809 
0.997363 
0.686737 
0.992795 
0.907887 
0.855143 
0.394479 
0.014888 
0.218941 
0.745315 
0.502518 
0.827310 
0.596157 
0.608198 
0.985906 
0.119876 
0.763143 
0.139127 
0.314483 
0.515556 
0.948306 
0.176427 
0.208265 
0.311070 
0.155219 
0.766772 
0.142263 
0.022583 
0.558146 
0.755192 
0.505539 
0.599487 
0.583009 
0.638191 
0.077036 
0.740020 
0.509711 
0.712877 
0.327247 
0.033661 
0.735386 
0.640773 
0.465942 
0.082142 
0.568430 
0.607953 
0.859891 
0.187194 
0.170913 
0.541478 
0.623523 
0.546279 
0.308905 
0.770882 
0.218886 
0.824487 
0.160979 
0.571916 
0.197585 
0.813346 
0.904920 
0.991466 
0.577150 
0.161906 
0.152425 
0.811625 
0.976217 
0.286699 
0.557457 
0.175476 
0.219572 
0.343690 
0.396768 
0.487362 
0.101006 
0.607895 
0.888521 
0.374619 
0.216349 
0.180354 
0.217851 
0.426868 
0.366364 
0.476548 
0.345476 
0.415708 
0.800631 
0.208897 
0.933652 
0.895848 
0.514087 
0.251971 
0.871345 
0.701524 
0.518932 
0.687315 
0.704498 
0.491505 
0.721429 
0.049933 
0.215956 
0.578460 
0.174352 
0.335357 
0.340830 
0.337265 
0.418645 
0.164923 
0.863041 
0.122236 
0.414746 
0.635892 
0.430510 
0.589084 
0.740370 
0.406591 
0.569345 
0.980124 
0.938010 
0.136389 
0.286181 
0.843609 
0.528308 
0.276261 
0.121407 
0.485703 
0.205142 
0.813491 
0.347593 
0.987448 
0.043050 
0.537280 
0.069360 
0.725351 
0.977295 
0.395752 
0.400090 
0.305842 
0.285973 
0.348743 
0.329013 
0.719635 
0.904996 
0.275836 
0.980487 
0.040121 
0.308275 
0.177422 
0.930367 
0.684577 
0.688413 
0.150045 
0.801339 
0.102623 
0.778756 
0.548382 
0.660920 
0.089899 
0.927849 
0.357741 
0.550292 
0.755969 
0.563766 
0.215164 
0.262644 
0.255454 
0.417753 
0.171775 
0.028463 
0.383190 
0.266717 
0.718302 
0.500160 
0.182821 
0.667242 
0.337409 
0.825347 
0.613231 
0.566879 
0.541604 
0.733457 
0.213198 
0.214532 
0.635898 
0.536722 
0.688407 
0.060198 
0.747531 
0.753524 
0.475241 
0.380497 
0.009461 
0.017705 
0.560899 
0.035002 
0.275846 
0.152119 
0.663815 
0.732991 
0.374815 
0.515884 
0.459533 
0.376846 
0.653286 
0.771519 
0.917831 
0.979315 
0.349422 
0.730961 
0.256283 
0.341506 
0.682981 
0.856285 
0.577192 
0.868987 
0.065433 
0.730064 
0.181036 
0.675531 
0.644105 
0.468372 
0.931282 
0.056772 
0.161145 
0.366055 
0.292557 
0.003055 
0.340419 
0.419498 
0.510016 
0.842608 
0.718183 
0.497251 
0.295155 
0.664397 
0.512947 
0.099483 
0.016184 
0.002787 
0.840992 
0.555868 
0.476654 
0.129865 
0.636791 
0.547276 
0.063025 
0.265481 
0.933453 
0.545450 
0.370823 
0.413987 
0.877720 
0.842093 
0.061897 
0.310515 
0.828989 
0.813834 
0.104912 
0.262078 
0.741821 
0.792477 
0.164984 
0.890549 
0.455365 
0.326286 
0.894412 
0.375576 
0.302739 
0.133944 
0.197539 
0.035874 
0.941046 
0.158760 
0.273045 
0.064541 
0.746855 
0.399450 
0.555244 
0.981744 
0.165174 
0.079098 
0.397171 
0.246207 
0.003309 
0.608537 
0.683800 
0.628081 
0.150703 
0.863873 
0.108474 
0.123652 
0.216605 
0.487166 
0.804978 
0.257645 
0.240711 
0.623460 
0.490916 
0.832788 
0.660000 
0.624547 
0.760824 
0.171580 
0.746554 
0.327110 
0.730908 
0.371981 
0.886823 
0.837626 
0.977879 
0.207037 
0.670524 
0.494247 
0.805705 
0.480141 
0.725218 
0.744369 
0.612492 
0.156825 
0.754003 
0.531001 
0.541210 
0.123650 
0.184995 
0.206040 
0.915081 
0.769762 
0.393839 
0.247306 
0.477712 
0.898196 
0.981817 
0.399940 
0.795933 
0.248853 
0.477521 
0.690355 
0.799364 
0.912900 
0.114461 
0.744652 
0.362065 
0.231240 
0.444673 
0.619262 
0.929044 
0.447139 
0.057148 
0.479036 
0.166298 
0.978136 
0.532601 
0.422190 
0.755376 
0.605768 
0.137353 
0.496869 
0.880349 
0.031723 
0.166663 
0.105354 
0.677711 
0.295305 
0.191758 
0.879334 
0.970574 
0.444636 
0.993997 
0.112074 
0.626738 
0.580808 
0.638905 
0.078984 
0.489657 
0.672641 
0.073735 
0.270534 
0.857793 
0.924556 
0.013438 
0.845295 
0.874776 
0.358817 
0.638761 
0.654219 
0.452135 
0.031718 
0.089863 
0.325039 
0.922685 
0.561560 
0.146857 
0.232839 
0.321756 
0.745169 
0.058367 
0.970686 
0.320851 
0.547949 
0.375964 
0.822864 
0.870633 
0.724644 
0.084829 
0.728232 
0.400012 
0.001679 
0.223570 
0.544669 
0.246980 
0.985494 
0.203064 
0.902124 
0.000662 
0.124941 
0.888174 
0.541735 
0.944375 
0.112197 
0.695631 
0.463566 
0.150222 
0.782708 
0.976100 
0.314587 
0.270987 
0.479573 
0.183379 
0.056905 
0.404120 
0.043835 
0.733055 
0.461663 
0.168523 
0.370627 
0.120666 
0.039545 
0.633724 
0.003684 
0.922547 
0.241300 
0.533420 
0.189784 
0.693095 
0.840595 
0.885274 
0.794451 
0.334836 
0.580400 
0.777183 
0.112457 
0.057055 
0.921378 
0.594938 
0.117676 
0.772795 
0.357230 
0.965399 
0.456936 
0.729349 
0.171105 
0.757349 
0.763746 
0.284379 
0.565413 
0.894269 
0.986467 
0.551379 
0.030869 
0.823667 
0.377913 
0.583991 
0.131036 
0.314115 
0.326510 
0.654669 
0.021267 
0.435841 
0.176328 
0.544426 
0.166538 
0.997352 
0.500626 
0.024193 
0.613325 
0.155006 
0.189574 
0.165437 
0.497968 
0.342347 
0.833988 
0.830244 
0.916754 
0.886870 
0.629975 
0.995088 
0.445461 
0.868530 
0.382130 
0.452688 
0.324131 
0.668019 
0.391792 
0.855970 
0.290652 
0.986928 
0.293607 
0.656252 
0.633044 
0.562268 
0.040833 
0.287151 
0.153660 
0.568807 
0.944846 
0.033884 
0.482496 
0.302980 
0.182102 
0.592305 
0.866358 
0.887183 
0.881242 
0.036336 
0.704100 
0.806197 
0.748183 
0.716898 
0.897317 
0.205961 
0.580513 
0.683052 
0.063087 
0.309510 
0.942854 
0.539825 
0.839771 
0.030690 
0.814217 
0.546852 
0.936263 
0.771757 
0.926614 
0.607469 
0.729530 
0.208284 
0.626794 
0.521131 
0.641075 
0.547235 
0.385708 
0.590681 
0.582054 
0.587083 
0.095795 
0.029125 
0.495499 
0.852901 
0.713047 
0.183222 
0.408697 
0.962746 
0.870964 
0.287916 
0.011540 
0.948645 
0.883838 
0.666420 
0.514702 
0.598525 
0.405724 
0.004730 
0.497136 
0.368381 
0.376334 
0.038676 
0.023505 
0.050005 
0.440705 
0.926926 
0.851222 
0.494501 
0.085813 
0.260334 
0.430636 
0.704466 
0.957590 
0.213521 
0.654852 
0.103957 
0.197524 
0.778661 
0.951639 
0.189846 
0.736459 
0.669284 
0.653197 
0.278138 
0.666324 
0.905366 
0.483149 
0.283321 
0.778103 
0.570107 
0.790896 
0.591901 
0.086946 
0.303573 
0.149813 
0.908511 
0.338338 
0.447101 
0.431414 
0.769799 
0.009578 
0.982789 
0.726435 
0.197325 
0.444220 
0.013925 
0.031114 
0.930453 
0.122250 
0.653943 
0.825311 
0.995973 
0.313066 
0.705448 
0.456202 
0.393950 
0.122465 
0.274062 
0.155367 
0.260175 
0.766188 
0.322181 
0.903675 
0.069359 
0.712712 
0.543767 
0.093156 
0.680127 
0.886754 
0.666887 
0.371688 
0.962495 
0.655940 
0.375970 
0.919981 
0.123046 
0.031087 
0.474316 
0.836881 
0.464555 
0.778322 
0.255842 
0.933769 
0.851125 
0.862774 
0.640825 
0.351104 
0.005981 
0.530371 
0.937873 
0.834442 
0.471168 
0.917007 
0.140956 
0.047023 
0.312810 
0.393869 
0.762563 
0.399532 
0.930188 
0.671902 
0.663783 
0.192924 
0.478206 
0.215020 
0.848530 
0.240861 
0.155674 
0.410732 
0.179178 
0.451534 
0.931444 
0.786601 
0.410112 
0.746832 
0.999922 
0.682697 
0.085651 
0.534589 
0.844395 
0.749668 
0.665594 
0.638377 
0.206316 
0.546155 
0.230527 
0.464325 
0.913919 
0.236804 
0.960644 
0.551436 
0.982259 
0.820270 
0.272090 
0.011328 
0.381950 
0.430723 
0.164146 
0.807381 
0.650953 
0.573657 
0.455872 
0.837447 
0.975942 
0.652252 
0.403905 
0.439095 
0.874752 
0.961918 
0.962911 
0.641514 
0.927995 
0.806807 
0.012647 
0.551416 
0.656298 
0.402931 
0.066026 
0.691983 
0.159279 
0.999572 
0.802926 
0.770788 
0.634947 
0.549234 
0.977846 
0.664967 
0.100241 
0.758421 
0.780267 
0.955743 
0.174055 
0.340161 
0.084472 
0.729164 
0.054644 
0.410110 
0.724448 
0.801848 
0.651475 
0.346274 
0.820290 
0.621122 
0.202065 
0.112504 
0.850657 
0.984633 
0.730214 
0.699703 
0.903435 
0.037683 
0.336528 
0.018092 
0.064197 
0.965446 
0.251508 
0.103290 
0.001441 
0.211992 
0.957525 
0.115771 
0.770074 
0.634649 
0.554070 
0.247640 
0.079287 
0.570842 
0.134677 
0.517512 
0.823533 
0.126243 
0.767729 
0.213024 
0.295210 
0.594005 
0.439885 
0.144048 
0.020204 
0.562480 
0.594185 
0.468338 
0.348859 
0.277654 
0.524278 
0.540538 
0.820283 
0.498327 
0.374169 
0.664999 
0.630087 
0.866678 
0.260580 
0.569674 
0.516028 
0.877075 
0.004990 
0.870496 
0.421320 
0.119166 
0.815094 
0.290237 
0.005407 
0.878156 
0.172983 
0.324211 
0.015367 
0.279710 
0.090213 
0.204113 
0.530684 
0.212330 
0.622157 
0.588376 
0.835015 
0.096334 
0.087302 
0.279194 
0.407967 
0.706534 
0.721665 
0.019279 
0.025196 
0.463349 
0.513660 
0.091759 
0.185116 
0.237539 
0.310287 
0.998850 
0.667232 
0.171889 
0.932666 
0.316272 
0.575239 
0.047300 
0.965625 
0.266609 
0.904635 
0.196211 
0.716666 
0.002970 
0.923345 
0.661426 
0.587958 
0.815122 
0.751108 
0.871138 
0.208764 
0.703302 
0.388521 
0.864973 
0.596025 
0.396795 
0.931564 
0.791248 
0.499167 
0.494059 
0.644712 
0.682888 
0.291637 
0.542587 
0.252974 
0.731059 
0.903960 
0.860505 
0.515857 
0.009908 
0.530917 
0.127526 
0.321440 
0.440041 
0.774061 
0.636220 
0.952977 
0.677767 
0.234634 
0.488629 
0.385709 
0.618058 
0.701237 
0.694500 
0.453957 
0.648921 
0.414733 
0.414969 
0.381827 
0.362049 
0.964447 
0.453013 
0.789433 
0.004697 
0.944782 
0.957445 
0.775114 
0.346965 
0.442957 
0.786471 
0.219871 
0.370669 
0.828084 
0.608678 
0.043192 
0.930459 
0.220369 
0.743193 
0.849235 
0.092677 
0.615922 
0.796766 
0.254556 
0.320906 
0.461505 
0.518898 
0.120913 
0.183232 
0.578732 
0.752731 
0.152194 
0.920683 
0.912540 
0.055928 
0.975170 
0.681258 
0.908415 
0.736382 
0.371860 
0.844830 
0.050246 
0.482054 
0.883817 
0.305076 
0.415024 
0.300799 
0.529133 
0.141379 
0.151503 
0.318450 
0.192356 
0.923618 
0.252499 
0.759088 
0.986807 
0.256896 
0.656879 
0.170811 
0.827887 
0.293271 
0.005379 
0.403870 
0.851484 
0.886081 
0.358723 
0.052356 
0.944562 
0.253326 
0.649977 
0.170839 
0.297970 
0.978978 
0.683451 
0.765394 
0.982832 
0.450648 
0.046551 
0.382710 
0.203882 
0.647428 
0.318760 
0.395811 
0.400519 
0.518225 
0.803099 
0.677807 
0.899437 
0.834505 
0.524198 
0.194864 
0.081452 
0.963623 
0.611836 
0.133431 
0.568630 
0.968322 
0.582297 
0.666358 
0.484807 
0.146370 
0.034560 
0.857920 
0.058063 
0.872174 
0.634152 
0.193989 
0.371572 
0.007750 
0.251822 
0.368277 
0.628431 
0.046761 
0.908873 
0.422792 
0.869737 
0.677048 
0.141860 
0.242960 
0.423016 
0.622419 
0.994160 
0.849010 
0.312016 
0.051217 
0.800590 
0.511278 
0.049831 
0.504243 
0.817277 
0.978729 
0.506354 
0.285569 
0.554664 
0.243588 
0.983832 
0.266824 
0.504272 
0.291876 
0.561740 
0.168697 
0.288219 
0.092708 
0.147606 
0.816404 
0.302119 
0.717618 
0.003779 
0.511221 
0.096915 
0.857772 
0.580063 
0.114617 
0.365828 
0.471919 
0.543328 
0.712256 
0.891347 
0.863893 
0.441823 
0.712662 
0.714094 
0.772235 
0.959921 
0.386268 
0.012049 
0.508345 
0.762730 
0.207304 
0.163987 
0.126082 
0.067811 
0.701484 
0.837975 
0.847444 
0.996624 
0.260826 
0.709636 
0.849048 
0.957989 
0.917175 
0.952673 
0.575867 
0.592072 
0.957564 
0.785810 
0.114730 
0.273099 
0.967814 
0.049136 
0.832106 
0.201570 
0.779682 
0.120705 
0.686434 
0.889603 
0.561590 
0.649201 
0.117309 
0.604966 
0.662537 
0.256267 
0.085020 
0.926588 
0.158666 
0.695069 
0.021083 
0.334979 
0.983901 
0.426535 
0.773719 
0.888519 
0.338289 
0.617937 
0.660449 
0.163939 
0.321352 
0.957821 
0.095440 
0.055460 
0.121792 
0.956208 
0.992253 
0.802853 
0.554711 
0.030349 
0.083061 
0.003048 
0.226083 
0.783951 
0.871864 
0.422831 
0.521611 
0.722498 
0.020356 
0.129748 
0.671754 
0.170967 
0.434334 
0.849007 
0.268251 
0.491905 
0.455628 
0.739740 
0.815439 
0.084473 
0.743783 
0.767233 
0.880852 
0.482895 
0.011047 
0.667235 
0.225617 
0.939582 
0.546808 
0.208395 
0.494385 
0.120440 
0.227900 
0.310916 
0.566037 
0.383396 
0.744732 
0.716739 
0.238527 
0.925497 
0.829246 
0.142935 
0.311659 
0.056813 
0.851744 
0.260481 
0.906187 
0.290696 
0.721448 
0.378100 
0.726951 
0.865225 
0.833034 
0.798389 
0.518472 
0.965068 
0.895088 
0.742516 
0.470860 
0.747847 
0.062643 
0.843819 
0.073677 
0.288903 
0.599177 
0.371414 
0.361991 
0.981775 
0.699872 
0.740784 
0.352783 
0.223220 
0.660969 
0.900147 
0.771980 
0.665537 
0.681150 
0.082523 
0.970408 
0.650192 
0.769052 
0.453758 
0.303884 
0.374854 
0.166631 
0.563542 
0.448176 
0.494455 
0.301775 
0.936255 
0.645064 
0.592900 
0.868513 
0.101194 
0.772245 
0.115485 
0.962883 
0.179038 
0.097018 
0.577108 
0.459051 
0.269823 
0.920060 
0.442470 
0.592176 
0.708769 
0.286672 
0.094809 
0.450667 
0.366556 
0.699791 
0.394296 
0.934022 
0.105563 
0.199022 
0.960787 
0.938768 
0.874540 
0.400936 
0.532381 
0.731126 
0.035270 
0.779319 
0.020786 
0.345128 
0.567852 
0.896868 
0.667758 
0.013729 
0.748821 
0.429021 
0.561780 
0.833766 
0.106380 
0.921778 
0.318517 
0.310705 
0.015855 
0.475015 
0.569689 
0.761197 
0.429827 
0.097313 
0.544528 
0.887799 
0.234636 
0.534742 
0.406357 
0.644616 
0.067815 
0.759062 
0.561482 
0.835800 
0.285645 
0.829392 
0.592370 
0.956290 
0.365711 
0.500832 
0.488308 
0.000651 
0.938322 
0.369616 
0.132828 
0.431979 
0.277421 
0.613833 
0.684692 
0.621048 
0.959911 
0.223996 
0.707550 
0.787595 
0.110895 
0.811404 
0.264217 
0.703010 
0.486772 
0.169805 
0.915471 
0.315370 
0.417566 
0.025340 
0.891496 
0.375507 
0.154180 
0.305845 
0.338480 
0.835764 
0.685119 
0.803370 
0.240392 
0.273017 
0.602817 
0.543506 
0.707862 
0.032061 
0.845805 
0.449017 
0.634920 
0.094334 
0.475448 
0.861220 
0.519974 
0.195514 
0.996521 
0.534470 
0.841252 
0.915868 
0.994589 
0.054412 
0.497434 
0.380333 
0.255096 
0.397772 
0.357438 
0.459473 
0.370915 
0.969838 
0.063852 
0.157724 
0.873523 
0.306244 
0.039394 
0.095359 
0.695167 
0.670373 
0.950763 
0.471474 
0.062086 
0.477495 
0.252650 
0.285487 
0.174046 
0.188533 
0.671365 
0.631652 
0.166989 
0.577653 
0.609172 
0.359453 
0.326451 
0.657707 
0.080124 
0.651873 
0.029273 
0.989888 
0.050587 
0.218916 
0.318668 
0.851536 
0.758776 
0.742865 
0.335018 
0.644822 
0.529668 
0.131967 
0.974860 
0.465954 
0.283304 
0.484199 
0.931549 
0.544232 
0.903497 
0.078880 
0.729249 
0.483340 
0.501798 
0.720410 
0.924780 
0.777898 
0.126779 
0.767936 
0.696322 
0.081654 
0.365965 
0.771400 
0.923938 
0.623181 
0.803907 
0.271451 
0.278276 
0.985441 
0.314286 
0.207827 
0.949063 
0.898660 
0.775159 
0.098617 
0.463669 
0.877220 
0.437191 
0.868917 
0.887298 
0.820663 
0.889465 
0.236572 
0.060788 
0.666217 
0.117025 
0.835483 
0.955989 
0.305658 
0.190824 
0.178902 
0.803007 
0.141412 
0.716246 
0.953705 
0.916800 
0.658488 
0.203584 
0.635014 
0.679268 
0.456001 
0.006228 
0.675490 
0.954296 
0.859263 
0.633789 
0.092794 
0.589607 
0.522332 
0.827128 
0.545775 
0.834505 
0.522343 
0.020408 
0.002991 
0.263542 
0.346001 
0.240103 
0.419056 
0.077384 
0.589049 
0.144142 
0.594814 
0.044689 
0.095773 
0.664330 
0.387656 
0.333229 
0.571748 
0.369519 
0.502063 
0.166140 
0.307646 
0.603144 
0.040967 
0.533312 
0.367320 
0.540672 
