0.000001 
0.011591 
0.807464 
0.051482 
0.260845 
0.028279 
0.278555 
0.673077 
0.398646 
0.037977 
0.280179 
0.966577 
0.255647 
0.659678 
0.201296 
0.176682 
0.485986 
0.972238 
0.401014 
0.838579 
0.993354 
0.296728 
0.110387 
0.274408 
0.976449 
0.173165 
0.381520 
0.200003 
0.453983 
0.095047 
0.463270 
0.185150 
0.815297 
0.692884 
0.294945 
0.137271 
0.114889 
0.937719 
0.243930 
0.726368 
0.066571 
0.864590 
0.156974 
0.260054 
0.719992 
0.899009 
0.647793 
0.451018 
0.251257 
0.883461 
0.325292 
0.178766 
0.520744 
0.143936 
0.137030 
0.071434 
0.597164 
0.532244 
0.428960 
0.537199 
0.695769 
0.791230 
0.198407 
0.628398 
0.487786 
0.216968 
0.579470 
0.160015 
0.375417 
0.638854 
0.222380 
0.547207 
0.914521 
0.358146 
0.363632 
0.555890 
0.844267 
0.591312 
0.174380 
0.802622 
0.672934 
0.997422 
0.666121 
0.500066 
0.602301 
0.874002 
0.353802 
0.348506 
0.335170 
0.197119 
0.975448 
0.361615 
0.662632 
0.853582 
0.158353 
0.439216 
0.898691 
0.291621 
0.277257 
0.858880 
0.199426 
0.747188 
0.985623 
0.361522 
0.103330 
0.659286 
0.620775 
0.362882 
0.952610 
0.520215 
0.249056 
0.889286 
0.221416 
0.338679 
0.182210 
0.401800 
0.060666 
0.615701 
0.084993 
0.485462 
0.162775 
0.756689 
0.665047 
0.442409 
0.568323 
0.803787 
0.242817 
0.025900 
0.307902 
0.906841 
0.276054 
0.633171 
0.698914 
0.646223 
0.073743 
0.391576 
0.221224 
0.116469 
0.496378 
0.623389 
0.297552 
0.950851 
0.960472 
0.652431 
0.412464 
0.274849 
0.383473 
0.035082 
0.614946 
0.399208 
0.490048 
0.229213 
0.381903 
0.651624 
0.840412 
0.808767 
0.947621 
0.660707 
0.506791 
0.639992 
0.351107 
0.053644 
0.595500 
0.574285 
0.013746 
0.023644 
0.378452 
0.642669 
0.333149 
0.227921 
0.673606 
0.290215 
0.645238 
0.509146 
0.216056 
0.245140 
0.067102 
0.777955 
0.096974 
0.849843 
0.310088 
0.645258 
0.856551 
0.046933 
0.809787 
0.087808 
0.782857 
0.476296 
0.113312 
0.436005 
0.933417 
0.939509 
0.320651 
0.183127 
0.808556 
0.404271 
0.584814 
0.975194 
0.086015 
0.648205 
0.376830 
0.380732 
0.968047 
0.962485 
0.488471 
0.730379 
0.477297 
0.927523 
0.877741 
0.185647 
0.176184 
0.117344 
0.193830 
0.697254 
0.756315 
0.379596 
0.866298 
0.866804 
0.379037 
0.481244 
0.275850 
0.212085 
0.506347 
0.180969 
0.552126 
0.578457 
0.124819 
0.832696 
0.114746 
0.540580 
0.534799 
0.372233 
0.117665 
0.587443 
0.147793 
0.964553 
0.245862 
0.202866 
0.560695 
0.599703 
0.210657 
0.507600 
0.233558 
0.414568 
0.648527 
0.799087 
0.259576 
0.691765 
0.488234 
0.753128 
0.814891 
0.881258 
0.301799 
0.334336 
0.183120 
0.702008 
0.648823 
0.773958 
0.912298 
0.992845 
0.737842 
0.911425 
0.316477 
0.026778 
0.053400 
0.491188 
0.395890 
0.715075 
0.262810 
0.051041 
0.847215 
0.148469 
0.314237 
0.373160 
0.707033 
0.102258 
0.655890 
0.538282 
0.904365 
0.662990 
0.872866 
0.265827 
0.759332 
0.091103 
0.172217 
0.444340 
0.014345 
0.089763 
0.650806 
0.095970 
0.959826 
0.793336 
0.599877 
0.134698 
0.866779 
0.960405 
0.524957 
0.947166 
0.016528 
0.786818 
0.054093 
0.135604 
0.104752 
0.560071 
0.109692 
0.588621 
0.958838 
0.198436 
0.110041 
0.454806 
0.924101 
0.367239 
0.188573 
0.342703 
0.811581 
0.235921 
0.127319 
0.850030 
0.459497 
0.766585 
0.994255 
0.446521 
0.673794 
0.453978 
0.006868 
0.427011 
0.779985 
0.204260 
0.004420 
0.281792 
0.085580 
0.346124 
0.305114 
0.059071 
0.808461 
0.802307 
0.378035 
0.633005 
0.907812 
0.587913 
0.058899 
0.912329 
0.506880 
0.139767 
0.068987 
0.457142 
0.178931 
0.292758 
0.381581 
0.230493 
0.903010 
0.892216 
0.467491 
0.114533 
0.952401 
0.010456 
0.733350 
0.415731 
0.193805 
0.272760 
0.278224 
0.102525 
0.141792 
0.104614 
0.251730 
0.828306 
0.332472 
0.854328 
0.698364 
0.411788 
0.927521 
0.849049 
0.968116 
0.127072 
0.705960 
0.069137 
0.992877 
0.290752 
0.661544 
0.565674 
0.282648 
0.460421 
0.300824 
0.956891 
0.470727 
0.515993 
0.300061 
0.118484 
0.356906 
0.523043 
0.789053 
0.611164 
0.831817 
0.346427 
0.392043 
0.069844 
0.866544 
0.004504 
0.697637 
0.192220 
0.638146 
0.324530 
0.381690 
0.057982 
0.502693 
0.757369 
0.107895 
0.395537 
0.798246 
0.116521 
0.360198 
0.843680 
0.723778 
0.541862 
0.078767 
0.834704 
0.867889 
0.610244 
0.365675 
0.894085 
0.889745 
0.942442 
0.628194 
0.056768 
0.102948 
0.251063 
0.611381 
0.480674 
0.683241 
0.238989 
0.686250 
0.804574 
0.470109 
0.120877 
0.573706 
0.284254 
0.454633 
0.021269 
0.475466 
0.152149 
0.174172 
0.312156 
0.397875 
0.090987 
0.211085 
0.705387 
0.432709 
0.539706 
0.836455 
0.303059 
0.519895 
0.872583 
0.506503 
0.788833 
0.916202 
0.605892 
0.228528 
0.867710 
0.600019 
0.512372 
0.441431 
0.124104 
0.810985 
0.232193 
0.474212 
0.082358 
0.191671 
0.421587 
0.610617 
0.641718 
0.361775 
0.353666 
0.069733 
0.003547 
0.617877 
0.651137 
0.656167 
0.192185 
0.060858 
0.834201 
0.421914 
0.106951 
0.525727 
0.889867 
0.002914 
0.976292 
0.536758 
0.299130 
0.479958 
0.653243 
0.057918 
0.433846 
0.641643 
0.089043 
0.547021 
0.776632 
0.860444 
0.476961 
0.289297 
0.213633 
0.533064 
0.200044 
0.140771 
0.930570 
0.097109 
0.110177 
0.738681 
0.018361 
0.601151 
0.552770 
0.412390 
0.043417 
0.701736 
0.071266 
0.768589 
0.671005 
0.575834 
0.041119 
0.091893 
0.437944 
0.521393 
0.057886 
0.897974 
0.249289 
0.792632 
0.772488 
0.203887 
0.724956 
0.332089 
0.422133 
0.788726 
0.110479 
0.812798 
0.701775 
0.733322 
0.944701 
0.592025 
0.166444 
0.420034 
0.506342 
0.083163 
0.724387 
0.778745 
0.374120 
0.840530 
0.781795 
0.624012 
0.762433 
0.205049 
0.260544 
0.961980 
0.001392 
0.390623 
0.198197 
0.092812 
0.897379 
0.245850 
0.006424 
0.962213 
0.906116 
0.092345 
0.049941 
0.357981 
0.594701 
0.144134 
0.459301 
0.467888 
0.789620 
0.137295 
0.522940 
0.054917 
0.994218 
0.826946 
0.484796 
0.958646 
0.969174 
0.908662 
0.875999 
0.917218 
0.679109 
0.781824 
0.122473 
0.404159 
0.708020 
0.687446 
0.907331 
0.511969 
0.662230 
0.092014 
0.480900 
0.487921 
0.493166 
0.635161 
0.145106 
0.803836 
0.063881 
0.655254 
0.862253 
0.892181 
0.886931 
0.641408 
0.149601 
0.343670 
0.059679 
0.023289 
0.424174 
0.088063 
0.070839 
0.583504 
0.957684 
0.798134 
0.242356 
0.269147 
0.548384 
0.693987 
0.837054 
0.360335 
0.154548 
0.491870 
0.858531 
0.327270 
0.418593 
0.289959 
0.332939 
0.714030 
0.705947 
0.857051 
0.450357 
0.142125 
0.701619 
0.106307 
0.707657 
0.598367 
0.745862 
0.703589 
0.227940 
0.993195 
0.635794 
0.788569 
0.487283 
0.766195 
0.443514 
0.134005 
0.218669 
0.165707 
0.034249 
0.617422 
0.012812 
0.326459 
0.799067 
0.915654 
0.395202 
0.167956 
0.831730 
0.891411 
0.938774 
0.973184 
0.303218 
0.181862 
0.557389 
0.033530 
0.540904 
0.971128 
0.756020 
0.419752 
0.766129 
0.327943 
0.737683 
0.236043 
0.175902 
0.392228 
0.175003 
0.273217 
0.949717 
0.889379 
0.790267 
0.009077 
0.558281 
0.031295 
0.982776 
0.517315 
0.507626 
0.670011 
0.882400 
0.490530 
0.340994 
0.090105 
0.388709 
0.025347 
0.001793 
0.137556 
0.899986 
0.062154 
0.627157 
0.627577 
0.684896 
0.043825 
0.564640 
0.900000 
0.297595 
0.678438 
0.502484 
0.256814 
0.280628 
0.513842 
0.143189 
0.584873 
0.952214 
0.868873 
0.149812 
0.883349 
0.444349 
0.175990 
0.871240 
0.923131 
0.055794 
0.734347 
0.176371 
0.259380 
0.406560 
0.054745 
0.107478 
0.376865 
0.972915 
0.774787 
0.839189 
0.250703 
0.563398 
0.024130 
0.558409 
0.176542 
0.148195 
0.714155 
0.802037 
0.833622 
0.690168 
0.655058 
0.554211 
0.631426 
0.384950 
0.862297 
0.626459 
0.893752 
0.288342 
0.163628 
0.098651 
0.029499 
0.796227 
0.190775 
0.356155 
0.893029 
0.131917 
0.121128 
0.797872 
0.832337 
0.093208 
0.550223 
0.600350 
0.088582 
0.800105 
0.360114 
0.443480 
0.561177 
0.704879 
0.900965 
0.513793 
0.317781 
0.952046 
0.036909 
0.332710 
0.853118 
0.352763 
0.883900 
0.708626 
0.875798 
0.536860 
0.009192 
0.486667 
0.416143 
0.111744 
0.075220 
0.223855 
0.337686 
0.487656 
0.041308 
0.258207 
0.680893 
0.766594 
0.141759 
0.539214 
0.567301 
0.633014 
0.070991 
0.150796 
0.429867 
0.767579 
0.703780 
0.438802 
0.949235 
0.786488 
0.508993 
0.639638 
0.399897 
0.061851 
0.530477 
0.720720 
0.142581 
0.363564 
0.417059 
0.517638 
0.949668 
0.076383 
0.776372 
0.483813 
0.441227 
0.703440 
0.721459 
0.569627 
0.719702 
0.038670 
0.919062 
0.678223 
0.887680 
0.240916 
0.072439 
0.484160 
0.275410 
0.810687 
0.220100 
0.227770 
0.122366 
0.602036 
0.422309 
0.739142 
0.752004 
0.929581 
0.463108 
0.457551 
0.054600 
0.659624 
0.302868 
0.296292 
0.773025 
0.230344 
0.385995 
0.418784 
0.506635 
0.021555 
0.279479 
0.203419 
0.855463 
0.770733 
0.714613 
0.494575 
0.325588 
0.161354 
0.869725 
0.471864 
0.615668 
0.538228 
0.992507 
0.063756 
0.541172 
0.480307 
0.515734 
0.937345 
0.956937 
0.237312 
0.510804 
0.085764 
0.440256 
0.375044 
0.356385 
0.762166 
0.731316 
0.235472 
0.580891 
0.037031 
0.384072 
0.091230 
0.308158 
0.211328 
0.796457 
0.049167 
0.354172 
0.561265 
0.188305 
0.836405 
0.457772 
0.781086 
0.719760 
0.999004 
0.263356 
0.229283 
0.552118 
0.444782 
0.459398 
0.093792 
0.370493 
0.876165 
0.711897 
0.850188 
0.108300 
0.204831 
0.593131 
0.749070 
0.614227 
0.314754 
0.069047 
0.474977 
0.931355 
0.276120 
0.748538 
0.675253 
0.983111 
0.138644 
0.181649 
0.970705 
0.632904 
0.222638 
0.871370 
0.120924 
0.365923 
0.065321 
0.847767 
0.422223 
0.306306 
0.076826 
0.218404 
0.714256 
0.497260 
0.444685 
0.825377 
0.108233 
0.068904 
0.067022 
0.437001 
0.675430 
0.945149 
0.113784 
0.372335 
0.827484 
0.516480 
0.486928 
0.800224 
0.371452 
0.997343 
0.350955 
0.495533 
0.417143 
0.929883 
0.548925 
0.789958 
0.816727 
0.733502 
0.969522 
0.763302 
0.823024 
0.568171 
0.248696 
0.838046 
0.045153 
0.882033 
0.321309 
0.232575 
0.883226 
0.377068 
0.390017 
0.014619 
0.701334 
0.319403 
0.197993 
0.670310 
0.896473 
0.016033 
0.469133 
0.718223 
0.178098 
0.293496 
0.793796 
0.322524 
0.652535 
0.151639 
0.602130 
0.998171 
0.267398 
0.150444 
0.509594 
0.744663 
0.546595 
0.629208 
0.106960 
0.672072 
0.514968 
0.066834 
0.275109 
0.751331 
0.616955 
0.167237 
0.744584 
0.221411 
0.256307 
0.746990 
0.655784 
0.768028 
0.240527 
0.539557 
0.340877 
0.111630 
0.162017 
0.022317 
0.083043 
0.711007 
0.893519 
0.371354 
0.342192 
0.213367 
0.059574 
0.252644 
0.183446 
0.184364 
0.606342 
0.790945 
0.412410 
0.377117 
0.209947 
0.570994 
0.692914 
0.800473 
0.557621 
0.929465 
0.525690 
0.278096 
0.957090 
0.819466 
0.773246 
0.949716 
0.878281 
0.269683 
0.560730 
0.192394 
0.567353 
0.498650 
0.808049 
0.877457 
0.427708 
0.487873 
0.684584 
0.808579 
0.781244 
0.365456 
0.216748 
0.886919 
0.447729 
0.983958 
0.378762 
0.844864 
0.632465 
0.841190 
0.874945 
0.205690 
0.035349 
0.112588 
0.272223 
0.245396 
0.369726 
0.992365 
0.678904 
0.346369 
0.426527 
0.647534 
0.104761 
0.713679 
0.801860 
0.854280 
0.884978 
0.821004 
0.621991 
0.799488 
0.001899 
0.917797 
0.406041 
0.337978 
0.396715 
0.592769 
0.674132 
0.141541 
0.885192 
0.415546 
0.086556 
0.745498 
0.586390 
0.451199 
0.294893 
0.271581 
0.457067 
0.921820 
0.035537 
0.276703 
0.553053 
0.165501 
0.572912 
0.926011 
0.469386 
0.967214 
0.964045 
0.712153 
0.160968 
0.385085 
0.127507 
0.003094 
0.008971 
0.771975 
0.583454 
0.112828 
0.293904 
0.647825 
0.987406 
0.325106 
0.049823 
0.370733 
0.914149 
0.107538 
0.393753 
0.809266 
0.329905 
0.709480 
0.230627 
0.149436 
0.578160 
0.129936 
0.837849 
0.730858 
0.522585 
0.090676 
0.992008 
0.679061 
0.978761 
0.030032 
0.742049 
0.617983 
0.441215 
0.505222 
0.263899 
0.353632 
0.487811 
0.642848 
0.339750 
0.179228 
0.280996 
0.700845 
0.105464 
0.527043 
0.016954 
0.951366 
0.612257 
0.204939 
0.405569 
0.401586 
0.450346 
0.970955 
0.838654 
0.262306 
0.570622 
0.446117 
0.889498 
0.790788 
0.777718 
0.101503 
0.967467 
0.214633 
0.331810 
0.723110 
0.316884 
0.874585 
0.145740 
0.457528 
0.667218 
0.933724 
0.106235 
0.490712 
0.393075 
0.407498 
0.818626 
0.651893 
0.372436 
0.527285 
0.077149 
0.651250 
0.563727 
0.554979 
0.524063 
0.924106 
0.444525 
0.124231 
0.945260 
0.981633 
0.312391 
0.349284 
0.415615 
0.248576 
0.818593 
0.086603 
0.529536 
0.910468 
0.236771 
0.406459 
0.360657 
0.569394 
0.804428 
0.024009 
0.511344 
0.152676 
0.020122 
0.185649 
0.203419 
0.868846 
0.700351 
0.799714 
0.786301 
0.357564 
0.581562 
0.316019 
0.330530 
0.212522 
0.863080 
0.781059 
0.265752 
0.491914 
0.598616 
0.935130 
0.724676 
0.622384 
0.401211 
0.151567 
0.385990 
0.341272 
0.756382 
0.506444 
0.808572 
0.676699 
0.283682 
0.840854 
0.238457 
0.742972 
0.127147 
0.956778 
0.569976 
0.591076 
0.213486 
0.054194 
0.841792 
0.000256 
0.298336 
0.131702 
0.510213 
0.156254 
0.159994 
0.012642 
0.467760 
0.648881 
0.737642 
0.554765 
0.942982 
0.704536 
0.139669 
0.417967 
0.771506 
0.702582 
0.295528 
0.936245 
0.476382 
0.558952 
0.307004 
0.814901 
0.039977 
0.888142 
0.010270 
0.607796 
0.221583 
0.141122 
0.838775 
0.288756 
0.123955 
0.309772 
0.333556 
0.080502 
0.003997 
0.175801 
0.693147 
0.715810 
0.624584 
0.382027 
0.720438 
0.407792 
0.764031 
0.064843 
0.819478 
0.959146 
0.366798 
0.771499 
0.586266 
0.380920 
0.129947 
0.018122 
0.572270 
0.135577 
0.637815 
0.752555 
0.184959 
0.604451 
0.999920 
0.655461 
0.334148 
0.028068 
0.741936 
0.719682 
0.687626 
0.923113 
0.757101 
0.594663 
0.499249 
0.877096 
0.344944 
0.477399 
0.649700 
0.504946 
0.625586 
0.220413 
0.482402 
0.724863 
0.770963 
0.579532 
0.195107 
0.168664 
0.731952 
0.912878 
0.743726 
0.799627 
0.337953 
0.974490 
0.260637 
0.522605 
0.425574 
0.625500 
0.786403 
0.076556 
0.672888 
0.224591 
0.704155 
0.741315 
0.277724 
0.707609 
0.791030 
0.833788 
0.480973 
0.714932 
0.856053 
0.681969 
0.854139 
0.518550 
0.266155 
0.263140 
0.593699 
0.303392 
0.104463 
0.713615 
0.728997 
0.259668 
0.240595 
0.684970 
0.290785 
0.217349 
0.984775 
0.105814 
0.416840 
0.831724 
0.781427 
0.438237 
0.451591 
0.892914 
0.203875 
0.523943 
0.915538 
0.455038 
0.818737 
0.516753 
0.065057 
0.407852 
0.771934 
0.895814 
0.939686 
0.299085 
0.729934 
0.992392 
0.133076 
0.615753 
0.958980 
0.573340 
0.120315 
0.134221 
0.847983 
0.052665 
0.134705 
0.984449 
0.631050 
0.050976 
0.751899 
0.171943 
0.838185 
0.369897 
0.866623 
0.326213 
0.667761 
0.063427 
0.013775 
0.522817 
0.990118 
0.905724 
0.497213 
0.655091 
0.109469 
0.842882 
0.315744 
0.713207 
0.863652 
0.391144 
0.962729 
0.578696 
0.140756 
0.686388 
0.118119 
0.224124 
0.854565 
0.680554 
0.074538 
0.760745 
0.833224 
0.995554 
0.283382 
0.806448 
0.977780 
0.552206 
0.925985 
0.038106 
0.445860 
0.577161 
0.337984 
0.489583 
0.420163 
0.686885 
0.484007 
0.701231 
0.585251 
0.317972 
0.154228 
0.117541 
0.517102 
0.930545 
0.666252 
0.691864 
0.154484 
0.411299 
0.699197 
0.411645 
0.512178 
0.183024 
0.076002 
0.357959 
0.212219 
0.760890 
0.271600 
0.777291 
0.921960 
0.382900 
0.405501 
0.257339 
0.099569 
0.450429 
0.354767 
0.561127 
0.861744 
0.335048 
0.152433 
0.939069 
0.937560 
0.563766 
0.216205 
0.757170 
0.750962 
0.418220 
0.029818 
0.150035 
0.640124 
0.555725 
0.064724 
0.814315 
0.188597 
0.749620 
0.855800 
0.423438 
0.723628 
0.017005 
0.804472 
0.757316 
0.207479 
0.104549 
0.161533 
0.877493 
0.022301 
0.808252 
0.287727 
0.835051 
0.706572 
0.351719 
0.337376 
0.276054 
0.633570 
0.407341 
0.182095 
0.464899 
0.562705 
0.388143 
0.515745 
0.118478 
0.267506 
0.966889 
0.509457 
0.450707 
0.031664 
0.175641 
0.001392 
0.398183 
0.263700 
0.007554 
0.953406 
0.899002 
0.520998 
0.407312 
0.689433 
0.292673 
0.963278 
0.820988 
0.350917 
0.856658 
0.855960 
0.111827 
0.480006 
0.467600 
0.959388 
0.434436 
0.563820 
0.118398 
0.907236 
0.910083 
0.770828 
0.305878 
0.889198 
0.755302 
0.364826 
0.637203 
0.472587 
0.774082 
0.991326 
0.217038 
0.758051 
0.567069 
0.736492 
0.220871 
0.173430 
0.830036 
0.410322 
0.274724 
0.288683 
0.893783 
0.805618 
0.022198 
0.076816 
0.051319 
0.514017 
0.079236 
0.723019 
0.777625 
0.548564 
0.713392 
0.984181 
0.138033 
0.916794 
0.559296 
0.093657 
0.093160 
0.747496 
0.164034 
0.917501 
0.432024 
0.022875 
0.456615 
0.336026 
0.587464 
0.506507 
0.867535 
0.660200 
0.973012 
0.414254 
0.375049 
0.453596 
0.593033 
0.105023 
0.128761 
0.082747 
0.729085 
0.725250 
0.269879 
0.848815 
0.031789 
0.275761 
0.719925 
0.774736 
0.981450 
0.235274 
0.242506 
0.804272 
0.400257 
0.125558 
0.246436 
0.856645 
0.633143 
0.230999 
0.396484 
0.698345 
0.076139 
0.666401 
0.203596 
0.839908 
0.338562 
0.203336 
0.466682 
0.521765 
0.305794 
0.487316 
0.312077 
0.072699 
0.849623 
0.606720 
0.147749 
0.218536 
0.932358 
0.147949 
0.571470 
0.693866 
0.802057 
0.167738 
0.169882 
0.201867 
0.786993 
0.997559 
0.971574 
0.244008 
0.040087 
0.736613 
0.262763 
0.250818 
0.502991 
0.771090 
0.714198 
0.521437 
0.787108 
0.931384 
0.775184 
0.518674 
0.359834 
0.726073 
0.107072 
0.552083 
0.864747 
0.799305 
0.916549 
0.433266 
0.897899 
0.989721 
0.232546 
0.407539 
0.510305 
0.698534 
0.259601 
0.108644 
0.980057 
0.826220 
0.272819 
0.260926 
0.381818 
0.212863 
0.591129 
0.104361 
0.000619 
0.395618 
0.144773 
0.192971 
0.255881 
0.598877 
0.326975 
0.469870 
0.104987 
0.509241 
0.814513 
0.522990 
0.898107 
0.480899 
0.477544 
0.074059 
0.702503 
0.975032 
0.354479 
0.724000 
0.274093 
0.687639 
0.145147 
0.484151 
0.117654 
0.403492 
0.483621 
0.217060 
0.133161 
0.041717 
0.143979 
0.863044 
0.174351 
0.324877 
0.211732 
0.581739 
0.286118 
0.789592 
0.676690 
0.129495 
0.414890 
0.058004 
0.876723 
0.079803 
0.241848 
0.743992 
0.277289 
0.394994 
0.669451 
0.467363 
0.978310 
0.450052 
0.026552 
0.262541 
0.532745 
0.845978 
0.350675 
0.796025 
0.789959 
0.846460 
0.445559 
0.514141 
0.175154 
0.805759 
0.394120 
0.971193 
0.845106 
0.692199 
0.780344 
0.245701 
0.495372 
0.720576 
0.716516 
0.490768 
0.345653 
0.397844 
0.564812 
0.794050 
0.603970 
0.925690 
0.065567 
0.991399 
0.446467 
0.766115 
0.095922 
0.168416 
0.560661 
0.034091 
0.974708 
0.910965 
0.588524 
0.326320 
0.468131 
0.884673 
0.706488 
0.940515 
0.232645 
0.057987 
0.593682 
0.015694 
0.775371 
0.661971 
0.750148 
0.736021 
0.300906 
0.324878 
0.223793 
0.281470 
0.673920 
0.569446 
0.671003 
0.545601 
0.910644 
0.188533 
0.672484 
0.441555 
0.218550 
0.164622 
0.794887 
0.670617 
0.053831 
0.735361 
0.219510 
0.312957 
0.870070 
0.266429 
0.878632 
0.162728 
0.963682 
0.598663 
0.733138 
0.843706 
0.163456 
0.203262 
0.230162 
0.340465 
0.198520 
0.518372 
0.285169 
0.835014 
0.082528 
0.054643 
0.391405 
0.349135 
0.905127 
0.477660 
0.032576 
0.507835 
0.184490 
0.715392 
0.594094 
0.934635 
0.414668 
0.325084 
0.692526 
0.276091 
0.264375 
0.353065 
0.971064 
0.665532 
0.602041 
0.498561 
0.311811 
0.614658 
0.557816 
0.214302 
0.776903 
0.410296 
0.838561 
0.687750 
0.009177 
0.233766 
0.904057 
0.481362 
0.254857 
0.383346 
0.890539 
0.287928 
0.206847 
0.474149 
0.014653 
0.280462 
0.721112 
0.725020 
0.404122 
0.073739 
0.338944 
0.629599 
0.670677 
0.074241 
0.763717 
0.797024 
0.575807 
0.595251 
0.384102 
0.602738 
0.223378 
0.308371 
0.793129 
0.117503 
0.869712 
0.256247 
0.749605 
0.611601 
0.181372 
0.326365 
0.215589 
0.401130 
0.792784 
0.321364 
0.167654 
0.755078 
0.589754 
0.990479 
0.978611 
0.506998 
0.116059 
0.596635 
0.646286 
0.134294 
0.077247 
0.298435 
0.795846 
0.784720 
0.782728 
0.313495 
0.908634 
0.416427 
0.886760 
0.778984 
0.387428 
0.497525 
0.901779 
0.201111 
0.072407 
0.943084 
0.410426 
0.036737 
0.443230 
0.364811 
0.379019 
0.172494 
0.110108 
0.582124 
0.758643 
0.513453 
0.612225 
0.668347 
0.911739 
0.589485 
0.480001 
0.383623 
0.558921 
0.789329 
0.247904 
0.525940 
0.475166 
0.121351 
0.552416 
0.455443 
0.634425 
0.778011 
0.027154 
0.379039 
0.513841 
0.130738 
0.308252 
0.784147 
0.156513 
0.517137 
0.519283 
0.596365 
0.102226 
0.110658 
0.826733 
0.903989 
0.342899 
0.110505 
0.255153 
0.349099 
0.301738 
0.308808 
0.129051 
0.958614 
0.428787 
0.619004 
0.595318 
0.501559 
0.699667 
0.306886 
0.832857 
0.832054 
0.329086 
0.947060 
0.239387 
0.369727 
0.997977 
0.991499 
0.115385 
0.278672 
0.641643 
0.098497 
0.444669 
0.547862 
0.909803 
0.059784 
0.791994 
0.043530 
0.601642 
0.790102 
0.249789 
0.201080 
0.552086 
0.916315 
0.501791 
0.600017 
0.478985 
0.301226 
0.711799 
0.209523 
0.447159 
0.394323 
0.390025 
0.154789 
0.543120 
0.210723 
0.621856 
0.531532 
0.455500 
0.585110 
0.936212 
0.916852 
0.527864 
0.815704 
0.541019 
0.911872 
0.839034 
0.649523 
0.532593 
0.283640 
0.141913 
0.124749 
0.654068 
0.918465 
0.645874 
0.200882 
0.224580 
0.521081 
0.809375 
0.158027 
0.963723 
0.299812 
0.940502 
0.013311 
0.711475 
0.754528 
0.345747 
0.973543 
0.330774 
0.324779 
0.552331 
0.019132 
0.556469 
0.578071 
0.637643 
0.870095 
0.686048 
0.408681 
0.697682 
0.949155 
0.446864 
0.448872 
0.187849 
0.174116 
0.359358 
0.724471 
0.187852 
0.226724 
0.556370 
0.903447 
0.234039 
0.488094 
0.400020 
0.137357 
0.562665 
0.718534 
0.405667 
0.038322 
0.079519 
0.467591 
0.799394 
0.407433 
0.724218 
0.933751 
0.546601 
0.727437 
0.037739 
0.274471 
0.032774 
0.828431 
0.431856 
0.208309 
0.048017 
0.016426 
0.075121 
0.555986 
