0.000001 
0.015113 
0.999469 
0.073877 
0.653405 
0.773535 
0.810189 
0.843154 
0.887768 
0.721360 
0.891982 
0.542512 
0.993014 
0.594083 
0.758745 
0.234417 
0.851073 
0.989461 
0.865198 
0.375622 
0.072361 
0.165417 
0.158108 
0.313897 
0.672871 
0.948266 
0.499470 
0.584204 
0.717516 
0.294758 
0.999038 
0.829524 
0.804415 
0.796731 
0.653976 
0.374119 
0.820291 
0.625075 
0.628648 
0.693191 
0.468973 
0.032088 
0.304603 
0.457234 
0.730117 
0.082368 
0.356440 
0.686641 
0.369465 
0.602946 
0.710424 
0.101416 
0.500038 
0.142431 
0.845109 
0.740675 
0.525404 
0.465067 
0.374289 
0.680844 
0.949716 
0.885121 
0.233710 
0.959782 
0.052609 
0.205918 
0.868979 
0.925043 
0.205220 
0.132767 
0.409464 
0.865400 
0.778488 
0.044956 
0.581480 
0.942217 
0.844888 
0.032291 
0.712173 
0.484040 
0.264980 
0.515207 
0.080540 
0.640531 
0.407187 
0.585211 
0.648340 
0.649537 
0.770569 
0.953164 
0.832945 
0.299310 
0.507456 
0.810444 
0.131519 
0.440328 
0.590393 
0.727968 
0.957045 
0.051653 
0.127003 
0.533977 
0.548439 
0.607089 
0.350796 
0.833276 
0.865440 
0.445459 
0.826800 
0.022643 
0.565110 
0.801627 
0.953109 
0.901411 
0.014077 
0.583982 
0.978492 
0.511086 
0.823175 
0.104948 
0.855043 
0.702340 
0.229713 
0.792229 
0.000291 
0.898118 
0.661634 
0.079685 
0.267764 
0.310000 
0.168845 
0.778969 
0.125323 
0.297000 
0.679539 
0.008193 
0.697626 
0.999934 
0.886229 
0.857369 
0.806598 
0.499726 
0.894444 
0.918194 
0.080667 
0.762142 
0.328485 
0.853979 
0.819352 
0.856091 
0.321595 
0.042951 
0.874717 
0.365486 
0.731152 
0.471120 
0.118741 
0.681179 
0.570975 
0.375304 
0.733955 
0.582435 
0.989812 
0.765662 
0.476396 
0.792475 
0.131527 
0.566505 
0.242613 
0.596972 
0.314472 
0.325054 
0.187005 
0.987279 
0.205404 
0.223744 
0.469665 
0.653769 
0.896190 
0.268769 
0.198366 
0.931123 
0.391627 
0.071998 
0.063267 
0.328532 
0.644630 
0.292862 
0.128160 
0.992522 
0.320343 
0.007556 
0.000795 
0.360309 
0.711224 
0.533861 
0.595055 
0.090547 
0.818430 
0.346849 
0.490654 
0.422143 
0.961039 
0.177960 
0.975177 
0.801730 
0.669588 
0.769107 
0.373340 
0.730915 
0.489001 
0.639832 
0.648403 
0.714651 
0.142771 
0.548278 
0.905348 
0.190951 
0.320001 
0.253398 
0.867432 
0.926087 
0.750680 
0.676200 
0.889369 
0.618501 
0.149241 
0.288275 
0.036850 
0.340217 
0.020052 
0.019434 
0.626070 
0.364181 
0.785543 
0.620900 
0.458987 
0.192257 
0.271237 
0.679289 
0.807413 
0.184454 
0.110062 
0.803870 
0.640990 
0.120214 
0.443107 
0.294259 
0.610250 
0.472849 
0.172556 
0.149027 
0.697349 
0.342743 
0.483866 
0.331923 
0.624496 
0.896363 
0.165191 
0.360691 
0.126788 
0.925700 
0.235055 
0.573739 
0.835324 
0.293372 
0.703216 
0.948555 
0.358870 
0.528400 
0.817672 
0.620319 
0.709514 
0.807274 
0.853667 
0.578299 
0.471656 
0.127902 
0.643706 
0.769908 
0.843015 
0.551190 
0.851634 
0.411830 
0.628326 
0.268751 
0.891087 
0.494485 
0.815467 
0.550518 
0.555992 
0.552959 
0.578908 
0.706348 
0.592674 
0.080042 
0.261777 
0.681956 
0.639376 
0.990105 
0.700508 
0.444870 
0.927937 
0.844360 
0.153150 
0.986920 
0.156325 
0.351911 
0.560087 
0.380304 
0.770722 
0.524064 
0.944047 
0.602809 
0.406592 
0.585796 
0.472554 
0.220397 
0.218966 
0.162914 
0.095818 
0.416092 
0.249896 
0.002452 
0.210170 
0.326508 
0.626705 
0.036750 
0.658025 
0.419407 
0.967087 
0.825365 
0.906939 
0.916993 
0.898135 
0.955608 
0.902083 
0.314876 
0.126255 
0.971817 
0.323925 
0.215197 
0.813495 
0.411135 
0.942750 
0.802661 
0.317701 
0.606560 
0.454985 
0.932534 
0.098388 
0.607609 
0.077464 
0.939340 
0.490268 
0.936658 
0.410600 
0.960011 
0.911706 
0.042336 
0.541695 
0.259943 
0.869548 
0.498994 
0.592229 
0.589776 
0.363945 
0.830323 
0.237368 
0.441704 
0.716437 
0.159699 
0.056335 
0.822672 
0.643625 
0.406147 
0.120355 
0.812587 
0.148846 
0.655177 
0.552190 
0.650286 
0.356443 
0.737176 
0.708963 
0.546511 
0.214326 
0.179468 
0.319504 
0.909518 
0.274585 
0.957568 
0.837433 
0.737981 
0.245804 
0.224084 
0.181834 
0.086899 
0.507858 
0.571355 
0.759798 
0.920775 
0.469306 
0.631981 
0.696624 
0.154950 
0.237911 
0.565012 
0.157605 
0.862256 
0.936220 
0.050064 
0.432556 
0.973893 
0.224915 
0.143020 
0.743345 
0.395936 
0.488938 
0.587764 
0.549694 
0.713610 
0.640137 
0.779621 
0.097767 
0.171372 
0.251571 
0.154747 
0.840202 
0.275819 
0.685448 
0.328583 
0.498839 
0.984749 
0.671051 
0.361171 
0.200471 
0.307948 
0.685432 
0.049831 
0.517439 
0.589988 
0.929303 
0.790476 
0.531131 
0.719852 
0.560811 
0.549745 
0.560564 
0.396494 
0.876379 
0.297744 
0.176270 
0.576797 
0.229025 
0.222132 
0.374266 
0.281261 
0.156405 
0.699791 
0.392574 
0.995708 
0.872392 
0.295993 
0.751994 
0.767747 
0.524725 
0.050698 
0.087172 
0.098689 
0.664813 
0.507718 
0.208410 
0.739264 
0.806293 
0.362826 
0.014894 
0.320128 
0.397378 
0.723729 
0.714865 
0.743769 
0.531518 
0.225749 
0.161801 
0.386374 
0.783579 
0.612843 
0.049830 
0.499266 
0.159244 
0.413745 
0.804870 
0.445606 
0.296622 
0.323212 
0.225872 
0.234309 
0.039590 
0.384555 
0.212928 
0.674737 
0.300356 
0.091108 
0.258283 
0.965396 
0.406073 
0.865264 
0.492116 
0.990142 
0.309470 
0.268628 
0.822452 
0.952475 
0.239125 
0.982249 
0.650868 
0.136665 
0.934129 
0.899844 
0.683869 
0.792558 
0.526663 
0.624157 
0.202953 
0.028139 
0.934980 
0.208568 
0.407336 
0.090573 
0.262005 
0.514068 
0.933500 
0.335670 
0.609754 
0.127764 
0.322890 
0.817288 
0.151982 
0.358370 
0.120586 
0.692635 
0.111923 
0.083340 
0.693493 
0.532509 
0.876412 
0.858378 
0.754186 
0.608447 
0.172575 
0.470417 
0.296619 
0.275299 
0.951533 
0.418527 
0.183482 
0.783527 
0.744789 
0.667596 
0.290560 
0.438512 
0.068374 
0.165677 
0.539043 
0.695415 
0.841655 
0.698012 
0.484887 
0.492098 
0.694156 
0.681861 
0.030947 
0.133113 
0.228323 
0.421658 
0.801908 
0.666141 
0.825893 
0.783497 
0.234776 
0.876094 
0.514134 
0.044015 
0.758581 
0.471341 
0.829583 
0.797276 
0.812072 
0.500755 
0.188505 
0.204796 
0.006411 
0.755706 
0.150038 
0.690314 
0.107560 
0.761655 
0.137611 
0.824891 
0.934881 
0.552923 
0.982867 
0.051479 
0.202547 
0.203295 
0.774510 
0.188244 
0.815494 
0.010998 
0.844833 
0.103301 
0.176720 
0.132296 
0.494320 
0.044126 
0.625123 
0.444586 
0.165294 
0.101839 
0.601592 
0.952939 
0.047205 
0.366581 
0.123425 
0.403230 
0.094507 
0.378554 
0.356816 
0.002583 
0.416799 
0.142800 
0.036088 
0.524146 
0.315078 
0.524073 
0.102539 
0.374556 
0.169971 
0.709618 
0.541879 
0.362880 
0.919489 
0.852295 
0.527333 
0.881927 
0.550467 
0.703403 
0.089394 
0.446319 
0.278277 
0.995365 
0.104202 
0.315376 
0.517430 
0.447517 
0.415407 
0.751191 
0.264130 
0.225063 
0.627783 
0.149551 
0.507258 
0.484722 
0.726901 
0.025925 
0.720633 
0.683636 
0.878325 
0.006528 
0.711946 
0.677873 
0.018623 
0.001285 
0.596482 
0.081029 
0.861936 
0.565186 
0.086044 
0.145672 
0.313258 
0.921827 
0.146382 
0.246397 
0.191231 
0.027319 
0.155295 
0.044967 
0.762285 
0.728199 
0.839041 
0.767639 
0.700891 
0.879163 
0.089704 
0.647896 
0.186108 
0.915813 
0.072181 
0.142239 
0.609766 
0.334435 
0.841262 
0.087031 
0.726016 
0.142808 
0.175820 
0.999815 
0.892501 
0.263529 
0.128796 
0.671869 
0.104549 
0.160273 
0.699909 
0.369844 
0.965581 
0.512202 
0.582622 
0.132389 
0.054499 
0.970655 
0.790497 
0.889735 
0.781305 
0.396674 
0.898790 
0.955382 
0.106412 
0.460694 
0.879070 
0.537586 
0.205289 
0.294216 
0.880300 
0.206424 
0.375366 
0.768523 
0.562650 
0.457353 
0.726601 
0.977510 
0.007316 
0.959344 
0.693427 
0.434501 
0.650887 
0.454095 
0.975278 
0.496107 
0.074570 
0.298940 
0.292301 
0.706746 
0.277004 
0.611063 
0.144146 
0.669329 
0.415970 
0.214046 
0.472236 
0.864523 
0.043642 
0.483539 
0.840488 
0.083143 
0.377202 
0.630926 
0.966422 
0.662027 
0.694376 
0.375547 
0.816213 
0.087344 
0.992685 
0.050423 
0.465732 
0.560942 
0.744478 
0.439417 
0.285787 
0.215574 
0.148597 
0.462974 
0.204433 
0.903847 
0.954628 
0.433688 
0.001847 
0.050791 
0.649871 
0.380385 
0.135101 
0.638209 
0.375471 
0.538957 
0.251857 
0.959708 
0.807544 
0.385354 
0.640692 
0.110156 
0.396489 
0.791650 
0.269649 
0.993052 
0.230469 
0.490913 
0.769981 
0.069250 
0.891836 
0.093515 
0.714500 
0.599083 
0.794064 
0.841555 
0.018324 
0.976333 
0.233454 
0.661493 
0.710134 
0.229337 
0.464626 
0.961653 
0.506334 
0.947274 
0.833772 
0.203536 
0.831880 
0.402986 
0.993443 
0.788340 
0.634354 
0.581555 
0.187792 
0.215409 
0.374924 
0.339318 
0.922642 
0.838443 
0.712922 
0.079095 
0.342816 
0.716268 
0.324346 
0.283371 
0.615336 
0.956532 
0.425843 
0.148414 
0.394936 
0.681490 
0.794677 
0.140462 
0.750649 
0.154337 
0.949655 
0.855617 
0.358444 
0.368884 
0.838306 
0.405207 
0.320732 
0.535093 
0.303769 
0.445654 
0.101853 
0.851621 
0.190657 
0.370433 
0.862345 
0.438359 
0.492356 
0.028861 
0.069664 
0.839093 
0.636530 
0.157669 
0.937638 
0.886000 
0.999361 
0.253933 
0.856150 
0.311912 
0.308511 
0.149766 
0.118580 
0.966305 
0.690722 
0.956298 
0.506992 
0.020984 
0.675585 
0.552832 
0.452491 
0.020847 
0.382239 
0.297848 
0.936139 
0.689990 
0.664195 
0.125397 
0.546339 
0.319736 
0.796986 
0.935485 
0.699576 
0.779061 
0.683545 
0.339082 
0.943582 
0.790809 
0.121828 
0.554972 
0.422273 
0.143633 
0.041704 
0.920615 
0.774570 
0.198456 
0.450112 
0.034776 
0.486561 
0.632771 
0.990573 
0.557267 
0.994244 
0.265599 
0.914745 
0.125745 
0.391768 
0.446784 
0.100474 
0.673867 
0.688760 
0.986779 
0.789905 
0.928599 
0.956841 
0.633165 
0.604982 
0.929690 
0.298666 
0.672693 
0.948841 
0.168315 
0.866894 
0.889057 
0.382089 
0.766714 
0.168538 
0.617134 
0.166380 
0.340378 
0.736929 
0.573361 
0.480038 
0.005577 
0.735407 
0.988678 
0.715238 
0.005530 
0.942745 
0.709957 
0.252601 
0.461519 
0.744172 
0.304607 
0.526826 
0.364130 
0.924893 
0.673413 
0.052916 
0.354550 
0.923673 
0.175487 
0.405057 
0.789269 
0.242904 
0.495489 
0.684533 
0.940611 
0.845925 
0.468408 
0.541167 
0.401988 
0.217088 
0.594886 
0.245067 
0.835568 
0.386227 
0.310290 
0.041034 
0.655910 
0.884575 
0.056877 
0.931681 
0.765254 
0.617781 
0.046449 
0.674237 
0.899344 
0.272409 
0.370911 
0.906186 
0.267021 
0.819639 
0.672000 
0.310302 
0.244332 
0.481495 
0.488425 
0.952704 
0.093440 
0.449078 
0.648732 
0.236335 
0.077675 
0.482009 
0.122373 
0.730592 
0.062017 
0.312164 
0.539071 
0.164222 
0.086703 
0.212417 
0.086439 
0.782386 
0.568376 
0.701416 
0.706353 
0.667119 
0.267483 
0.579601 
0.362011 
0.321338 
0.729886 
0.188898 
0.806057 
0.395350 
0.643186 
0.024911 
0.675451 
0.298697 
0.201826 
0.087159 
0.888543 
0.743663 
0.749211 
0.993717 
0.406172 
0.533181 
0.167836 
0.818381 
0.532335 
0.958429 
0.309446 
0.865859 
0.493261 
0.235778 
0.727386 
0.181910 
0.354262 
0.079581 
0.519204 
0.268911 
0.583366 
0.625144 
0.801907 
0.654550 
0.018429 
0.732015 
0.973930 
0.847816 
0.235579 
0.370938 
0.359935 
0.433364 
0.549404 
0.830699 
0.556425 
0.841077 
0.987209 
0.028115 
0.520425 
0.783468 
0.749024 
0.851735 
0.114206 
0.464927 
0.027224 
0.550482 
0.958433 
0.379759 
0.601348 
0.851475 
0.748564 
0.108247 
0.311240 
0.003094 
0.000197 
0.318114 
0.549888 
0.966030 
0.061831 
0.194577 
0.250391 
0.317758 
0.558552 
0.579997 
0.008320 
0.841785 
0.881600 
0.053930 
0.399412 
0.915563 
0.872168 
0.519770 
0.769215 
0.199788 
0.836072 
0.858647 
0.279769 
0.071365 
0.438924 
0.991901 
0.886118 
0.986875 
0.406770 
0.583327 
0.971564 
0.081219 
0.054093 
0.145912 
0.340019 
0.692280 
0.151915 
0.243073 
0.328087 
0.156195 
0.174873 
0.088172 
0.914645 
0.439475 
0.259935 
0.724064 
0.343050 
0.644895 
0.742474 
0.753769 
0.598008 
0.724997 
0.025482 
0.275549 
0.153456 
0.136217 
0.391731 
0.828806 
0.745185 
0.322022 
0.215693 
0.152945 
0.553593 
0.238658 
0.119933 
0.709664 
0.319225 
0.222149 
0.662511 
0.817998 
0.100421 
0.784150 
0.209928 
0.262541 
0.525607 
0.883515 
0.238621 
0.507105 
0.906239 
0.155682 
0.540869 
0.389520 
0.656831 
0.365838 
0.640225 
0.263462 
0.004710 
0.162434 
0.023333 
0.159125 
0.407134 
0.699830 
0.041443 
0.530648 
0.598445 
0.061130 
0.418114 
0.235967 
0.899766 
0.366644 
0.193587 
0.617306 
0.055053 
0.280293 
0.883325 
0.043803 
0.203531 
0.746455 
0.668029 
0.561351 
0.622150 
0.479957 
0.642036 
0.695806 
0.407024 
0.854654 
0.166359 
0.997466 
0.408742 
0.726169 
0.724508 
0.809070 
0.038658 
0.728819 
0.257668 
0.633508 
0.373509 
0.566432 
0.024259 
0.714879 
0.967150 
0.883067 
0.712855 
0.953866 
0.628864 
0.316675 
0.360279 
0.206579 
0.977281 
0.163880 
0.330040 
0.986961 
0.858515 
0.053801 
0.225200 
0.928790 
0.180030 
0.761221 
0.834059 
0.024071 
0.559420 
0.167113 
0.662449 
0.776716 
0.260785 
0.007243 
0.727176 
0.647138 
0.443785 
0.691417 
0.645771 
0.478901 
0.885820 
0.971276 
0.231398 
0.112150 
0.906670 
0.402219 
0.088902 
0.180209 
0.776431 
0.476932 
0.797316 
0.485195 
0.671300 
0.535451 
0.326692 
0.718199 
0.778444 
0.316345 
0.808018 
0.353537 
0.893556 
0.000789 
0.268803 
0.771405 
0.996433 
0.057713 
0.976007 
0.747623 
0.301196 
0.204384 
0.088566 
0.531699 
0.271670 
0.958955 
0.154903 
0.452472 
0.695670 
0.118680 
0.652316 
0.481808 
0.744043 
0.128962 
0.468638 
0.396218 
0.233370 
0.241852 
0.807668 
0.468733 
0.999896 
0.246925 
0.061607 
0.430250 
0.205050 
0.269889 
0.018099 
0.194146 
0.018880 
0.322278 
0.530081 
0.068651 
0.810322 
0.086332 
0.985530 
0.807597 
0.275494 
0.222564 
0.637081 
0.427894 
0.606165 
0.811665 
0.659522 
0.587907 
0.946927 
0.001194 
0.061536 
0.232330 
0.768121 
0.808063 
0.111607 
0.775254 
0.687903 
0.579231 
0.138788 
0.602180 
0.846284 
0.491347 
0.076789 
0.589790 
0.599112 
0.277781 
0.666089 
0.960868 
0.306387 
0.445330 
0.652963 
0.349684 
0.142028 
0.058285 
0.590780 
0.235735 
0.995566 
0.477954 
0.967399 
0.081695 
0.053136 
0.052275 
0.582437 
0.022064 
0.832887 
0.325929 
0.889669 
0.665312 
0.897311 
0.113476 
0.198471 
0.694960 
0.194478 
0.599066 
0.502149 
0.613595 
0.695412 
0.785063 
0.548266 
0.702802 
0.992994 
0.254262 
0.387984 
0.851328 
0.262345 
0.236012 
0.657327 
0.698386 
0.766354 
0.115475 
0.792566 
0.653693 
0.613996 
0.432937 
0.378430 
0.280010 
0.135122 
0.988501 
0.743793 
0.921968 
0.514462 
0.555720 
0.982805 
0.008286 
0.267690 
0.058689 
0.381126 
0.577635 
0.307630 
0.340014 
0.608992 
0.326774 
0.091234 
0.373383 
0.447255 
0.011212 
0.439367 
0.436328 
0.367124 
0.258136 
0.494955 
0.714019 
0.511681 
0.826073 
0.815049 
0.528551 
0.353252 
0.101384 
0.966194 
0.818364 
0.250476 
0.756526 
0.939373 
0.040008 
0.413973 
0.639642 
0.462578 
0.547996 
0.173502 
0.049627 
0.075386 
0.007687 
0.197391 
0.545156 
0.434583 
0.031787 
0.244511 
0.489537 
0.642684 
0.591474 
0.895695 
0.938475 
0.955120 
0.693443 
0.695009 
0.017703 
0.532850 
0.603569 
0.186372 
0.350046 
0.226036 
0.983267 
0.766910 
0.464739 
0.861215 
0.437507 
0.181840 
0.183241 
0.738030 
0.072871 
0.742922 
0.285468 
0.856890 
0.751206 
0.521288 
0.293705 
0.307460 
0.475586 
0.173145 
0.045667 
0.518901 
0.162792 
0.041936 
0.822811 
0.989587 
0.989681 
0.571289 
0.648281 
0.661028 
0.890238 
0.222944 
0.028032 
0.133389 
0.867427 
0.840193 
0.123455 
0.907789 
0.204171 
0.498071 
0.072171 
0.973612 
0.496583 
0.062163 
0.765519 
0.084133 
0.031387 
0.519507 
0.356630 
0.879455 
0.999365 
0.327767 
0.783643 
0.692522 
0.213856 
0.275884 
0.779543 
0.785215 
0.100460 
0.438591 
0.399773 
0.979583 
0.849639 
0.879908 
0.605782 
0.377912 
0.573863 
0.921138 
0.560828 
0.833239 
0.253864 
0.688080 
0.560107 
0.725384 
0.534877 
0.673930 
0.745664 
0.375841 
0.755035 
0.877014 
0.975650 
0.757524 
0.698134 
0.536515 
0.202495 
0.340132 
0.603393 
0.232864 
0.751094 
0.645151 
0.055132 
0.599623 
0.865961 
0.210992 
0.149520 
0.983502 
0.712864 
0.107529 
0.241796 
0.871571 
0.496969 
0.558519 
0.021945 
0.837875 
0.159891 
0.292593 
0.618833 
0.733590 
0.446249 
0.102396 
0.968848 
0.426963 
0.967655 
0.371078 
0.705608 
0.150000 
0.042940 
0.696338 
0.356219 
0.974648 
0.917313 
0.287866 
0.163404 
0.330082 
0.690677 
0.210273 
0.061951 
0.210462 
0.227710 
0.114228 
0.824932 
0.633941 
0.639698 
0.405851 
0.139912 
0.504960 
0.856777 
0.846675 
0.063619 
0.249760 
0.715156 
0.633896 
0.893070 
0.832400 
0.147780 
0.741024 
0.395095 
0.359258 
0.054277 
0.234635 
0.517336 
0.866316 
0.178380 
0.029921 
0.884726 
0.596252 
0.208573 
0.490514 
0.074185 
0.835369 
0.047670 
0.183699 
0.433903 
0.599935 
0.101974 
0.885092 
0.733386 
0.012061 
0.715572 
0.620285 
0.125025 
0.302180 
0.736995 
0.669147 
0.348832 
0.817948 
0.257678 
0.795123 
0.628834 
0.816335 
0.149483 
0.358331 
0.474347 
0.354392 
0.269258 
0.424647 
0.037165 
0.634575 
0.308362 
0.640976 
0.891364 
0.146644 
0.639033 
0.221742 
0.826060 
0.586989 
0.517404 
0.014163 
0.036540 
0.128896 
0.347675 
0.370360 
0.638677 
0.242107 
0.089020 
0.163435 
0.846560 
0.132392 
0.116696 
0.301457 
0.585993 
0.782334 
0.682541 
0.465328 
0.762355 
0.893287 
0.474949 
0.465138 
0.570080 
0.339495 
0.886895 
0.038778 
0.739914 
0.733861 
0.999521 
0.946009 
0.566826 
0.652614 
0.487640 
0.760255 
0.604697 
0.138168 
0.181706 
0.937496 
0.495874 
0.148088 
0.922167 
0.857761 
0.394210 
0.486762 
0.006242 
0.907236 
0.919741 
0.088459 
0.722845 
0.863461 
0.190073 
0.560462 
0.690260 
0.191648 
0.025847 
0.402360 
0.458602 
0.717854 
0.978307 
0.398476 
0.192528 
0.823468 
0.028376 
0.909883 
0.409637 
0.772004 
0.071475 
0.283145 
0.819375 
0.235451 
0.221262 
0.744128 
0.563911 
0.659018 
0.120832 
0.817757 
0.049297 
0.536562 
0.005027 
0.488004 
0.884342 
0.134692 
0.769153 
0.158036 
0.104168 
0.745420 
0.278009 
0.489928 
0.219550 
0.977126 
0.561385 
0.200887 
0.304777 
0.388796 
0.497111 
0.945929 
0.229605 
0.974594 
0.006684 
0.340064 
0.461745 
0.552632 
0.091535 
0.433107 
0.232676 
0.585195 
0.373705 
0.857013 
0.824208 
0.461385 
0.497817 
0.802503 
0.664828 
0.768664 
0.941342 
0.131916 
0.118991 
0.888056 
0.552084 
0.881722 
0.104767 
0.824492 
0.245402 
0.470037 
0.912196 
0.272319 
0.865110 
0.904209 
0.047425 
0.075607 
0.722755 
0.343893 
0.813127 
0.231105 
0.180645 
0.104832 
0.910229 
0.219675 
0.085174 
0.527697 
0.005631 
0.635111 
0.309728 
0.591867 
0.507396 
0.798823 
0.820099 
0.407592 
0.391640 
0.300395 
0.730538 
0.158650 
0.431430 
0.039151 
0.014095 
0.895557 
0.629376 
0.914568 
0.143577 
0.101436 
0.839210 
0.595556 
0.512957 
0.261442 
0.059172 
0.499324 
0.146822 
0.641079 
0.618056 
0.671153 
0.063242 
0.907098 
0.597814 
0.457472 
0.735857 
0.542322 
0.806078 
0.749063 
0.493521 
0.607447 
0.368163 
0.713992 
0.062252 
0.268589 
0.179422 
0.544725 
0.194643 
0.370109 
0.429108 
0.011998 
0.654371 
0.016977 
0.332573 
0.554842 
0.228972 
0.336195 
0.428186 
0.514394 
0.420121 
0.981283 
0.431641 
0.592198 
0.065307 
0.622149 
0.450867 
0.716077 
0.110823 
0.604484 
0.558832 
0.295064 
0.132627 
0.068589 
0.781429 
0.471014 
0.331848 
0.368003 
0.030627 
0.753134 
0.916611 
0.477890 
0.904171 
0.410100 
0.558905 
0.514553 
0.087700 
0.978683 
0.727685 
0.196413 
0.114343 
0.766013 
0.373080 
0.360498 
0.894271 
0.004601 
0.324434 
0.768401 
0.516023 
0.799602 
0.912425 
0.133411 
0.243664 
0.256282 
0.338109 
0.595581 
0.923575 
0.523035 
0.648006 
0.037146 
0.312700 
0.553749 
0.860891 
0.987388 
0.028471 
0.504577 
0.417811 
0.156849 
0.163706 
0.402673 
0.724222 
0.999406 
0.017106 
0.500485 
0.653695 
0.658826 
0.881388 
0.485716 
0.427966 
0.825857 
0.186721 
0.215354 
0.459066 
0.524274 
0.476628 
0.682705 
0.225265 
0.037192 
0.087738 
0.609371 
0.700342 
0.651302 
0.435224 
0.813839 
0.199111 
0.450896 
0.207479 
0.105465 
0.551454 
0.283316 
0.684366 
0.142019 
0.905952 
0.339271 
0.133744 
0.829398 
0.696445 
0.145797 
0.405285 
0.630287 
0.227032 
0.719911 
0.537628 
0.912621 
0.416432 
0.978110 
0.088047 
0.812748 
0.861865 
0.360974 
0.892734 
0.177167 
0.652059 
0.158075 
0.772219 
0.679478 
0.992706 
0.406539 
0.698168 
0.114312 
0.242781 
0.414254 
0.366683 
0.839701 
0.850944 
0.808032 
0.600584 
0.015377 
0.438390 
0.018867 
0.102021 
0.662109 
0.068068 
0.019660 
0.417970 
0.817149 
0.830962 
0.985767 
0.783815 
0.574911 
0.528927 
0.671206 
0.953930 
0.696616 
0.017112 
0.594386 
0.844078 
0.411481 
0.765671 
0.627030 
0.500284 
0.267163 
0.205594 
0.413631 
0.904432 
0.782200 
0.434260 
0.604928 
0.021448 
0.469889 
0.430657 
0.059681 
0.063180 
0.872280 
0.408390 
0.810561 
0.098113 
0.992657 
0.584543 
0.415817 
0.642927 
0.678075 
0.404076 
0.302302 
0.790704 
0.368596 
0.985824 
0.740416 
0.175680 
0.656248 
0.559530 
0.027824 
0.640042 
0.186462 
0.870999 
0.885170 
0.054766 
0.457598 
0.851356 
0.732608 
0.947088 
0.714322 
0.608862 
0.151349 
0.716104 
0.562420 
0.597935 
0.497134 
0.324976 
0.867761 
0.451559 
0.349873 
0.322907 
0.093058 
0.017485 
0.867503 
0.116635 
0.279012 
0.357812 
0.747437 
0.170656 
0.220665 
0.715293 
0.937580 
0.909472 
0.503383 
0.355462 
0.244589 
0.812631 
0.894996 
0.204823 
0.452397 
0.436563 
0.319323 
0.868082 
0.848584 
0.150888 
0.975066 
0.930781 
0.640568 
0.027599 
0.848753 
0.993441 
0.762795 
0.295013 
0.285783 
0.153761 
0.263146 
0.692139 
0.785691 
