0.000001 
0.012530 
0.591999 
0.724121 
0.298861 
0.960347 
0.553657 
0.318431 
0.862412 
0.553546 
0.443326 
0.986826 
0.585612 
0.375519 
0.349949 
0.592078 
0.050010 
0.510164 
0.324796 
0.848457 
0.014422 
0.395045 
0.523112 
0.951605 
0.628828 
0.713192 
0.612973 
0.235790 
0.924259 
0.014970 
0.606142 
0.423650 
0.279062 
0.187243 
0.990686 
0.467097 
0.502996 
0.854347 
0.013188 
0.650854 
0.907212 
0.509256 
0.063008 
0.979302 
0.122692 
0.081238 
0.370099 
0.247184 
0.416113 
0.608657 
0.694660 
0.158139 
0.848556 
0.676868 
0.125851 
0.183232 
0.578028 
0.914330 
0.147715 
0.642171 
0.963488 
0.349601 
0.741154 
0.583434 
0.771739 
0.614021 
0.856673 
0.097356 
0.263365 
0.370564 
0.072269 
0.632059 
0.011579 
0.607962 
0.021725 
0.125577 
0.577766 
0.508906 
0.184458 
0.184334 
0.097479 
0.335498 
0.709966 
0.404190 
0.216937 
0.063658 
0.899012 
0.695447 
0.384610 
0.132064 
0.604114 
0.345000 
0.421252 
0.975412 
0.751197 
0.372846 
0.416478 
0.741314 
0.258534 
0.176953 
0.046780 
0.223665 
0.135707 
0.827007 
0.502654 
0.105683 
0.219352 
0.651569 
0.919061 
0.654196 
0.066671 
0.532577 
0.016534 
0.888741 
0.070708 
0.383715 
0.105420 
0.787804 
0.615175 
0.250658 
0.814046 
0.675529 
0.615625 
0.802361 
0.283515 
0.028942 
0.421168 
0.573576 
0.097198 
0.614350 
0.380798 
0.072050 
0.945956 
0.686430 
0.835288 
0.689341 
0.748265 
0.085393 
0.200338 
0.085784 
0.766631 
0.763885 
0.609531 
0.389968 
0.190651 
0.271460 
0.435476 
0.053454 
0.402788 
0.654377 
0.111793 
0.912876 
0.713320 
0.775320 
0.811276 
0.118728 
0.459919 
0.866166 
0.657240 
0.236075 
0.719866 
0.794655 
0.767317 
0.291986 
0.403786 
0.428665 
0.579272 
0.822358 
0.375672 
0.926335 
0.911170 
0.032839 
0.923042 
0.569982 
0.679882 
0.772768 
0.907785 
0.144839 
0.310099 
0.828223 
0.946962 
0.588156 
0.132571 
0.120284 
0.610715 
0.285334 
0.612663 
0.027380 
0.183938 
0.451076 
0.236597 
0.490988 
0.035356 
0.230375 
0.915934 
0.105495 
0.054212 
0.139288 
0.014659 
0.367843 
0.340516 
0.058442 
0.232845 
0.419945 
0.018259 
0.882739 
0.195241 
0.418612 
0.609901 
0.597719 
0.859602 
0.323340 
0.381716 
0.501894 
0.326036 
0.691244 
0.743378 
0.953243 
0.163294 
0.487152 
0.566939 
0.535819 
0.504836 
0.779697 
0.375391 
0.189135 
0.797998 
0.954183 
0.960641 
0.487150 
0.530867 
0.278153 
0.919906 
0.861239 
0.851193 
0.006246 
0.969362 
0.066703 
0.083506 
0.487593 
0.969792 
0.288094 
0.000626 
0.518382 
0.446517 
0.618054 
0.641851 
0.585763 
0.920772 
0.411720 
0.776935 
0.952663 
0.407279 
0.136578 
0.463319 
0.003319 
0.775669 
0.673266 
0.579736 
0.624270 
0.108228 
0.981898 
0.761431 
0.372634 
0.861913 
0.171770 
0.944510 
0.377336 
0.888426 
0.778337 
0.506004 
0.407629 
0.019644 
0.155591 
0.012802 
0.162536 
0.740094 
0.762181 
0.968189 
0.358168 
0.731573 
0.541924 
0.117279 
0.109964 
0.160512 
0.730849 
0.381476 
0.464356 
0.428049 
0.217182 
0.185470 
0.195902 
0.527619 
0.687138 
0.727018 
0.992308 
0.721442 
0.276443 
0.182621 
0.307695 
0.426470 
0.684742 
0.457601 
0.902548 
0.121281 
0.361501 
0.744835 
0.439362 
0.363386 
0.434939 
0.016533 
0.875726 
0.323366 
0.812065 
0.370250 
0.795888 
0.486048 
0.015462 
0.862022 
0.005606 
0.221339 
0.038406 
0.494088 
0.133571 
0.927748 
0.666877 
0.205777 
0.492924 
0.578714 
0.451823 
0.787315 
0.407255 
0.732268 
0.221184 
0.432374 
0.909854 
0.917781 
0.148170 
0.299396 
0.956954 
0.529573 
0.526427 
0.655311 
0.812132 
0.501990 
0.949280 
0.549270 
0.576438 
0.201155 
0.817704 
0.155111 
0.949654 
0.830150 
0.334481 
0.629166 
0.390776 
0.780617 
0.827539 
0.451912 
0.277980 
0.015149 
0.611170 
0.935861 
0.009782 
0.409196 
0.364698 
0.474198 
0.847927 
0.108765 
0.019766 
0.204565 
0.131889 
0.658308 
0.179232 
0.356004 
0.359007 
0.826872 
0.229908 
0.058158 
0.456208 
0.487859 
0.444385 
0.782323 
0.498300 
0.934257 
0.057465 
0.810531 
0.601413 
0.946932 
0.092770 
0.185195 
0.570205 
0.433315 
0.717508 
0.153046 
0.244308 
0.083955 
0.026476 
0.980363 
0.959989 
0.537253 
0.616862 
0.605054 
0.144382 
0.621074 
0.396724 
0.742566 
0.307397 
0.427408 
0.448717 
0.580470 
0.965382 
0.179452 
0.057071 
0.184406 
0.316922 
0.501344 
0.086428 
0.598545 
0.745733 
0.532398 
0.014754 
0.964712 
0.916196 
0.501567 
0.829812 
0.648765 
0.793760 
0.725098 
0.715477 
0.019370 
0.544310 
0.211104 
0.017909 
0.999665 
0.371432 
0.653523 
0.764384 
0.998123 
0.458198 
0.932377 
0.452911 
0.072923 
0.610850 
0.563097 
0.975911 
0.133536 
0.342383 
0.429551 
0.461309 
0.214957 
0.785959 
0.618441 
0.132290 
0.399621 
0.436889 
0.800725 
0.777990 
0.681722 
0.695684 
0.361736 
0.689865 
0.560694 
0.582540 
0.748287 
0.465128 
0.413819 
0.056017 
0.471032 
0.630244 
0.509252 
0.994747 
0.706713 
0.733072 
0.734788 
0.574254 
0.485161 
0.092970 
0.550596 
0.871409 
0.766701 
0.943436 
0.327271 
0.446103 
0.645284 
0.285647 
0.869244 
0.382787 
0.498591 
0.812183 
0.351605 
0.428485 
0.551837 
0.717460 
0.346914 
0.589054 
0.224558 
0.145588 
0.889375 
0.725879 
0.847694 
0.193295 
0.716660 
0.906714 
0.140089 
0.471568 
0.649986 
0.310869 
0.772075 
0.269403 
0.851612 
0.036806 
0.600593 
0.172922 
0.294065 
0.354003 
0.729176 
0.266598 
0.716489 
0.027784 
0.964720 
0.053799 
0.198958 
0.882587 
0.635385 
0.907328 
0.465512 
0.853919 
0.818822 
0.933717 
0.981600 
0.751436 
0.378319 
0.404147 
0.500370 
0.726851 
0.186923 
0.606669 
0.281887 
0.666882 
0.293143 
0.849253 
0.400926 
0.363246 
0.067986 
0.648652 
0.891318 
0.388018 
0.418152 
0.886651 
0.951472 
0.393132 
0.365555 
0.885424 
0.321805 
0.569685 
0.695885 
0.746985 
0.570900 
0.109177 
0.945203 
0.020227 
0.947420 
0.280295 
0.916110 
0.055598 
0.434226 
0.031858 
0.429986 
0.781382 
0.692048 
0.244256 
0.214680 
0.124347 
0.897227 
0.689836 
0.080194 
0.820037 
0.359531 
0.640279 
0.169278 
0.056772 
0.166819 
0.730952 
0.106415 
0.524400 
0.596666 
0.164909 
0.617363 
0.019528 
0.208077 
0.149600 
0.334161 
0.241266 
0.962823 
0.164263 
0.775869 
0.035427 
0.424296 
0.137053 
0.453001 
0.590487 
0.314123 
0.457492 
0.071091 
0.831939 
0.404449 
0.568813 
0.045368 
0.505235 
0.477254 
0.205274 
0.044500 
0.904094 
0.107409 
0.225606 
0.764279 
0.231892 
0.404783 
0.190080 
0.667089 
0.761085 
0.558557 
0.675244 
0.823202 
0.558556 
0.653706 
0.831209 
0.132709 
0.448543 
0.655772 
0.557029 
0.981759 
0.420071 
0.133320 
0.706909 
0.022354 
0.699464 
0.890277 
0.879906 
0.573044 
0.155345 
0.876801 
0.387636 
0.995474 
0.926963 
0.466234 
0.996969 
0.063242 
0.905001 
0.345687 
0.955246 
0.817621 
0.760702 
0.125016 
0.141105 
0.557777 
0.556011 
0.870467 
0.935435 
0.858664 
0.569876 
0.914096 
0.217007 
0.234991 
0.502074 
0.365994 
0.256604 
0.740652 
0.130736 
0.277486 
0.709102 
0.871992 
0.563468 
0.211273 
0.867803 
0.169840 
0.493456 
0.512562 
0.626215 
0.796233 
0.284746 
0.730377 
0.446132 
0.144051 
0.057348 
0.840822 
0.697044 
0.221864 
0.862168 
0.457952 
0.798027 
0.432484 
0.761025 
0.550811 
0.475029 
0.815100 
0.391619 
0.945915 
0.989500 
0.526792 
0.791005 
0.412667 
0.695669 
0.103755 
0.809754 
0.542458 
0.098241 
0.141841 
0.913470 
0.682135 
0.638354 
0.823606 
0.348315 
0.130271 
0.472874 
0.596010 
0.132592 
0.478912 
0.066781 
0.388013 
0.337658 
0.020500 
0.550733 
0.176525 
0.854518 
0.890193 
0.467927 
0.446072 
0.132351 
0.430550 
0.252033 
0.911791 
0.466618 
0.446070 
0.094503 
0.313806 
0.144694 
0.879753 
0.004258 
0.559445 
0.586739 
0.324036 
0.067276 
0.704908 
0.388211 
0.661869 
0.038325 
0.133309 
0.526809 
0.074773 
0.709790 
0.433441 
0.840238 
0.884249 
0.564636 
0.841936 
0.418745 
0.842552 
0.777156 
0.656680 
0.822425 
0.489834 
0.645855 
0.884838 
0.465620 
0.666960 
0.599747 
0.951446 
0.953861 
0.544120 
0.025505 
0.665850 
0.942951 
0.173634 
0.273810 
0.930936 
0.239807 
0.437032 
0.199123 
0.664704 
0.688314 
0.487262 
0.414408 
0.951474 
0.430377 
0.353889 
0.811152 
0.037782 
0.008968 
0.722653 
0.632313 
0.288087 
0.880773 
0.148694 
0.106613 
0.849934 
0.844377 
0.444784 
0.479519 
0.277446 
0.031776 
0.065655 
0.456464 
0.794256 
0.060009 
0.566018 
0.064190 
0.844505 
0.598068 
0.734247 
0.480952 
0.359873 
0.381218 
0.135317 
0.273604 
0.467290 
0.744749 
0.990036 
0.538089 
0.663348 
0.891853 
0.374866 
0.366446 
0.854811 
0.807657 
0.290973 
0.382114 
0.183242 
0.741161 
0.687986 
0.985051 
0.745521 
0.963785 
0.334881 
0.339135 
0.839592 
0.026022 
0.352744 
0.573976 
0.812215 
0.905039 
0.991636 
0.426590 
0.702889 
0.449341 
0.068956 
0.937549 
0.385176 
0.655417 
0.599323 
0.813602 
0.202630 
0.600145 
0.638938 
0.626149 
0.691040 
0.307531 
0.680409 
0.626403 
0.951387 
0.954809 
0.482388 
0.494916 
0.059210 
0.139561 
0.595581 
0.934461 
0.492098 
0.695009 
0.019479 
0.391928 
0.125977 
0.299952 
0.288209 
0.929771 
0.662395 
0.869201 
0.665023 
0.036502 
0.492479 
0.089356 
0.812375 
0.585899 
0.208662 
0.984866 
0.636378 
0.604378 
0.786559 
0.694476 
0.063022 
0.204865 
0.173284 
0.382229 
0.125551 
0.131733 
0.038822 
0.481541 
0.254665 
0.159852 
0.632510 
0.590244 
0.225111 
0.435472 
0.980825 
0.732114 
0.636987 
0.838569 
0.832913 
0.772071 
0.201282 
0.946704 
0.248082 
0.509845 
0.966887 
0.473307 
0.877664 
0.890681 
0.670682 
0.149523 
0.025701 
0.964618 
0.331426 
0.283308 
0.552515 
0.124902 
0.223089 
0.460499 
0.604095 
0.023986 
0.135795 
0.311912 
0.298736 
0.859069 
0.367532 
0.112290 
0.264442 
0.476275 
0.748267 
0.118952 
0.234374 
0.121405 
0.458396 
0.269799 
0.506522 
0.117282 
0.162557 
0.094449 
0.398614 
0.510362 
0.660191 
0.833781 
0.357003 
0.156367 
0.067749 
0.663879 
0.821099 
0.205038 
0.079434 
0.046025 
0.538631 
0.767920 
0.431556 
0.158282 
0.237915 
0.637437 
0.408296 
0.233908 
0.284541 
0.278079 
0.680867 
0.324772 
0.439005 
0.351960 
0.391404 
0.324161 
0.168046 
0.341077 
0.480005 
0.447581 
0.485726 
0.596022 
0.336782 
0.299804 
0.809637 
0.569955 
0.234882 
0.665672 
0.944770 
0.756988 
0.697747 
0.027848 
0.037129 
0.019219 
0.018232 
0.416914 
0.066091 
0.789835 
0.754048 
0.291748 
0.408831 
0.227783 
0.353768 
0.779818 
0.404870 
0.647592 
0.080912 
0.895843 
0.431276 
0.450634 
0.811431 
0.724478 
0.308793 
0.880165 
0.925413 
0.423936 
0.086158 
0.064401 
0.380474 
0.633827 
0.730025 
0.527855 
0.663270 
0.579520 
0.987012 
0.710415 
0.942040 
0.864520 
0.995650 
0.893822 
0.468652 
0.640534 
0.448502 
0.973195 
0.488836 
0.863584 
0.248815 
0.838709 
0.181474 
0.026151 
0.513182 
0.054242 
0.638986 
0.439356 
0.256455 
0.234139 
0.181016 
0.338973 
0.124601 
0.172702 
0.599659 
0.467261 
0.259255 
0.306424 
0.073137 
0.219715 
0.741815 
0.679660 
0.047768 
0.839829 
0.013714 
0.486559 
0.597741 
0.227433 
0.467845 
0.076254 
0.599444 
0.853427 
0.554043 
0.793295 
0.916072 
0.415072 
0.118569 
0.781078 
0.585890 
0.045138 
0.634320 
0.018776 
0.568522 
0.147900 
0.761237 
0.112810 
0.005471 
0.954180 
0.908861 
0.233144 
0.446055 
0.848880 
0.131863 
0.227263 
0.604012 
0.637279 
0.744341 
0.138504 
0.833761 
0.028875 
0.303062 
0.559011 
0.298448 
0.021903 
0.122192 
0.686855 
0.963905 
0.357520 
0.833565 
0.723455 
0.107466 
0.184814 
0.167131 
0.975785 
0.023602 
0.675464 
0.523924 
0.596293 
0.897122 
0.922040 
0.719222 
0.956675 
0.843683 
0.774994 
0.325148 
0.759995 
0.241167 
0.296691 
0.479159 
0.225643 
0.384792 
0.205425 
0.572753 
0.265789 
0.117507 
0.940173 
0.490954 
0.464321 
0.838739 
0.684811 
0.615919 
0.758269 
0.220176 
0.498326 
0.361506 
0.836857 
0.060675 
0.770765 
0.243190 
0.293711 
0.397839 
0.473963 
0.903406 
0.537390 
0.914958 
0.703476 
0.313164 
0.352562 
0.504482 
0.823243 
0.253279 
0.868546 
0.648844 
0.128970 
0.597906 
0.005865 
0.566476 
0.766081 
0.524128 
0.017614 
0.035822 
0.055453 
0.000342 
0.752812 
0.508864 
0.470106 
0.072721 
0.221696 
0.044706 
0.380372 
0.904458 
0.219592 
0.686626 
0.119569 
0.601370 
0.232487 
0.402704 
0.242148 
0.775612 
0.710513 
0.590265 
0.591166 
0.720899 
0.152955 
0.716084 
0.226215 
0.997632 
0.203703 
0.632609 
0.252776 
0.402833 
0.407250 
0.652399 
0.878056 
0.480061 
0.385258 
0.028123 
0.669674 
0.209088 
0.142519 
0.309751 
0.985424 
0.016610 
0.168055 
0.500633 
0.140892 
0.973284 
0.985965 
0.121691 
0.257714 
0.398395 
0.824620 
0.385781 
0.818952 
0.122526 
0.286348 
0.647499 
0.519364 
0.950201 
0.034970 
0.741712 
0.961154 
0.111785 
0.778787 
0.076396 
0.989335 
0.758566 
0.217649 
0.032180 
0.850757 
0.668046 
0.850754 
0.626480 
0.253561 
0.606614 
0.362711 
0.079816 
0.470472 
0.225859 
0.019961 
0.482648 
0.865991 
0.703115 
0.245638 
0.446161 
0.633159 
0.511418 
0.395433 
0.037039 
0.510366 
0.716518 
0.511242 
0.448507 
0.061367 
0.393557 
0.513143 
0.401202 
0.994406 
0.975667 
0.030797 
0.603082 
0.007550 
0.889152 
0.973761 
0.001302 
0.889729 
0.670413 
0.637754 
0.726979 
0.341663 
0.327425 
0.027983 
0.303903 
0.703413 
0.254515 
0.630573 
0.039364 
0.595849 
0.427376 
0.916289 
0.064743 
0.135313 
0.210978 
0.901909 
0.390960 
0.871681 
0.334655 
0.551939 
0.440834 
0.099401 
0.636606 
0.442258 
0.024033 
0.921164 
0.997414 
0.537213 
0.941157 
0.027039 
0.447679 
0.144634 
0.871748 
0.463296 
0.616367 
0.284348 
0.034926 
0.999914 
0.546518 
0.328137 
0.001983 
0.332100 
0.599737 
0.775752 
0.062055 
0.960242 
0.788694 
0.574137 
0.528177 
0.069045 
0.439781 
0.405921 
0.318986 
0.198895 
0.820987 
0.323650 
0.579004 
0.327017 
0.174768 
0.318951 
0.613795 
0.055945 
0.269762 
0.895142 
0.648348 
0.785998 
0.263443 
0.687562 
0.856645 
0.628862 
0.279829 
0.080372 
0.816722 
0.652460 
0.895726 
0.470191 
0.500908 
0.763428 
0.926322 
0.691045 
0.401010 
0.767750 
0.576371 
0.068562 
0.326693 
0.730909 
0.395812 
0.419388 
0.655832 
0.567530 
0.483275 
0.401246 
0.745103 
0.948768 
0.937697 
0.865086 
0.508195 
0.235345 
0.446304 
0.026080 
0.321680 
0.478299 
0.773524 
0.625972 
0.706697 
0.449694 
0.014554 
0.616748 
0.681184 
0.656838 
0.476378 
0.479945 
0.433033 
0.979173 
0.966895 
0.602881 
0.617284 
0.692395 
0.082266 
0.643905 
0.113990 
0.835284 
0.615679 
0.714603 
0.328101 
0.385297 
0.680545 
0.922769 
0.979957 
0.134816 
0.852196 
0.861114 
0.749907 
0.688583 
0.007616 
0.010084 
0.473468 
0.573574 
0.054873 
0.257992 
0.067216 
0.692137 
0.740736 
0.555151 
0.418004 
0.388952 
0.113302 
0.266212 
0.221103 
0.082044 
0.906039 
0.797911 
0.489009 
0.771322 
0.614782 
0.639669 
0.923637 
0.570634 
0.638638 
0.587548 
0.926109 
0.112313 
0.642776 
0.144491 
0.465147 
0.724980 
0.735398 
0.827432 
0.642189 
0.269077 
0.374077 
0.106565 
0.036485 
0.201291 
0.094411 
0.760757 
0.049091 
0.070827 
0.389379 
0.294387 
0.763723 
0.884483 
0.510590 
0.484727 
0.799326 
0.276616 
0.092285 
0.031957 
0.106340 
0.254838 
0.062825 
0.891963 
0.227563 
0.649344 
0.524708 
0.760137 
0.615249 
0.495497 
0.820015 
0.991261 
0.129658 
0.160842 
0.274814 
0.804463 
0.606439 
0.421999 
0.545148 
0.304289 
0.190690 
0.927107 
0.882140 
0.133716 
0.358940 
0.696924 
0.198669 
0.028555 
0.926111 
0.152423 
0.773941 
0.621768 
0.047073 
0.157072 
0.901228 
0.931090 
0.823863 
0.663157 
0.675168 
0.554712 
0.045392 
0.898690 
0.276477 
0.751637 
0.762582 
0.711420 
0.842583 
0.299597 
0.330190 
0.500102 
0.220741 
0.990021 
0.286362 
0.881930 
0.602270 
0.352022 
0.441022 
0.251542 
0.664621 
0.286220 
0.492516 
0.720937 
0.780340 
0.179795 
0.815658 
0.768158 
0.423755 
0.057862 
0.490345 
0.235131 
0.845031 
0.439017 
0.555093 
0.454695 
0.060298 
0.432220 
0.314724 
0.565686 
0.490594 
0.419452 
0.734235 
0.290896 
0.096225 
0.261574 
0.275513 
0.554011 
0.262409 
0.313288 
0.439252 
0.504170 
0.581063 
0.927403 
0.867686 
0.203981 
0.305679 
0.545312 
0.051478 
0.190471 
0.240488 
0.875498 
0.491090 
0.755647 
0.156974 
0.254990 
0.615043 
0.022366 
0.901157 
0.750615 
0.584664 
0.445594 
0.099820 
0.673991 
0.774440 
0.018092 
0.074638 
0.436855 
0.229008 
0.942566 
0.712935 
0.303547 
0.715043 
0.721304 
0.951479 
0.514973 
0.145841 
0.149080 
0.587058 
0.690037 
0.452498 
0.137570 
0.136812 
0.395624 
0.244207 
0.380569 
0.221500 
0.748803 
0.134726 
0.346332 
0.806836 
0.485469 
0.275349 
0.796233 
0.292001 
0.665907 
0.892266 
0.312723 
0.932577 
0.815988 
0.307403 
0.529456 
0.569936 
0.918266 
0.304452 
0.931461 
0.065901 
0.599157 
0.033965 
0.847180 
0.547098 
0.082133 
0.415808 
0.489546 
0.800503 
0.050971 
0.677017 
0.618386 
0.206462 
0.005435 
0.349695 
0.324719 
0.544873 
0.685816 
0.505764 
0.381189 
0.642240 
0.129876 
0.820781 
0.869137 
0.588545 
0.671432 
0.758437 
0.056961 
0.342705 
0.844616 
0.456925 
0.537384 
0.812237 
0.270006 
0.993311 
0.569580 
0.934491 
0.983923 
0.792692 
0.769137 
0.883518 
0.284711 
0.133139 
0.665981 
0.146309 
0.007130 
0.840168 
0.702576 
0.200156 
0.016759 
0.669926 
0.448444 
0.005449 
0.578256 
0.754283 
0.242703 
0.104268 
0.440166 
0.865266 
0.533212 
0.695067 
0.993017 
0.640470 
0.383216 
0.707162 
0.270405 
0.700877 
0.636295 
0.209062 
0.703538 
0.355214 
0.082902 
0.330711 
0.253709 
0.079872 
0.408369 
0.451315 
0.250562 
0.197158 
0.626188 
0.334086 
0.978356 
0.236101 
0.155842 
0.238681 
0.517395 
0.856235 
0.735513 
0.769099 
0.246663 
0.660276 
0.261256 
0.928796 
0.277899 
0.641261 
0.678613 
0.443971 
0.813724 
0.251738 
0.955375 
0.980000 
0.862340 
0.341906 
0.420655 
0.948870 
0.665438 
0.015659 
0.183518 
0.379818 
0.608868 
0.237094 
0.844111 
0.974330 
0.568781 
0.494987 
0.241821 
0.288576 
0.093397 
0.721296 
0.818275 
0.741818 
0.743257 
0.923835 
0.888678 
0.004686 
0.753130 
0.860089 
0.511984 
0.922535 
0.038848 
0.913916 
0.191309 
0.331482 
0.217698 
0.849042 
0.844319 
0.462340 
0.540973 
0.141351 
0.680716 
0.794342 
0.509804 
0.283583 
0.172100 
0.488193 
0.064963 
0.828718 
0.260883 
0.654349 
0.643917 
0.320826 
0.115949 
0.753134 
0.920289 
0.300651 
0.038673 
0.975662 
0.959506 
0.425370 
0.198670 
0.045100 
0.996995 
0.502074 
0.360320 
0.891707 
0.926793 
0.609390 
0.021239 
0.963692 
0.764645 
0.386549 
0.721379 
0.215454 
0.130833 
0.916586 
0.062686 
0.561435 
0.036547 
0.252106 
0.147074 
0.864947 
0.167704 
0.596725 
0.163491 
0.786828 
0.213798 
0.295709 
0.986956 
0.774663 
0.757938 
0.669778 
0.951277 
0.111848 
0.832498 
0.798041 
0.667494 
0.577728 
0.867426 
0.821191 
0.749705 
0.298066 
0.601650 
0.939218 
0.439266 
0.749284 
0.213050 
0.730489 
0.331168 
0.941089 
0.888436 
0.935647 
0.415546 
0.074605 
0.887296 
0.777063 
0.092447 
0.759322 
0.920903 
0.619938 
0.295398 
0.749926 
0.000651 
0.945381 
0.016701 
0.688828 
0.134398 
0.833469 
0.115019 
0.118936 
0.957023 
0.685269 
0.316989 
0.626424 
0.301163 
0.641637 
0.995448 
0.486612 
0.492584 
0.863516 
0.113569 
0.756388 
0.607068 
0.989915 
0.494327 
0.148428 
0.629226 
0.396715 
0.595602 
0.290812 
0.670668 
0.916539 
0.277286 
0.349781 
0.775649 
0.335417 
0.356498 
0.653722 
0.099333 
0.485793 
0.731276 
0.550641 
0.629815 
0.304523 
0.121578 
0.359655 
0.722477 
0.666276 
0.097137 
0.575767 
0.921698 
0.978979 
0.697500 
0.875724 
0.294385 
0.727635 
0.363742 
0.414449 
0.648968 
0.209595 
0.655808 
0.169560 
0.786748 
0.870613 
0.385895 
0.734745 
0.863072 
0.646352 
0.237342 
0.013108 
0.312545 
0.945439 
0.999160 
0.890449 
0.781704 
0.101830 
0.451866 
0.503514 
0.561786 
0.930907 
0.753406 
0.495037 
0.083954 
0.017656 
0.737276 
0.392791 
0.638555 
0.188186 
0.838051 
0.125099 
0.540538 
0.829675 
0.343672 
0.100556 
0.045157 
0.950772 
0.617702 
0.714120 
0.207335 
0.671715 
0.508550 
0.207483 
0.170142 
0.579735 
0.605698 
0.969056 
0.930469 
0.384668 
0.115980 
0.271764 
0.534896 
0.998537 
0.406965 
0.862184 
0.727907 
0.930953 
0.526863 
0.980026 
0.291131 
0.034243 
0.525047 
0.472298 
0.916841 
0.351560 
0.663951 
0.019926 
0.900351 
0.191477 
0.155933 
0.758523 
0.498163 
0.631778 
0.297882 
0.502768 
0.025852 
0.489522 
0.394948 
0.894328 
0.964826 
0.827199 
0.740986 
0.759359 
0.544727 
0.233955 
0.084419 
0.834641 
0.811611 
0.744205 
0.848970 
0.637680 
0.492315 
0.334819 
0.298611 
0.759121 
0.542831 
0.359055 
0.636995 
0.969434 
0.276269 
0.248664 
0.290138 
0.347680 
0.464636 
0.142873 
0.263818 
0.988509 
0.877577 
0.428918 
0.831839 
0.721075 
0.105962 
0.896617 
0.448359 
0.572159 
0.273887 
0.217998 
0.892143 
0.243478 
0.130618 
0.302431 
0.964424 
0.068488 
0.074826 
0.604007 
0.546501 
0.037536 
0.872372 
0.950881 
0.461688 
0.595460 
0.888508 
0.146597 
0.862892 
0.619292 
0.446258 
0.253406 
0.990470 
0.831655 
0.621950 
0.114924 
0.523108 
0.875869 
0.737652 
0.720489 
0.255646 
0.647234 
0.056213 
0.764219 
0.232277 
0.872330 
0.255908 
0.037639 
0.598454 
0.215443 
0.948682 
0.506105 
0.104417 
0.938265 
0.411864 
0.196003 
0.230676 
0.967527 
0.223154 
0.554265 
0.536139 
0.890184 
0.326332 
0.664409 
0.720862 
0.532363 
0.427173 
0.502192 
0.335421 
0.425612 
0.263929 
0.849933 
0.825109 
0.598749 
0.179216 
0.080821 
0.358838 
0.988138 
0.632619 
0.429323 
0.632258 
0.352108 
0.882075 
0.041397 
0.761386 
0.617710 
0.858406 
0.237997 
0.011435 
0.182383 
0.304272 
0.901701 
0.894280 
0.155618 
0.477594 
0.928698 
0.628969 
0.076215 
0.948885 
0.906326 
0.617240 
