0.000000 
0.007991 
0.300082 
0.473034 
0.281785 
0.955349 
0.557329 
0.032553 
0.120876 
0.561630 
0.321447 
0.555621 
0.324116 
0.415618 
0.298125 
0.584329 
0.823897 
0.243521 
0.859848 
0.467379 
0.245925 
0.253180 
0.194939 
0.345152 
0.975661 
0.936395 
0.994282 
0.896153 
0.651261 
0.735343 
0.915597 
0.437568 
0.204199 
0.964507 
0.461268 
0.539604 
0.127145 
0.923978 
0.295106 
0.849171 
0.010783 
0.226702 
0.183842 
0.836269 
0.176308 
0.200465 
0.212286 
0.899047 
0.285978 
0.436876 
0.576045 
0.591168 
0.764132 
0.767697 
0.679884 
0.809544 
0.003852 
0.734248 
0.507069 
0.301472 
0.836178 
0.650807 
0.117876 
0.134095 
0.732633 
0.361596 
0.350195 
0.733542 
0.638286 
0.667299 
0.297806 
0.221944 
0.209133 
0.900518 
0.007608 
0.872089 
0.199187 
0.740533 
0.135747 
0.506062 
0.378842 
0.201464 
0.998048 
0.200923 
0.912863 
0.480322 
0.763830 
0.685229 
0.645650 
0.446494 
0.232230 
0.091971 
0.754590 
0.386568 
0.052450 
0.526968 
0.747173 
0.734467 
0.182363 
0.972935 
0.117903 
0.587359 
0.743633 
0.243831 
0.072586 
0.948097 
0.659562 
0.256247 
0.747883 
0.673288 
0.948202 
0.423336 
0.006797 
0.230109 
0.442968 
0.971126 
0.722444 
0.122641 
0.219297 
0.718877 
0.166234 
0.901134 
0.354499 
0.062593 
0.993422 
0.440693 
0.725804 
0.593143 
0.948932 
0.694723 
0.207867 
0.617466 
0.751918 
0.492096 
0.654484 
0.916812 
0.867569 
0.235594 
0.631196 
0.517542 
0.332748 
0.500891 
0.472412 
0.825208 
0.262745 
0.954504 
0.350794 
0.797987 
0.761553 
0.421061 
0.773355 
0.775170 
0.278139 
0.677453 
0.952101 
0.953917 
0.483809 
0.373114 
0.930070 
0.688340 
0.937529 
0.046435 
0.436871 
0.489767 
0.518592 
0.971060 
0.608642 
0.453859 
0.003474 
0.384002 
0.929609 
0.943491 
0.246987 
0.109276 
0.604722 
0.555900 
0.011148 
0.371568 
0.946665 
0.599385 
0.868737 
0.864152 
0.798473 
0.932423 
0.239563 
0.330622 
0.768600 
0.863807 
0.009245 
0.378232 
0.937892 
0.158837 
0.580949 
0.002007 
0.730274 
0.716246 
0.952124 
0.346167 
0.026213 
0.556257 
0.016032 
0.449512 
0.952988 
0.875555 
0.457616 
0.146331 
0.391843 
0.711682 
0.237794 
0.606041 
0.723081 
0.827689 
0.973599 
0.279471 
0.072382 
0.518276 
0.670824 
0.535454 
0.372719 
0.291932 
0.493344 
0.637771 
0.012141 
0.052512 
0.562944 
0.404189 
0.210966 
0.700326 
0.372151 
0.745397 
0.883207 
0.066205 
0.709072 
0.371221 
0.118094 
0.804732 
0.139112 
0.058154 
0.389919 
0.362793 
0.467306 
0.015705 
0.959799 
0.349949 
0.589565 
0.826380 
0.960855 
0.098104 
0.830174 
0.728523 
0.293723 
0.607538 
0.897459 
0.592408 
0.609025 
0.880317 
0.495914 
0.826611 
0.853785 
0.572380 
0.984697 
0.807944 
0.110819 
0.534328 
0.454099 
0.048955 
0.792845 
0.343073 
0.031282 
0.763074 
0.988526 
0.155021 
0.443508 
0.040511 
0.868252 
0.704528 
0.999773 
0.180004 
0.326372 
0.331474 
0.081159 
0.040790 
0.553868 
0.852138 
0.883750 
0.179386 
0.940342 
0.320492 
0.504708 
0.631320 
0.594856 
0.750166 
0.043534 
0.683678 
0.569198 
0.504776 
0.771763 
0.018269 
0.046506 
0.623458 
0.459979 
0.863911 
0.752162 
0.580575 
0.731935 
0.625917 
0.779186 
0.774884 
0.472216 
0.530963 
0.903111 
0.584707 
0.171866 
0.543484 
0.336681 
0.589383 
0.752190 
0.049211 
0.083151 
0.517004 
0.290435 
0.344293 
0.529334 
0.515538 
0.643492 
0.174192 
0.647782 
0.264382 
0.469624 
0.963342 
0.895596 
0.278455 
0.001028 
0.270973 
0.250127 
0.890044 
0.975674 
0.158202 
0.906736 
0.506590 
0.254649 
0.891619 
0.437897 
0.729036 
0.909139 
0.903944 
0.592632 
0.371982 
0.906546 
0.312852 
0.103291 
0.005369 
0.243962 
0.271396 
0.358138 
0.219227 
0.552161 
0.170467 
0.037727 
0.086082 
0.786675 
0.652720 
0.264531 
0.968137 
0.481443 
0.605469 
0.122521 
0.212201 
0.458494 
0.914541 
0.698852 
0.598163 
0.322381 
0.260460 
0.547458 
0.124638 
0.795900 
0.690653 
0.807857 
0.651960 
0.496005 
0.355226 
0.288414 
0.381489 
0.693864 
0.773686 
0.343256 
0.100589 
0.595139 
0.505758 
0.270508 
0.434840 
0.359409 
0.590616 
0.474866 
0.067732 
0.366470 
0.253611 
0.447190 
0.915771 
0.358236 
0.870591 
0.025459 
0.893450 
0.215563 
0.973176 
0.174991 
0.066741 
0.719790 
0.509769 
0.682486 
0.543820 
0.977027 
0.900230 
0.173816 
0.319536 
0.439645 
0.118203 
0.639672 
0.962769 
0.259574 
0.665249 
0.838208 
0.762296 
0.908245 
0.865858 
0.468076 
0.947176 
0.189459 
0.245785 
0.909292 
0.468919 
0.129629 
0.682252 
0.607532 
0.783405 
0.692222 
0.172664 
0.971945 
0.478963 
0.934389 
0.272593 
0.476861 
0.598175 
0.528371 
0.335044 
0.079538 
0.796111 
0.229589 
0.696437 
0.022156 
0.371308 
0.577407 
0.472247 
0.063094 
0.420402 
0.701774 
0.711635 
0.453490 
0.809677 
0.246928 
0.122019 
0.770436 
0.722532 
0.590257 
0.448405 
0.340106 
0.156273 
0.479028 
0.019037 
0.963114 
0.062858 
0.461308 
0.207037 
0.669718 
0.945855 
0.978357 
0.239177 
0.850193 
0.191573 
0.766897 
0.233759 
0.786473 
0.257633 
0.040496 
0.623764 
0.595564 
0.645113 
0.408533 
0.210642 
0.265452 
0.454393 
0.985900 
0.013446 
0.980762 
0.662351 
0.131339 
0.413894 
0.322331 
0.416691 
0.326980 
0.559247 
0.266527 
0.522021 
0.599020 
0.724842 
0.412015 
0.730417 
0.112610 
0.639013 
0.895375 
0.568756 
0.089448 
0.348253 
0.087596 
0.219511 
0.321355 
0.010117 
0.030940 
0.010223 
0.821973 
0.906889 
0.077536 
0.154979 
0.728749 
0.088933 
0.700991 
0.563930 
0.966282 
0.294394 
0.882707 
0.653476 
0.978303 
0.342682 
0.459637 
0.113126 
0.311585 
0.812248 
0.449598 
0.390935 
0.444909 
0.579068 
0.393720 
0.249140 
0.301945 
0.792176 
0.099335 
0.531022 
0.888153 
0.193798 
0.168928 
0.166388 
0.486716 
0.230492 
0.881676 
0.320205 
0.687382 
0.834273 
0.628912 
0.127714 
0.489726 
0.830513 
0.431802 
0.299926 
0.851560 
0.173495 
0.930259 
0.861041 
0.515313 
0.865579 
0.779251 
0.869073 
0.507301 
0.199849 
0.860755 
0.706635 
0.417788 
0.757188 
0.055016 
0.661290 
0.296585 
0.707660 
0.647297 
0.120114 
0.748064 
0.708565 
0.853964 
0.568627 
0.911510 
0.749493 
0.727325 
0.143499 
0.788993 
0.609827 
0.361051 
0.179084 
0.859564 
0.698420 
0.352408 
0.928127 
0.030302 
0.292871 
0.290268 
0.534728 
0.173382 
0.027739 
0.208583 
0.661935 
0.146359 
0.858741 
0.861509 
0.384500 
0.296961 
0.018164 
0.275868 
0.514269 
0.311885 
0.858065 
0.492370 
0.254261 
0.357962 
0.272372 
0.760329 
0.854106 
0.962204 
0.770947 
0.303206 
0.990421 
0.011553 
0.171744 
0.500027 
0.951734 
0.795363 
0.661394 
0.056290 
0.058560 
0.214755 
0.391726 
0.732025 
0.148897 
0.506607 
0.548162 
0.953288 
0.904295 
0.484934 
0.278844 
0.530309 
0.906874 
0.835459 
0.559654 
0.100528 
0.581703 
0.677571 
0.937337 
0.829257 
0.329837 
0.565578 
0.667512 
0.875544 
0.274878 
0.870516 
0.763175 
0.689752 
0.655568 
0.127999 
0.278337 
0.015415 
0.081819 
0.135044 
0.682374 
0.665405 
0.460957 
0.311245 
0.097003 
0.322117 
0.826375 
0.892821 
0.640111 
0.353108 
0.682927 
0.948128 
0.195332 
0.938610 
0.221425 
0.485369 
0.594973 
0.712354 
0.540089 
0.272032 
0.037023 
0.242704 
0.124163 
0.809223 
0.613995 
0.421847 
0.989385 
0.587269 
0.227885 
0.057326 
0.478626 
0.259747 
0.563158 
0.992713 
0.522972 
0.585842 
0.254690 
0.580793 
0.392445 
0.822498 
0.722456 
0.321336 
0.700662 
0.026797 
0.375784 
0.795757 
0.290321 
0.431309 
0.010854 
0.417844 
0.709046 
0.943886 
0.891786 
0.242930 
0.924609 
0.901457 
0.780427 
0.632659 
0.096036 
0.073354 
0.858295 
0.369514 
0.416818 
0.456551 
0.254476 
0.985907 
0.140217 
0.629854 
0.957360 
0.346176 
0.177606 
0.023231 
0.445385 
0.577664 
0.802429 
0.422056 
0.488672 
0.105415 
0.701518 
0.411061 
0.701981 
0.196342 
0.916737 
0.590595 
0.135467 
0.800011 
0.786067 
0.431990 
0.463172 
0.531696 
0.221409 
0.223279 
0.657524 
0.001325 
0.264471 
0.962785 
0.531791 
0.812596 
0.302525 
0.531185 
0.618296 
0.704276 
0.773917 
0.219758 
0.477047 
0.734092 
0.878551 
0.809173 
0.766298 
0.169400 
0.110122 
0.815530 
0.610099 
0.930977 
0.935110 
0.385669 
0.931552 
0.601075 
0.262453 
0.040335 
0.905157 
0.971786 
0.802368 
0.405457 
0.519219 
0.507693 
0.801282 
0.143525 
0.217432 
0.382963 
0.463204 
0.063256 
0.136442 
0.181158 
0.715834 
0.019323 
0.753447 
0.186074 
0.344496 
0.945184 
0.709324 
0.608786 
0.858871 
0.039619 
0.877092 
0.280549 
0.184478 
0.529109 
0.731660 
0.016756 
0.624228 
0.399299 
0.025973 
0.520136 
0.926384 
0.740014 
0.410754 
0.549084 
0.453553 
0.861393 
0.426437 
0.120821 
0.633814 
0.516662 
0.544675 
0.350976 
0.859623 
0.686586 
0.445077 
0.411713 
0.654609 
0.017034 
0.296093 
0.435016 
0.311398 
0.671236 
0.468318 
0.017741 
0.176913 
0.374307 
0.970756 
0.504003 
0.773071 
0.010547 
0.256557 
0.957749 
0.879637 
0.054686 
0.101805 
0.034164 
0.200223 
0.150135 
0.314716 
0.433178 
0.424303 
0.265742 
0.328852 
0.008800 
0.898242 
0.749177 
0.416992 
0.386564 
0.976988 
0.239614 
0.200656 
0.429895 
0.240660 
0.768460 
0.513713 
0.973759 
0.967688 
0.934929 
0.345555 
0.735437 
0.491695 
0.911958 
0.270798 
0.304024 
0.725840 
0.197424 
0.113092 
0.737255 
0.043203 
0.108634 
0.809654 
0.853958 
0.478138 
0.071604 
0.440758 
0.814499 
0.288700 
0.182881 
0.679974 
0.327194 
0.154039 
0.940302 
0.647401 
0.860315 
0.306795 
0.307561 
0.169447 
0.896633 
0.705549 
0.166953 
0.975985 
0.378633 
0.689099 
0.680259 
0.110796 
0.154757 
0.002912 
0.946434 
0.720097 
0.664826 
0.729705 
0.146232 
0.728623 
0.958635 
0.772748 
0.573255 
0.693623 
0.716207 
0.286984 
0.344166 
0.396695 
0.257495 
0.726826 
0.765144 
0.772190 
0.199863 
0.093973 
0.401184 
0.700784 
0.072469 
0.985924 
0.426083 
0.179104 
0.197358 
0.000894 
0.033720 
0.726471 
0.797036 
0.790313 
0.782948 
0.014773 
0.285554 
0.307821 
0.541750 
0.191970 
0.441663 
0.025604 
0.319139 
0.774545 
0.775527 
0.279579 
0.878770 
0.492082 
0.424029 
0.655103 
0.313252 
0.823810 
0.767124 
0.045342 
0.056979 
0.650438 
0.910446 
0.858194 
0.660571 
0.220012 
0.745213 
0.787620 
0.530247 
0.869168 
0.108591 
0.094379 
0.220887 
0.440927 
0.660097 
0.244629 
0.477583 
0.740090 
0.699812 
0.743556 
0.939356 
0.748671 
0.919809 
0.231523 
0.211417 
0.287584 
0.417791 
0.813788 
0.336300 
0.198980 
0.254339 
0.680321 
0.160132 
0.346778 
0.297696 
0.380172 
0.552987 
0.055651 
0.330713 
0.290876 
0.752828 
0.778044 
0.580791 
0.362173 
0.034333 
0.041070 
0.262626 
0.956988 
0.092664 
0.407208 
0.947032 
0.771824 
0.039188 
0.624818 
0.315317 
0.535088 
0.218962 
0.102181 
0.362582 
0.918791 
0.124872 
0.728690 
0.086884 
0.260287 
0.636502 
0.696641 
0.441152 
0.443285 
0.296039 
0.534279 
0.627361 
0.054705 
0.424635 
0.836387 
0.164158 
0.009426 
0.430492 
0.280655 
0.967678 
0.756448 
0.626296 
0.156064 
0.975436 
0.155108 
0.906554 
0.451551 
0.215972 
0.842889 
0.441600 
0.972378 
0.752838 
0.943916 
0.392673 
0.661371 
0.665229 
0.509900 
0.883621 
0.020584 
0.951474 
0.415233 
0.828269 
0.714854 
0.549777 
0.104363 
0.036628 
0.600981 
0.684860 
0.442228 
0.517941 
0.030093 
0.779254 
0.926432 
0.547750 
0.031255 
0.307572 
0.357718 
0.169664 
0.547180 
0.454526 
0.224648 
0.660820 
0.394386 
0.449888 
0.265135 
0.127062 
0.528888 
0.026681 
0.422463 
0.331517 
0.802797 
0.614083 
0.898206 
0.146202 
0.219642 
0.530121 
0.736224 
0.720575 
0.709105 
0.924483 
0.787413 
0.056169 
0.034238 
0.439701 
0.052719 
0.040803 
0.771871 
0.837227 
0.269999 
0.878811 
0.171740 
0.428627 
0.932493 
0.408008 
0.396241 
0.620783 
0.493903 
0.026722 
0.108914 
0.510915 
0.945607 
0.817154 
0.912599 
0.056435 
0.502931 
0.754437 
0.823980 
0.634478 
0.676321 
0.934477 
0.757921 
0.375983 
0.154248 
0.443658 
0.565196 
0.248715 
0.158599 
0.569880 
0.964819 
0.713412 
0.313085 
0.013579 
0.230459 
0.331090 
0.636809 
0.852966 
0.797492 
0.453760 
0.348956 
0.900976 
0.697681 
0.929652 
0.654696 
0.480409 
0.231720 
0.518160 
0.713065 
0.489288 
0.456977 
0.420081 
0.301673 
0.216270 
0.848439 
0.722452 
0.246321 
0.910963 
0.549784 
0.214269 
0.221787 
0.566520 
0.508663 
0.092542 
0.361794 
0.677639 
0.076473 
0.285859 
0.440088 
0.550929 
0.471685 
0.604074 
0.665812 
0.308921 
0.034341 
0.175449 
0.766449 
0.700370 
0.115429 
0.020674 
0.476262 
0.527884 
0.146376 
0.144106 
0.992340 
0.265758 
0.598071 
0.777174 
0.965720 
0.855065 
0.077192 
0.363614 
0.264741 
0.507010 
0.317721 
0.930822 
0.328623 
0.172243 
0.890654 
0.219789 
0.994472 
0.091879 
0.213217 
0.545345 
0.606665 
0.218086 
0.370833 
0.598556 
0.933378 
0.282407 
0.407959 
0.560275 
0.543480 
0.267018 
0.771530 
0.109217 
0.604386 
0.921971 
0.561287 
0.546306 
0.769448 
0.112026 
0.814071 
0.091501 
0.849064 
0.225236 
0.538026 
0.607610 
0.101922 
0.994928 
0.756900 
0.218320 
0.308217 
0.207469 
0.926132 
0.494576 
0.342963 
0.175243 
0.313540 
0.675157 
0.358935 
0.627621 
0.431555 
0.143427 
0.579193 
0.498536 
0.890346 
0.041691 
0.700005 
0.987398 
0.195634 
0.020193 
0.391888 
0.465017 
0.539130 
0.151934 
0.550180 
0.870894 
0.109038 
0.606050 
0.874569 
0.873117 
0.470215 
0.911425 
0.315029 
0.692287 
0.266415 
0.640914 
0.833951 
0.207625 
0.559556 
0.461068 
0.177380 
0.230283 
0.366352 
0.281132 
0.978444 
0.706418 
0.765487 
0.543746 
0.741729 
0.238826 
0.940971 
0.900013 
0.524427 
0.038151 
0.211538 
0.313588 
0.473470 
0.607939 
0.637301 
0.120962 
0.999945 
0.073076 
0.190523 
0.128061 
0.312976 
0.179470 
0.349808 
0.223834 
0.978393 
0.850878 
0.712176 
0.547950 
0.402558 
0.788268 
0.417518 
0.217792 
0.427902 
0.751547 
0.257618 
0.783987 
0.472757 
0.631129 
0.387039 
0.962327 
0.823310 
0.378156 
0.663298 
0.046198 
0.453781 
0.700172 
0.790756 
0.242120 
0.312972 
0.117242 
0.492855 
0.405917 
0.251194 
0.818574 
0.767686 
0.496207 
0.749194 
0.702545 
0.674302 
0.992774 
0.548328 
0.746080 
0.374767 
0.710527 
0.826520 
0.322376 
0.178760 
0.424487 
0.360680 
0.947173 
0.133462 
0.092911 
0.553212 
0.827226 
0.180046 
0.029274 
0.003303 
0.506356 
0.326438 
0.444994 
0.014581 
0.054821 
0.377337 
0.909143 
0.958862 
0.593292 
0.454528 
0.254521 
0.740557 
0.539901 
0.117441 
0.837680 
0.894276 
0.098188 
0.253305 
0.296844 
0.054301 
0.630227 
0.226375 
0.692932 
0.107948 
0.282703 
0.395759 
0.513423 
0.104552 
0.206644 
0.061304 
0.331378 
0.467612 
0.158084 
0.915801 
0.871740 
0.327947 
0.801859 
0.845906 
0.139544 
0.323310 
0.866350 
0.738544 
0.715570 
0.580057 
0.020794 
0.490824 
0.275317 
0.245546 
0.898614 
0.008621 
0.893033 
0.211597 
0.307349 
0.615657 
0.349330 
0.196452 
0.773699 
0.561588 
0.610265 
0.716813 
0.468488 
0.878130 
0.739261 
0.763068 
0.879622 
0.806699 
0.195450 
0.923925 
0.412143 
0.887450 
0.373938 
0.777469 
0.916885 
0.079827 
0.649751 
0.361972 
0.671076 
0.781220 
0.965098 
0.401196 
0.896662 
0.200231 
0.275928 
0.521585 
0.277522 
0.307874 
0.433549 
0.659853 
0.156916 
0.290836 
0.080308 
0.735909 
0.415455 
0.556336 
0.345623 
0.878189 
0.718755 
0.111867 
0.152511 
0.246660 
0.613514 
0.322972 
0.186996 
0.843360 
0.357018 
0.397474 
0.352389 
0.597040 
0.455713 
0.165321 
0.555087 
0.349517 
0.323963 
0.852295 
0.515601 
0.706783 
0.898089 
0.186855 
0.471305 
0.226498 
0.758397 
0.377155 
0.838889 
0.210725 
0.647816 
0.842375 
0.798354 
0.927597 
0.125139 
0.204473 
0.574856 
0.609970 
0.767197 
0.288208 
0.915425 
0.553629 
0.844646 
0.959331 
0.474156 
0.140290 
0.856575 
0.453349 
0.435587 
0.916584 
0.025558 
0.546168 
0.444899 
0.415880 
0.699299 
0.122567 
0.988044 
0.062509 
0.581341 
0.603729 
0.879942 
0.184440 
0.887354 
0.764570 
0.135942 
0.772060 
0.018599 
0.591653 
0.908651 
0.698466 
0.114032 
0.527980 
0.762232 
0.830460 
0.533977 
0.547946 
0.320209 
0.747661 
0.938317 
0.301104 
0.651030 
0.862989 
0.254166 
0.769436 
0.915975 
0.792478 
0.178180 
0.663260 
0.405939 
0.610409 
0.139974 
0.540764 
0.619962 
0.699857 
0.491279 
0.928097 
0.525549 
0.894763 
0.280618 
0.353120 
0.883172 
0.473976 
0.113105 
0.960886 
0.603961 
0.775110 
0.278524 
0.145000 
0.017929 
0.324467 
0.321177 
0.030000 
0.203509 
0.371243 
0.483390 
0.330994 
0.017526 
0.553061 
0.300725 
0.282815 
0.274768 
0.026365 
0.119542 
0.140867 
0.549032 
0.585546 
0.268385 
0.751363 
0.151989 
0.485047 
0.191225 
0.920380 
0.822958 
0.453845 
0.766883 
0.996667 
0.980719 
0.950003 
0.693400 
0.973073 
0.445973 
0.475509 
0.880800 
0.605324 
0.678863 
0.642458 
0.786324 
0.749251 
0.653245 
0.095579 
0.393682 
0.614453 
0.113478 
0.222967 
0.408237 
0.239137 
0.173979 
0.063602 
0.955848 
0.945060 
0.631626 
0.746016 
0.291566 
0.354497 
0.027507 
0.309518 
0.062034 
0.597263 
0.197617 
0.354899 
0.793708 
0.857341 
0.331679 
0.523666 
0.252282 
0.110888 
0.699166 
0.880798 
0.567084 
0.985230 
0.754853 
0.821780 
0.648529 
0.818661 
0.235584 
0.460675 
0.572214 
0.203988 
0.431816 
0.539843 
0.142456 
0.254647 
0.850053 
0.840704 
0.709170 
0.018289 
0.377146 
0.700394 
0.518026 
0.456034 
0.569641 
0.949320 
0.225836 
0.623610 
0.014443 
0.745659 
0.284484 
0.314434 
0.696088 
0.152661 
0.765561 
0.787552 
0.384710 
0.814655 
0.913187 
0.933219 
0.613114 
0.603783 
0.786666 
0.494886 
0.541957 
0.675604 
0.884232 
0.288592 
0.372610 
0.463426 
0.793749 
0.543925 
0.747219 
0.511766 
0.252406 
0.182325 
0.331705 
0.963844 
0.332101 
0.621024 
0.558536 
0.308531 
0.488601 
0.915579 
0.143124 
0.489533 
0.581075 
0.126005 
0.770598 
0.444637 
0.011427 
0.046728 
0.359790 
0.994652 
0.111543 
0.701092 
0.258018 
0.504365 
0.866831 
0.831613 
0.916919 
0.664817 
0.573263 
0.837385 
0.933837 
0.001148 
0.288439 
0.798079 
0.318789 
0.889381 
0.831128 
0.767869 
0.573668 
0.643634 
0.560523 
0.703226 
0.127567 
0.022698 
0.488934 
0.522140 
0.605341 
0.962983 
0.858781 
0.526336 
0.124990 
0.702265 
0.970920 
0.254384 
0.440270 
0.610899 
0.379168 
0.684156 
0.611692 
0.708939 
0.134930 
0.773585 
0.651179 
0.367717 
0.213270 
0.429936 
0.928245 
0.020838 
0.219294 
0.681099 
0.233331 
0.594243 
0.450312 
0.395138 
0.077429 
0.356330 
0.845816 
0.629392 
0.186323 
0.530195 
0.985039 
0.547740 
0.872341 
0.432783 
0.791651 
0.278736 
0.708424 
0.488248 
0.983716 
0.312744 
0.280866 
0.510636 
0.255452 
0.377627 
0.777536 
0.039976 
0.883963 
0.769091 
0.114554 
0.302412 
0.643417 
0.914569 
0.166931 
0.610196 
0.565491 
0.207550 
0.290393 
0.635654 
0.440307 
0.231640 
0.167297 
0.764681 
0.988255 
0.609607 
0.663835 
0.070276 
0.127333 
0.082849 
0.445619 
0.513710 
0.918380 
0.206299 
0.271669 
0.937221 
0.874465 
0.136492 
0.024253 
0.624062 
0.602656 
0.838909 
0.536724 
0.722843 
0.826466 
0.410949 
0.814104 
0.651086 
0.800917 
0.005773 
0.022459 
0.465085 
0.683744 
0.684987 
0.584156 
0.911338 
0.850277 
0.606009 
0.196735 
0.516823 
0.248865 
0.682149 
0.877364 
0.856118 
0.779250 
0.846650 
0.651537 
0.390601 
0.828127 
0.328500 
0.099719 
0.974362 
0.107603 
0.477087 
0.401438 
0.974208 
0.519391 
0.404397 
0.698967 
0.540981 
0.262910 
0.725641 
0.856207 
0.263653 
0.224314 
0.046182 
0.185172 
0.191745 
0.660493 
0.910942 
0.208617 
0.219008 
0.874581 
0.089970 
0.119249 
0.223692 
0.592884 
0.606901 
0.187550 
0.153140 
0.817526 
0.152438 
0.030317 
0.536632 
0.166218 
0.618093 
0.290391 
0.596115 
0.911401 
0.913552 
0.066831 
0.224597 
0.806446 
0.940206 
0.039285 
0.264834 
0.058823 
0.630354 
0.354107 
0.476781 
0.260077 
0.118119 
0.226292 
0.290533 
0.983228 
0.120625 
0.337269 
0.484919 
0.026913 
0.328909 
0.971553 
0.887712 
0.782281 
0.804321 
0.215507 
0.022335 
0.386033 
0.064937 
0.397962 
0.552561 
0.893021 
0.999307 
0.344846 
0.821293 
0.464502 
0.885137 
0.505770 
0.476373 
0.404820 
0.801804 
0.923686 
0.384279 
0.570169 
0.828054 
0.111124 
0.659849 
0.077706 
0.996882 
0.598842 
0.737923 
0.278245 
0.470412 
0.207062 
0.088389 
0.559831 
0.085067 
0.727984 
0.233558 
0.413246 
0.418641 
0.101788 
0.747704 
0.654102 
0.484132 
0.802587 
0.086754 
0.080165 
0.338699 
0.522485 
0.401753 
0.268865 
0.806137 
0.738942 
0.392965 
0.568599 
0.436849 
0.114180 
0.020139 
0.471648 
0.988811 
0.954135 
0.152122 
0.712870 
0.211847 
0.508975 
0.334911 
0.844577 
0.813026 
0.528940 
0.895564 
0.747702 
0.634387 
0.140443 
0.432781 
0.747072 
0.039494 
0.780509 
0.017097 
0.341532 
0.121218 
0.314732 
0.697208 
0.983124 
0.366892 
0.349702 
0.444321 
0.705352 
0.846350 
0.597080 
0.130111 
0.776526 
0.065701 
0.231384 
0.876811 
0.565381 
0.350180 
0.479435 
0.869380 
0.673698 
0.845323 
0.335279 
0.042271 
0.455919 
0.627981 
0.476384 
0.590242 
0.195081 
0.724979 
0.723204 
0.891558 
0.409097 
0.692171 
0.322721 
0.968153 
0.740973 
0.530062 
0.750610 
0.509225 
0.552854 
0.820119 
0.745370 
0.431039 
0.470495 
0.611582 
0.859850 
0.490952 
0.437742 
0.136410 
0.649137 
0.040071 
0.480730 
0.634779 
0.734809 
0.936928 
0.946263 
0.843601 
0.397710 
0.305190 
0.335395 
0.990951 
0.918251 
0.041549 
0.314082 
0.771918 
0.623926 
0.316926 
0.570192 
0.224350 
0.658564 
0.490943 
0.285786 
0.198716 
0.816201 
0.889110 
0.272049 
0.323218 
0.316541 
0.099585 
0.727247 
0.846333 
0.321373 
0.316910 
0.312235 
0.738853 
0.907145 
0.382595 
0.277641 
0.303934 
0.225651 
0.508042 
0.662512 
0.845367 
0.088067 
0.135962 
0.109439 
0.349570 
0.225882 
0.398538 
0.228536 
0.006636 
0.527296 
0.262447 
0.939922 
0.275335 
0.555502 
0.321176 
