0.000001 
0.011653 
0.859767 
0.096325 
0.930046 
0.290417 
0.030228 
0.049434 
0.829563 
0.472348 
0.757722 
0.034593 
0.410978 
0.307400 
0.477873 
0.604375 
0.723588 
0.341433 
0.462599 
0.905904 
0.528092 
0.636616 
0.604569 
0.986221 
0.419941 
0.942500 
0.596950 
0.935722 
0.685335 
0.423042 
0.072795 
0.467717 
0.912881 
0.792508 
0.674661 
0.025926 
0.740763 
0.998828 
0.295214 
0.654667 
0.989281 
0.840901 
0.017376 
0.041337 
0.746838 
0.111158 
0.229280 
0.504095 
0.328914 
0.065141 
0.816583 
0.310724 
0.342598 
0.046132 
0.336285 
0.945554 
0.929221 
0.424383 
0.610211 
0.810863 
0.180284 
0.028454 
0.234590 
0.758734 
0.040049 
0.110105 
0.531284 
0.289171 
0.101280 
0.220968 
0.812373 
0.552864 
0.987658 
0.574801 
0.674171 
0.793869 
0.559833 
0.119151 
0.575052 
0.894736 
0.834570 
0.619960 
0.669044 
0.627007 
0.109943 
0.819979 
0.390149 
0.238302 
0.138466 
0.192782 
0.084026 
0.227174 
0.113207 
0.661704 
0.264543 
0.168124 
0.666543 
0.588267 
0.009342 
0.013418 
0.522583 
0.045620 
0.728962 
0.659221 
0.529951 
0.889046 
0.194013 
0.782128 
0.217040 
0.795813 
0.236897 
0.532172 
0.207757 
0.775350 
0.308110 
0.400595 
0.796983 
0.893841 
0.787006 
0.203142 
0.206193 
0.484611 
0.861752 
0.466406 
0.882669 
0.018797 
0.921374 
0.529079 
0.227188 
0.354008 
0.816370 
0.729096 
0.915383 
0.848904 
0.524512 
0.478094 
0.323027 
0.114397 
0.676642 
0.320882 
0.062157 
0.671720 
0.603743 
0.101600 
0.597676 
0.141290 
0.653607 
0.169640 
0.134136 
0.416219 
0.398164 
0.941457 
0.070665 
0.659870 
0.438470 
0.362764 
0.981774 
0.674405 
0.716821 
0.613065 
0.775691 
0.036378 
0.406955 
0.688799 
0.639748 
0.250645 
0.591840 
0.054648 
0.469317 
0.807816 
0.956110 
0.339723 
0.730425 
0.246535 
0.513644 
0.813648 
0.989814 
0.802414 
0.177849 
0.115068 
0.952546 
0.441451 
0.474952 
0.518490 
0.263182 
0.300976 
0.504844 
0.913035 
0.384687 
0.437010 
0.820296 
0.709607 
0.368298 
0.986276 
0.349048 
0.451019 
0.282774 
0.586134 
0.147924 
0.162847 
0.974409 
0.892580 
0.585700 
0.859649 
0.123790 
0.540536 
0.791826 
0.226929 
0.993218 
0.013119 
0.488411 
0.731077 
0.206356 
0.217564 
0.594296 
0.333706 
0.591436 
0.272567 
0.031321 
0.414972 
0.428589 
0.300334 
0.706247 
0.887551 
0.073677 
0.285835 
0.036364 
0.174128 
0.571139 
0.137018 
0.867870 
0.299294 
0.237814 
0.939029 
0.261353 
0.567333 
0.160762 
0.927121 
0.128882 
0.125562 
0.327932 
0.559633 
0.751363 
0.154822 
0.101727 
0.720352 
0.951728 
0.684698 
0.717070 
0.797034 
0.745694 
0.886018 
0.308831 
0.521152 
0.001800 
0.255429 
0.990613 
0.233912 
0.356794 
0.634940 
0.429201 
0.582790 
0.946140 
0.783168 
0.707301 
0.603227 
0.432464 
0.425892 
0.971185 
0.699527 
0.957801 
0.765746 
0.894597 
0.491989 
0.860751 
0.639610 
0.928170 
0.753209 
0.175287 
0.042669 
0.130113 
0.817567 
0.849862 
0.625694 
0.038103 
0.396773 
0.572153 
0.181403 
0.835955 
0.904050 
0.374869 
0.420174 
0.861727 
0.038194 
0.924129 
0.829198 
0.338056 
0.702451 
0.094268 
0.354877 
0.412251 
0.705547 
0.128275 
0.916236 
0.177131 
0.040147 
0.744572 
0.014498 
0.660264 
0.053482 
0.863597 
0.467805 
0.397559 
0.773994 
0.515492 
0.873252 
0.751234 
0.994392 
0.752999 
0.649186 
0.876061 
0.952646 
0.128480 
0.365951 
0.534926 
0.509669 
0.008371 
0.690171 
0.709373 
0.426461 
0.532363 
0.416866 
0.266925 
0.203212 
0.383388 
0.609477 
0.480685 
0.867349 
0.533917 
0.545849 
0.090277 
0.286602 
0.916776 
0.251258 
0.897853 
0.223284 
0.736954 
0.978337 
0.902886 
0.802974 
0.586484 
0.029378 
0.758335 
0.329196 
0.797519 
0.902477 
0.936501 
0.776518 
0.944345 
0.606441 
0.460685 
0.736435 
0.261397 
0.298292 
0.395561 
0.197398 
0.675254 
0.987235 
0.459058 
0.385654 
0.679324 
0.401238 
0.614129 
0.663883 
0.882630 
0.355129 
0.648477 
0.953362 
0.154651 
0.225043 
0.296328 
0.392686 
0.866258 
0.192985 
0.501629 
0.885425 
0.334092 
0.084012 
0.996241 
0.827692 
0.015462 
0.875100 
0.805250 
0.837832 
0.442777 
0.748142 
0.014371 
0.539302 
0.049819 
0.310071 
0.364753 
0.410686 
0.396581 
0.330409 
0.177252 
0.066660 
0.350207 
0.922995 
0.773523 
0.605334 
0.841549 
0.918460 
0.554157 
0.709543 
0.285809 
0.600185 
0.310119 
0.175323 
0.647866 
0.684195 
0.265922 
0.347263 
0.450629 
0.714063 
0.262856 
0.822979 
0.813873 
0.768213 
0.352699 
0.804088 
0.308458 
0.253889 
0.119509 
0.580679 
0.468770 
0.623399 
0.467893 
0.870810 
0.710310 
0.172553 
0.091386 
0.921539 
0.309545 
0.525644 
0.501219 
0.990088 
0.412764 
0.326551 
0.342662 
0.113609 
0.432899 
0.733475 
0.513965 
0.211730 
0.548430 
0.461292 
0.933341 
0.661729 
0.672132 
0.524593 
0.836118 
0.628488 
0.994299 
0.188883 
0.559150 
0.641209 
0.806481 
0.530549 
0.934645 
0.574287 
0.038274 
0.263072 
0.445532 
0.052182 
0.025671 
0.446011 
0.111433 
0.852238 
0.560174 
0.836682 
0.111566 
0.096050 
0.312496 
0.126950 
0.645739 
0.930249 
0.692257 
0.771374 
0.481200 
0.530506 
0.210831 
0.433488 
0.635656 
0.464271 
0.000347 
0.830794 
0.151385 
0.321536 
0.062635 
0.714450 
0.754039 
0.132928 
0.112497 
0.728980 
0.966641 
0.334269 
0.066102 
0.971195 
0.879213 
0.933879 
0.708338 
0.042976 
0.294993 
0.944710 
0.736954 
0.983205 
0.719390 
0.789485 
0.866866 
0.410600 
0.950948 
0.590947 
0.051373 
0.424842 
0.315483 
0.314811 
0.021328 
0.466887 
0.964538 
0.989572 
0.734917 
0.753209 
0.183833 
0.681933 
0.251125 
0.663511 
0.631685 
0.729125 
0.410824 
0.717044 
0.363829 
0.866045 
0.620224 
0.106729 
0.789027 
0.172919 
0.241832 
0.470805 
0.819256 
0.235618 
0.027946 
0.694174 
0.988952 
0.310679 
0.574745 
0.742199 
0.142519 
0.322461 
0.602792 
0.119653 
0.015869 
0.714627 
0.730611 
0.373741 
0.462266 
0.299054 
0.198977 
0.205769 
0.356808 
0.873503 
0.964059 
0.944221 
0.519462 
0.594099 
0.021218 
0.617218 
0.586764 
0.738935 
0.280039 
0.609853 
0.807655 
0.251426 
0.721670 
0.109549 
0.182044 
0.615136 
0.584282 
0.029075 
0.660371 
0.850142 
0.335932 
0.003595 
0.415094 
0.484850 
0.881101 
0.670574 
0.329962 
0.673798 
0.527655 
0.303605 
0.695515 
0.512327 
0.675033 
0.286200 
0.159809 
0.918025 
0.242488 
0.504037 
0.347629 
0.594188 
0.510076 
0.839883 
0.920837 
0.505432 
0.788215 
0.529624 
0.387265 
0.759704 
0.352731 
0.347301 
0.083257 
0.308092 
0.107865 
0.889093 
0.987975 
0.896121 
0.110161 
0.475747 
0.874831 
0.284747 
0.742938 
0.564282 
0.890593 
0.190809 
0.932238 
0.126538 
0.728473 
0.440039 
0.728683 
0.980125 
0.953319 
0.424302 
0.250191 
0.963267 
0.621025 
0.560430 
0.140676 
0.345089 
0.908911 
0.072796 
0.477656 
0.965872 
0.411267 
0.160328 
0.640318 
0.818929 
0.745490 
0.453404 
0.361102 
0.049259 
0.888539 
0.676169 
0.367326 
0.653419 
0.007434 
0.948525 
0.863813 
0.105611 
0.003017 
0.706225 
0.517912 
0.543943 
0.046468 
0.990634 
0.577505 
0.128769 
0.219795 
0.087293 
0.130047 
0.692339 
0.135909 
0.226101 
0.074036 
0.319982 
0.934098 
0.388751 
0.740152 
0.742598 
0.838448 
0.792485 
0.292249 
0.826522 
0.353510 
0.436082 
0.222459 
0.870905 
0.295243 
0.153105 
0.236394 
0.077055 
0.068328 
0.388386 
0.600538 
0.241631 
0.086503 
0.854294 
0.115378 
0.161950 
0.887071 
0.000722 
0.136601 
0.857283 
0.352498 
0.436378 
0.203607 
0.016933 
0.591792 
0.240119 
0.674016 
0.183908 
0.943630 
0.589490 
0.553108 
0.078102 
0.668236 
0.040211 
0.826669 
0.823700 
0.918926 
0.396672 
0.860143 
0.421784 
0.927331 
0.646342 
0.074452 
0.317124 
0.898974 
0.060244 
0.514648 
0.692904 
0.642107 
0.890478 
0.255771 
0.740271 
0.733047 
0.317955 
0.871657 
0.945700 
0.386944 
0.367532 
0.105145 
0.170441 
0.608615 
0.000696 
0.702465 
0.324637 
0.169671 
0.654910 
0.072180 
0.131908 
0.979885 
0.935409 
0.423088 
0.834277 
0.699890 
0.043915 
0.074393 
0.328559 
0.097878 
0.040787 
0.499185 
0.797612 
0.469363 
0.590914 
0.495654 
0.452657 
0.803975 
0.403543 
0.350869 
0.050902 
0.514519 
0.521486 
0.614324 
0.949440 
0.235319 
0.003018 
0.725759 
0.836231 
0.534827 
0.837197 
0.777658 
0.099634 
0.552131 
0.666128 
0.611122 
0.123515 
0.913524 
0.599174 
0.315605 
0.366024 
0.760223 
0.065781 
0.577614 
0.954825 
0.748062 
0.676673 
0.837477 
0.476939 
0.912222 
0.723000 
0.468640 
0.436688 
0.415272 
0.476973 
0.487500 
0.408118 
0.237848 
0.514635 
0.471058 
0.071964 
0.502015 
0.359131 
0.920159 
0.115951 
0.791264 
0.772393 
0.609781 
0.582116 
0.617643 
0.728662 
0.626740 
0.627570 
0.577189 
0.820784 
0.924196 
0.956884 
0.354874 
0.362115 
0.074476 
0.720581 
0.803491 
0.270208 
0.387599 
0.376760 
0.207121 
0.087488 
0.410790 
0.149288 
0.086525 
0.233552 
0.305054 
0.040258 
0.613814 
0.368280 
0.679812 
0.592340 
0.457813 
0.460908 
0.486651 
0.144106 
0.989766 
0.989826 
0.003920 
0.881281 
0.685299 
0.817493 
0.599513 
0.017122 
0.776224 
0.993047 
0.145537 
0.042836 
0.941024 
0.798019 
0.301776 
0.948425 
0.186325 
0.559176 
0.069468 
0.554248 
0.253779 
0.269864 
0.597518 
0.484949 
0.544471 
0.922839 
0.151510 
0.420936 
0.679692 
0.575312 
0.275977 
0.346062 
0.257351 
0.306146 
0.390347 
0.557246 
0.631359 
0.252976 
0.762771 
0.895078 
0.573271 
0.966192 
0.782754 
0.753540 
0.752310 
0.081273 
0.949078 
0.149675 
0.586638 
0.628116 
0.749350 
0.320826 
0.115174 
0.730893 
0.115362 
0.894288 
0.294716 
0.298703 
0.302089 
0.217763 
0.948326 
0.510503 
0.030290 
0.079853 
0.094750 
0.469068 
0.634091 
0.169071 
0.577450 
0.201571 
0.806495 
0.769167 
0.390267 
0.224955 
0.822146 
0.803373 
0.292164 
0.395486 
0.932023 
0.514129 
0.963137 
0.447078 
0.045942 
0.139119 
0.180644 
0.087841 
0.341691 
0.800521 
0.355738 
0.890025 
0.645237 
0.501249 
0.494427 
0.839370 
0.289119 
0.215813 
0.167155 
0.381825 
0.335588 
0.235185 
0.751419 
0.093337 
0.718667 
0.643773 
0.899597 
0.533507 
0.645817 
0.246276 
0.165947 
0.073117 
0.876833 
0.939778 
0.854889 
0.126838 
0.774391 
0.192802 
0.414878 
0.855630 
0.572597 
0.637381 
0.466737 
0.448767 
0.430649 
0.915308 
0.585602 
0.220901 
0.689406 
0.853332 
0.958003 
0.160622 
0.567111 
0.435019 
0.363076 
0.215251 
0.730260 
0.484562 
0.038981 
0.161814 
0.606357 
0.047728 
0.167239 
0.787738 
0.520775 
0.664053 
0.743817 
0.334331 
0.108981 
0.644541 
0.799606 
0.981258 
0.008258 
0.792472 
0.084193 
0.025962 
0.341624 
0.680974 
0.138220 
0.059895 
0.661166 
0.213472 
0.820741 
0.201110 
0.049100 
0.223551 
0.217777 
0.176644 
0.862397 
0.304354 
0.280152 
0.513367 
0.165411 
0.066680 
0.689456 
0.691497 
0.997424 
0.712602 
0.702989 
0.142310 
0.797136 
0.458425 
0.747113 
0.733145 
0.974672 
0.316803 
0.502724 
0.281470 
0.667416 
0.261544 
0.762980 
0.407341 
0.181069 
0.233449 
0.578408 
0.304976 
0.723236 
0.434825 
0.104661 
0.035611 
0.521628 
0.005938 
0.792892 
0.132096 
0.144932 
0.869237 
0.260226 
0.616828 
0.032837 
0.890539 
0.293547 
0.650979 
0.998770 
0.325448 
0.807338 
0.933808 
0.503054 
0.828988 
0.808559 
0.448443 
0.984091 
0.611632 
0.707359 
0.586493 
0.182478 
0.900546 
0.480509 
0.911400 
0.895176 
0.216104 
0.063301 
0.895936 
0.002732 
0.923116 
0.804075 
0.084467 
0.642393 
0.695187 
0.013903 
0.670436 
0.011486 
0.050977 
0.762614 
0.247175 
0.261871 
0.261928 
0.224971 
0.081339 
0.071841 
0.429224 
0.970555 
0.117392 
0.004462 
0.986737 
0.088772 
0.984310 
0.298447 
0.002447 
0.119251 
0.252024 
0.759677 
0.898167 
0.501028 
0.770539 
0.449780 
0.453949 
0.520592 
0.589621 
0.754501 
0.895614 
0.577658 
0.690668 
0.062441 
0.444671 
0.581531 
0.785368 
0.673880 
0.904862 
0.008185 
0.564061 
0.176041 
0.725801 
0.534218 
0.600925 
0.742252 
0.031024 
0.412936 
0.208205 
0.293180 
0.482031 
0.494173 
0.564756 
0.848453 
0.945331 
0.179451 
0.039328 
0.988241 
0.359656 
0.741495 
0.303101 
0.218070 
0.095588 
0.546085 
0.049802 
0.015917 
0.516986 
0.984651 
0.031372 
0.273790 
0.596233 
0.894759 
0.219823 
0.567581 
0.341029 
0.679751 
0.577205 
0.085926 
0.161382 
0.353990 
0.504043 
0.450585 
0.973791 
0.498089 
0.382369 
0.473845 
0.913528 
0.660141 
0.994974 
0.531484 
0.644751 
0.322560 
0.269675 
0.432386 
0.104206 
0.395674 
0.095136 
0.958123 
0.165761 
0.943047 
0.785381 
0.902825 
0.779778 
0.730675 
0.456370 
0.216037 
0.938878 
0.730376 
0.430487 
0.200012 
0.602309 
0.999208 
0.695337 
0.522450 
0.819980 
0.407383 
0.884511 
0.981385 
0.140372 
0.237483 
0.375302 
0.705451 
0.521811 
0.075228 
0.361881 
0.138118 
0.343119 
0.795034 
0.141206 
0.245103 
0.445445 
0.599905 
0.610627 
0.811214 
0.075653 
0.498129 
0.055640 
0.143608 
0.616975 
0.496390 
0.829340 
0.714447 
0.704905 
0.338694 
0.422284 
0.323452 
0.253924 
0.708498 
0.720001 
0.058503 
0.256377 
0.931879 
0.082296 
0.146992 
0.494550 
0.901000 
0.104809 
0.525391 
0.243557 
0.460272 
0.783410 
0.775033 
0.974001 
0.031859 
0.456009 
0.144528 
0.079744 
0.255945 
0.665744 
0.163641 
0.320576 
0.915020 
0.740743 
0.673916 
0.503939 
0.699716 
0.129054 
0.009039 
0.926756 
0.984095 
0.678118 
0.120870 
0.453705 
0.415348 
0.758228 
0.538797 
0.555414 
0.850945 
0.839072 
0.279452 
0.746085 
0.444813 
0.973731 
0.494154 
0.241057 
0.445535 
0.109205 
0.409995 
0.786389 
0.836294 
0.594330 
0.896805 
0.603756 
0.319893 
0.449663 
0.484936 
0.323086 
0.113426 
0.343761 
0.584655 
0.292847 
0.876809 
0.524918 
0.299816 
0.999920 
0.648198 
0.267081 
0.826329 
0.114614 
0.311685 
0.493501 
0.265709 
0.770644 
0.207598 
0.104242 
0.987168 
0.326551 
0.341558 
0.566781 
0.892549 
0.063806 
0.393785 
0.338485 
0.915139 
0.741367 
0.152548 
0.870030 
0.598339 
0.286885 
0.670004 
0.753820 
0.456209 
0.501156 
0.927087 
0.555765 
0.744875 
0.105793 
0.069122 
0.739334 
0.992567 
0.071526 
0.136000 
0.755225 
0.058621 
0.243438 
0.455524 
0.984364 
0.204936 
0.366758 
0.105694 
0.403554 
0.524951 
0.845924 
0.443701 
0.276370 
0.955986 
0.258621 
0.648717 
0.990915 
0.315714 
0.210315 
0.771537 
0.215561 
0.939852 
0.087089 
0.699279 
0.787528 
0.986872 
0.354271 
0.227844 
0.371063 
0.456134 
0.251465 
0.367690 
0.764733 
0.867759 
0.431625 
0.323127 
0.796151 
0.911171 
0.059331 
0.178455 
0.293997 
0.210578 
0.189866 
0.084631 
0.390865 
0.267165 
0.246557 
0.882415 
0.742688 
0.356990 
0.937980 
0.637309 
0.252969 
0.647817 
0.868046 
0.242299 
0.313054 
0.497571 
0.681012 
0.760987 
0.916311 
0.443469 
0.380419 
0.708124 
0.440443 
0.530346 
0.525666 
0.870679 
0.494453 
0.273209 
0.823329 
0.685638 
0.519918 
0.268097 
0.900164 
0.059395 
0.259269 
0.531002 
0.549968 
0.314435 
0.707350 
0.435538 
0.081620 
0.785092 
0.036764 
0.896925 
0.610390 
0.819547 
0.120642 
0.626861 
0.646155 
0.935045 
0.301090 
0.424872 
0.815525 
0.527171 
0.156574 
0.541116 
0.528871 
0.729905 
0.509536 
0.777699 
0.789795 
0.080441 
0.965860 
0.214355 
0.669579 
0.610411 
0.181610 
0.321797 
0.440276 
0.718559 
0.812982 
0.790968 
0.802907 
0.455057 
0.137497 
0.919326 
0.114224 
0.769075 
0.848747 
0.884514 
0.019860 
0.780139 
0.793247 
0.099351 
0.789191 
0.925171 
0.346562 
0.660829 
0.559249 
0.293395 
0.091247 
0.592091 
0.270744 
0.401941 
0.417303 
0.616778 
0.181586 
0.919936 
0.369468 
0.652080 
0.504658 
0.791629 
0.905566 
0.855148 
0.470880 
0.086776 
0.438097 
0.087902 
0.376290 
0.306887 
0.845700 
0.685564 
0.277420 
0.591927 
0.510423 
0.681752 
0.198192 
0.008499 
0.840787 
0.109714 
0.968552 
0.460764 
0.058802 
0.280695 
0.640346 
0.297801 
0.148133 
0.676253 
0.786724 
0.478214 
0.344273 
0.195101 
0.062757 
0.762603 
0.061658 
0.290141 
0.393371 
0.382244 
0.366744 
0.863288 
0.283641 
0.161306 
0.075388 
0.044056 
0.453492 
0.843088 
0.781746 
0.801139 
0.747849 
0.105868 
0.327023 
0.281871 
0.413582 
0.072629 
0.683001 
0.189406 
0.351607 
0.453921 
0.049648 
0.434757 
0.959843 
0.082575 
0.841914 
0.040590 
0.199705 
0.439198 
0.599606 
0.575047 
0.819869 
0.544089 
0.499448 
0.221882 
0.175614 
0.546367 
0.791180 
0.370268 
0.088884 
0.866223 
0.611909 
0.347011 
0.212673 
0.396397 
0.247703 
0.152493 
0.953116 
0.025694 
0.834152 
0.596498 
0.342587 
0.854816 
0.895054 
0.173453 
0.226747 
0.929265 
0.152901 
0.805220 
0.332280 
0.627814 
0.666749 
0.050450 
0.906834 
0.162219 
0.416042 
0.419503 
0.580054 
0.974274 
0.630211 
0.957281 
0.029162 
0.130155 
0.515217 
0.259835 
0.039720 
0.569513 
0.801084 
0.812982 
0.785537 
0.515682 
0.064963 
0.834306 
0.178863 
0.156549 
0.120112 
0.716633 
0.452808 
0.342990 
0.629697 
0.318285 
0.409401 
0.796146 
0.822796 
0.734627 
0.883157 
0.216707 
0.202933 
0.702734 
0.856825 
0.650482 
0.652151 
0.694376 
0.376956 
0.493015 
0.096302 
0.549708 
0.948526 
0.878386 
0.028972 
0.940127 
0.712770 
0.530508 
0.245948 
0.643544 
0.036736 
0.427413 
0.526941 
0.300663 
0.240578 
0.387521 
0.065608 
0.681474 
0.527861 
0.754189 
0.654005 
0.854040 
0.848997 
0.099037 
0.513388 
0.512957 
0.265238 
0.854999 
0.967906 
0.592136 
0.033189 
0.813262 
0.487792 
0.312630 
0.365855 
0.923868 
0.455980 
0.652797 
0.560515 
0.573551 
0.677956 
0.398115 
0.114899 
0.101783 
0.670583 
0.480737 
0.749287 
0.264187 
0.198397 
0.456343 
0.761051 
0.989565 
0.614970 
0.805068 
0.776665 
0.410011 
0.060445 
0.895021 
0.625897 
0.448475 
0.514108 
0.613721 
0.810989 
0.290727 
0.245330 
0.254563 
0.436008 
0.987755 
0.206372 
0.488403 
0.590993 
0.811486 
0.637902 
0.215585 
0.332923 
0.440960 
0.220981 
0.031754 
0.688604 
0.360445 
0.996649 
0.672603 
0.438821 
0.267470 
0.376030 
0.932604 
0.271303 
0.781304 
0.380286 
0.458661 
0.717837 
0.693035 
0.846099 
0.378534 
0.026159 
0.662572 
0.847542 
0.633376 
0.153074 
0.717482 
0.727088 
0.168650 
0.508689 
0.534396 
0.590700 
0.887314 
0.086971 
0.725782 
0.218870 
0.548827 
0.137005 
0.641258 
0.622639 
0.685710 
0.724459 
0.985994 
0.604093 
0.983900 
0.399244 
0.101451 
0.092760 
0.025279 
0.858580 
0.149766 
0.119362 
0.120084 
0.251254 
0.821312 
0.783716 
0.916902 
0.380046 
0.439304 
0.382132 
0.490137 
0.732447 
0.239485 
0.032674 
0.147201 
0.010359 
0.095416 
0.661277 
0.089554 
0.138551 
0.619709 
0.448174 
0.456333 
0.581209 
0.382731 
0.560272 
0.483686 
0.318317 
0.946869 
0.022209 
0.262693 
0.073787 
0.140419 
0.019869 
0.944907 
0.058301 
0.858199 
0.750418 
0.273820 
0.094311 
0.091135 
0.698133 
0.520627 
0.180785 
0.461328 
0.543626 
0.715372 
0.263946 
0.144580 
0.959757 
0.627919 
0.439383 
0.701775 
0.734285 
0.123849 
0.531480 
0.580410 
0.950404 
0.438322 
0.869651 
0.224748 
0.332203 
0.341347 
0.011285 
0.670008 
0.832749 
0.014802 
0.780830 
0.413668 
0.513354 
0.948269 
0.550748 
0.419792 
0.443587 
0.370422 
0.689977 
0.450112 
0.040740 
0.718356 
0.404027 
0.481973 
0.525902 
0.841144 
0.113596 
0.209660 
0.749606 
0.627755 
0.675367 
0.895750 
0.869461 
0.032708 
0.724545 
0.421452 
0.344429 
0.822859 
0.795891 
0.538767 
0.054002 
0.619472 
0.472895 
0.941450 
0.947485 
0.386623 
0.966304 
0.668338 
0.758224 
0.475771 
0.281607 
0.961286 
0.329559 
0.904889 
0.467757 
0.594519 
0.076166 
0.120197 
0.159166 
0.103305 
0.249161 
0.646063 
0.377183 
0.309747 
0.918673 
0.130815 
0.610262 
0.673658 
0.169124 
0.470384 
0.742434 
0.084521 
0.538669 
0.402686 
0.935401 
0.283543 
0.515515 
0.256995 
0.312063 
0.834550 
0.286267 
0.292371 
0.882885 
0.644269 
0.223278 
0.627322 
0.397000 
0.383533 
0.031926 
0.583022 
0.849096 
0.757351 
0.792242 
0.213466 
0.724391 
0.839400 
0.791978 
0.781777 
0.320317 
0.570102 
0.696127 
0.800825 
0.462100 
0.509125 
0.871335 
0.531723 
0.675080 
0.074245 
0.831235 
0.573522 
0.182922 
0.369939 
0.567059 
0.563639 
0.077282 
0.874284 
0.083222 
0.713116 
0.342135 
0.261289 
0.487646 
0.865199 
0.394898 
0.049933 
0.221325 
0.813382 
0.519603 
0.969347 
0.819155 
0.543267 
0.691252 
0.866119 
0.860375 
0.321562 
0.497171 
0.955523 
0.472738 
0.305552 
0.415052 
0.780923 
0.977822 
0.261079 
0.961147 
0.990164 
0.681559 
0.969689 
0.566285 
0.555697 
0.591894 
0.958844 
0.293057 
0.401899 
0.723151 
0.004196 
0.523139 
0.405135 
0.112113 
0.286008 
0.929468 
0.564431 
0.390147 
0.203435 
0.137620 
0.971071 
0.797688 
0.749131 
0.650031 
0.077939 
0.922229 
0.902636 
0.609692 
0.086512 
0.009405 
0.062801 
0.503830 
0.874035 
0.914600 
0.688715 
0.234532 
0.772322 
0.411845 
0.882111 
0.644607 
0.904870 
0.142313 
0.858674 
0.740053 
0.071762 
0.099133 
0.123460 
0.992885 
0.414541 
0.194739 
0.975055 
0.751784 
0.239815 
0.578275 
0.061586 
0.073954 
0.947244 
0.337596 
0.970843 
0.965663 
0.901923 
0.616125 
0.213845 
0.099775 
0.916235 
0.154254 
0.555192 
0.110215 
0.380162 
0.381629 
0.035780 
0.352183 
0.146238 
0.814165 
0.666659 
0.538919 
0.619197 
0.839528 
0.940113 
0.484639 
0.335521 
0.106411 
0.450848 
0.404533 
0.986091 
0.223423 
0.073031 
0.429644 
0.024297 
0.363552 
0.213644 
0.718987 
0.011739 
0.300805 
0.623104 
0.515601 
0.704607 
0.330584 
0.128575 
0.966569 
0.117206 
0.887743 
0.298751 
0.114498 
0.366324 
0.803191 
0.228798 
0.400602 
0.919231 
0.514092 
0.342138 
0.318203 
0.030441 
0.627102 
0.698657 
0.333283 
0.492528 
0.921832 
0.223824 
0.812810 
0.905895 
0.370375 
0.887109 
0.646116 
0.268763 
0.094572 
0.476977 
0.553844 
0.453948 
0.504164 
0.491803 
0.738930 
0.188987 
0.299226 
0.095336 
0.315791 
0.507630 
0.738375 
0.864979 
0.703020 
0.649897 
0.811923 
0.997201 
0.960069 
