0.000001 
0.014267 
0.793388 
0.468502 
0.119190 
0.234674 
0.162597 
0.762335 
0.570379 
0.357348 
0.945149 
0.124287 
0.896046 
0.849826 
0.024957 
0.460561 
0.643452 
0.505327 
0.033793 
0.966731 
0.853399 
0.076931 
0.986655 
0.704420 
0.185730 
0.562241 
0.591162 
0.651996 
0.094268 
0.366828 
0.270454 
0.514874 
0.487026 
0.451807 
0.527808 
0.877276 
0.370994 
0.300109 
0.936316 
0.661154 
0.012397 
0.351888 
0.189172 
0.409911 
0.367687 
0.718362 
0.506365 
0.470091 
0.821095 
0.150269 
0.577993 
0.319980 
0.905008 
0.462793 
0.155170 
0.940057 
0.542626 
0.921189 
0.427410 
0.486369 
0.408769 
0.182587 
0.745237 
0.200250 
0.597052 
0.648570 
0.519497 
0.181437 
0.406067 
0.774228 
0.444564 
0.789034 
0.291136 
0.120122 
0.889197 
0.729499 
0.684739 
0.406456 
0.303102 
0.240500 
0.082889 
0.110938 
0.541080 
0.926819 
0.054014 
0.814521 
0.657651 
0.137290 
0.426073 
0.011713 
0.867145 
0.114263 
0.424698 
0.900797 
0.697959 
0.600061 
0.224384 
0.223245 
0.073896 
0.965387 
0.264384 
0.505147 
0.013363 
0.588153 
0.091404 
0.231518 
0.126720 
0.785640 
0.256994 
0.302060 
0.729257 
0.622665 
0.137503 
0.006355 
0.814429 
0.100258 
0.038214 
0.256194 
0.846012 
0.916271 
0.768898 
0.875384 
0.574193 
0.468273 
0.256619 
0.995478 
0.001118 
0.786777 
0.357397 
0.773242 
0.874575 
0.983977 
0.702985 
0.060814 
0.094148 
0.340205 
0.823290 
0.027902 
0.952665 
0.441214 
0.484427 
0.767996 
0.710291 
0.854411 
0.080298 
0.565192 
0.181682 
0.537443 
0.810295 
0.626439 
0.562023 
0.927654 
0.076442 
0.754159 
0.157374 
0.992156 
0.157672 
0.996266 
0.235571 
0.238829 
0.002071 
0.815525 
0.535177 
0.719731 
0.525360 
0.727956 
0.750789 
0.504784 
0.904342 
0.268400 
0.000664 
0.156693 
0.536981 
0.032527 
0.687960 
0.548879 
0.013050 
0.323574 
0.304378 
0.688227 
0.025179 
0.182516 
0.543209 
0.705982 
0.442432 
0.950758 
0.397804 
0.896886 
0.964597 
0.978958 
0.347481 
0.111225 
0.357560 
0.517785 
0.414583 
0.902759 
0.672597 
0.342862 
0.482650 
0.899174 
0.423336 
0.012205 
0.122721 
0.566246 
0.898368 
0.864605 
0.423438 
0.727126 
0.814396 
0.560051 
0.773925 
0.354434 
0.979306 
0.190476 
0.330021 
0.667794 
0.615976 
0.713156 
0.014170 
0.148081 
0.805452 
0.234727 
0.052040 
0.637344 
0.848430 
0.568891 
0.343379 
0.178936 
0.375545 
0.788304 
0.023592 
0.504106 
0.504053 
0.617764 
0.752483 
0.983376 
0.607837 
0.914803 
0.100707 
0.580188 
0.224191 
0.982009 
0.619701 
0.310437 
0.522799 
0.683144 
0.599059 
0.389660 
0.020966 
0.380116 
0.606717 
0.084762 
0.602417 
0.820725 
0.931687 
0.860743 
0.510334 
0.186985 
0.664496 
0.192408 
0.793441 
0.362274 
0.734596 
0.362468 
0.007662 
0.780848 
0.709458 
0.852520 
0.295816 
0.773834 
0.824763 
0.787075 
0.374648 
0.703087 
0.778475 
0.824049 
0.795872 
0.226393 
0.986264 
0.144248 
0.370179 
0.602703 
0.629481 
0.694856 
0.438859 
0.910892 
0.360669 
0.757352 
0.815948 
0.641426 
0.452912 
0.090649 
0.543941 
0.009152 
0.818460 
0.851329 
0.284940 
0.985607 
0.089892 
0.821316 
0.865369 
0.250646 
0.610373 
0.536130 
0.742720 
0.891328 
0.548928 
0.835077 
0.132076 
0.798185 
0.087533 
0.166426 
0.122733 
0.780383 
0.903789 
0.981826 
0.549698 
0.771509 
0.756694 
0.747795 
0.191443 
0.583395 
0.111632 
0.190818 
0.081377 
0.710629 
0.543492 
0.476953 
0.141159 
0.466379 
0.435525 
0.870347 
0.922501 
0.471092 
0.636613 
0.558816 
0.016312 
0.151227 
0.673829 
0.039680 
0.900319 
0.662508 
0.779908 
0.906007 
0.253047 
0.959736 
0.284396 
0.851248 
0.917368 
0.204044 
0.371497 
0.755914 
0.651070 
0.541386 
0.081180 
0.394369 
0.168060 
0.589384 
0.779410 
0.537638 
0.078461 
0.702163 
0.254887 
0.884343 
0.150509 
0.607023 
0.236392 
0.036084 
0.468007 
0.794524 
0.567097 
0.205143 
0.835162 
0.575728 
0.258585 
0.045265 
0.769761 
0.367346 
0.991893 
0.753696 
0.367500 
0.564718 
0.223095 
0.549907 
0.291787 
0.059187 
0.754902 
0.644832 
0.688481 
0.296764 
0.718058 
0.394431 
0.196085 
0.604008 
0.560901 
0.067066 
0.186165 
0.867124 
0.753405 
0.480362 
0.450601 
0.257676 
0.768278 
0.454221 
0.090080 
0.979530 
0.966707 
0.444338 
0.991359 
0.763279 
0.437975 
0.040532 
0.222450 
0.710206 
0.429839 
0.309024 
0.773235 
0.767370 
0.179355 
0.421281 
0.471307 
0.248530 
0.037271 
0.406137 
0.939011 
0.950498 
0.017925 
0.272970 
0.802532 
0.146980 
0.285641 
0.762821 
0.731944 
0.777419 
0.087689 
0.782711 
0.021470 
0.839145 
0.515040 
0.274388 
0.635055 
0.363308 
0.121760 
0.422599 
0.614320 
0.876381 
0.330066 
0.427335 
0.226778 
0.454070 
0.550823 
0.675705 
0.575526 
0.867686 
0.193947 
0.674235 
0.859289 
0.062009 
0.182872 
0.534811 
0.564300 
0.186523 
0.897655 
0.880681 
0.605327 
0.723254 
0.724792 
0.579712 
0.212799 
0.509016 
0.032084 
0.230745 
0.135127 
0.082692 
0.801073 
0.632021 
0.368799 
0.409422 
0.156613 
0.190242 
0.404557 
0.390933 
0.410128 
0.025137 
0.483668 
0.007954 
0.684342 
0.737552 
0.033061 
0.656220 
0.094926 
0.418569 
0.885695 
0.880031 
0.676718 
0.592033 
0.298169 
0.332546 
0.099519 
0.623534 
0.729760 
0.080810 
0.182056 
0.812579 
0.019601 
0.440143 
0.485899 
0.502007 
0.238284 
0.845172 
0.814171 
0.774577 
0.313480 
0.660984 
0.166197 
0.267550 
0.712860 
0.033734 
0.971992 
0.268988 
0.884875 
0.096237 
0.455778 
0.254188 
0.144476 
0.206783 
0.399518 
0.692501 
0.869277 
0.930147 
0.988418 
0.337206 
0.424532 
0.103535 
0.119410 
0.923829 
0.787483 
0.221085 
0.776314 
0.513883 
0.831605 
0.780255 
0.751960 
0.193127 
0.888782 
0.752337 
0.535836 
0.795351 
0.462393 
0.444950 
0.282032 
0.117851 
0.719180 
0.256795 
0.945440 
0.013451 
0.078450 
0.517022 
0.596971 
0.284841 
0.322988 
0.465255 
0.537880 
0.148643 
0.244265 
0.358748 
0.471951 
0.079998 
0.521465 
0.259500 
0.420739 
0.356826 
0.181987 
0.657517 
0.883600 
0.673062 
0.147529 
0.516507 
0.927811 
0.718444 
0.886067 
0.135225 
0.727740 
0.123376 
0.581509 
0.415979 
0.353355 
0.844865 
0.639258 
0.015990 
0.740365 
0.314005 
0.477311 
0.169162 
0.106949 
0.499970 
0.999007 
0.305799 
0.558708 
0.199780 
0.704448 
0.656126 
0.509460 
0.493447 
0.359525 
0.536306 
0.689763 
0.840067 
0.999817 
0.918203 
0.233625 
0.536674 
0.878902 
0.712157 
0.222240 
0.194429 
0.761574 
0.774977 
0.043672 
0.003445 
0.895754 
0.944696 
0.505465 
0.358507 
0.425170 
0.835883 
0.677517 
0.035787 
0.465290 
0.130352 
0.822281 
0.078366 
0.091035 
0.017358 
0.728321 
0.893002 
0.676297 
0.517253 
0.478435 
0.056257 
0.515715 
0.622232 
0.850973 
0.300225 
0.880543 
0.278484 
0.486536 
0.217661 
0.226290 
0.250978 
0.191247 
0.291326 
0.319503 
0.879301 
0.407185 
0.565419 
0.989274 
0.723677 
0.844385 
0.584821 
0.085162 
0.323476 
0.658587 
0.869834 
0.293185 
0.563574 
0.986388 
0.216608 
0.524177 
0.847178 
0.515214 
0.197184 
0.079726 
0.948909 
0.306778 
0.011246 
0.017250 
0.923529 
0.752905 
0.066577 
0.962231 
0.222419 
0.192053 
0.839037 
0.703063 
0.382601 
0.379649 
0.767465 
0.785420 
0.553862 
0.750685 
0.759402 
0.267594 
0.458681 
0.058793 
0.136776 
0.791960 
0.471532 
0.030857 
0.619524 
0.346247 
0.374767 
0.700994 
0.613494 
0.995094 
0.542900 
0.513992 
0.668391 
0.646830 
0.276237 
0.709889 
0.097264 
0.721695 
0.530905 
0.913482 
0.894472 
0.390085 
0.151603 
0.985044 
0.638190 
0.054558 
0.963492 
0.411226 
0.469698 
0.219741 
0.182878 
0.623249 
0.941306 
0.526664 
0.644145 
0.150464 
0.844132 
0.327417 
0.896093 
0.629098 
0.242523 
0.082492 
0.437088 
0.139156 
0.799976 
0.199168 
0.413258 
0.620061 
0.358303 
0.006276 
0.473897 
0.781754 
0.936207 
0.826997 
0.342519 
0.711000 
0.778855 
0.211220 
0.968616 
0.530284 
0.486778 
0.281605 
0.932774 
0.137397 
0.234700 
0.605327 
0.723473 
0.407850 
0.736661 
0.055002 
0.426499 
0.162941 
0.547994 
0.143339 
0.102991 
0.972474 
0.370079 
0.912458 
0.676452 
0.124632 
0.687168 
0.236162 
0.183116 
0.625677 
0.760776 
0.355251 
0.697561 
0.913978 
0.228898 
0.085283 
0.348893 
0.848932 
0.993586 
0.195426 
0.528013 
0.310054 
0.081016 
0.639714 
0.681230 
0.428526 
0.233826 
0.920319 
0.794690 
0.361549 
0.561626 
0.249084 
0.357232 
0.997307 
0.736499 
0.332248 
0.087693 
0.849376 
0.460349 
0.085280 
0.296864 
0.385716 
0.729404 
0.089349 
0.691418 
0.669383 
0.328408 
0.547077 
0.718724 
0.590154 
0.712015 
0.840277 
0.537069 
0.526159 
0.148676 
0.802199 
0.556127 
0.819765 
0.789252 
0.965053 
0.640934 
0.184384 
0.943627 
0.543463 
0.979375 
0.363203 
0.346810 
0.836088 
0.127694 
0.154312 
0.515527 
0.454509 
0.931222 
0.046066 
0.239647 
0.739142 
0.755870 
0.909248 
0.732137 
0.030716 
0.241615 
0.825462 
0.542908 
0.655462 
0.345449 
0.968634 
0.836021 
0.010472 
0.003516 
0.100178 
0.689527 
0.875314 
0.403259 
0.573637 
0.121944 
0.514641 
0.563660 
0.427073 
0.824187 
0.107492 
0.622112 
0.841044 
0.423163 
0.099723 
0.044854 
0.868460 
0.214224 
0.463177 
0.608716 
0.684782 
0.135255 
0.233472 
0.963708 
0.041824 
0.928853 
0.239470 
0.768526 
0.615314 
0.575129 
0.194814 
0.234248 
0.998057 
0.335709 
0.256650 
0.515180 
0.636402 
0.002592 
0.560757 
0.648875 
0.640384 
0.934672 
0.035643 
0.059347 
0.441210 
0.412159 
0.148060 
0.450745 
0.679092 
0.507628 
0.696065 
0.771696 
0.900648 
0.187283 
0.672238 
0.303840 
0.636874 
0.942436 
0.515291 
0.492636 
0.740570 
0.764260 
0.911214 
0.775452 
0.017608 
0.936583 
0.156299 
0.924857 
0.069139 
0.020293 
0.067623 
0.546987 
0.217086 
0.566280 
0.474451 
0.098115 
0.019994 
0.046037 
0.745208 
0.707838 
0.634035 
0.228514 
0.629146 
0.065160 
0.150941 
0.868109 
0.313173 
0.497068 
0.218202 
0.319912 
0.769315 
0.882817 
0.511261 
0.760764 
0.156038 
0.534702 
0.736107 
0.748440 
0.028022 
0.961764 
0.375270 
0.171083 
0.384712 
0.855039 
0.648174 
0.856682 
0.247795 
0.682728 
0.616067 
0.245105 
0.483896 
0.845059 
0.899575 
0.159312 
0.561090 
0.244612 
0.185840 
0.405962 
0.000217 
0.642588 
0.975047 
0.607083 
0.237650 
0.191473 
0.079297 
0.740502 
0.610848 
0.529687 
0.441093 
0.454416 
0.364970 
0.046214 
0.724542 
0.381491 
0.712483 
0.702084 
0.928317 
0.229253 
0.048397 
0.409662 
0.189650 
0.454002 
0.405559 
0.225015 
0.826308 
0.759281 
0.233028 
0.500662 
0.632419 
0.072531 
0.022621 
0.184576 
0.171292 
0.911133 
0.414697 
0.805459 
0.350424 
0.575162 
0.750822 
0.073331 
0.466961 
0.217031 
0.639497 
0.032655 
0.827071 
0.588672 
0.815317 
0.036281 
0.778475 
0.831993 
0.306727 
0.165795 
0.516148 
0.902994 
0.613753 
0.352988 
0.677169 
0.180708 
0.152149 
0.165501 
0.568286 
0.187178 
0.906640 
0.904986 
0.098608 
0.307274 
0.357600 
0.176038 
0.663331 
0.599593 
0.359243 
0.796899 
0.482935 
0.680710 
0.698078 
0.595010 
0.338120 
0.775478 
0.451173 
0.866971 
0.179938 
0.224865 
0.308557 
0.921297 
0.245272 
0.294572 
0.879377 
0.683330 
0.722540 
0.726295 
0.838238 
0.271816 
0.412866 
0.039148 
0.967614 
0.692633 
0.089367 
0.991434 
0.038954 
0.702829 
0.441234 
0.818003 
0.171602 
0.120333 
0.440334 
0.685491 
0.043632 
0.317315 
0.109406 
0.781704 
0.107050 
0.187570 
0.492264 
0.481424 
0.286654 
0.799183 
0.873796 
0.886720 
0.108358 
0.177437 
0.188677 
0.089275 
0.442072 
0.897649 
0.784010 
0.850567 
0.486314 
0.478363 
0.838795 
0.628929 
0.413917 
0.695101 
0.561540 
0.808477 
0.065031 
0.970045 
0.548065 
0.334090 
0.051306 
0.299825 
0.153050 
0.316561 
0.440815 
0.774810 
0.238381 
0.467125 
0.968462 
0.932759 
0.884120 
0.408800 
0.705890 
0.887904 
0.994513 
0.779473 
0.597133 
0.006531 
0.772655 
0.016496 
0.249108 
0.750358 
0.271943 
0.547438 
0.787024 
0.518795 
0.388264 
0.558466 
0.138873 
0.034625 
0.944572 
0.422258 
0.893135 
0.911719 
0.261067 
0.759798 
0.917488 
0.223435 
0.277745 
0.063568 
0.392710 
0.275052 
0.806273 
0.034424 
0.557766 
0.365204 
0.979192 
0.277680 
0.968448 
0.704628 
0.689134 
0.269264 
0.513194 
0.255700 
0.553191 
0.475955 
0.369501 
0.195598 
0.409431 
0.314439 
0.781278 
0.941484 
0.529493 
0.194238 
0.556089 
0.185399 
0.993834 
0.375662 
0.754491 
0.735956 
0.206779 
0.342096 
0.599750 
0.993028 
0.814130 
0.075197 
0.833656 
0.258182 
0.273108 
0.121680 
0.082051 
0.032740 
0.263163 
0.983570 
0.858308 
0.583588 
0.369937 
0.528929 
0.711535 
0.768152 
0.330841 
0.441241 
0.943960 
0.140765 
0.832389 
0.955557 
0.041410 
0.972776 
0.453368 
0.758159 
0.378060 
0.054517 
0.270005 
0.979356 
0.037704 
0.690201 
0.210738 
0.868707 
0.364908 
0.002967 
0.868921 
0.947647 
0.108548 
0.362104 
0.887739 
0.228956 
0.060503 
0.878060 
0.561314 
0.010574 
0.722578 
0.375344 
0.398547 
0.376791 
0.726957 
0.958914 
0.471896 
0.149701 
0.019202 
0.721667 
0.055507 
0.913617 
0.160386 
0.605121 
0.271300 
0.747189 
0.007067 
0.775062 
0.461912 
0.360648 
0.403005 
0.311052 
0.854859 
0.609539 
0.521208 
0.947820 
0.017108 
0.539539 
0.027258 
0.129383 
0.545546 
0.994231 
0.034306 
0.578492 
0.721658 
0.904419 
0.576617 
0.199641 
0.364324 
0.199782 
0.740097 
0.810751 
0.291703 
0.644798 
0.114291 
0.895399 
0.977989 
0.068852 
0.194945 
0.444344 
0.085588 
0.478249 
0.926054 
0.188120 
0.739988 
0.978809 
0.847019 
0.840216 
0.501962 
0.469837 
0.544368 
0.194401 
0.294074 
0.496740 
0.715356 
0.996464 
0.577595 
0.636660 
0.342361 
0.053509 
0.333664 
0.890436 
0.564421 
0.218217 
0.581305 
0.999902 
0.344973 
0.967017 
0.653726 
0.173902 
0.777839 
0.138786 
0.569098 
0.836053 
0.547651 
0.362681 
0.582677 
0.058632 
0.420188 
0.104931 
0.574960 
0.359516 
0.382048 
0.079958 
0.859166 
0.005716 
0.075953 
0.548063 
0.287288 
0.455333 
0.779998 
0.425261 
0.368481 
0.064881 
0.448005 
0.627374 
0.274618 
0.504944 
0.590336 
0.774215 
0.236031 
0.964669 
0.187326 
0.387357 
0.306156 
0.561979 
0.180940 
0.056075 
0.450369 
0.348288 
0.670034 
0.261705 
0.469433 
0.752934 
0.568748 
0.952870 
0.882312 
0.019118 
0.316059 
0.000295 
0.953356 
0.055343 
0.142049 
0.420395 
0.581162 
0.582782 
0.819870 
0.552494 
0.771032 
0.741998 
0.765856 
0.738380 
0.953347 
0.896185 
0.189589 
0.430563 
0.472079 
0.228242 
0.065857 
0.853179 
0.378150 
0.570289 
0.851124 
0.840132 
0.102004 
0.384907 
0.131150 
0.234753 
0.488947 
0.734368 
0.515542 
0.712505 
0.074408 
0.575513 
0.641245 
0.411123 
0.745447 
0.735022 
0.507529 
0.036734 
0.392930 
0.971447 
0.103613 
0.428096 
0.015073 
0.331434 
0.402895 
0.449918 
0.774225 
0.397105 
0.143887 
0.300462 
0.865722 
0.188669 
0.960993 
0.406186 
0.770813 
0.049697 
0.262779 
0.526291 
0.370058 
0.567221 
0.281541 
0.862659 
0.712549 
0.807786 
0.455488 
0.393567 
0.680385 
0.232196 
0.524536 
0.870336 
0.733893 
0.541935 
0.303954 
0.549287 
0.858657 
0.453796 
0.945623 
0.078868 
0.536235 
0.498409 
0.763342 
0.490856 
0.819171 
0.806444 
0.912454 
0.606288 
0.888361 
0.685455 
0.437730 
0.924832 
0.656572 
0.005791 
0.333064 
0.805283 
0.392166 
0.132773 
0.517507 
0.744565 
0.909961 
0.710028 
0.433193 
0.673784 
0.295815 
0.759707 
0.399055 
0.919469 
0.511160 
0.058223 
0.557143 
0.908517 
0.445058 
0.096380 
0.865587 
0.922998 
0.823628 
0.710253 
0.226822 
0.196604 
0.330010 
0.486254 
0.465443 
0.692102 
0.165709 
0.079242 
0.828166 
0.987809 
0.106068 
0.677915 
0.712016 
0.854701 
0.961213 
0.106767 
0.440869 
0.692217 
0.097907 
0.522993 
0.936926 
0.908329 
0.279942 
0.978713 
0.228001 
0.012596 
0.695775 
0.892996 
0.584266 
0.764403 
0.315451 
0.789356 
0.705770 
0.881160 
0.653331 
0.530019 
0.034106 
0.224721 
0.885607 
0.400542 
0.904785 
0.717531 
0.535881 
0.546753 
0.273895 
0.356329 
0.822548 
0.567548 
0.771700 
0.963353 
0.068042 
0.582079 
0.008697 
0.167980 
0.243436 
0.436756 
0.556748 
0.263374 
0.523742 
0.529859 
0.339425 
0.711961 
0.928333 
0.490919 
0.882806 
0.318004 
0.698161 
0.993817 
0.086994 
0.114713 
0.989252 
0.355314 
0.755311 
0.509121 
0.799403 
0.567913 
0.906564 
0.620882 
0.167556 
0.119640 
0.795854 
0.924326 
0.153793 
0.801232 
0.309688 
0.918408 
0.680726 
0.960848 
0.976247 
0.786812 
0.953657 
0.111169 
0.421652 
0.702928 
0.107734 
0.685383 
0.235279 
0.327524 
0.699265 
0.540872 
0.441941 
0.696936 
0.410286 
0.678809 
0.738418 
0.593340 
0.267273 
0.059207 
0.086451 
0.980151 
0.396745 
0.092303 
0.336536 
0.162441 
0.147162 
0.350009 
0.594542 
0.462217 
0.484673 
0.902894 
0.938363 
0.058681 
0.245847 
0.946967 
0.669636 
0.572483 
0.727293 
0.617238 
0.925043 
0.196752 
0.808880 
0.844506 
0.605957 
0.324337 
0.131117 
0.679206 
0.410594 
0.846177 
0.694577 
0.762925 
0.475526 
0.160475 
0.108183 
0.235051 
0.504922 
0.223553 
0.255774 
0.792606 
0.326236 
0.050745 
0.865090 
0.560217 
0.567023 
0.954880 
0.673507 
0.625507 
0.900011 
0.479088 
0.039745 
0.989906 
0.353374 
0.152864 
0.177373 
0.107839 
0.457657 
0.835866 
0.397130 
0.562989 
0.149017 
0.530725 
0.903234 
0.646556 
0.670614 
0.010011 
0.255286 
0.585312 
0.330868 
0.906308 
0.313945 
0.475825 
0.199178 
0.583105 
0.253139 
0.505006 
0.631439 
0.588483 
0.634015 
0.898468 
0.549083 
0.433118 
0.416228 
0.540940 
0.585326 
0.578557 
0.814227 
0.711182 
0.835201 
0.216708 
0.203434 
0.121153 
0.215565 
0.004091 
0.749254 
0.707764 
0.387811 
0.940356 
0.571272 
0.370054 
0.492659 
0.121034 
0.210755 
0.152742 
0.134315 
0.431320 
0.199508 
0.136227 
0.575338 
0.705316 
0.246044 
0.254116 
0.935083 
0.935457 
0.220289 
0.404915 
0.413614 
0.605003 
0.277963 
0.730238 
0.109531 
0.879711 
0.310380 
0.550686 
0.374479 
0.861989 
0.456774 
0.002407 
0.459582 
0.194937 
0.298280 
0.195848 
0.616121 
0.138642 
0.153169 
0.304694 
0.985137 
0.194808 
0.131393 
0.328445 
0.170564 
0.676616 
0.888146 
0.074775 
0.742246 
0.920648 
0.335509 
0.906346 
0.950370 
0.865682 
0.512768 
0.094533 
0.819351 
0.828120 
0.205540 
0.509529 
0.659145 
0.255380 
0.171020 
0.333662 
0.856243 
0.875824 
0.978565 
0.738879 
0.339841 
0.712288 
0.429089 
0.693778 
0.327905 
0.104577 
0.618209 
0.238969 
0.348456 
0.502100 
0.788798 
0.322533 
0.806973 
0.786813 
0.961953 
0.541225 
0.363293 
0.872068 
0.841006 
0.782121 
0.102572 
0.924124 
0.753455 
0.315342 
0.954143 
0.278291 
0.233553 
0.325246 
0.407751 
0.075545 
0.685620 
0.219284 
0.507041 
0.832923 
0.931878 
0.071378 
0.651778 
0.425125 
0.084066 
0.894513 
0.077326 
0.616317 
0.443991 
0.164924 
0.878443 
0.988603 
0.446020 
0.259351 
0.916434 
0.500763 
0.324175 
0.412353 
0.424672 
0.455743 
0.670099 
0.347809 
0.625982 
0.881522 
0.740806 
0.726242 
0.943395 
0.635733 
0.767142 
0.359015 
0.959990 
0.556146 
0.149083 
0.636302 
0.325800 
0.721185 
0.964200 
0.308270 
0.086824 
0.248932 
0.797367 
0.354485 
0.836504 
0.129798 
0.514145 
0.240793 
0.013188 
0.655957 
0.669850 
0.163926 
0.102894 
0.343540 
0.884081 
0.754328 
0.989894 
0.148440 
0.835881 
0.652011 
0.354135 
0.947545 
0.389572 
0.533854 
0.490377 
0.772630 
0.597245 
0.901334 
0.728854 
0.843026 
0.739297 
0.362372 
0.385749 
0.284246 
0.329302 
0.575130 
0.211836 
0.328937 
0.439632 
0.899746 
0.025391 
0.751411 
0.958442 
0.533351 
0.030440 
0.605924 
0.757403 
0.665281 
0.385271 
0.253687 
0.720266 
0.510079 
0.897971 
0.194300 
0.608133 
0.889494 
0.728060 
0.502346 
0.924846 
0.886659 
0.085225 
0.373931 
0.660511 
0.216179 
0.313892 
0.582179 
0.688377 
0.544996 
0.746475 
0.010769 
0.995707 
0.846025 
0.145185 
0.117664 
0.575453 
0.631902 
0.377200 
0.593860 
0.003458 
0.115221 
0.527351 
0.189910 
0.825506 
0.284042 
0.889386 
0.902645 
0.760177 
0.295103 
0.788540 
0.987538 
0.552271 
0.021270 
0.488481 
0.899491 
0.745823 
0.047325 
0.389791 
0.220113 
0.446282 
0.657411 
0.102632 
0.933992 
0.600410 
0.092486 
0.415265 
0.366003 
0.413202 
0.680255 
0.037628 
0.407976 
0.848755 
0.026351 
0.879194 
0.615393 
0.909588 
0.439994 
0.986524 
0.514751 
0.411825 
0.549592 
0.998602 
0.501545 
0.474158 
0.177058 
0.821104 
0.287153 
0.173907 
0.857065 
0.695815 
0.561775 
0.751339 
0.750395 
0.886524 
0.815327 
0.206160 
0.937705 
0.001117 
0.766491 
0.411450 
0.244247 
0.053433 
0.051298 
0.160774 
0.121168 
0.476802 
0.603921 
0.099303 
0.990517 
0.625429 
0.579037 
0.873517 
0.195438 
0.727389 
0.235207 
0.126599 
0.751825 
0.926603 
0.413798 
0.695424 
0.998981 
0.870629 
0.663074 
0.277050 
0.381163 
0.199424 
0.721823 
0.671651 
0.444673 
0.618252 
0.960670 
0.974052 
0.891281 
0.752063 
0.920563 
0.909381 
0.959052 
0.792954 
0.179993 
0.134000 
0.132641 
0.302340 
0.420547 
0.135172 
0.835338 
0.527083 
0.684645 
0.834686 
0.569110 
0.023644 
0.376895 
0.466649 
0.967689 
0.956545 
0.652925 
0.717337 
0.283359 
0.415067 
0.036071 
0.241254 
0.750188 
0.414097 
0.734871 
0.969993 
0.671222 
0.234920 
0.297823 
0.514994 
0.510072 
0.786202 
0.703148 
0.808527 
0.906960 
0.279142 
0.546206 
0.080682 
0.019638 
0.053253 
0.024684 
0.867343 
0.430969 
0.297784 
0.857869 
0.202766 
0.896535 
0.062121 
0.072972 
0.436798 
0.272031 
0.027983 
0.316559 
0.400016 
0.068321 
0.267836 
0.523987 
0.652853 
0.498521 
0.640536 
0.487031 
0.533726 
0.333837 
0.798183 
0.061925 
0.774783 
0.782119 
0.077152 
0.689388 
0.547368 
0.619714 
0.526156 
0.098854 
0.432640 
0.372646 
0.053025 
0.193019 
0.070873 
0.154908 
0.531597 
0.542708 
0.288487 
0.605150 
0.758578 
0.421417 
0.750032 
0.790925 
0.082881 
0.978548 
0.447855 
0.107189 
0.528382 
0.523933 
0.744055 
0.330562 
