0.000001 
0.011419 
0.913633 
0.428165 
0.170542 
0.307399 
0.461453 
0.638095 
0.463622 
0.093456 
0.716935 
0.529531 
0.828487 
0.378440 
0.440709 
0.000526 
0.832582 
0.206951 
0.231654 
0.403434 
0.522825 
0.112037 
0.001387 
0.316922 
0.506846 
0.557493 
0.789086 
0.176776 
0.067766 
0.943062 
0.037077 
0.158092 
0.046940 
0.918918 
0.250725 
0.943470 
0.893736 
0.019671 
0.602899 
0.923545 
0.029121 
0.429734 
0.540868 
0.361525 
0.146163 
0.565601 
0.048703 
0.555054 
0.787701 
0.883842 
0.724241 
0.315881 
0.010645 
0.912899 
0.089080 
0.167605 
0.934005 
0.828862 
0.680522 
0.534620 
0.363354 
0.888862 
0.098903 
0.269975 
0.469061 
0.510841 
0.711983 
0.304836 
0.379294 
0.788041 
0.599901 
0.531651 
0.463394 
0.262347 
0.259648 
0.901447 
0.626459 
0.889753 
0.072532 
0.049309 
0.728434 
0.785441 
0.908083 
0.150976 
0.456284 
0.772565 
0.503847 
0.151566 
0.376106 
0.209045 
0.426860 
0.231328 
0.923552 
0.131247 
0.866332 
0.434717 
0.287096 
0.225844 
0.764023 
0.933900 
0.060744 
0.926500 
0.691441 
0.042850 
0.180120 
0.277447 
0.044369 
0.709956 
0.225428 
0.762318 
0.282494 
0.871349 
0.758978 
0.137835 
0.585985 
0.655116 
0.535795 
0.100815 
0.404460 
0.761843 
0.293375 
0.754901 
0.624108 
0.376418 
0.453871 
0.212508 
0.626786 
0.392160 
0.029864 
0.927131 
0.290184 
0.119376 
0.353623 
0.338852 
0.084126 
0.903653 
0.691267 
0.122166 
0.250652 
0.705283 
0.694887 
0.968462 
0.941478 
0.417216 
0.153129 
0.642137 
0.390606 
0.915047 
0.187175 
0.852427 
0.742727 
0.020541 
0.237810 
0.878946 
0.445754 
0.785274 
0.103699 
0.873040 
0.179209 
0.964044 
0.683501 
0.601125 
0.114001 
0.009374 
0.542238 
0.399390 
0.541635 
0.259726 
0.208686 
0.383212 
0.646719 
0.404067 
0.160973 
0.481326 
0.647687 
0.681742 
0.029643 
0.210693 
0.124568 
0.620473 
0.293328 
0.955727 
0.905947 
0.250152 
0.312950 
0.751594 
0.047392 
0.525264 
0.117031 
0.933242 
0.994501 
0.571737 
0.189622 
0.974464 
0.822204 
0.775713 
0.415425 
0.045110 
0.165763 
0.982938 
0.233487 
0.223152 
0.519501 
0.245284 
0.491343 
0.002446 
0.112340 
0.104157 
0.560178 
0.910101 
0.067557 
0.429578 
0.909384 
0.016404 
0.701866 
0.255794 
0.122166 
0.250957 
0.835257 
0.163495 
0.855817 
0.719400 
0.956624 
0.987869 
0.117861 
0.883166 
0.368069 
0.143756 
0.109666 
0.150376 
0.368854 
0.322814 
0.537254 
0.620580 
0.085503 
0.056910 
0.479887 
0.461162 
0.748180 
0.653590 
0.888149 
0.114509 
0.559596 
0.128869 
0.902229 
0.765610 
0.606159 
0.711198 
0.108936 
0.882386 
0.255183 
0.868167 
0.282461 
0.320592 
0.181750 
0.680101 
0.458902 
0.759085 
0.939934 
0.477083 
0.336605 
0.315171 
0.084902 
0.946704 
0.255172 
0.683081 
0.545309 
0.010327 
0.564781 
0.267704 
0.293104 
0.200956 
0.468245 
0.796382 
0.784309 
0.874541 
0.407119 
0.447234 
0.659331 
0.368874 
0.665437 
0.998543 
0.510375 
0.870979 
0.541029 
0.075146 
0.980371 
0.087755 
0.891645 
0.873747 
0.068458 
0.569532 
0.129791 
0.400084 
0.209069 
0.821223 
0.288934 
0.120132 
0.052744 
0.474658 
0.569157 
0.818263 
0.540063 
0.830617 
0.174234 
0.346927 
0.798072 
0.204266 
0.096927 
0.058448 
0.340489 
0.590683 
0.613861 
0.156654 
0.875825 
0.983261 
0.661552 
0.703035 
0.902367 
0.089431 
0.069290 
0.554675 
0.423407 
0.196053 
0.054706 
0.449703 
0.151923 
0.368005 
0.065799 
0.883954 
0.606929 
0.651583 
0.160136 
0.412684 
0.977410 
0.332590 
0.845748 
0.488558 
0.186021 
0.453589 
0.472609 
0.133077 
0.629668 
0.833167 
0.039603 
0.600250 
0.394369 
0.157416 
0.697992 
0.156171 
0.773458 
0.515019 
0.917670 
0.274209 
0.628328 
0.307397 
0.424685 
0.673566 
0.629818 
0.355136 
0.776454 
0.859274 
0.812880 
0.072000 
0.106195 
0.813300 
0.139822 
0.988835 
0.356458 
0.983659 
0.360063 
0.580528 
0.941581 
0.150843 
0.220119 
0.532661 
0.439978 
0.718573 
0.055498 
0.752409 
0.745026 
0.646695 
0.995883 
0.807633 
0.885747 
0.750057 
0.206474 
0.213280 
0.598735 
0.935260 
0.916427 
0.385340 
0.404876 
0.745062 
0.252526 
0.204525 
0.460019 
0.533809 
0.729138 
0.618129 
0.889977 
0.837603 
0.590740 
0.558809 
0.897656 
0.906821 
0.941539 
0.445030 
0.616233 
0.022285 
0.536481 
0.638034 
0.440238 
0.080741 
0.009400 
0.979631 
0.651756 
0.056277 
0.839648 
0.971283 
0.355258 
0.829185 
0.116499 
0.999206 
0.663202 
0.428292 
0.304527 
0.189941 
0.342234 
0.934966 
0.975178 
0.818955 
0.184260 
0.856421 
0.862281 
0.351605 
0.418170 
0.185032 
0.829645 
0.846040 
0.401835 
0.636350 
0.140783 
0.145678 
0.413216 
0.922457 
0.737557 
0.125882 
0.694388 
0.574047 
0.009133 
0.505131 
0.735981 
0.625866 
0.927575 
0.753543 
0.790292 
0.434158 
0.901706 
0.978765 
0.106041 
0.237047 
0.056872 
0.851297 
0.740632 
0.795517 
0.250944 
0.621941 
0.969541 
0.077155 
0.751404 
0.852802 
0.036287 
0.869801 
0.746443 
0.465232 
0.154184 
0.377042 
0.937739 
0.577380 
0.025370 
0.386929 
0.112110 
0.237891 
0.235146 
0.102910 
0.609136 
0.750460 
0.976542 
0.740771 
0.137409 
0.434828 
0.158107 
0.307167 
0.550374 
0.127688 
0.060356 
0.404380 
0.412616 
0.836388 
0.175381 
0.634615 
0.968524 
0.984944 
0.955896 
0.743921 
0.088276 
0.648068 
0.086482 
0.504721 
0.848533 
0.294628 
0.820278 
0.419296 
0.105585 
0.562455 
0.181055 
0.983115 
0.210717 
0.513140 
0.340117 
0.341969 
0.476127 
0.266517 
0.354794 
0.031100 
0.705922 
0.434646 
0.092855 
0.611676 
0.436699 
0.592970 
0.042453 
0.506340 
0.059363 
0.717974 
0.982961 
0.619069 
0.695361 
0.926909 
0.561334 
0.334829 
0.464679 
0.859447 
0.732163 
0.456204 
0.425005 
0.064409 
0.515980 
0.079091 
0.280573 
0.596239 
0.995219 
0.638872 
0.517497 
0.574123 
0.280011 
0.137321 
0.950620 
0.068888 
0.802655 
0.222055 
0.083251 
0.202342 
0.769272 
0.149980 
0.707392 
0.145209 
0.533635 
0.808892 
0.054777 
0.631711 
0.172528 
0.684211 
0.536573 
0.187053 
0.793881 
0.752926 
0.419460 
0.869561 
0.710791 
0.267852 
0.781005 
0.353816 
0.577302 
0.710868 
0.563108 
0.153405 
0.279033 
0.715485 
0.155893 
0.089486 
0.990344 
0.710810 
0.591355 
0.895478 
0.299808 
0.880505 
0.644627 
0.241075 
0.742616 
0.152105 
0.432420 
0.686746 
0.147859 
0.066083 
0.663392 
0.629543 
0.732163 
0.457300 
0.840296 
0.849154 
0.726999 
0.666504 
0.934859 
0.182486 
0.036279 
0.740369 
0.374503 
0.264414 
0.998303 
0.472469 
0.790715 
0.553517 
0.960682 
0.182969 
0.160997 
0.880534 
0.127185 
0.598016 
0.855572 
0.601939 
0.794745 
0.272257 
0.824806 
0.506796 
0.721183 
0.924121 
0.703256 
0.631969 
0.501606 
0.496345 
0.064492 
0.921025 
0.663583 
0.837251 
0.678473 
0.099049 
0.724716 
0.296312 
0.120148 
0.325861 
0.748850 
0.928085 
0.331916 
0.518346 
0.849342 
0.890206 
0.688951 
0.204747 
0.182256 
0.168926 
0.131584 
0.538172 
0.053624 
0.264539 
0.104300 
0.975881 
0.626865 
0.717516 
0.296597 
0.910418 
0.396774 
0.587196 
0.997032 
0.109385 
0.429604 
0.353499 
0.259730 
0.281479 
0.816180 
0.531821 
0.308944 
0.429049 
0.020718 
0.209663 
0.802473 
0.165514 
0.789319 
0.077391 
0.712150 
0.102012 
0.510927 
0.152614 
0.991651 
0.673371 
0.352424 
0.196360 
0.224915 
0.154079 
0.606239 
0.066256 
0.561575 
0.387870 
0.939025 
0.187653 
0.875982 
0.625443 
0.818829 
0.059808 
0.186905 
0.308781 
0.690594 
0.817109 
0.151821 
0.662663 
0.376376 
0.751063 
0.119133 
0.268853 
0.610313 
0.531945 
0.392199 
0.683648 
0.067801 
0.536379 
0.916796 
0.597567 
0.313441 
0.003186 
0.546641 
0.395825 
0.627922 
0.480197 
0.671340 
0.216040 
0.984287 
0.912623 
0.452567 
0.288077 
0.717820 
0.400407 
0.648200 
0.295537 
0.097727 
0.495565 
0.963565 
0.635176 
0.401310 
0.824868 
0.559709 
0.025973 
0.530537 
0.740105 
0.939487 
0.956780 
0.596742 
0.450311 
0.383688 
0.637645 
0.905744 
0.840673 
0.190923 
0.849033 
0.703921 
0.805958 
0.737099 
0.416634 
0.369244 
0.885499 
0.576434 
0.129427 
0.273876 
0.032333 
0.421195 
0.018419 
0.573539 
0.465258 
0.595646 
0.029057 
0.367148 
0.655371 
0.826930 
0.217752 
0.757777 
0.959975 
0.307510 
0.325091 
0.810821 
0.469759 
0.238820 
0.849809 
0.747857 
0.233634 
0.681415 
0.538756 
0.876986 
0.497780 
0.191717 
0.192766 
0.818110 
0.967746 
0.911174 
0.106172 
0.432117 
0.591851 
0.231618 
0.801782 
0.555361 
0.952893 
0.272496 
0.835546 
0.019397 
0.002622 
0.063977 
0.265577 
0.551391 
0.220855 
0.903475 
0.697109 
0.315943 
0.055724 
0.548363 
0.334569 
0.095671 
0.941519 
0.105890 
0.689259 
0.376858 
0.850314 
0.235335 
0.281817 
0.496386 
0.764624 
0.028476 
0.604496 
0.760753 
0.969998 
0.749940 
0.241993 
0.176154 
0.618021 
0.082946 
0.077698 
0.877898 
0.829849 
0.270210 
0.420290 
0.810101 
0.370552 
0.869089 
0.779541 
0.741809 
0.591887 
0.851474 
0.726141 
0.252484 
0.501991 
0.970466 
0.622062 
0.000046 
0.767062 
0.018616 
0.877628 
0.299430 
0.516939 
0.189852 
0.842835 
0.530900 
0.840736 
0.250731 
0.038615 
0.998626 
0.913572 
0.412553 
0.774851 
0.915949 
0.351133 
0.499231 
0.567930 
0.207699 
0.800357 
0.593538 
0.600766 
0.080848 
0.816939 
0.289491 
0.478943 
0.597495 
0.096965 
0.690162 
0.544596 
0.029870 
0.017909 
0.996988 
0.385508 
0.236503 
0.906039 
0.791728 
0.574156 
0.843118 
0.281178 
0.753552 
0.945880 
0.405387 
0.335512 
0.943388 
0.518721 
0.145672 
0.303843 
0.681868 
0.153180 
0.490288 
0.272245 
0.619418 
0.560622 
0.370713 
0.568709 
0.292645 
0.486042 
0.909743 
0.049580 
0.288914 
0.775357 
0.418563 
0.793399 
0.654895 
0.823153 
0.731027 
0.374139 
0.146862 
0.302360 
0.771928 
0.787246 
0.247489 
0.542056 
0.335303 
0.445275 
0.731244 
0.012837 
0.747627 
0.373598 
0.060463 
0.193402 
0.504070 
0.901383 
0.550388 
0.364647 
0.629968 
0.866720 
0.962660 
0.430035 
0.602666 
0.004460 
0.955557 
0.042224 
0.652706 
0.036322 
0.457773 
0.785853 
0.826273 
0.162645 
0.581287 
0.684530 
0.898262 
0.094954 
0.888010 
0.785304 
0.598467 
0.428931 
0.036467 
0.908084 
0.162716 
0.762967 
0.180549 
0.479045 
0.302422 
0.814885 
0.775970 
0.723935 
0.175936 
0.962895 
0.384363 
0.990890 
0.882736 
0.145262 
0.418297 
0.314313 
0.657976 
0.608023 
0.049976 
0.954797 
0.271812 
0.339189 
0.742411 
0.699111 
0.960291 
0.618594 
0.709654 
0.160937 
0.870384 
0.544869 
0.619080 
0.883045 
0.334607 
0.732565 
0.223642 
0.755799 
0.719695 
0.909104 
0.310979 
0.632114 
0.934746 
0.279300 
0.203109 
0.660538 
0.670022 
0.058689 
0.379208 
0.350877 
0.184326 
0.970731 
0.081019 
0.681773 
0.565303 
0.051527 
0.019635 
0.011452 
0.481358 
0.179317 
0.780615 
0.787969 
0.396855 
0.937471 
0.080082 
0.940018 
0.878215 
0.152203 
0.069188 
0.842070 
0.666916 
0.861423 
0.939588 
0.658976 
0.407975 
0.829862 
0.494130 
0.847946 
0.433975 
0.809477 
0.872519 
0.420821 
0.735324 
0.590302 
0.200942 
0.224587 
0.630423 
0.523813 
0.719984 
0.764717 
0.590886 
0.019294 
0.273644 
0.130434 
0.204614 
0.940196 
0.881067 
0.096909 
0.741629 
0.559287 
0.931636 
0.997870 
0.206116 
0.189003 
0.570152 
0.538948 
0.105230 
0.599247 
0.541832 
0.575132 
0.246499 
0.909800 
0.015604 
0.261180 
0.651486 
0.521647 
0.319047 
0.225182 
0.634222 
0.360760 
0.288104 
0.160393 
0.730789 
0.373565 
0.501848 
0.552235 
0.418593 
0.289567 
0.756050 
0.933764 
0.773441 
0.218689 
0.502397 
0.789895 
0.758383 
0.141487 
0.973013 
0.423263 
0.775043 
0.155322 
0.499335 
0.320114 
0.150784 
0.231100 
0.102374 
0.595413 
0.101402 
0.259706 
0.880033 
0.716875 
0.512424 
0.309078 
0.666373 
0.728215 
0.103119 
0.115686 
0.335673 
0.651914 
0.721828 
0.768761 
0.565548 
0.169090 
0.891507 
0.549934 
0.736865 
0.481661 
0.273970 
0.619184 
0.628505 
0.286732 
0.098337 
0.752014 
0.103389 
0.654307 
0.940546 
0.756730 
0.354433 
0.948478 
0.063128 
0.000657 
0.044924 
0.045828 
0.232921 
0.705426 
0.099962 
0.056910 
0.479410 
0.437357 
0.656255 
0.675932 
0.389347 
0.757999 
0.689874 
0.718121 
0.465148 
0.749343 
0.212532 
0.026800 
0.420050 
0.773487 
0.994024 
0.556455 
0.342348 
0.851002 
0.793396 
0.602725 
0.992257 
0.865949 
0.012359 
0.720457 
0.720424 
0.172516 
0.475044 
0.057647 
0.879212 
0.910455 
0.015738 
0.516247 
0.555148 
0.372368 
0.392109 
0.178668 
0.877293 
0.655342 
0.331028 
0.588882 
0.337747 
0.511666 
0.577046 
0.414168 
0.922804 
0.564704 
0.980657 
0.903844 
0.905721 
0.454050 
0.224189 
0.946117 
0.387404 
0.104430 
0.153294 
0.412593 
0.452231 
0.643050 
0.747375 
0.126799 
0.105096 
0.344235 
0.558935 
0.013648 
0.383988 
0.685685 
0.305248 
0.295910 
0.360615 
0.848233 
0.254940 
0.771595 
0.194938 
0.315584 
0.025898 
0.259488 
0.214084 
0.101531 
0.423455 
0.000783 
0.164697 
0.055747 
0.934438 
0.093658 
0.106215 
0.152527 
0.513711 
0.945921 
0.087776 
0.246798 
0.927035 
0.682374 
0.653869 
0.574258 
0.549000 
0.046708 
0.023209 
0.080535 
0.549057 
0.993519 
0.070206 
0.945598 
0.666066 
0.575599 
0.095690 
0.262134 
0.682919 
0.816888 
0.438162 
0.192962 
0.117363 
0.511565 
0.868378 
0.821185 
0.657652 
0.150602 
0.171851 
0.296366 
0.031020 
0.351334 
0.874274 
0.923689 
0.446843 
0.083247 
0.137000 
0.560279 
0.601145 
0.437441 
0.071544 
0.443389 
0.033392 
0.213256 
0.186019 
0.421540 
0.825366 
0.929283 
0.457378 
0.151330 
0.401735 
0.952546 
0.443353 
0.438635 
0.130583 
0.715164 
0.763415 
0.711926 
0.344877 
0.348813 
0.506036 
0.950669 
0.900612 
0.586477 
0.910856 
0.750071 
0.442197 
0.999921 
0.675434 
0.018583 
0.332850 
0.217073 
0.341671 
0.471469 
0.980973 
0.219858 
0.159091 
0.835519 
0.574397 
0.895526 
0.100963 
0.877726 
0.939039 
0.420479 
0.993641 
0.128173 
0.201604 
0.352353 
0.003739 
0.839069 
0.237056 
0.205886 
0.330783 
0.465966 
0.494029 
0.139145 
0.604849 
0.699034 
0.661365 
0.554971 
0.405540 
0.915842 
0.557525 
0.326633 
0.718216 
0.063716 
0.868723 
0.622012 
0.150845 
0.259360 
0.063131 
0.045064 
0.390334 
0.350426 
0.613770 
0.626731 
0.474385 
0.988062 
0.357813 
0.765164 
0.103746 
0.666720 
0.557842 
0.655373 
0.852029 
0.059439 
0.984045 
0.850949 
0.892041 
0.527202 
0.682905 
0.588906 
0.742394 
0.409927 
0.639020 
0.001939 
0.587280 
0.411515 
0.328449 
0.246300 
0.567792 
0.880849 
0.432102 
0.330802 
0.788694 
0.586260 
0.280211 
0.501689 
0.888836 
0.662372 
0.486766 
0.071005 
0.382433 
0.553782 
0.418300 
0.371735 
0.750728 
0.484272 
0.165994 
0.868018 
0.775362 
0.505538 
0.572839 
0.696841 
0.802069 
0.373337 
0.667576 
0.953682 
0.525959 
0.792886 
0.029399 
0.106076 
0.816199 
0.853195 
0.645139 
0.850394 
0.571085 
0.230733 
0.923541 
0.958589 
0.011187 
0.025704 
0.006536 
0.847820 
0.305413 
0.082622 
0.626225 
0.968491 
0.431463 
0.603519 
0.335536 
0.350946 
0.349039 
0.292825 
0.509462 
0.535756 
0.452808 
0.338677 
0.152376 
0.979752 
0.693178 
0.241398 
0.176284 
0.813044 
0.828698 
0.924388 
0.187148 
0.393090 
0.658404 
0.788576 
0.602918 
0.237015 
0.512149 
0.689704 
0.854602 
0.287685 
0.118453 
0.843614 
0.617208 
0.413997 
0.042262 
0.292551 
0.908191 
0.970889 
0.727388 
0.211767 
0.170924 
0.713885 
0.269458 
0.775922 
0.912661 
0.100355 
0.670802 
0.170338 
0.871827 
0.792440 
0.547390 
0.980611 
0.128180 
0.327076 
0.166173 
0.868264 
0.917984 
0.561407 
0.559561 
0.550070 
0.025107 
0.974007 
0.135652 
0.910155 
0.982311 
0.697793 
0.815047 
0.502473 
0.069342 
0.424451 
0.743954 
0.637929 
0.678468 
0.003865 
0.962136 
0.624384 
0.017243 
0.810720 
0.767226 
0.771463 
0.979230 
0.915459 
0.114342 
0.737939 
0.547034 
0.004208 
0.716247 
0.968520 
0.917833 
0.019363 
0.428284 
0.163394 
0.169008 
0.511459 
0.097137 
0.583586 
0.327948 
0.828696 
0.888981 
0.110194 
0.034612 
0.725207 
0.549594 
0.031559 
0.407171 
0.328170 
0.552764 
0.303940 
0.324286 
0.278786 
0.556388 
0.212980 
0.553560 
0.678587 
0.012738 
0.081597 
0.398485 
0.333106 
0.505219 
0.211173 
0.183553 
0.974756 
0.716909 
0.086872 
0.051189 
0.341417 
0.189248 
0.685577 
0.501003 
0.363458 
0.643268 
0.398720 
0.292630 
0.234534 
0.811383 
0.916946 
0.108274 
0.767415 
0.946151 
0.967612 
0.658354 
0.953855 
0.440123 
0.151376 
0.182329 
0.399998 
0.762584 
0.744142 
0.802076 
0.485449 
0.946391 
0.999922 
0.689099 
0.683562 
0.619743 
0.020203 
0.553268 
0.774208 
0.120873 
0.517654 
0.210615 
0.809316 
0.169025 
0.796511 
0.966457 
0.240631 
0.283053 
0.277017 
0.820466 
0.569206 
0.645330 
0.058900 
0.934250 
0.944225 
0.590275 
0.748006 
0.738174 
0.483612 
0.064728 
0.881653 
0.939726 
0.977812 
0.081535 
0.352749 
0.648467 
0.788883 
0.756496 
0.423592 
0.305156 
0.756424 
0.219998 
0.503331 
0.480740 
0.792160 
0.828191 
0.404352 
0.941766 
0.259978 
0.447987 
0.325378 
0.625987 
0.962376 
0.657695 
0.884825 
0.257908 
0.654063 
0.834496 
0.376945 
0.311380 
0.367315 
0.461391 
0.596264 
0.416340 
0.424176 
0.128674 
0.620421 
0.419521 
0.893219 
0.327329 
0.421573 
0.383660 
0.177400 
0.563037 
0.958491 
0.352615 
0.406103 
0.371051 
0.253212 
0.739694 
0.032896 
0.884113 
0.278828 
0.257842 
0.550318 
0.191772 
0.113961 
0.341925 
0.736590 
0.866302 
0.941084 
0.804185 
0.931357 
0.324252 
0.705935 
0.647985 
0.681422 
0.657154 
0.780645 
0.295094 
0.650913 
0.895534 
0.232680 
0.658700 
0.776611 
0.502199 
0.466247 
0.211279 
0.962495 
0.645538 
0.562249 
0.720508 
0.577020 
0.983428 
0.477558 
0.314586 
0.253346 
0.993399 
0.048983 
0.259508 
0.546767 
0.509829 
0.694490 
0.300591 
0.034425 
0.572839 
0.706984 
0.275042 
0.637834 
0.078147 
0.420021 
0.297064 
0.762708 
0.838072 
0.474218 
0.178192 
0.871887 
0.808757 
0.781483 
0.376541 
0.517012 
0.414992 
0.768191 
0.988037 
0.932387 
0.634076 
0.909643 
0.362849 
0.396351 
0.471922 
0.600781 
0.331159 
0.790017 
0.814511 
0.486112 
0.092049 
0.068621 
0.318122 
0.674836 
0.966817 
0.300800 
0.543933 
0.879336 
0.001168 
0.625850 
0.655202 
0.975440 
0.213869 
0.492267 
0.536310 
0.761163 
0.859308 
0.387171 
0.183356 
0.669132 
0.101331 
0.066936 
0.994969 
0.443351 
0.397718 
0.451027 
0.410540 
0.940525 
0.404809 
0.626251 
0.399560 
0.401296 
0.589060 
0.326152 
0.637615 
0.402062 
0.463241 
0.699203 
0.502493 
0.402823 
0.249604 
0.086733 
0.720051 
0.890454 
0.854795 
0.533233 
0.049969 
0.837096 
0.075016 
0.790748 
0.103077 
0.412628 
0.033088 
0.114611 
0.263177 
0.222290 
0.023922 
0.057126 
0.116261 
0.995205 
0.404636 
0.723036 
0.062435 
0.340212 
0.946672 
0.721132 
0.070569 
0.060544 
0.559925 
0.659569 
0.368665 
0.156672 
0.188136 
0.998696 
0.091934 
0.136549 
0.978976 
0.655762 
0.384700 
0.651202 
0.746482 
0.116065 
0.705109 
0.760030 
0.824060 
0.968076 
0.452345 
0.570169 
0.823100 
0.847704 
0.361680 
0.752172 
0.755221 
0.997677 
0.958681 
0.556880 
0.475787 
0.546459 
0.331574 
0.769268 
0.084003 
0.843838 
0.392343 
0.113023 
0.581081 
0.228836 
0.045597 
0.342965 
0.215510 
0.075460 
0.264539 
0.113864 
0.715058 
0.976569 
0.187978 
0.338161 
0.478544 
0.885295 
0.159880 
0.097239 
0.304104 
0.069143 
0.080306 
0.699383 
0.528598 
0.146298 
0.825457 
0.453492 
0.836232 
0.554643 
0.890877 
0.970334 
0.401768 
0.518776 
0.070788 
0.728090 
0.008978 
0.892024 
0.241586 
0.342865 
0.528278 
0.764479 
0.602365 
0.942474 
0.155715 
0.098302 
0.168480 
0.645905 
0.721484 
0.986710 
0.631508 
0.757500 
0.301893 
0.909839 
0.660638 
0.342603 
0.130930 
0.548220 
0.929220 
0.403401 
0.957401 
0.032995 
0.539280 
0.679491 
0.205012 
0.632118 
0.003743 
0.916441 
0.619630 
0.120102 
0.545987 
0.402875 
0.124545 
0.222221 
0.861440 
0.223302 
0.035334 
0.856510 
0.355795 
0.839254 
0.337410 
0.848357 
0.334328 
0.046527 
0.972992 
0.069135 
0.953206 
0.525703 
0.498166 
0.668155 
0.685521 
0.556306 
0.831665 
0.791641 
0.117246 
0.557704 
0.328030 
0.196894 
0.193567 
0.277015 
0.792025 
0.560884 
0.775589 
0.324321 
0.858110 
0.246542 
0.630139 
0.753625 
0.175035 
0.809628 
0.418178 
0.322557 
0.211658 
0.342762 
0.801953 
0.422246 
0.691606 
0.813674 
0.424021 
0.518901 
0.161125 
0.024387 
0.878878 
0.297109 
0.510260 
0.932982 
0.627778 
0.062843 
0.200103 
0.133358 
0.342089 
0.497702 
0.871808 
0.476333 
0.736127 
0.081647 
0.249352 
0.858357 
0.404637 
0.736215 
0.572070 
0.779575 
0.313494 
0.901160 
0.797839 
0.283678 
0.768108 
0.594716 
0.391502 
0.974171 
0.885306 
0.344339 
0.311368 
0.165942 
0.994102 
0.871324 
0.348445 
0.323158 
0.308810 
0.162446 
0.230356 
0.596697 
0.679117 
0.913120 
0.800407 
0.439045 
0.022633 
0.390621 
0.166641 
0.732451 
0.296720 
0.968518 
0.888922 
0.118773 
0.222223 
0.909807 
0.126833 
0.676225 
0.314325 
0.857322 
0.007025 
0.073138 
0.232307 
0.386116 
0.448624 
0.015830 
0.062314 
0.319045 
0.181347 
0.891070 
0.215350 
0.388715 
0.131097 
0.340387 
0.876669 
0.180568 
0.813066 
0.203683 
0.294431 
0.504950 
0.696861 
0.135050 
0.780071 
0.651614 
0.682194 
0.640842 
0.630427 
0.589640 
0.084320 
0.161082 
0.297146 
0.124528 
0.939360 
0.822701 
0.135747 
0.502266 
0.583015 
0.732882 
0.552735 
0.808813 
0.717657 
0.663683 
0.514442 
0.226472 
0.319596 
0.447987 
0.315290 
0.073778 
0.987116 
0.457675 
0.147856 
0.019516 
0.013553 
0.777876 
0.763878 
0.492237 
0.033137 
0.933687 
0.481933 
0.852889 
0.512129 
0.345125 
0.508865 
0.496559 
0.670445 
0.167685 
0.282152 
0.133634 
0.986507 
0.230395 
0.249369 
0.141421 
0.863359 
0.469509 
0.030041 
0.905018 
0.629346 
0.410839 
0.976919 
0.076084 
0.740769 
0.097855 
0.642847 
0.328809 
0.289400 
0.944756 
