0.000001 
0.010041 
0.762982 
0.441628 
0.448119 
0.540366 
0.924636 
0.358243 
0.983432 
0.537289 
0.210985 
0.033165 
0.411205 
0.128539 
0.356018 
0.591278 
0.605348 
0.084660 
0.876773 
0.922280 
0.758591 
0.634505 
0.129390 
0.657033 
0.750023 
0.632121 
0.049622 
0.990955 
0.978029 
0.727175 
0.627533 
0.941626 
0.900085 
0.727191 
0.896971 
0.393058 
0.124512 
0.675283 
0.474653 
0.500966 
0.729515 
0.950890 
0.612017 
0.173294 
0.555536 
0.898331 
0.255988 
0.387343 
0.079246 
0.886887 
0.915833 
0.412800 
0.929855 
0.064598 
0.705476 
0.936968 
0.628738 
0.201802 
0.693016 
0.513994 
0.704032 
0.669917 
0.302874 
0.402589 
0.319264 
0.861830 
0.772087 
0.463403 
0.410304 
0.981533 
0.620063 
0.407203 
0.854376 
0.495950 
0.427778 
0.665906 
0.883993 
0.277281 
0.257751 
0.022798 
0.172433 
0.089596 
0.843777 
0.358261 
0.288151 
0.961070 
0.704205 
0.576052 
0.703594 
0.304459 
0.038150 
0.189029 
0.010909 
0.352563 
0.530160 
0.398726 
0.394342 
0.699629 
0.658150 
0.534060 
0.951292 
0.361001 
0.337984 
0.493473 
0.794444 
0.222731 
0.433122 
0.486548 
0.407967 
0.699146 
0.549993 
0.727855 
0.059471 
0.531077 
0.816189 
0.681641 
0.336823 
0.981731 
0.960194 
0.972889 
0.338177 
0.740602 
0.296594 
0.848488 
0.538257 
0.482281 
0.698538 
0.322235 
0.805563 
0.089451 
0.403225 
0.009020 
0.591294 
0.879881 
0.167192 
0.000265 
0.451608 
0.167745 
0.284843 
0.360438 
0.873571 
0.109347 
0.789524 
0.535496 
0.078454 
0.580440 
0.447668 
0.954767 
0.765007 
0.478180 
0.764167 
0.351168 
0.085066 
0.697524 
0.288487 
0.597332 
0.352328 
0.571700 
0.558550 
0.556455 
0.342654 
0.980976 
0.262003 
0.490080 
0.770179 
0.405358 
0.847099 
0.196181 
0.212984 
0.625539 
0.431625 
0.314886 
0.286860 
0.258767 
0.100742 
0.174554 
0.729974 
0.672597 
0.345320 
0.785516 
0.159246 
0.439478 
0.301117 
0.875905 
0.338256 
0.061889 
0.163677 
0.917008 
0.146779 
0.911137 
0.483169 
0.629568 
0.141388 
0.305166 
0.931383 
0.747252 
0.060308 
0.604439 
0.803752 
0.660801 
0.086747 
0.962512 
0.931130 
0.507676 
0.514320 
0.178985 
0.192689 
0.517226 
0.019677 
0.705730 
0.198544 
0.927449 
0.633817 
0.569600 
0.266274 
0.265376 
0.169115 
0.324180 
0.485013 
0.621497 
0.495554 
0.777923 
0.558841 
0.443068 
0.643739 
0.320837 
0.314073 
0.632241 
0.069021 
0.028740 
0.041288 
0.927464 
0.893966 
0.885678 
0.587184 
0.795761 
0.352087 
0.527533 
0.248056 
0.084685 
0.308084 
0.969784 
0.167897 
0.843276 
0.931844 
0.497791 
0.378822 
0.866667 
0.074547 
0.916450 
0.777519 
0.763440 
0.127757 
0.210637 
0.170792 
0.504846 
0.939528 
0.640100 
0.161025 
0.350992 
0.126706 
0.545144 
0.232302 
0.306115 
0.869353 
0.218227 
0.740666 
0.372344 
0.980544 
0.001003 
0.860214 
0.620854 
0.700314 
0.182150 
0.402514 
0.052800 
0.416952 
0.718849 
0.699055 
0.015946 
0.006001 
0.860268 
0.518719 
0.109983 
0.491529 
0.121599 
0.708578 
0.071686 
0.818355 
0.095968 
0.937513 
0.779102 
0.369104 
0.523172 
0.947385 
0.707765 
0.400756 
0.503858 
0.342475 
0.977372 
0.689670 
0.279528 
0.022550 
0.994984 
0.690570 
0.413370 
0.511944 
0.250907 
0.992020 
0.887587 
0.671588 
0.378236 
0.016164 
0.668257 
0.389776 
0.961976 
0.935415 
0.527069 
0.445331 
0.672200 
0.669567 
0.419910 
0.420309 
0.132649 
0.437415 
0.631233 
0.127428 
0.677965 
0.556834 
0.701242 
0.777717 
0.095258 
0.000312 
0.241586 
0.329004 
0.574855 
0.587454 
0.332981 
0.411696 
0.378996 
0.782287 
0.899067 
0.611970 
0.380366 
0.804531 
0.745113 
0.117872 
0.074685 
0.229283 
0.561596 
0.737044 
0.497443 
0.519102 
0.551618 
0.035740 
0.682927 
0.955360 
0.736248 
0.117928 
0.014147 
0.762296 
0.913261 
0.181580 
0.811087 
0.941911 
0.693259 
0.598623 
0.064891 
0.621203 
0.558626 
0.820398 
0.432363 
0.729300 
0.341009 
0.333387 
0.240853 
0.016787 
0.141144 
0.207131 
0.246293 
0.444049 
0.136881 
0.556352 
0.613566 
0.205904 
0.622565 
0.457784 
0.971651 
0.533363 
0.232994 
0.935419 
0.578746 
0.989346 
0.934143 
0.136389 
0.281978 
0.207816 
0.768250 
0.981140 
0.025400 
0.904620 
0.942183 
0.263138 
0.565423 
0.057363 
0.102434 
0.610688 
0.840969 
0.160128 
0.268397 
0.946748 
0.992870 
0.171916 
0.391769 
0.454462 
0.139045 
0.922688 
0.624539 
0.631439 
0.588867 
0.079367 
0.923129 
0.022939 
0.538713 
0.145228 
0.846127 
0.849697 
0.864081 
0.614179 
0.502784 
0.286603 
0.934009 
0.897468 
0.740773 
0.170875 
0.890410 
0.126465 
0.495131 
0.663081 
0.397169 
0.223135 
0.229909 
0.084047 
0.583211 
0.030265 
0.659022 
0.176344 
0.815289 
0.557847 
0.741948 
0.923042 
0.565513 
0.571805 
0.322129 
0.018560 
0.934746 
0.284403 
0.965747 
0.315209 
0.709908 
0.422927 
0.140598 
0.023966 
0.804122 
0.871988 
0.500787 
0.725128 
0.224778 
0.840933 
0.560651 
0.868439 
0.845884 
0.768715 
0.799832 
0.774973 
0.977994 
0.138327 
0.855891 
0.952789 
0.522809 
0.853015 
0.626751 
0.803179 
0.022080 
0.093004 
0.115856 
0.188157 
0.361097 
0.949214 
0.440993 
0.773335 
0.442690 
0.289823 
0.052155 
0.577196 
0.936137 
0.659655 
0.823728 
0.399168 
0.818428 
0.313923 
0.111179 
0.590553 
0.419934 
0.826192 
0.813880 
0.885029 
0.685724 
0.969127 
0.120327 
0.337675 
0.304324 
0.768620 
0.203534 
0.801553 
0.694057 
0.022819 
0.519079 
0.161309 
0.114708 
0.889904 
0.614631 
0.101351 
0.404347 
0.852091 
0.100001 
0.722206 
0.112166 
0.178981 
0.128019 
0.620483 
0.452899 
0.879690 
0.942861 
0.667692 
0.904154 
0.110444 
0.240072 
0.897977 
0.291449 
0.386697 
0.218359 
0.952147 
0.742064 
0.865226 
0.851481 
0.832955 
0.480217 
0.003429 
0.627466 
0.829318 
0.355021 
0.831985 
0.164272 
0.914975 
0.988074 
0.553292 
0.184498 
0.857879 
0.371065 
0.485131 
0.598970 
0.885409 
0.063472 
0.770374 
0.675410 
0.623430 
0.989927 
0.704355 
0.096511 
0.053652 
0.731656 
0.937186 
0.279536 
0.159989 
0.930081 
0.875633 
0.768337 
0.437401 
0.393178 
0.142526 
0.430880 
0.795771 
0.520182 
0.696147 
0.139167 
0.972219 
0.082809 
0.775188 
0.592164 
0.499664 
0.860048 
0.831810 
0.236443 
0.891506 
0.548251 
0.456240 
0.026517 
0.664192 
0.074228 
0.552280 
0.172139 
0.142423 
0.703287 
0.144416 
0.201361 
0.266026 
0.099180 
0.921429 
0.454226 
0.177587 
0.703540 
0.389814 
0.611463 
0.861840 
0.945942 
0.443829 
0.426931 
0.435563 
0.511475 
0.366568 
0.903481 
0.796770 
0.318137 
0.933897 
0.999143 
0.592570 
0.321950 
0.007662 
0.769194 
0.849691 
0.756195 
0.365769 
0.483417 
0.794534 
0.737642 
0.545084 
0.230738 
0.020753 
0.789456 
0.384894 
0.918993 
0.508392 
0.539873 
0.646591 
0.261270 
0.166882 
0.788952 
0.910768 
0.274276 
0.756100 
0.771131 
0.396008 
0.698926 
0.855962 
0.154927 
0.858606 
0.586110 
0.745665 
0.383612 
0.372059 
0.193099 
0.415231 
0.795390 
0.124606 
0.251819 
0.315159 
0.881463 
0.753439 
0.050427 
0.531552 
0.793740 
0.385238 
0.687027 
0.858253 
0.662331 
0.793819 
0.715243 
0.087206 
0.671102 
0.207100 
0.725378 
0.420408 
0.802241 
0.262222 
0.159011 
0.501421 
0.379955 
0.901094 
0.682175 
0.308902 
0.718219 
0.101110 
0.356274 
0.904241 
0.581176 
0.821220 
0.250123 
0.824240 
0.005952 
0.028653 
0.576426 
0.999658 
0.245811 
0.340486 
0.543357 
0.204856 
0.011270 
0.418477 
0.339776 
0.615352 
0.224240 
0.807425 
0.384065 
0.981348 
0.517612 
0.512605 
0.348605 
0.997154 
0.167196 
0.054854 
0.927680 
0.514867 
0.369513 
0.411918 
0.113896 
0.245545 
0.870924 
0.627927 
0.561403 
0.507430 
0.376863 
0.938056 
0.905478 
0.373084 
0.423015 
0.618122 
0.779914 
0.021688 
0.513093 
0.562003 
0.591996 
0.683784 
0.353101 
0.570517 
0.670877 
0.436089 
0.346765 
0.085594 
0.574576 
0.893150 
0.178426 
0.805812 
0.277967 
0.796684 
0.865352 
0.968897 
0.250000 
0.744531 
0.337971 
0.270781 
0.018220 
0.228893 
0.002269 
0.127574 
0.143279 
0.091636 
0.133339 
0.027923 
0.307810 
0.362964 
0.342738 
0.393683 
0.621990 
0.784368 
0.870892 
0.088314 
0.293987 
0.031675 
0.367567 
0.702571 
0.107499 
0.740885 
0.058517 
0.489533 
0.574125 
0.320449 
0.793072 
0.163320 
0.914120 
0.610971 
0.584171 
0.162783 
0.896334 
0.693801 
0.708173 
0.262627 
0.969604 
0.131579 
0.442988 
0.291045 
0.592610 
0.001396 
0.460739 
0.645241 
0.560894 
0.943911 
0.307530 
0.661774 
0.434929 
0.855114 
0.908845 
0.963596 
0.153094 
0.045979 
0.762670 
0.190839 
0.430676 
0.373652 
0.964627 
0.490990 
0.075732 
0.833824 
0.083791 
0.281526 
0.600390 
0.749730 
0.717834 
0.630918 
0.830674 
0.139092 
0.720062 
0.089009 
0.968480 
0.240257 
0.003816 
0.141909 
0.069573 
0.312661 
0.900944 
0.162444 
0.191858 
0.562317 
0.856537 
0.813121 
0.118366 
0.378807 
0.610166 
0.055079 
0.707621 
0.978095 
0.850001 
0.959384 
0.370385 
0.058562 
0.244441 
0.314556 
0.743012 
0.808847 
0.292739 
0.060355 
0.393517 
0.838166 
0.056201 
0.568998 
0.153689 
0.053174 
0.687017 
0.691669 
0.880510 
0.734536 
0.347185 
0.136558 
0.124821 
0.862444 
0.089879 
0.596410 
0.863951 
0.420502 
0.381532 
0.404029 
0.512582 
0.970192 
0.013559 
0.894262 
0.862325 
0.098984 
0.619249 
0.715275 
0.623993 
0.453377 
0.909333 
0.161976 
0.326921 
0.555954 
0.911314 
0.453347 
0.404008 
0.161609 
0.158083 
0.892886 
0.729096 
0.915563 
0.874273 
0.903435 
0.027047 
0.576673 
0.150459 
0.758668 
0.934770 
0.685974 
0.169657 
0.424290 
0.048177 
0.709879 
0.936448 
0.883224 
0.352744 
0.570571 
0.593278 
0.216724 
0.478829 
0.672842 
0.455643 
0.984933 
0.762804 
0.443612 
0.793766 
0.832014 
0.653201 
0.343676 
0.163762 
0.344334 
0.219354 
0.676167 
0.342329 
0.521723 
0.604035 
0.020004 
0.205257 
0.749970 
0.742513 
0.412319 
0.845192 
0.134833 
0.140833 
0.974741 
0.474190 
0.705448 
0.463332 
0.224875 
0.478914 
0.104332 
0.506321 
0.731994 
0.623833 
0.767939 
0.742701 
0.574587 
0.083104 
0.732082 
0.102587 
0.175319 
0.590303 
0.223763 
0.788777 
0.975543 
0.947597 
0.269248 
0.249704 
0.772987 
0.588808 
0.101963 
0.694919 
0.496672 
0.558337 
0.976016 
0.909183 
0.635757 
0.165050 
0.003239 
0.445781 
0.246153 
0.100967 
0.959253 
0.168178 
0.561120 
0.752065 
0.964485 
0.099448 
0.416121 
0.737494 
0.069729 
0.932953 
0.147027 
0.091131 
0.631977 
0.631704 
0.048997 
0.491763 
0.062168 
0.853370 
0.595805 
0.701129 
0.867238 
0.668870 
0.696321 
0.075182 
0.584214 
0.885799 
0.620279 
0.024676 
0.724660 
0.365553 
0.857155 
0.207314 
0.323261 
0.051609 
0.391723 
0.690319 
0.184024 
0.885845 
0.401609 
0.836679 
0.070791 
0.784174 
0.608768 
0.559763 
0.928432 
0.152888 
0.589807 
0.886199 
0.346926 
0.780518 
0.165007 
0.274190 
0.306202 
0.343575 
0.465228 
0.092787 
0.463094 
0.213986 
0.467095 
0.466392 
0.652112 
0.047096 
0.544187 
0.154842 
0.437141 
0.035338 
0.929021 
0.053402 
0.522564 
0.730882 
0.936812 
0.991189 
0.914896 
0.654593 
0.750335 
0.882886 
0.672451 
0.890853 
0.562087 
0.996125 
0.878354 
0.503956 
0.990685 
0.440941 
0.903708 
0.621360 
0.204447 
0.142747 
0.145611 
0.286148 
0.297124 
0.770713 
0.379034 
0.417295 
0.480583 
0.160997 
0.876119 
0.939872 
0.436614 
0.176898 
0.121217 
0.301763 
0.739094 
0.945105 
0.383623 
0.554390 
0.628949 
0.752423 
0.967514 
0.002936 
0.343982 
0.313583 
0.392772 
0.321806 
0.590824 
0.979451 
0.636960 
0.384906 
0.113486 
0.353965 
0.087735 
0.561020 
0.059887 
0.521622 
0.894709 
0.377847 
0.469257 
0.809257 
0.181259 
0.412270 
0.018743 
0.007481 
0.730020 
0.438110 
0.319453 
0.053290 
0.645949 
0.468503 
0.137050 
0.403906 
0.453942 
0.401936 
0.345215 
0.022211 
0.300964 
0.293571 
0.050444 
0.819014 
0.176698 
0.768722 
0.906372 
0.398883 
0.033245 
0.742573 
0.416293 
0.644192 
0.941170 
0.238406 
0.888724 
0.777571 
0.635861 
0.908077 
0.047112 
0.818298 
0.134334 
0.757946 
0.797559 
0.568744 
0.879944 
0.213202 
0.288726 
0.614130 
0.675177 
0.691658 
0.693609 
0.480617 
0.736486 
0.112757 
0.110424 
0.898115 
0.617399 
0.628107 
0.586483 
0.019454 
0.968419 
0.221647 
0.229152 
0.353620 
0.296253 
0.123945 
0.143884 
0.258599 
0.270093 
0.455801 
0.641437 
0.634233 
0.558125 
0.408045 
0.015408 
0.969816 
0.697758 
0.214608 
0.923367 
0.029023 
0.786330 
0.841500 
0.089154 
0.415512 
0.502787 
0.341880 
0.985407 
0.737858 
0.186655 
0.105873 
0.399143 
0.402589 
0.316626 
0.533595 
0.133093 
0.898308 
0.867745 
0.192287 
0.766028 
0.629793 
0.931487 
0.504444 
0.187578 
0.622589 
0.848672 
0.626480 
0.241180 
0.513833 
0.995091 
0.495307 
0.632703 
0.832427 
0.595378 
0.518666 
0.219077 
0.018953 
0.545352 
0.729461 
0.045982 
0.818339 
0.819126 
0.051333 
0.752040 
0.537987 
0.947683 
0.704087 
0.598555 
0.919126 
0.752094 
0.450667 
0.358385 
0.374341 
0.542340 
0.103284 
0.896567 
0.605631 
0.846207 
0.204004 
0.689093 
0.581553 
0.156212 
0.460434 
0.507448 
0.686036 
0.206839 
0.338126 
0.887896 
0.859962 
0.381819 
0.230433 
0.893463 
0.438310 
0.670165 
0.458066 
0.708146 
0.808134 
0.307171 
0.619308 
0.712526 
0.432034 
0.194742 
0.026443 
0.428901 
0.544361 
0.075041 
0.211267 
0.759972 
0.842195 
0.763327 
0.231044 
0.159218 
0.976564 
0.104024 
0.332308 
0.100253 
0.945330 
0.165724 
0.322048 
0.656505 
0.887325 
0.267760 
0.248688 
0.701813 
0.366875 
0.060189 
0.598462 
0.353273 
0.460669 
0.471434 
0.391890 
0.502083 
0.502094 
0.698740 
0.717205 
0.056530 
0.099745 
0.409352 
0.977868 
0.020895 
0.175771 
0.177264 
0.270967 
0.144166 
0.999931 
0.835217 
0.494066 
0.771108 
0.018166 
0.317590 
0.742217 
0.443858 
0.921918 
0.674512 
0.525683 
0.152811 
0.300178 
0.089469 
0.701934 
0.411780 
0.779626 
0.179467 
0.294343 
0.015529 
0.003475 
0.397393 
0.990765 
0.784197 
0.997363 
0.674019 
0.243889 
0.049238 
0.548679 
0.647719 
0.206210 
0.771440 
0.590150 
0.645859 
0.951354 
0.405281 
0.556594 
0.667218 
0.940197 
0.887986 
0.376313 
0.696734 
0.006003 
0.897873 
0.557791 
0.793557 
0.305413 
0.068174 
0.807468 
0.121066 
0.763320 
0.115198 
0.136878 
0.506584 
0.164771 
0.311660 
0.066377 
0.590921 
0.610185 
0.376649 
0.332260 
0.289574 
0.866621 
0.299635 
0.965433 
0.027753 
0.437927 
0.245279 
0.404721 
0.142207 
0.072634 
0.764496 
0.892394 
0.469827 
0.377745 
0.754891 
0.456764 
0.835432 
0.100872 
0.355388 
0.997716 
0.606838 
0.121880 
0.441755 
0.574434 
0.515875 
0.312202 
0.177984 
0.383095 
0.682785 
0.574586 
0.072633 
0.734521 
0.102666 
0.501443 
0.747739 
0.256372 
0.843081 
0.654552 
0.049006 
0.650153 
0.123924 
0.793881 
0.757175 
0.844479 
0.163251 
0.757813 
0.560461 
0.675843 
0.899042 
0.200843 
0.568817 
0.101350 
0.395033 
0.322124 
0.929668 
0.928549 
0.119154 
0.617549 
0.144926 
0.771470 
0.090176 
0.595143 
0.575389 
0.562210 
0.055392 
0.969633 
0.620727 
0.554746 
0.623682 
0.225856 
0.953734 
0.409885 
0.933754 
0.605698 
0.969276 
0.613527 
0.541617 
0.958183 
0.189246 
0.665753 
0.315786 
0.415177 
0.882483 
0.899308 
0.669011 
0.070521 
0.247055 
0.259150 
0.531169 
0.356653 
0.264481 
0.132391 
0.087198 
0.535533 
0.709534 
0.129986 
0.682823 
0.208154 
0.451196 
0.252169 
0.206795 
0.607613 
0.150750 
0.659188 
0.978505 
0.736493 
0.243011 
0.293832 
0.437492 
0.931545 
0.473239 
0.724221 
0.983002 
0.313902 
0.751730 
0.323019 
0.978696 
0.942933 
0.880200 
0.527520 
0.020591 
0.070411 
0.395000 
0.762350 
0.820909 
0.013484 
0.627118 
0.973660 
0.308083 
0.952340 
0.970167 
0.599012 
0.600700 
0.959619 
0.318796 
0.004218 
0.885093 
0.764762 
0.347054 
0.937309 
0.348664 
0.988880 
0.109558 
0.338861 
0.237797 
0.648123 
0.001768 
0.717507 
0.135358 
0.968907 
0.415927 
0.477178 
0.926406 
0.112228 
0.216421 
0.382602 
0.395177 
0.738437 
0.906379 
0.515723 
0.760884 
0.174428 
0.604113 
0.326280 
0.782862 
0.567481 
0.660082 
0.993614 
0.666104 
0.210592 
0.414131 
0.299950 
0.261372 
0.886696 
0.691745 
0.157899 
0.806166 
0.225452 
0.176490 
0.262242 
0.504999 
0.523959 
0.180038 
0.906126 
0.256206 
0.056611 
0.466612 
0.352513 
0.691784 
0.807785 
0.441017 
0.180197 
0.566144 
0.188102 
0.437914 
0.014800 
0.748398 
0.321074 
0.284899 
0.302122 
0.763316 
0.052924 
0.490698 
0.155036 
0.685672 
0.082752 
0.808131 
0.256910 
0.883633 
0.215147 
0.980887 
0.763543 
0.870548 
0.308376 
0.875149 
0.633523 
0.613489 
0.909630 
0.150253 
0.303874 
0.208950 
0.828598 
0.241922 
0.982680 
0.894556 
0.804943 
0.684481 
0.070796 
0.867689 
0.248505 
0.624156 
0.183990 
0.312078 
0.103284 
0.899299 
0.512319 
0.552465 
0.272900 
0.624859 
0.998309 
0.574783 
0.384220 
0.581894 
0.893857 
0.049064 
0.614440 
0.894801 
0.925629 
0.039930 
0.095801 
0.124598 
0.124977 
0.482227 
0.786006 
0.410751 
0.491811 
0.860019 
0.341645 
0.024771 
0.330177 
0.290489 
0.244161 
0.612677 
0.259878 
0.777011 
0.218383 
0.356066 
0.407310 
0.655904 
0.784789 
0.950078 
0.963823 
0.976072 
0.835504 
0.316824 
0.855380 
0.374204 
0.243234 
0.036488 
0.254698 
0.708277 
0.011476 
0.877591 
0.674455 
0.566867 
0.326848 
0.336550 
0.403157 
0.854912 
0.502903 
0.296649 
0.784138 
0.012367 
0.854155 
0.780459 
0.178235 
0.595247 
0.320364 
0.358992 
0.573634 
0.061697 
0.936747 
0.913889 
0.738358 
0.581993 
0.559676 
0.472657 
0.940453 
0.199431 
0.833810 
0.845862 
0.401228 
0.442990 
0.327070 
0.061049 
0.052694 
0.627297 
0.972835 
0.430029 
0.490279 
0.121822 
0.463130 
0.826329 
0.115177 
0.782406 
0.897084 
0.288518 
0.129885 
0.972660 
0.491454 
0.865427 
0.235892 
0.639447 
0.178931 
0.290527 
0.893311 
0.882977 
0.187723 
0.053553 
0.064122 
0.706817 
0.475957 
0.410980 
0.345875 
0.117639 
0.160138 
0.447636 
0.425172 
0.865959 
0.177237 
0.827040 
0.057747 
0.554845 
0.282434 
0.870826 
0.968141 
0.553445 
0.753120 
0.691485 
0.793414 
0.917079 
0.339056 
0.509321 
0.153558 
0.849315 
0.435102 
0.766571 
0.755261 
0.677084 
0.754070 
0.654899 
0.893739 
0.070338 
0.178539 
0.712401 
0.330075 
0.564829 
0.082640 
0.928370 
0.116340 
0.330532 
0.250512 
0.347503 
0.489293 
0.553492 
0.544084 
0.426506 
0.289697 
0.934011 
0.927138 
0.400528 
0.670651 
0.633060 
0.847062 
0.569406 
0.009221 
0.973311 
0.435810 
0.650678 
0.940423 
0.690678 
0.219892 
0.721893 
0.849403 
0.908722 
0.885162 
0.925772 
0.451774 
0.964435 
0.261134 
0.877481 
0.829013 
0.219498 
0.103085 
0.552743 
0.954109 
0.716694 
0.476489 
0.354141 
0.050235 
0.296890 
0.831287 
0.438758 
0.211552 
0.560729 
0.173744 
0.112804 
0.891167 
0.844785 
0.293131 
0.647967 
0.380553 
0.949964 
0.045244 
0.408073 
0.480005 
0.447534 
0.696499 
0.062390 
0.584881 
0.103201 
0.495882 
0.287687 
0.161694 
0.589893 
0.336613 
0.455976 
0.581248 
0.042056 
0.829696 
0.698449 
0.840030 
0.390017 
0.019902 
0.489341 
0.352995 
0.786832 
0.288195 
0.693923 
0.771149 
0.702817 
0.243297 
0.095803 
0.157399 
0.399847 
0.224132 
0.988709 
0.238243 
0.149760 
0.024006 
0.463673 
0.956008 
0.628104 
0.547695 
0.118176 
0.188442 
0.151594 
0.834723 
0.191893 
0.143135 
0.670408 
0.550897 
0.920607 
0.633797 
0.228261 
0.377182 
0.294853 
0.602262 
0.213887 
0.799061 
0.817605 
0.489793 
0.944479 
0.862878 
0.383460 
0.818088 
0.598232 
0.486045 
0.956490 
0.724788 
0.519503 
0.292595 
0.637272 
0.636619 
0.652388 
0.682107 
0.168459 
0.294806 
0.804770 
0.776351 
0.127940 
0.286462 
0.573835 
0.441311 
0.110575 
0.426541 
0.872926 
0.261521 
0.391353 
0.467009 
0.017950 
0.690585 
0.658907 
0.246972 
0.856680 
0.222609 
0.394126 
0.078141 
0.308981 
0.038926 
0.234397 
0.510000 
0.572653 
0.585256 
0.402872 
0.076154 
0.924076 
0.953733 
0.389536 
0.935505 
0.031860 
0.478933 
0.418709 
0.247733 
0.642181 
0.140983 
0.495098 
0.114257 
0.309776 
0.399916 
0.389408 
0.781524 
0.070270 
0.026553 
0.270751 
0.515885 
0.475961 
0.474663 
0.668857 
0.478146 
0.196262 
0.574647 
0.096071 
0.668001 
0.099438 
0.261894 
0.653841 
0.111250 
0.773454 
0.435847 
0.281405 
0.570770 
0.923593 
0.834024 
0.433556 
0.770229 
0.234342 
0.592695 
0.423118 
0.352258 
0.396860 
0.026559 
0.374725 
0.995400 
0.692666 
0.641666 
0.481606 
0.350936 
0.183988 
0.292411 
0.548823 
0.063124 
0.924538 
0.708397 
0.028464 
0.401738 
0.011275 
0.502916 
0.500972 
0.841173 
0.600514 
0.833149 
0.734726 
0.545712 
0.789043 
0.441527 
0.750259 
0.601068 
0.150434 
0.339973 
0.926180 
0.312447 
0.304899 
0.442623 
0.169627 
0.917001 
0.031825 
0.884105 
0.152197 
0.976430 
0.856205 
0.232638 
0.940060 
0.582290 
0.554700 
0.835183 
0.925238 
0.473128 
0.867744 
0.167352 
0.686635 
0.271237 
0.672167 
0.108025 
0.583610 
0.738441 
0.985684 
0.388131 
0.309614 
0.676214 
0.134530 
0.039715 
0.485958 
0.503657 
0.970562 
0.236728 
0.692655 
0.456690 
0.585983 
0.619146 
0.988120 
0.338755 
0.448454 
0.163620 
0.956955 
0.537845 
0.561869 
0.330137 
0.605321 
0.636960 
0.389140 
0.275429 
0.136444 
0.217456 
0.788095 
0.516807 
0.972759 
0.160521 
0.877202 
0.138114 
0.283881 
0.185516 
0.964522 
0.722254 
0.930225 
0.297824 
0.529927 
0.484172 
0.481157 
0.807600 
0.328416 
0.681088 
0.040270 
0.820086 
0.178224 
0.413683 
0.775217 
0.071122 
0.349223 
0.394556 
0.302584 
0.525838 
0.755791 
0.584674 
0.619183 
0.607961 
0.000038 
0.634366 
0.795418 
0.589391 
0.886443 
0.448428 
0.736848 
0.201367 
0.379626 
0.370175 
0.532680 
0.760891 
0.294038 
0.896129 
0.242419 
0.332829 
0.849171 
0.013326 
0.976483 
0.755572 
0.897562 
0.325660 
0.362200 
0.501787 
0.530080 
0.057310 
0.212067 
0.214220 
0.401489 
0.827870 
0.003633 
0.054915 
