0.000001 
0.012358 
0.698167 
0.100804 
0.208558 
0.239468 
0.736555 
0.283449 
0.927388 
0.609025 
0.880083 
0.549780 
0.158451 
0.094282 
0.589363 
0.415922 
0.396605 
0.744877 
0.155436 
0.413313 
0.543893 
0.210354 
0.414113 
0.994119 
0.159225 
0.097520 
0.020540 
0.212563 
0.538041 
0.862984 
0.179949 
0.396591 
0.510705 
0.413277 
0.946467 
0.273296 
0.281843 
0.936299 
0.372157 
0.848032 
0.869761 
0.074400 
0.446902 
0.080773 
0.548863 
0.747830 
0.771009 
0.351220 
0.952556 
0.609038 
0.093610 
0.295254 
0.338457 
0.445831 
0.077901 
0.279402 
0.914869 
0.210948 
0.399276 
0.639592 
0.631073 
0.447233 
0.641651 
0.225011 
0.753014 
0.907895 
0.989186 
0.242177 
0.267241 
0.519751 
0.449790 
0.616503 
0.560452 
0.512163 
0.917741 
0.471135 
0.359958 
0.807347 
0.082610 
0.431020 
0.152979 
0.123517 
0.951928 
0.055100 
0.070921 
0.962221 
0.049057 
0.498508 
0.425546 
0.143991 
0.055525 
0.214713 
0.682171 
0.253077 
0.459176 
0.368347 
0.804883 
0.675537 
0.745300 
0.251973 
0.908098 
0.402977 
0.841525 
0.508335 
0.579445 
0.723844 
0.642946 
0.998643 
0.191878 
0.896299 
0.100108 
0.514640 
0.554096 
0.687896 
0.474483 
0.637031 
0.580548 
0.272918 
0.934642 
0.527039 
0.944647 
0.673742 
0.574685 
0.736370 
0.169063 
0.437663 
0.805137 
0.939836 
0.819161 
0.634640 
0.394928 
0.558256 
0.600665 
0.379059 
0.845672 
0.201417 
0.218307 
0.091090 
0.954612 
0.167678 
0.163966 
0.781495 
0.590537 
0.154753 
0.931317 
0.638748 
0.442609 
0.933419 
0.975017 
0.107596 
0.364473 
0.704205 
0.569227 
0.002643 
0.416618 
0.095235 
0.615998 
0.078499 
0.329658 
0.560127 
0.052260 
0.342136 
0.285817 
0.727074 
0.932278 
0.804411 
0.742455 
0.439415 
0.251210 
0.081626 
0.884283 
0.146691 
0.438778 
0.542162 
0.111514 
0.209369 
0.870327 
0.577577 
0.337693 
0.598853 
0.930202 
0.898624 
0.181967 
0.323503 
0.113878 
0.949121 
0.877199 
0.076348 
0.187657 
0.948313 
0.297681 
0.123217 
0.904327 
0.021713 
0.929582 
0.476937 
0.884822 
0.209204 
0.094407 
0.702576 
0.197174 
0.900862 
0.784298 
0.702744 
0.021131 
0.154806 
0.830285 
0.595246 
0.292338 
0.322172 
0.750975 
0.635574 
0.097270 
0.821043 
0.271587 
0.567442 
0.999247 
0.337396 
0.619514 
0.169402 
0.146906 
0.043134 
0.955113 
0.586597 
0.941125 
0.493844 
0.041249 
0.265244 
0.955560 
0.096946 
0.364921 
0.228734 
0.339495 
0.894377 
0.788903 
0.098602 
0.203387 
0.325000 
0.270991 
0.541480 
0.647284 
0.895004 
0.326663 
0.232683 
0.700219 
0.584577 
0.988434 
0.605197 
0.541473 
0.540978 
0.217227 
0.939572 
0.387941 
0.122833 
0.461949 
0.981412 
0.585748 
0.658393 
0.607372 
0.108509 
0.706990 
0.385645 
0.529856 
0.292560 
0.063686 
0.363664 
0.093929 
0.672588 
0.190397 
0.994999 
0.951893 
0.460116 
0.173653 
0.578812 
0.090078 
0.934818 
0.491323 
0.671132 
0.723155 
0.064052 
0.524143 
0.274640 
0.868322 
0.889839 
0.529325 
0.361656 
0.347502 
0.462347 
0.668888 
0.994960 
0.294102 
0.972098 
0.057533 
0.952524 
0.069308 
0.853126 
0.485420 
0.449409 
0.218837 
0.995534 
0.941534 
0.367400 
0.892912 
0.173094 
0.185823 
0.119806 
0.584069 
0.445192 
0.350273 
0.038581 
0.432921 
0.099170 
0.748654 
0.626015 
0.434494 
0.543227 
0.020281 
0.868466 
0.304893 
0.328452 
0.296373 
0.146561 
0.243701 
0.875646 
0.975587 
0.689568 
0.577715 
0.656669 
0.640094 
0.053984 
0.308664 
0.712714 
0.587290 
0.574796 
0.601323 
0.440137 
0.385494 
0.003723 
0.577606 
0.822630 
0.943282 
0.747175 
0.778099 
0.505532 
0.472606 
0.092388 
0.764708 
0.441097 
0.517567 
0.743382 
0.025559 
0.572457 
0.280329 
0.494157 
0.305092 
0.687718 
0.471951 
0.085374 
0.887925 
0.360357 
0.513379 
0.367919 
0.606948 
0.977168 
0.263661 
0.349692 
0.281548 
0.982434 
0.766859 
0.591637 
0.637107 
0.863368 
0.631773 
0.203003 
0.870163 
0.822531 
0.273973 
0.657729 
0.452112 
0.642943 
0.950237 
0.630658 
0.477381 
0.349042 
0.349277 
0.291528 
0.716945 
0.696209 
0.188761 
0.504987 
0.312569 
0.344381 
0.006373 
0.116143 
0.013529 
0.378990 
0.677429 
0.555781 
0.011863 
0.385898 
0.789084 
0.129935 
0.814104 
0.645208 
0.016038 
0.546176 
0.576210 
0.356890 
0.245395 
0.354481 
0.756754 
0.759737 
0.895912 
0.595949 
0.115039 
0.461848 
0.285210 
0.532461 
0.072519 
0.822931 
0.997912 
0.901497 
0.453017 
0.858634 
0.061820 
0.007041 
0.341911 
0.503028 
0.384091 
0.411454 
0.308298 
0.558691 
0.925255 
0.753453 
0.288239 
0.438782 
0.617060 
0.928146 
0.352303 
0.152089 
0.160039 
0.777106 
0.815831 
0.665542 
0.765228 
0.192981 
0.438385 
0.928559 
0.287483 
0.732296 
0.704196 
0.418507 
0.847919 
0.969323 
0.410994 
0.584540 
0.362489 
0.344439 
0.983409 
0.162077 
0.026346 
0.802809 
0.806581 
0.201643 
0.014707 
0.178287 
0.473092 
0.256371 
0.829956 
0.065681 
0.898881 
0.493882 
0.673267 
0.599325 
0.863354 
0.388349 
0.983178 
0.277826 
0.427478 
0.614587 
0.370157 
0.223414 
0.913655 
0.794126 
0.877516 
0.412265 
0.941622 
0.834116 
0.995175 
0.899710 
0.431096 
0.429468 
0.068301 
0.935583 
0.350267 
0.940110 
0.424470 
0.073006 
0.012694 
0.348634 
0.490012 
0.627866 
0.544414 
0.961088 
0.998876 
0.105313 
0.999580 
0.940576 
0.257406 
0.221353 
0.287754 
0.288018 
0.719136 
0.520951 
0.631061 
0.245453 
0.334397 
0.208594 
0.835313 
0.102980 
0.783444 
0.337882 
0.777111 
0.899815 
0.197547 
0.165941 
0.967547 
0.563609 
0.579587 
0.123260 
0.629573 
0.233927 
0.607973 
0.208712 
0.826412 
0.500124 
0.577858 
0.059294 
0.557214 
0.087450 
0.771313 
0.459695 
0.086860 
0.848573 
0.959619 
0.323061 
0.692312 
0.689994 
0.729083 
0.705198 
0.270065 
0.987979 
0.970151 
0.326099 
0.746489 
0.246429 
0.730046 
0.877882 
0.559307 
0.271950 
0.655512 
0.192341 
0.672689 
0.887936 
0.541247 
0.746277 
0.673730 
0.387447 
0.826326 
0.067335 
0.691907 
0.881749 
0.560262 
0.323762 
0.475154 
0.907715 
0.965413 
0.696963 
0.861774 
0.830731 
0.098245 
0.202151 
0.543665 
0.376748 
0.996271 
0.327938 
0.647805 
0.656084 
0.804382 
0.254113 
0.876048 
0.745921 
0.689344 
0.806970 
0.750342 
0.995860 
0.420423 
0.053679 
0.176741 
0.491197 
0.554209 
0.592991 
0.402873 
0.084560 
0.195661 
0.473849 
0.979778 
0.127518 
0.194027 
0.004850 
0.519415 
0.812072 
0.502352 
0.022214 
0.348282 
0.571038 
0.440222 
0.817712 
0.287416 
0.595962 
0.338122 
0.814962 
0.059314 
0.895821 
0.069854 
0.035578 
0.957652 
0.261386 
0.117769 
0.344940 
0.405037 
0.451311 
0.178137 
0.946466 
0.254536 
0.985765 
0.750341 
0.987791 
0.804964 
0.024591 
0.308455 
0.208176 
0.807288 
0.089992 
0.493350 
0.729965 
0.527285 
0.083207 
0.461498 
0.402246 
0.550181 
0.885905 
0.398516 
0.857058 
0.565522 
0.720678 
0.433935 
0.142999 
0.377556 
0.582793 
0.007390 
0.197898 
0.074552 
0.999159 
0.868864 
0.000484 
0.142351 
0.494802 
0.131473 
0.672350 
0.181855 
0.444517 
0.995550 
0.200947 
0.318926 
0.186922 
0.590366 
0.288674 
0.740996 
0.924918 
0.095098 
0.308941 
0.369310 
0.992781 
0.674238 
0.926016 
0.553191 
0.473849 
0.985836 
0.937766 
0.032546 
0.000052 
0.881257 
0.286483 
0.914884 
0.463505 
0.123700 
0.023340 
0.270830 
0.845984 
0.454594 
0.354776 
0.717427 
0.802911 
0.528938 
0.854218 
0.833568 
0.771470 
0.091796 
0.823466 
0.985691 
0.502787 
0.338210 
0.294185 
0.358962 
0.079743 
0.238038 
0.707285 
0.338664 
0.929074 
0.943581 
0.762125 
0.035834 
0.261467 
0.469540 
0.551708 
0.556286 
0.502096 
0.735383 
0.577129 
0.800649 
0.499662 
0.825557 
0.144778 
0.283788 
0.620375 
0.643036 
0.503106 
0.700893 
0.907385 
0.414968 
0.360688 
0.078484 
0.074471 
0.639007 
0.785125 
0.595935 
0.877274 
0.343845 
0.995522 
0.741453 
0.603846 
0.842850 
0.782471 
0.991398 
0.428208 
0.888455 
0.268706 
0.137658 
0.614696 
0.202310 
0.219618 
0.119581 
0.790009 
0.687794 
0.757785 
0.086277 
0.064335 
0.283781 
0.506650 
0.267436 
0.802169 
0.055826 
0.266658 
0.719031 
0.755370 
0.495283 
0.218398 
0.616536 
0.116437 
0.956632 
0.119830 
0.976506 
0.144503 
0.667944 
0.132146 
0.980506 
0.369650 
0.706845 
0.939513 
0.394172 
0.849108 
0.964953 
0.963610 
0.400243 
0.877790 
0.023139 
0.903355 
0.687266 
0.885797 
0.586563 
0.359884 
0.576932 
0.500785 
0.695896 
0.931139 
0.655055 
0.502409 
0.982807 
0.033323 
0.057074 
0.240114 
0.602898 
0.900027 
0.758067 
0.835741 
0.297221 
0.395976 
0.173808 
0.196529 
0.060229 
0.269354 
0.035548 
0.460099 
0.878043 
0.265016 
0.121453 
0.260685 
0.339999 
0.363706 
0.800956 
0.664831 
0.819598 
0.989267 
0.611353 
0.014050 
0.137237 
0.538469 
0.048085 
0.156345 
0.685502 
0.226769 
0.301557 
0.273945 
0.194791 
0.860405 
0.832530 
0.336283 
0.915798 
0.822551 
0.612948 
0.822409 
0.229827 
0.697457 
0.164824 
0.190937 
0.073799 
0.337659 
0.035206 
0.710237 
0.958925 
0.658116 
0.959832 
0.892238 
0.842906 
0.719154 
0.828496 
0.539984 
0.512194 
0.449981 
0.829955 
0.055499 
0.768219 
0.451358 
0.969445 
0.469150 
0.997452 
0.183303 
0.780182 
0.513202 
0.392020 
0.678385 
0.609457 
0.137498 
0.935339 
0.240539 
0.737565 
0.246917 
0.926281 
0.010355 
0.033424 
0.750458 
0.939797 
0.170856 
0.570421 
0.072459 
0.815928 
0.293787 
0.675900 
0.857843 
0.763731 
0.021233 
0.870362 
0.176521 
0.793081 
0.318556 
0.966148 
0.042536 
0.909538 
0.600937 
0.951795 
0.823763 
0.989832 
0.106837 
0.603195 
0.895286 
0.066727 
0.488685 
0.330423 
0.412927 
0.064074 
0.893274 
0.254417 
0.993343 
0.123311 
0.496077 
0.571679 
0.206826 
0.116718 
0.683869 
0.785397 
0.169587 
0.245287 
0.538082 
0.546117 
0.587324 
0.162744 
0.246120 
0.534362 
0.018005 
0.609667 
0.667520 
0.002379 
0.976272 
0.210368 
0.647213 
0.715601 
0.108141 
0.533049 
0.959939 
0.692968 
0.714891 
0.169712 
0.344100 
0.289804 
0.736581 
0.710503 
0.418336 
0.969036 
0.583181 
0.526857 
0.885413 
0.130810 
0.521503 
0.903603 
0.849165 
0.919238 
0.629194 
0.868389 
0.005676 
0.397932 
0.034862 
0.931411 
0.218454 
0.555919 
0.334072 
0.752245 
0.977864 
0.962479 
0.377720 
0.339139 
0.906382 
0.569506 
0.688564 
0.694202 
0.447820 
0.502735 
0.470391 
0.858084 
0.818416 
0.118515 
0.875685 
0.636868 
0.843440 
0.693809 
0.840916 
0.275052 
0.791474 
0.296466 
0.708101 
0.057804 
0.516346 
0.225859 
0.007079 
0.971449 
0.139630 
0.764997 
0.310766 
0.039341 
0.197721 
0.100094 
0.273549 
0.532532 
0.265946 
0.757169 
0.742283 
0.542813 
0.063516 
0.507039 
0.801257 
0.729987 
0.892245 
0.953344 
0.848883 
0.175198 
0.551996 
0.390681 
0.183059 
0.676535 
0.515519 
0.319801 
0.902812 
0.567261 
0.953576 
0.749451 
0.030355 
0.177314 
0.112631 
0.980979 
0.307490 
0.987704 
0.348312 
0.079924 
0.290283 
0.786972 
0.636294 
0.187273 
0.502335 
0.749997 
0.200935 
0.106722 
0.671334 
0.107660 
0.448997 
0.290121 
0.065540 
0.527374 
0.571008 
0.926562 
0.729601 
0.398909 
0.470504 
0.758796 
0.085644 
0.427063 
0.646724 
0.488146 
0.271432 
0.949302 
0.926055 
0.200173 
0.308182 
0.611005 
0.168222 
0.301761 
0.699109 
0.918546 
0.996032 
0.310866 
0.721133 
0.089940 
0.616569 
0.683097 
0.818645 
0.967578 
0.080658 
0.623561 
0.188871 
0.350539 
0.501466 
0.146618 
0.211282 
0.023932 
0.217175 
0.064028 
0.124044 
0.799834 
0.813041 
0.777795 
0.402614 
0.730132 
0.332632 
0.540291 
0.678028 
0.624734 
0.900897 
0.368326 
0.447109 
0.557090 
0.003601 
0.519842 
0.986607 
0.902734 
0.243939 
0.886668 
0.223548 
0.172799 
0.228976 
0.398610 
0.442046 
0.466839 
0.154924 
0.800002 
0.631152 
0.773012 
0.011424 
0.010985 
0.626712 
0.145145 
0.456390 
0.553119 
0.271414 
0.651603 
0.491669 
0.484927 
0.174464 
0.210829 
0.398692 
0.818650 
0.043008 
0.841860 
0.147656 
0.658842 
0.161173 
0.830104 
0.562629 
0.109424 
0.082691 
0.787306 
0.257051 
0.259038 
0.643840 
0.019042 
0.041034 
0.653077 
0.267896 
0.527750 
0.900333 
0.903514 
0.354556 
0.016298 
0.925209 
0.994045 
0.913580 
0.543159 
0.877459 
0.457566 
0.304535 
0.318888 
0.558832 
0.288255 
0.694752 
0.691959 
0.755814 
0.963517 
0.837356 
0.439187 
0.418324 
0.765261 
0.733791 
0.831083 
0.011928 
0.470249 
0.481169 
0.002930 
0.248532 
0.078719 
0.030263 
0.624797 
0.961597 
0.553215 
0.880821 
0.950819 
0.414520 
0.839406 
0.896398 
0.758946 
0.606526 
0.880162 
0.876608 
0.154289 
0.131369 
0.922178 
0.043982 
0.204341 
0.359798 
0.127481 
0.570883 
0.834621 
0.468057 
0.629919 
0.042142 
0.272839 
0.608894 
0.683416 
0.181093 
0.634644 
0.468504 
0.145002 
0.046299 
0.148949 
0.390470 
0.636728 
0.484744 
0.098294 
0.020123 
0.215593 
0.466997 
0.814809 
0.495756 
0.167164 
0.524148 
0.350266 
0.917969 
0.304068 
0.465550 
0.491471 
0.150119 
0.054474 
0.538647 
0.036130 
0.231555 
0.752673 
0.177936 
0.570663 
0.139612 
0.452905 
0.978388 
0.765907 
0.606410 
0.940967 
0.838075 
0.534371 
0.177632 
0.454394 
0.993671 
0.630469 
0.296847 
0.101932 
0.169206 
0.840366 
0.037635 
0.529355 
0.868311 
0.709293 
0.084090 
0.302478 
0.747608 
0.054947 
0.499418 
0.722709 
0.563949 
0.283312 
0.627116 
0.943098 
0.653020 
0.313556 
0.941402 
0.142950 
0.565077 
0.250393 
0.352077 
0.351753 
0.909335 
0.189149 
0.026121 
0.017632 
0.344572 
0.221195 
0.630303 
0.500516 
0.176379 
0.410007 
0.982831 
0.434776 
0.287917 
0.015116 
0.061415 
0.195470 
0.269530 
0.989330 
0.662873 
0.905114 
0.245906 
0.935594 
0.523034 
0.636783 
0.411958 
0.774668 
0.849460 
0.872672 
0.999915 
0.566491 
0.012573 
0.306765 
0.807236 
0.221727 
0.559595 
0.119916 
0.423000 
0.353121 
0.910408 
0.225479 
0.619627 
0.063345 
0.633947 
0.753079 
0.993788 
0.594215 
0.969421 
0.055745 
0.908407 
0.598974 
0.962913 
0.682188 
0.529880 
0.687667 
0.617382 
0.342749 
0.587189 
0.893802 
0.125959 
0.995404 
0.758259 
0.059868 
0.209811 
0.297692 
0.306205 
0.389351 
0.829751 
0.628316 
0.107715 
0.369558 
0.159376 
0.630352 
0.331841 
0.251774 
0.562936 
0.258494 
0.503502 
0.351648 
0.141295 
0.750505 
0.738995 
0.283630 
0.963503 
0.589330 
0.875143 
0.530058 
0.683930 
0.807271 
0.795509 
0.120995 
0.568507 
0.898771 
0.650365 
0.684194 
0.254472 
0.907479 
0.000042 
0.708920 
0.824388 
0.485690 
0.987600 
0.589132 
0.542057 
0.348381 
0.244919 
0.347737 
0.417207 
0.001681 
0.254398 
0.672016 
0.576344 
0.608364 
0.773212 
0.382359 
0.309405 
0.173061 
0.636717 
0.297052 
0.559058 
0.093287 
0.868129 
0.643109 
0.735603 
0.271770 
0.633524 
0.637743 
0.545235 
0.771147 
0.660633 
0.254619 
0.383116 
0.033188 
0.784437 
0.034118 
0.418228 
0.157419 
0.742133 
0.029297 
0.387476 
0.301763 
0.724889 
0.204020 
0.959963 
0.104400 
0.656413 
0.341499 
0.581535 
0.863475 
0.421006 
0.845977 
0.336502 
0.581091 
0.388721 
0.231071 
0.604092 
0.979055 
0.977354 
0.381757 
0.188329 
0.242359 
0.322843 
0.029149 
0.902102 
0.635609 
0.676351 
0.433526 
0.264982 
0.549353 
0.979910 
0.346552 
0.497712 
0.048668 
0.967270 
0.905198 
0.657329 
0.723383 
0.898050 
0.518874 
0.721087 
0.312249 
0.969637 
0.693442 
0.672336 
0.952731 
0.544231 
0.894137 
0.759685 
0.025283 
0.937783 
0.312182 
0.845223 
0.659419 
0.855696 
0.688277 
0.875232 
0.027837 
0.859673 
0.531411 
0.423156 
0.983822 
0.101750 
0.109244 
0.064420 
0.713158 
0.042125 
0.001061 
0.827663 
0.532998 
0.096612 
0.759558 
0.891799 
0.473659 
0.790141 
0.901960 
0.244966 
0.143585 
0.231808 
0.995684 
0.469013 
0.706854 
0.098083 
0.481298 
0.168541 
0.675276 
0.360608 
0.732317 
0.048760 
0.501168 
0.127834 
0.500031 
0.021389 
0.481677 
0.548762 
0.042464 
0.686973 
0.951514 
0.088810 
0.628005 
0.886909 
0.273381 
0.716651 
0.758999 
0.495875 
0.176717 
0.087396 
0.862030 
0.136393 
0.349316 
0.958945 
0.996442 
0.206875 
0.954711 
0.829459 
0.714061 
0.215162 
0.231698 
0.155040 
0.754309 
0.669154 
0.466807 
0.618567 
0.252305 
0.487211 
0.562171 
0.407110 
0.300028 
0.565073 
0.188369 
0.915106 
0.179574 
0.107039 
0.008792 
0.774569 
0.189049 
0.341691 
0.797179 
0.189103 
0.246552 
0.801631 
0.009639 
0.998855 
0.751319 
0.413884 
0.156248 
0.053289 
0.626438 
0.544798 
0.412982 
0.989127 
0.265219 
0.536685 
0.062986 
0.612472 
0.815024 
0.104182 
0.979765 
0.913999 
0.580090 
0.580450 
0.626516 
0.856301 
0.857830 
0.550994 
0.561076 
0.006494 
0.148635 
0.114034 
0.569953 
0.199390 
0.141803 
0.274634 
0.778640 
0.598325 
0.047938 
0.689794 
0.367728 
0.409031 
0.584630 
0.884169 
0.236588 
0.326204 
0.507227 
0.960316 
0.037407 
0.691311 
0.868544 
0.614894 
0.518045 
0.782018 
0.381592 
0.422200 
0.921131 
0.444583 
0.102472 
0.248013 
0.357671 
0.368330 
0.524590 
0.781192 
0.496291 
0.156148 
0.382257 
0.598678 
0.985640 
0.647365 
0.257966 
0.632469 
0.899543 
0.620694 
0.998972 
0.730733 
0.425110 
0.831916 
0.010054 
0.985055 
0.826367 
0.749137 
0.737859 
0.194998 
0.325155 
0.874417 
0.323630 
0.246501 
0.944088 
0.282654 
0.568096 
0.997714 
0.574914 
0.579242 
0.327646 
0.740546 
0.358314 
0.177681 
0.282995 
0.293915 
0.832746 
0.962264 
0.767658 
0.035140 
0.595019 
0.481804 
0.677730 
0.609283 
0.224743 
0.253650 
0.096567 
0.000666 
0.198634 
0.447987 
0.321449 
0.594017 
0.648505 
0.415329 
0.435672 
0.340396 
0.037666 
0.044408 
0.370149 
0.095546 
0.849272 
0.714372 
0.451661 
0.061140 
0.586435 
0.219177 
0.703430 
0.555032 
0.418562 
0.772526 
0.843614 
0.623759 
0.511125 
0.483916 
0.182712 
0.834369 
0.239728 
0.103732 
0.421535 
0.742015 
0.051839 
0.260697 
0.527425 
0.430656 
0.037212 
0.418191 
0.529400 
0.623861 
0.235822 
0.466289 
0.927564 
0.563941 
0.155836 
0.139623 
0.643610 
0.159672 
0.600793 
0.534175 
0.880241 
0.216569 
0.870535 
0.074188 
0.869915 
0.655467 
0.425591 
0.915585 
0.234521 
0.587823 
0.540028 
0.242246 
0.426397 
0.450015 
0.398455 
0.828892 
0.183218 
0.338291 
0.648804 
0.445485 
0.271330 
0.237472 
0.191805 
0.670471 
0.599427 
0.564235 
0.101233 
0.421035 
0.335047 
0.132883 
0.357675 
0.435465 
0.855737 
0.363646 
0.797122 
0.233511 
0.614158 
0.147396 
0.287181 
0.651934 
0.053627 
0.313289 
0.453183 
0.641433 
0.558537 
0.324638 
0.193369 
0.951332 
0.045096 
0.924508 
0.199080 
0.943825 
0.874186 
0.436640 
0.609406 
0.294004 
0.318684 
0.121334 
0.260946 
0.725137 
0.381016 
0.729798 
0.709698 
0.901022 
0.478244 
0.850952 
0.951505 
0.951316 
0.772143 
0.412608 
0.707863 
0.061824 
0.084014 
0.016058 
0.881371 
0.208138 
0.177234 
0.771895 
0.242492 
0.559745 
0.633605 
0.992871 
0.181715 
0.077079 
0.472325 
0.369010 
0.947270 
0.761441 
0.531298 
0.527492 
0.558467 
0.158634 
0.167540 
0.848011 
0.513841 
0.130409 
0.783664 
0.048723 
0.893208 
0.140913 
0.322998 
0.620491 
0.589908 
0.580209 
0.569632 
0.796902 
0.527412 
0.209960 
0.803124 
0.103710 
0.054330 
0.120533 
0.805727 
0.855157 
0.621413 
0.084593 
0.750864 
0.764540 
0.621334 
0.767877 
0.701849 
0.969528 
0.864490 
0.475087 
0.789382 
0.136252 
0.985659 
0.968473 
0.121876 
0.363233 
0.855806 
0.527677 
0.675428 
0.924291 
0.565579 
0.684151 
0.524882 
0.691793 
0.960697 
0.426322 
0.196982 
0.672422 
0.394387 
0.462496 
0.172512 
0.407236 
0.414251 
0.314700 
0.165712 
0.120394 
0.453856 
0.960593 
0.688461 
0.968049 
0.999418 
0.215293 
0.431894 
0.847269 
0.056116 
0.146141 
0.189191 
0.738782 
0.717083 
0.009606 
0.443558 
0.882174 
0.705064 
0.012087 
0.152260 
0.034250 
0.635188 
0.603591 
0.550541 
0.934866 
0.297283 
0.432555 
0.959235 
0.854638 
0.894252 
0.691648 
0.522900 
0.378382 
0.473198 
0.036080 
0.391442 
0.960343 
0.480230 
0.230902 
0.773279 
0.498008 
0.021105 
0.711740 
0.213022 
0.266745 
0.191069 
0.303328 
0.033519 
0.345761 
0.207919 
0.492916 
0.437362 
0.747831 
0.799591 
0.727222 
0.423193 
0.599319 
0.759561 
0.934203 
0.145395 
0.659777 
0.868375 
0.777858 
0.464456 
0.119539 
0.084720 
0.896940 
0.872964 
0.912339 
0.679201 
0.338787 
0.986971 
0.015746 
0.647964 
0.336122 
0.209941 
0.473829 
0.651274 
0.960398 
0.416233 
0.624213 
0.147392 
0.219186 
0.851631 
0.354588 
0.560943 
0.771424 
0.324022 
0.834911 
0.347978 
0.466195 
0.339453 
0.179047 
0.235067 
0.772153 
0.581329 
0.399500 
0.401360 
0.663558 
0.412162 
0.203510 
0.395974 
0.142800 
0.043812 
0.351942 
0.097531 
0.211754 
0.943802 
0.487273 
0.603008 
0.749093 
0.007432 
0.904768 
0.436040 
0.516255 
0.690129 
0.004600 
0.317101 
0.517494 
0.513836 
0.044428 
0.709524 
0.968654 
0.162858 
0.160043 
0.837377 
0.788337 
0.582128 
0.829894 
0.033477 
0.643078 
0.219148 
0.224668 
0.993918 
0.774187 
0.768006 
0.873400 
0.233453 
0.650818 
0.292591 
0.583677 
0.865846 
0.267141 
0.846003 
0.778417 
0.862298 
0.643239 
0.910770 
0.306153 
0.509511 
0.351608 
0.477995 
0.659884 
0.676728 
0.767649 
0.874598 
0.360371 
0.749830 
0.387574 
0.954942 
0.714954 
0.227438 
0.544630 
0.593493 
0.843260 
0.669872 
0.533409 
0.001872 
0.470801 
0.756809 
0.695606 
0.053081 
0.124772 
0.039164 
0.235331 
0.205752 
0.080623 
0.036497 
0.407844 
0.639715 
0.696421 
0.743373 
0.863757 
0.160225 
0.895898 
0.361330 
0.875226 
0.925500 
0.871556 
0.236218 
0.114031 
0.519426 
0.991429 
0.953842 
0.229383 
0.233355 
0.997818 
0.327895 
0.939182 
0.830132 
0.031695 
0.695218 
0.532071 
0.524313 
0.128658 
0.358911 
0.215868 
0.096983 
0.991821 
0.537102 
0.081408 
0.228594 
0.977387 
0.948386 
0.524190 
0.067686 
0.592395 
0.377137 
0.547193 
0.665823 
0.481852 
0.493308 
0.030648 
0.099764 
0.725248 
0.237610 
0.518514 
0.671045 
0.261267 
0.120605 
0.006010 
