0.000000 
0.007897 
0.721628 
0.405770 
0.777983 
0.562143 
0.929819 
0.468018 
0.974499 
0.410073 
0.105132 
0.953596 
0.091119 
0.444034 
0.883260 
0.942790 
0.467495 
0.189729 
0.767470 
0.866392 
0.443818 
0.243348 
0.953667 
0.277433 
0.810423 
0.782393 
0.671137 
0.792575 
0.804233 
0.743351 
0.501310 
0.513718 
0.057822 
0.815071 
0.891694 
0.706622 
0.188334 
0.332315 
0.218180 
0.956722 
0.626719 
0.262236 
0.393239 
0.164344 
0.136037 
0.382242 
0.340056 
0.319431 
0.669493 
0.164356 
0.339108 
0.393231 
0.031351 
0.914404 
0.381002 
0.498364 
0.005765 
0.896039 
0.735193 
0.390975 
0.109406 
0.794970 
0.063601 
0.938591 
0.904238 
0.521891 
0.422475 
0.539808 
0.549491 
0.294128 
0.412817 
0.213459 
0.599427 
0.575536 
0.041799 
0.515120 
0.625837 
0.448773 
0.534740 
0.367891 
0.136388 
0.267656 
0.493664 
0.010511 
0.651399 
0.061356 
0.209309 
0.850535 
0.940706 
0.453000 
0.569364 
0.293632 
0.078728 
0.174385 
0.893166 
0.433605 
0.595394 
0.789497 
0.084235 
0.741128 
0.133167 
0.139711 
0.128625 
0.797283 
0.932653 
0.103457 
0.799704 
0.627379 
0.351238 
0.259890 
0.966440 
0.959007 
0.027285 
0.575103 
0.754119 
0.472935 
0.617969 
0.205430 
0.666278 
0.142357 
0.601107 
0.809250 
0.059441 
0.026597 
0.021903 
0.118177 
0.207969 
0.338375 
0.070002 
0.523972 
0.397392 
0.973578 
0.927214 
0.688075 
0.478330 
0.287036 
0.214865 
0.238702 
0.860800 
0.471303 
0.185840 
0.419588 
0.007506 
0.151454 
0.484926 
0.154843 
0.445594 
0.096149 
0.982769 
0.395544 
0.911180 
0.206803 
0.744997 
0.165083 
0.555014 
0.122921 
0.932579 
0.852568 
0.115025 
0.228732 
0.300653 
0.072334 
0.719689 
0.817997 
0.079588 
0.630558 
0.788560 
0.335890 
0.299221 
0.014161 
0.005853 
0.369228 
0.619206 
0.003193 
0.658339 
0.703137 
0.627080 
0.334880 
0.325353 
0.201547 
0.405050 
0.669862 
0.370871 
0.225088 
0.059470 
0.510870 
0.185620 
0.708699 
0.102182 
0.376724 
0.607574 
0.503690 
0.509478 
0.797282 
0.919536 
0.646124 
0.405184 
0.929757 
0.433348 
0.284293 
0.119663 
0.181741 
0.526509 
0.029809 
0.004637 
0.931095 
0.920049 
0.262573 
0.064578 
0.364833 
0.754740 
0.907090 
0.454810 
0.999007 
0.315409 
0.087112 
0.083116 
0.926810 
0.894294 
0.391341 
0.264235 
0.005397 
0.712292 
0.492639 
0.780618 
0.843122 
0.343648 
0.688177 
0.187562 
0.350740 
0.883601 
0.675613 
0.028848 
0.843842 
0.447754 
0.400563 
0.266762 
0.471770 
0.037638 
0.574004 
0.291393 
0.437656 
0.683093 
0.739567 
0.909766 
0.444483 
0.422628 
0.108704 
0.986920 
0.162664 
0.897519 
0.600398 
0.886911 
0.312184 
0.881005 
0.050186 
0.483229 
0.636680 
0.687042 
0.109237 
0.947659 
0.300896 
0.166324 
0.399743 
0.473248 
0.880897 
0.237983 
0.776847 
0.468721 
0.790345 
0.322647 
0.729105 
0.072967 
0.362268 
0.637675 
0.398500 
0.591352 
0.857614 
0.919989 
0.261956 
0.695288 
0.713180 
0.418073 
0.550252 
0.084920 
0.250735 
0.103628 
0.683032 
0.726984 
0.419199 
0.472292 
0.809910 
0.150760 
0.828434 
0.483174 
0.701586 
0.552114 
0.385341 
0.429897 
0.271370 
0.922741 
0.508997 
0.716877 
0.546328 
0.130776 
0.948629 
0.600586 
0.050791 
0.646881 
0.132950 
0.493868 
0.433858 
0.858386 
0.896548 
0.280814 
0.633386 
0.316317 
0.332668 
0.142898 
0.693102 
0.967727 
0.585104 
0.847305 
0.647578 
0.851404 
0.550206 
0.305202 
0.535516 
0.412194 
0.746339 
0.725422 
0.172342 
0.558312 
0.554762 
0.887736 
0.179290 
0.321700 
0.806686 
0.967577 
0.069686 
0.207582 
0.830209 
0.323054 
0.561800 
0.165839 
0.254731 
0.255598 
0.843614 
0.624588 
0.454131 
0.578081 
0.799626 
0.307696 
0.449401 
0.090461 
0.381195 
0.747434 
0.129286 
0.911917 
0.585560 
0.512983 
0.701855 
0.085124 
0.677620 
0.765696 
0.051830 
0.108348 
0.012841 
0.817454 
0.953744 
0.571147 
0.269879 
0.853362 
0.455244 
0.282453 
0.195651 
0.312501 
0.196738 
0.568196 
0.662907 
0.475484 
0.456830 
0.940265 
0.027349 
0.647511 
0.719539 
0.292209 
0.152296 
0.636137 
0.548785 
0.430894 
0.038936 
0.399259 
0.353507 
0.398765 
0.050285 
0.144728 
0.451414 
0.918917 
0.238994 
0.768325 
0.241358 
0.503123 
0.984810 
0.703725 
0.509241 
0.811524 
0.275555 
0.256874 
0.276549 
0.960459 
0.431649 
0.731460 
0.648710 
0.863252 
0.671314 
0.776300 
0.270585 
0.716385 
0.277604 
0.695309 
0.058018 
0.104556 
0.276353 
0.668383 
0.507983 
0.664337 
0.515868 
0.185274 
0.898136 
0.975980 
0.294946 
0.155530 
0.992549 
0.764936 
0.274687 
0.672333 
0.898353 
0.619679 
0.948358 
0.058568 
0.358518 
0.609356 
0.446189 
0.093170 
0.907991 
0.609455 
0.115843 
0.970279 
0.480612 
0.652649 
0.079971 
0.066213 
0.837902 
0.614752 
0.137303 
0.644554 
0.020607 
0.345320 
0.791346 
0.154898 
0.365443 
0.995465 
0.787497 
0.462849 
0.110128 
0.917891 
0.992830 
0.492986 
0.620185 
0.448367 
0.698750 
0.897610 
0.134084 
0.558027 
0.753543 
0.795457 
0.249099 
0.601219 
0.687852 
0.732418 
0.750110 
0.106319 
0.902010 
0.076259 
0.692828 
0.362316 
0.436747 
0.406670 
0.894748 
0.036083 
0.454929 
0.994880 
0.950604 
0.800772 
0.581109 
0.694928 
0.647032 
0.662323 
0.665467 
0.495517 
0.159922 
0.808938 
0.824406 
0.794722 
0.888702 
0.420884 
0.801166 
0.195518 
0.067350 
0.951453 
0.069417 
0.699562 
0.538087 
0.635048 
0.251211 
0.106021 
0.887569 
0.368480 
0.051239 
0.177641 
0.607297 
0.847438 
0.891649 
0.944474 
0.775449 
0.974829 
0.951033 
0.017608 
0.943236 
0.963419 
0.189381 
0.921751 
0.872445 
0.182932 
0.534911 
0.252095 
0.968225 
0.963413 
0.074881 
0.523911 
0.366581 
0.131502 
0.150228 
0.879199 
0.705490 
0.172605 
0.968464 
0.966843 
0.731188 
0.069978 
0.127214 
0.089222 
0.561769 
0.658776 
0.052974 
0.342379 
0.360217 
0.168044 
0.307408 
0.604441 
0.833484 
0.372858 
0.631366 
0.374363 
0.913865 
0.333625 
0.236817 
0.186044 
0.839734 
0.415538 
0.944069 
0.968527 
0.035894 
0.266897 
0.734569 
0.900634 
0.962784 
0.510785 
0.765173 
0.257840 
0.514230 
0.671031 
0.017820 
0.506167 
0.146858 
0.245494 
0.018359 
0.558975 
0.695630 
0.455309 
0.377856 
0.619093 
0.100211 
0.245152 
0.269045 
0.847503 
0.981103 
0.399197 
0.303115 
0.449143 
0.748783 
0.793223 
0.694947 
0.968602 
0.286962 
0.976945 
0.512138 
0.500173 
0.403986 
0.793597 
0.988208 
0.819425 
0.082593 
0.134526 
0.975413 
0.771491 
0.450330 
0.701078 
0.021106 
0.723980 
0.938123 
0.033469 
0.519876 
0.551287 
0.485686 
0.923541 
0.952336 
0.912495 
0.297052 
0.545080 
0.166797 
0.357024 
0.493974 
0.213317 
0.210663 
0.611839 
0.185359 
0.321855 
0.409634 
0.725922 
0.576979 
0.279008 
0.287398 
0.301957 
0.989573 
0.745428 
0.408458 
0.961781 
0.649060 
0.757525 
0.725698 
0.812605 
0.444440 
0.705897 
0.009604 
0.407119 
0.442233 
0.606684 
0.537073 
0.588003 
0.560278 
0.595455 
0.809469 
0.746475 
0.004743 
0.711610 
0.029927 
0.984583 
0.886891 
0.976879 
0.407548 
0.651368 
0.535627 
0.289928 
0.818622 
0.576745 
0.346594 
0.204981 
0.118583 
0.020237 
0.117620 
0.832574 
0.065051 
0.320017 
0.523338 
0.737283 
0.509255 
0.052380 
0.350985 
0.010664 
0.234359 
0.872190 
0.900609 
0.529524 
0.710371 
0.210141 
0.845187 
0.052735 
0.309435 
0.674911 
0.234306 
0.977127 
0.581468 
0.726851 
0.188034 
0.285035 
0.577842 
0.795201 
0.946090 
0.941458 
0.081262 
0.762035 
0.528076 
0.375043 
0.348613 
0.145143 
0.415232 
0.795891 
0.543024 
0.610559 
0.668768 
0.978566 
0.766827 
0.061283 
0.978894 
0.268710 
0.205583 
0.231160 
0.100901 
0.844113 
0.006434 
0.136788 
0.988018 
0.624662 
0.699784 
0.263979 
0.698311 
0.521343 
0.215675 
0.853516 
0.049356 
0.534636 
0.624535 
0.567928 
0.159716 
0.342178 
0.977308 
0.616808 
0.684916 
0.378167 
0.858949 
0.359364 
0.831231 
0.494820 
0.438924 
0.002819 
0.381333 
0.056299 
0.223704 
0.793623 
0.419629 
0.708459 
0.070373 
0.764398 
0.236608 
0.677678 
0.737754 
0.439731 
0.556181 
0.735176 
0.106643 
0.341563 
0.653615 
0.304308 
0.504856 
0.116998 
0.390984 
0.267311 
0.701384 
0.156581 
0.663653 
0.016020 
0.242434 
0.594652 
0.314335 
0.033775 
0.657997 
0.950732 
0.958181 
0.156251 
0.102438 
0.683748 
0.746221 
0.735811 
0.767378 
0.328909 
0.976875 
0.333408 
0.593901 
0.686410 
0.497228 
0.914582 
0.376373 
0.692945 
0.319518 
0.143730 
0.674433 
0.202440 
0.401281 
0.330328 
0.818414 
0.081269 
0.887351 
0.711140 
0.127462 
0.254526 
0.814148 
0.389723 
0.074286 
0.524871 
0.504609 
0.971417 
0.613831 
0.661777 
0.478405 
0.547528 
0.296410 
0.765079 
0.675098 
0.364259 
0.095513 
0.284341 
0.922211 
0.592689 
0.318668 
0.848937 
0.088230 
0.881898 
0.063174 
0.766100 
0.835218 
0.513155 
0.591774 
0.939547 
0.965262 
0.161509 
0.485313 
0.663737 
0.425557 
0.329617 
0.868785 
0.661745 
0.946000 
0.426414 
0.733157 
0.172554 
0.118238 
0.227690 
0.791406 
0.154247 
0.425611 
0.239057 
0.822842 
0.511395 
0.008630 
0.044935 
0.228527 
0.851048 
0.556068 
0.828641 
0.975300 
0.862655 
0.646878 
0.074205 
0.171230 
0.860310 
0.230496 
0.945664 
0.773161 
0.516497 
0.757752 
0.533845 
0.338021 
0.126509 
0.228438 
0.359216 
0.349043 
0.364546 
0.921753 
0.902929 
0.522617 
0.617641 
0.694359 
0.096615 
0.809443 
0.313661 
0.701983 
0.226082 
0.760331 
0.890820 
0.005969 
0.315513 
0.830975 
0.201532 
0.149096 
0.858039 
0.054414 
0.531174 
0.439738 
0.669640 
0.638491 
0.116998 
0.392526 
0.180256 
0.555632 
0.510657 
0.618799 
0.150979 
0.510224 
0.331001 
0.135727 
0.168276 
0.207906 
0.275758 
0.658355 
0.966956 
0.634381 
0.034686 
0.962650 
0.252353 
0.300262 
0.496830 
0.221612 
0.627633 
0.622299 
0.982400 
0.192106 
0.719551 
0.493456 
0.514980 
0.271392 
0.278277 
0.007637 
0.355453 
0.104521 
0.680837 
0.826545 
0.743412 
0.517149 
0.724006 
0.361827 
0.226244 
0.480809 
0.952129 
0.438385 
0.935970 
0.853769 
0.290536 
0.045871 
0.949081 
0.202268 
0.520575 
0.295881 
0.878236 
0.516661 
0.520906 
0.870714 
0.086260 
0.766135 
0.430977 
0.432664 
0.780110 
0.304889 
0.272908 
0.772691 
0.615589 
0.203714 
0.826562 
0.022242 
0.813927 
0.674819 
0.690077 
0.124611 
0.339740 
0.010671 
0.351653 
0.229021 
0.157572 
0.319051 
0.292958 
0.751467 
0.902850 
0.198246 
0.924669 
0.917343 
0.779941 
0.470296 
0.259110 
0.859072 
0.417558 
0.901832 
0.093661 
0.167918 
0.196448 
0.706071 
0.943561 
0.424675 
0.521023 
0.826790 
0.851801 
0.226732 
0.693049 
0.079379 
0.125385 
0.353998 
0.647054 
0.040587 
0.149843 
0.411950 
0.638098 
0.515057 
0.559800 
0.555113 
0.778198 
0.174771 
0.378213 
0.617927 
0.499445 
0.168561 
0.008663 
0.607307 
0.007832 
0.627079 
0.319947 
0.351253 
0.506593 
0.300598 
0.149973 
0.596743 
0.463961 
0.785590 
0.413327 
0.791574 
0.986735 
0.055744 
0.894844 
0.643988 
0.498890 
0.841509 
0.244257 
0.231397 
0.089062 
0.870195 
0.366518 
0.071013 
0.516859 
0.846831 
0.695314 
0.146401 
0.560798 
0.327257 
0.204323 
0.048395 
0.370428 
0.790718 
0.604521 
0.192447 
0.462854 
0.183907 
0.924620 
0.084202 
0.187780 
0.016932 
0.576616 
0.188347 
0.555296 
0.861302 
0.907957 
0.027627 
0.333597 
0.759416 
0.512505 
0.670686 
0.216141 
0.675354 
0.677120 
0.361349 
0.198033 
0.333109 
0.568675 
0.719559 
0.631505 
0.710025 
0.393670 
0.407954 
0.488938 
0.576541 
0.924506 
0.175578 
0.935848 
0.791403 
0.110294 
0.709392 
0.759567 
0.043701 
0.490589 
0.333840 
0.842371 
0.724277 
0.922432 
0.320764 
0.080974 
0.932954 
0.161271 
0.489905 
0.833663 
0.374944 
0.685369 
0.997482 
0.683369 
0.387155 
0.915264 
0.842199 
0.841019 
0.006667 
0.053251 
0.996423 
0.884390 
0.940151 
0.112158 
0.035375 
0.541145 
0.018426 
0.681629 
0.133650 
0.260751 
0.446029 
0.415464 
0.700694 
0.560125 
0.018357 
0.520438 
0.003561 
0.854702 
0.984606 
0.273216 
0.945177 
0.597462 
0.539180 
0.992001 
0.553283 
0.034967 
0.696899 
0.775779 
0.515711 
0.548132 
0.451195 
0.229034 
0.381093 
0.038281 
0.380960 
0.799235 
0.735150 
0.672608 
0.518908 
0.293657 
0.485292 
0.299404 
0.078443 
0.390658 
0.787843 
0.281309 
0.957958 
0.405440 
0.222858 
0.566270 
0.294546 
0.438979 
0.920453 
0.055455 
0.024721 
0.493022 
0.219442 
0.165267 
0.642666 
0.279561 
0.588686 
0.043965 
0.912762 
0.787963 
0.295597 
0.101568 
0.058424 
0.924611 
0.935697 
0.258250 
0.405943 
0.690363 
0.930018 
0.804736 
0.189710 
0.449954 
0.378327 
0.535896 
0.807496 
0.586845 
0.103243 
0.210343 
0.240829 
0.615952 
0.301786 
0.124949 
0.021136 
0.237218 
0.923194 
0.119288 
0.878227 
0.361182 
0.391207 
0.015383 
0.542739 
0.812197 
0.587782 
0.844318 
0.453644 
0.402491 
0.663838 
0.120419 
0.889941 
0.246148 
0.017014 
0.953400 
0.789886 
0.621155 
0.757910 
0.189293 
0.451849 
0.234303 
0.924949 
0.619034 
0.106168 
0.367604 
0.325863 
0.776947 
0.148745 
0.955023 
0.072320 
0.483724 
0.953685 
0.579124 
0.329081 
0.856352 
0.716422 
0.904043 
0.242948 
0.219217 
0.378416 
0.031570 
0.599575 
0.053154 
0.354005 
0.758783 
0.874051 
0.171423 
0.101233 
0.423179 
0.376401 
0.168741 
0.027811 
0.413688 
0.850554 
0.253871 
0.806055 
0.360726 
0.720011 
0.226965 
0.607267 
0.336439 
0.526386 
0.961777 
0.591036 
0.536364 
0.667840 
0.380526 
0.508142 
0.342489 
0.220819 
0.304108 
0.138680 
0.793553 
0.252671 
0.635020 
0.783202 
0.277827 
0.444907 
0.549242 
0.103209 
0.637257 
0.386292 
0.416234 
0.645876 
0.243990 
0.734717 
0.395196 
0.054301 
0.639971 
0.990922 
0.421558 
0.127362 
0.577914 
0.999945 
0.083970 
0.291125 
0.930669 
0.753959 
0.791464 
0.140995 
0.709940 
0.958079 
0.431475 
0.804688 
0.382842 
0.430148 
0.492030 
0.541895 
0.636388 
0.770571 
0.991490 
0.973493 
0.498573 
0.517152 
0.771606 
0.374654 
0.817813 
0.990911 
0.242467 
0.148156 
0.061326 
0.708977 
0.771277 
0.848064 
0.408716 
0.292643 
0.451810 
0.563458 
0.031901 
0.153237 
0.451460 
0.691082 
0.020248 
0.300624 
0.580674 
0.384300 
0.936052 
0.219650 
0.659937 
0.553516 
0.946055 
0.338843 
0.934650 
0.663437 
0.385218 
0.363297 
0.929184 
0.803784 
0.189762 
0.331235 
0.059423 
0.717597 
0.646951 
0.308847 
0.783461 
0.622308 
0.123407 
0.108435 
0.460641 
0.992883 
0.382297 
0.259052 
0.881128 
0.113241 
0.238797 
0.466427 
0.237767 
0.151321 
0.246052 
0.402864 
0.942284 
0.970210 
0.324697 
0.179030 
0.951909 
0.734978 
0.780772 
0.437727 
0.882711 
0.720196 
0.337947 
0.878054 
0.452011 
0.953825 
0.938649 
0.867601 
0.771309 
0.392795 
0.701847 
0.934278 
0.418292 
0.228716 
0.029187 
0.552615 
0.793484 
0.079521 
0.515191 
0.812221 
0.999002 
0.234320 
0.224089 
0.256373 
0.852793 
0.892947 
0.755211 
0.834967 
0.288066 
0.522231 
0.139544 
0.315593 
0.170091 
0.711697 
0.486540 
0.271561 
0.127037 
0.104832 
0.914706 
0.459290 
0.291419 
0.875573 
0.748490 
0.879766 
0.219248 
0.902485 
0.064940 
0.443160 
0.183288 
0.513756 
0.703818 
0.075642 
0.310594 
0.147161 
0.328877 
0.442514 
0.327847 
0.129317 
0.431353 
0.748559 
0.038217 
0.311111 
0.846671 
0.998817 
0.116874 
0.303089 
0.010804 
0.580345 
0.850337 
0.618358 
0.741169 
0.820855 
0.102080 
0.657075 
0.467075 
0.124270 
0.609241 
0.516042 
0.112320 
0.767826 
0.855270 
0.526985 
0.036788 
0.290317 
0.357311 
0.321067 
0.169523 
0.172049 
0.629656 
0.632679 
0.436084 
0.258711 
0.153939 
0.259096 
0.620516 
0.014238 
0.296006 
0.978990 
0.889754 
0.101490 
0.739125 
0.468126 
0.790929 
0.146861 
0.299966 
0.521364 
0.572018 
0.900548 
0.515281 
0.333792 
0.049622 
0.998640 
0.148137 
0.731601 
0.021962 
0.119053 
0.918006 
0.925004 
0.542123 
0.462128 
0.992936 
0.274323 
0.541531 
0.508936 
0.679327 
0.450216 
0.777607 
0.241989 
0.115155 
0.412500 
0.895065 
0.358570 
0.490050 
0.261951 
0.604471 
0.348686 
0.373914 
0.374121 
0.853897 
0.448337 
0.197902 
0.136858 
0.171491 
0.242834 
0.314185 
0.502328 
0.628884 
0.653663 
0.114361 
0.060542 
0.534661 
0.055588 
0.274685 
0.634046 
0.415493 
0.198443 
0.231913 
0.761243 
0.210178 
0.467093 
0.439994 
0.975153 
0.390344 
0.517292 
0.130951 
0.887806 
0.353848 
0.118331 
0.786625 
0.803426 
0.178375 
0.945389 
0.145077 
0.303167 
0.328498 
0.071583 
0.096014 
0.706469 
0.629863 
0.103220 
0.815933 
0.393996 
0.885740 
0.628388 
0.320020 
0.572941 
0.423784 
0.535787 
0.976916 
0.029736 
0.773987 
0.403137 
0.516766 
0.281229 
0.613099 
0.346538 
0.271107 
0.503550 
0.170771 
0.149278 
0.914737 
0.979102 
0.768232 
0.669862 
0.372953 
0.214140 
0.050486 
0.511805 
0.901705 
0.951842 
0.616050 
0.954739 
0.300418 
0.132000 
0.521031 
0.962037 
0.956318 
0.842305 
0.625979 
0.830009 
0.959084 
0.332011 
0.108226 
0.961777 
0.577778 
0.711351 
0.672424 
0.427203 
0.000442 
0.425628 
0.527239 
0.307277 
0.410568 
0.423788 
0.600151 
0.743686 
0.127906 
0.712672 
0.880897 
0.237114 
0.176153 
0.596530 
0.880180 
0.185484 
0.424636 
0.851015 
0.008284 
0.235774 
0.647589 
0.022622 
0.202397 
0.682836 
0.424452 
0.761047 
0.916459 
0.920491 
0.695753 
0.525783 
0.831247 
0.762685 
0.451261 
0.350577 
0.140748 
0.547767 
0.320815 
0.942657 
0.243429 
0.307245 
0.869430 
0.506502 
0.781359 
0.297614 
0.002809 
0.217652 
0.074998 
0.493996 
0.584764 
0.125626 
0.396036 
0.179270 
0.987709 
0.431577 
0.510453 
0.175306 
0.365725 
0.746932 
0.694057 
0.010007 
0.191720 
0.235396 
0.304442 
0.749936 
0.178443 
0.089314 
0.102805 
0.843875 
0.007731 
0.929305 
0.827565 
0.888709 
0.533474 
0.103786 
0.333683 
0.208148 
0.340930 
0.016272 
0.483411 
0.685904 
0.993142 
0.743212 
0.166907 
0.211497 
0.635950 
0.405621 
0.276722 
0.874279 
0.002477 
0.637756 
0.762026 
0.367878 
0.928058 
0.863273 
0.035592 
0.202649 
0.920306 
0.586775 
0.928670 
0.150637 
0.749679 
0.862803 
0.127563 
0.949224 
0.612179 
0.899375 
0.797902 
0.344158 
0.269939 
0.871479 
0.943028 
0.467607 
0.074013 
0.936881 
0.159369 
0.508230 
0.816195 
0.786326 
0.786277 
0.958521 
0.864358 
0.267456 
0.136253 
0.009388 
0.791046 
0.117212 
0.990433 
0.206070 
0.411930 
0.314705 
0.242113 
0.192281 
0.673011 
0.303181 
0.562233 
0.447626 
0.248961 
0.292659 
0.723408 
0.319320 
0.803397 
0.688765 
0.072900 
0.231725 
0.609564 
0.942893 
0.203846 
0.031868 
0.608647 
0.526010 
0.650343 
0.309468 
0.225176 
0.524652 
0.831726 
0.813593 
0.058546 
0.989465 
0.944956 
0.877221 
0.446199 
0.268911 
0.589024 
0.726965 
0.104555 
0.258595 
0.209141 
0.039507 
0.987188 
0.667006 
0.366880 
0.153902 
0.631937 
0.971401 
0.337349 
0.826335 
0.209188 
0.814317 
0.228214 
0.593903 
0.729941 
0.110406 
0.591384 
0.388406 
0.944319 
0.170513 
0.805886 
0.519989 
0.449049 
0.163168 
0.368883 
0.812275 
0.910524 
0.177430 
0.064754 
0.319937 
0.187400 
0.631460 
0.947572 
0.850811 
0.581861 
0.334436 
0.859505 
0.701615 
0.042022 
0.256266 
0.056250 
0.393678 
0.553501 
0.697184 
0.568718 
0.441010 
0.047892 
0.919836 
0.680131 
0.957433 
0.584652 
0.243353 
0.031837 
0.076861 
0.796381 
0.779910 
0.950304 
0.756928 
0.685860 
0.244143 
0.313811 
0.226363 
0.476572 
0.745795 
0.573571 
0.012861 
0.163145 
0.977846 
0.658228 
0.846206 
0.182239 
0.882504 
0.243152 
0.650195 
0.834746 
0.581951 
0.854958 
0.284061 
0.214822 
0.506952 
0.340685 
0.884888 
0.315806 
0.748424 
0.761503 
0.573927 
0.991628 
0.299490 
0.529209 
0.418908 
0.590813 
0.797613 
0.487990 
0.650850 
0.836321 
0.039971 
0.790000 
0.526407 
0.317055 
0.748928 
0.239965 
0.090578 
0.349269 
0.160405 
0.932843 
0.284641 
0.964451 
0.522691 
0.870361 
0.158881 
0.306907 
0.184160 
0.168750 
0.185183 
0.375532 
0.562372 
0.790723 
0.689665 
0.192045 
0.693154 
0.838692 
0.899396 
0.141190 
0.986160 
0.386187 
0.642215 
0.712362 
0.674397 
0.592014 
0.979957 
0.137618 
0.942724 
0.367820 
0.946654 
0.419254 
0.395005 
0.852056 
0.507036 
0.761687 
0.674930 
0.551735 
0.018277 
0.177731 
0.117552 
0.694416 
0.050673 
0.660431 
0.869253 
0.529015 
0.150624 
0.542022 
0.770670 
0.651549 
0.585274 
0.699069 
0.255284 
0.563100 
0.026626 
0.498403 
0.664871 
0.482406 
0.793007 
0.070485 
0.635072 
0.661806 
0.973000 
0.209587 
0.530352 
0.618816 
0.433433 
0.708998 
0.127079 
0.818988 
0.737874 
0.444941 
0.115957 
0.885986 
0.774243 
0.700995 
0.624662 
0.699518 
0.791694 
0.007731 
0.927239 
0.101589 
0.408904 
0.449840 
0.453235 
0.528458 
0.788369 
0.120645 
0.682021 
0.724486 
0.441356 
0.867220 
0.368361 
0.039870 
0.097626 
0.795099 
0.222184 
0.244401 
0.652547 
0.356127 
0.421459 
0.454030 
0.878044 
0.292823 
0.475214 
0.926395 
0.923918 
0.285700 
0.762945 
0.814353 
0.825937 
0.529397 
0.575213 
0.596931 
0.623607 
0.958344 
0.882793 
0.105534 
0.710289 
0.820530 
0.653213 
0.549752 
0.685261 
0.188073 
0.935977 
0.970296 
0.756664 
0.253513 
0.790895 
0.573666 
0.603900 
0.743172 
0.495006 
0.560847 
0.163434 
0.833146 
0.676623 
0.009173 
0.175131 
0.422948 
0.486288 
0.048069 
0.891203 
0.448315 
0.829663 
0.152388 
0.185476 
0.295477 
0.082897 
0.253652 
0.132647 
0.389870 
0.539170 
0.825095 
0.378414 
0.995866 
0.524185 
0.981674 
0.992103 
0.274646 
0.982243 
0.553884 
0.120395 
0.472976 
0.307410 
0.632263 
0.450321 
0.549779 
0.132585 
0.361892 
0.313773 
0.577236 
0.600886 
0.084767 
0.672979 
0.765423 
0.469272 
0.050333 
0.939747 
0.323009 
0.818756 
0.836695 
0.329836 
0.553424 
0.389327 
0.420479 
0.991223 
0.482996 
0.719559 
0.629463 
0.378663 
0.180681 
0.700270 
0.436689 
0.428193 
0.645861 
0.991887 
0.639486 
0.836557 
0.016252 
0.141719 
0.877612 
0.020381 
0.537103 
0.082089 
0.672381 
0.715050 
