0.000001 
0.013297 
0.482702 
0.773442 
0.246574 
0.171536 
0.011658 
0.928803 
0.391154 
0.124594 
0.043230 
0.570030 
0.488416 
0.810123 
0.738016 
0.831318 
0.960628 
0.282804 
0.079218 
0.423191 
0.564962 
0.308671 
0.826838 
0.671316 
0.811605 
0.637547 
0.251993 
0.248349 
0.008317 
0.782907 
0.322820 
0.635091 
0.974469 
0.907636 
0.642209 
0.603122 
0.669950 
0.852927 
0.141416 
0.772518 
0.710402 
0.719067 
0.352936 
0.800021 
0.951564 
0.930059 
0.493315 
0.147386 
0.117411 
0.334234 
0.462978 
0.274628 
0.666269 
0.978763 
0.066722 
0.391200 
0.895734 
0.593034 
0.118031 
0.744565 
0.898793 
0.005604 
0.184398 
0.180046 
0.036967 
0.304948 
0.266388 
0.179518 
0.155188 
0.251461 
0.299679 
0.701354 
0.657509 
0.761979 
0.575834 
0.040822 
0.093457 
0.724942 
0.092688 
0.812731 
0.577525 
0.461593 
0.995773 
0.959224 
0.685557 
0.151877 
0.594267 
0.845450 
0.474985 
0.078936 
0.684191 
0.198098 
0.440791 
0.374906 
0.052020 
0.301977 
0.322671 
0.125229 
0.726576 
0.570046 
0.755452 
0.879454 
0.991609 
0.973819 
0.978769 
0.170241 
0.241524 
0.287330 
0.158329 
0.030280 
0.917722 
0.157931 
0.349214 
0.237958 
0.362981 
0.618946 
0.625302 
0.445021 
0.464824 
0.292235 
0.595918 
0.592582 
0.525263 
0.096322 
0.884254 
0.662818 
0.983488 
0.487512 
0.608457 
0.342149 
0.499673 
0.997135 
0.847707 
0.419266 
0.607217 
0.499182 
0.745348 
0.060014 
0.658573 
0.630073 
0.633045 
0.594528 
0.239596 
0.892289 
0.709504 
0.635360 
0.494612 
0.951792 
0.762858 
0.362765 
0.986219 
0.387868 
0.900644 
0.126339 
0.387482 
0.405196 
0.128297 
0.283958 
0.480107 
0.156210 
0.421020 
0.083147 
0.457633 
0.444774 
0.322319 
0.209433 
0.943275 
0.619105 
0.293734 
0.780039 
0.121847 
0.889315 
0.716583 
0.602997 
0.575340 
0.736997 
0.711010 
0.944461 
0.550817 
0.577234 
0.567076 
0.841522 
0.457988 
0.396853 
0.914806 
0.146648 
0.707005 
0.627433 
0.258283 
0.963384 
0.600861 
0.674696 
0.619032 
0.068962 
0.036959 
0.178161 
0.354220 
0.373298 
0.023051 
0.422215 
0.160860 
0.578571 
0.049096 
0.160204 
0.550920 
0.307167 
0.548229 
0.086335 
0.024498 
0.734244 
0.434393 
0.841571 
0.285157 
0.625682 
0.841309 
0.879091 
0.876327 
0.423836 
0.403771 
0.175310 
0.437994 
0.366868 
0.953602 
0.185325 
0.764390 
0.104523 
0.714428 
0.386732 
0.801454 
0.043515 
0.360989 
0.134655 
0.141737 
0.168174 
0.492303 
0.140294 
0.926887 
0.188838 
0.793802 
0.429369 
0.406418 
0.675498 
0.093731 
0.336497 
0.498209 
0.403544 
0.370709 
0.499195 
0.974011 
0.199570 
0.179271 
0.010977 
0.493421 
0.925075 
0.742148 
0.282722 
0.712593 
0.557701 
0.274810 
0.739934 
0.077376 
0.456118 
0.974810 
0.638417 
0.872199 
0.044246 
0.642550 
0.334850 
0.816013 
0.722295 
0.610681 
0.719276 
0.879060 
0.361242 
0.395847 
0.995096 
0.575528 
0.895031 
0.786979 
0.759230 
0.382849 
0.550736 
0.226269 
0.908700 
0.517621 
0.648165 
0.714633 
0.836940 
0.446131 
0.116173 
0.519746 
0.374664 
0.985274 
0.504964 
0.929546 
0.885029 
0.681905 
0.778687 
0.384930 
0.516411 
0.313912 
0.916537 
0.245762 
0.515571 
0.197411 
0.892686 
0.370065 
0.686119 
0.603619 
0.018714 
0.525353 
0.607657 
0.883447 
0.095377 
0.993164 
0.103194 
0.379011 
0.033897 
0.707418 
0.567473 
0.523457 
0.738446 
0.063994 
0.555239 
0.896468 
0.929434 
0.003507 
0.945333 
0.214388 
0.224014 
0.010399 
0.773845 
0.014443 
0.736909 
0.225236 
0.547684 
0.925241 
0.518889 
0.969191 
0.191671 
0.413956 
0.361274 
0.926529 
0.177896 
0.905610 
0.584526 
0.135046 
0.724778 
0.337141 
0.330593 
0.277660 
0.629895 
0.642989 
0.714106 
0.981857 
0.068038 
0.519218 
0.497182 
0.146032 
0.365577 
0.250305 
0.876563 
0.401016 
0.882336 
0.421127 
0.886085 
0.423275 
0.976032 
0.177259 
0.199614 
0.914152 
0.146208 
0.321964 
0.255163 
0.520207 
0.112400 
0.107967 
0.596885 
0.848726 
0.533477 
0.155448 
0.614622 
0.958880 
0.890451 
0.812806 
0.833000 
0.227416 
0.179138 
0.778787 
0.074713 
0.708711 
0.303422 
0.607871 
0.487224 
0.774532 
0.553454 
0.894840 
0.577753 
0.294589 
0.153667 
0.688191 
0.422267 
0.037468 
0.731608 
0.134419 
0.185530 
0.210881 
0.268750 
0.874557 
0.686677 
0.977026 
0.881439 
0.351586 
0.111157 
0.220679 
0.944066 
0.918665 
0.008646 
0.305389 
0.674578 
0.640565 
0.973808 
0.789535 
0.718062 
0.460438 
0.585790 
0.379295 
0.816114 
0.425947 
0.887942 
0.641417 
0.298427 
0.666249 
0.650486 
0.714198 
0.525960 
0.815950 
0.671260 
0.874960 
0.458138 
0.918243 
0.917861 
0.490878 
0.185406 
0.117241 
0.463506 
0.139212 
0.731236 
0.880579 
0.890546 
0.399258 
0.331883 
0.959857 
0.312780 
0.894414 
0.415537 
0.934685 
0.254719 
0.065112 
0.345389 
0.946651 
0.368570 
0.556289 
0.551990 
0.288782 
0.561058 
0.695240 
0.890801 
0.690370 
0.054206 
0.046358 
0.134962 
0.310247 
0.328850 
0.980265 
0.311466 
0.812172 
0.178611 
0.917216 
0.651795 
0.714944 
0.059899 
0.715199 
0.350361 
0.519886 
0.721620 
0.274107 
0.917773 
0.013807 
0.058650 
0.724783 
0.424108 
0.978495 
0.564000 
0.150161 
0.752531 
0.788585 
0.741632 
0.612772 
0.860880 
0.804642 
0.621117 
0.120303 
0.937231 
0.041856 
0.466705 
0.910884 
0.233083 
0.428330 
0.937986 
0.726976 
0.281408 
0.617994 
0.622607 
0.156538 
0.928452 
0.487739 
0.434073 
0.459909 
0.692820 
0.226771 
0.333794 
0.078094 
0.533114 
0.040299 
0.300781 
0.229172 
0.692573 
0.066320 
0.634844 
0.822447 
0.874884 
0.173494 
0.911084 
0.593460 
0.282274 
0.172755 
0.499519 
0.419066 
0.247991 
0.981293 
0.584561 
0.709040 
0.837698 
0.187076 
0.189918 
0.959619 
0.315579 
0.942187 
0.331306 
0.259557 
0.379719 
0.945083 
0.013326 
0.975482 
0.918735 
0.180081 
0.618443 
0.167994 
0.475011 
0.508369 
0.162626 
0.262127 
0.573530 
0.313223 
0.342574 
0.640068 
0.629685 
0.119017 
0.325777 
0.329037 
0.131787 
0.947996 
0.963314 
0.413734 
0.628377 
0.136945 
0.641001 
0.304087 
0.791901 
0.485699 
0.136449 
0.306325 
0.399680 
0.415240 
0.945007 
0.732502 
0.158763 
0.329731 
0.792741 
0.596204 
0.402355 
0.388344 
0.903130 
0.909329 
0.096242 
0.541038 
0.226852 
0.708856 
0.741320 
0.365802 
0.033877 
0.373326 
0.482373 
0.243463 
0.881615 
0.296164 
0.625493 
0.655891 
0.552401 
0.198535 
0.774991 
0.277704 
0.377924 
0.761704 
0.959591 
0.844166 
0.895056 
0.200329 
0.927511 
0.677941 
0.157454 
0.327913 
0.238126 
0.179026 
0.888187 
0.754307 
0.642239 
0.108353 
0.091864 
0.954501 
0.300682 
0.561529 
0.620675 
0.684266 
0.464734 
0.779500 
0.051461 
0.906671 
0.417214 
0.115304 
0.920007 
0.550084 
0.258959 
0.323117 
0.622680 
0.376097 
0.067365 
0.198281 
0.508180 
0.980213 
0.445948 
0.048181 
0.786030 
0.799127 
0.923009 
0.018528 
0.395791 
0.066161 
0.960840 
0.832524 
0.226871 
0.017520 
0.460147 
0.684104 
0.736430 
0.180402 
0.013723 
0.636082 
0.627183 
0.067114 
0.978616 
0.594325 
0.814699 
0.640820 
0.264458 
0.751129 
0.223849 
0.222263 
0.568357 
0.374016 
0.086061 
0.429676 
0.556514 
0.327759 
0.642369 
0.303908 
0.782185 
0.182352 
0.798141 
0.352942 
0.898093 
0.251587 
0.420351 
0.838118 
0.253638 
0.894975 
0.850319 
0.316745 
0.537889 
0.302948 
0.643296 
0.873280 
0.217952 
0.118851 
0.520782 
0.791154 
0.917497 
0.364764 
0.587123 
0.784477 
0.696792 
0.985826 
0.771260 
0.566103 
0.496823 
0.099700 
0.663507 
0.558195 
0.589295 
0.276848 
0.992306 
0.679469 
0.839285 
0.871278 
0.567037 
0.195776 
0.406626 
0.157324 
0.151071 
0.054656 
0.603500 
0.023193 
0.809359 
0.896235 
0.024710 
0.301785 
0.093589 
0.949219 
0.526692 
0.112115 
0.320968 
0.508767 
0.853405 
0.180286 
0.074685 
0.228305 
0.119372 
0.286379 
0.166176 
0.923198 
0.181719 
0.155163 
0.824837 
0.043309 
0.899636 
0.180168 
0.087100 
0.891628 
0.591747 
0.498875 
0.598563 
0.048238 
0.730985 
0.671667 
0.709611 
0.435456 
0.712037 
0.198318 
0.127801 
0.958438 
0.474912 
0.837776 
0.500983 
0.016868 
0.492320 
0.417027 
0.971538 
0.637425 
0.203817 
0.546117 
0.584288 
0.126083 
0.071255 
0.578111 
0.304317 
0.653502 
0.414209 
0.602868 
0.409267 
0.549524 
0.848407 
0.182049 
0.693587 
0.119070 
0.216824 
0.169293 
0.308930 
0.182815 
0.578828 
0.355016 
0.752023 
0.242690 
0.895398 
0.959676 
0.270428 
0.078491 
0.203035 
0.410252 
0.113753 
0.841652 
0.644683 
0.186398 
0.797433 
0.452157 
0.405905 
0.043052 
0.571098 
0.444142 
0.695948 
0.804515 
0.482985 
0.522734 
0.585629 
0.660415 
0.588513 
0.137016 
0.832112 
0.303140 
0.877097 
0.366576 
0.047846 
0.142810 
0.213911 
0.194230 
0.423604 
0.513721 
0.106940 
0.346229 
0.070696 
0.194849 
0.835516 
0.520168 
0.470192 
0.511685 
0.890962 
0.394850 
0.252277 
0.021495 
0.274550 
0.356808 
0.865277 
0.717844 
0.803027 
0.478173 
0.655732 
0.895114 
0.173327 
0.099946 
0.798412 
0.917805 
0.549170 
0.901048 
0.906848 
0.386382 
0.921370 
0.467141 
0.237133 
0.493488 
0.059226 
0.409179 
0.072383 
0.537811 
0.989143 
0.526338 
0.163449 
0.078956 
0.015473 
0.061133 
0.458474 
0.576341 
0.556413 
0.625375 
0.674230 
0.789829 
0.664139 
0.185638 
0.014890 
0.255068 
0.923745 
0.376686 
0.956319 
0.849725 
0.323802 
0.143854 
0.759409 
0.395352 
0.681535 
0.560073 
0.141529 
0.684344 
0.761289 
0.987172 
0.407163 
0.180776 
0.301600 
0.988907 
0.566352 
0.673404 
0.898032 
0.221723 
0.494347 
0.489376 
0.941428 
0.586971 
0.229950 
0.762742 
0.408661 
0.368200 
0.339812 
0.218405 
0.736968 
0.219921 
0.211330 
0.828060 
0.198756 
0.488463 
0.590498 
0.502409 
0.993599 
0.423933 
0.036813 
0.718646 
0.288918 
0.844745 
0.632593 
0.990185 
0.046965 
0.337480 
0.023173 
0.471706 
0.961441 
0.944295 
0.759143 
0.916665 
0.393043 
0.880815 
0.851635 
0.436131 
0.053158 
0.423276 
0.999746 
0.736758 
0.683740 
0.624051 
0.430938 
0.768299 
0.800350 
0.480299 
0.380510 
0.227441 
0.608180 
0.680333 
0.358476 
0.908943 
0.603377 
0.950465 
0.473085 
0.138310 
0.582422 
0.759396 
0.161641 
0.700106 
0.673941 
0.931290 
0.189100 
0.202067 
0.140843 
0.148987 
0.031505 
0.502341 
0.849869 
0.754649 
0.386238 
0.505667 
0.750377 
0.587174 
0.626469 
0.058192 
0.028809 
0.187053 
0.796573 
0.001925 
0.347691 
0.645206 
0.982721 
0.589812 
0.964353 
0.883278 
0.255265 
0.245224 
0.487822 
0.832637 
0.131113 
0.608291 
0.546695 
0.306352 
0.865732 
0.358987 
0.486338 
0.889208 
0.914984 
0.130318 
0.252592 
0.311229 
0.824027 
0.415605 
0.068343 
0.634869 
0.251638 
0.275648 
0.813758 
0.825669 
0.015992 
0.785093 
0.052464 
0.761728 
0.354666 
0.871711 
0.851720 
0.858988 
0.017656 
0.737667 
0.969680 
0.418821 
0.120692 
0.476413 
0.073058 
0.892769 
0.772911 
0.308493 
0.835201 
0.220261 
0.921590 
0.165969 
0.442725 
0.880416 
0.156724 
0.066020 
0.592393 
0.340925 
0.921847 
0.479997 
0.307692 
0.379301 
0.906493 
0.424324 
0.618203 
0.133141 
0.694485 
0.206933 
0.921714 
0.243948 
0.040855 
0.649512 
0.353251 
0.095225 
0.445954 
0.156976 
0.292823 
0.468711 
0.618493 
0.015895 
0.147441 
0.033371 
0.859269 
0.731861 
0.392817 
0.079899 
0.867135 
0.933380 
0.323339 
0.350591 
0.376110 
0.283670 
0.639670 
0.928075 
0.152559 
0.066856 
0.642173 
0.005133 
0.262172 
0.317074 
0.060786 
0.626209 
0.695852 
0.181076 
0.336515 
0.799540 
0.871463 
0.686824 
0.446575 
0.578186 
0.566162 
0.491085 
0.660306 
0.763638 
0.470955 
0.339136 
0.851880 
0.540349 
0.653100 
0.654683 
0.256778 
0.670962 
0.851683 
0.244196 
0.198246 
0.917187 
0.167217 
0.421253 
0.000770 
0.933631 
0.534090 
0.442905 
0.907163 
0.686297 
0.601509 
0.568462 
0.144020 
0.540690 
0.373738 
0.411699 
0.433405 
0.232990 
0.867266 
0.147687 
0.178200 
0.008794 
0.799285 
0.585384 
0.543298 
0.214296 
0.668038 
0.719663 
0.368529 
0.864415 
0.216904 
0.511484 
0.513445 
0.473151 
0.241852 
0.805163 
0.376641 
0.206193 
0.478882 
0.576091 
0.363310 
0.150772 
0.033179 
0.643249 
0.092420 
0.298216 
0.109039 
0.621170 
0.005575 
0.702599 
0.582270 
0.217727 
0.344177 
0.582485 
0.833048 
0.041570 
0.660626 
0.133639 
0.071987 
0.886117 
0.970698 
0.518162 
0.747126 
0.941742 
0.851340 
0.465455 
0.904690 
0.126649 
0.586609 
0.141700 
0.544279 
0.694446 
0.550825 
0.714320 
0.582973 
0.024345 
0.173698 
0.347784 
0.203914 
0.180145 
0.701385 
0.183277 
0.339048 
0.385774 
0.698034 
0.863699 
0.184120 
0.502961 
0.265546 
0.030773 
0.195650 
0.281837 
0.831684 
0.106543 
0.671690 
0.093448 
0.574738 
0.619458 
0.235388 
0.164193 
0.592773 
0.731069 
0.078950 
0.913911 
0.095256 
0.968208 
0.673579 
0.835973 
0.192014 
0.176246 
0.162399 
0.434681 
0.675927 
0.308430 
0.788807 
0.486448 
0.734407 
0.184681 
0.930316 
0.818245 
0.244492 
0.174510 
0.983636 
0.966045 
0.310584 
0.991635 
0.409951 
0.053551 
0.032426 
0.978775 
0.274402 
0.877946 
0.638563 
0.332934 
0.629443 
0.045533 
0.274728 
0.359731 
0.993823 
0.190733 
0.648095 
0.537798 
0.762812 
0.585043 
0.813136 
0.375791 
0.919735 
0.980423 
0.975218 
0.487593 
0.983652 
0.241517 
0.177651 
0.787766 
0.977295 
0.394773 
0.957866 
0.855177 
0.954707 
0.752839 
0.959115 
0.839058 
0.046907 
0.363786 
0.143875 
0.102361 
0.381228 
0.306754 
0.608854 
0.001873 
0.475888 
0.256372 
0.839066 
0.175666 
0.423476 
0.362635 
0.814331 
0.467818 
0.623287 
0.586880 
0.684195 
0.260357 
0.823896 
0.215244 
0.613820 
0.465350 
0.142998 
0.365151 
0.095399 
0.372954 
0.237439 
0.638481 
0.948849 
0.303147 
0.999908 
0.457548 
0.006562 
0.280681 
0.397400 
0.101782 
0.647722 
0.258858 
0.626141 
0.547152 
0.985296 
0.876560 
0.343727 
0.025727 
0.390169 
0.567119 
0.567097 
0.194789 
0.810669 
0.909887 
0.464461 
0.194210 
0.086757 
0.127319 
0.853873 
0.044551 
0.768798 
0.191470 
0.035234 
0.182754 
0.552884 
0.329444 
0.961547 
0.714197 
0.503780 
0.037858 
0.285777 
0.060486 
0.595787 
0.387909 
0.593419 
0.588270 
0.059392 
0.197574 
0.618618 
0.113213 
0.775445 
0.903218 
0.380272 
0.228910 
0.294529 
0.143197 
0.712826 
0.463513 
0.260286 
0.620818 
0.094913 
0.208086 
0.308421 
0.630496 
0.740070 
0.349950 
0.609812 
0.114637 
0.711824 
0.625995 
0.099017 
0.175938 
0.998145 
0.830561 
0.237261 
0.642930 
0.728899 
0.610472 
0.203264 
0.264661 
0.159035 
0.906780 
0.248154 
0.723151 
0.007107 
0.455197 
0.490315 
0.729962 
0.475420 
0.382285 
0.065028 
0.927822 
0.901698 
0.843377 
0.633844 
0.020579 
0.868240 
0.510857 
0.965667 
0.970701 
0.570207 
0.473417 
0.717134 
0.874717 
0.367584 
0.983279 
0.973347 
0.036976 
0.462798 
0.252037 
0.983261 
0.669699 
0.633872 
0.487508 
0.544218 
0.679984 
0.491188 
0.396852 
0.894223 
0.202265 
0.465007 
0.377586 
0.080449 
0.100724 
0.873521 
0.260491 
0.069485 
0.826645 
0.426496 
0.113103 
0.915360 
0.448648 
0.418951 
0.310706 
0.037980 
0.332342 
0.665935 
0.365119 
0.562807 
0.094933 
0.539658 
0.038353 
0.605576 
0.911559 
0.566730 
0.034700 
0.206848 
0.494419 
0.697525 
0.298246 
0.624953 
0.592164 
0.508414 
0.919295 
0.598561 
0.007290 
0.525278 
0.344621 
0.052121 
0.997270 
0.117574 
0.060886 
0.307603 
0.879643 
0.161680 
0.354907 
0.914524 
0.406177 
0.611037 
0.705752 
0.580126 
0.183848 
0.926906 
0.515432 
0.865701 
0.839464 
0.876424 
0.052315 
0.260576 
0.508331 
0.522844 
0.442560 
0.105256 
0.040889 
0.219217 
0.383464 
0.873444 
0.965008 
0.882489 
0.988873 
0.987459 
0.217828 
0.039165 
0.247415 
0.300097 
0.735241 
0.192301 
0.000459 
0.712699 
0.333308 
0.910495 
0.697407 
0.326056 
0.023106 
0.340209 
0.885721 
0.304838 
0.416320 
0.093316 
0.368680 
0.405425 
0.985194 
0.158257 
0.827727 
0.610423 
0.377755 
0.921843 
0.420861 
0.408165 
0.025486 
0.346096 
0.835078 
0.162591 
0.664021 
0.192684 
0.443290 
0.382192 
0.502251 
0.330748 
0.875357 
0.126384 
0.139111 
0.031294 
0.952230 
0.125328 
0.380053 
0.558547 
0.491872 
0.892826 
0.725857 
0.481115 
0.094837 
0.918974 
0.193185 
0.855456 
0.642240 
0.127207 
0.966395 
0.207722 
0.188850 
0.997804 
0.093355 
0.014747 
0.849837 
0.204541 
0.726647 
0.763176 
0.691254 
0.910823 
0.204221 
0.339163 
0.306725 
0.121983 
0.167610 
0.024400 
0.090315 
0.921993 
0.943644 
0.824946 
0.867464 
0.464221 
0.157455 
0.342549 
0.213790 
0.160978 
0.563933 
0.029041 
0.095917 
0.081785 
0.568884 
0.238780 
0.176397 
0.710414 
0.929291 
0.589464 
0.114580 
0.752757 
0.590823 
0.956019 
0.812822 
0.102571 
0.914991 
0.248856 
0.523931 
0.709439 
0.538925 
0.708183 
0.424179 
0.172627 
0.336639 
0.899011 
0.672360 
0.348134 
0.096364 
0.586225 
0.681650 
0.491652 
0.193794 
0.100283 
0.448448 
0.072435 
0.410185 
0.980236 
0.829182 
0.059053 
0.511842 
0.520137 
0.936324 
0.793005 
0.029514 
0.034751 
0.067944 
0.939559 
0.173099 
0.279011 
0.340250 
0.576640 
0.592313 
0.009769 
0.185613 
0.593166 
0.341354 
0.130958 
0.014327 
0.793731 
0.233969 
0.324657 
0.518586 
0.872581 
0.468654 
0.672090 
0.808864 
0.573854 
0.766168 
0.981085 
0.092255 
0.522602 
0.364012 
0.949259 
0.194939 
0.334618 
0.925798 
0.891632 
0.651204 
0.791452 
0.932196 
0.413290 
0.163688 
0.104606 
0.107561 
0.770710 
0.326832 
0.060248 
0.593084 
0.964617 
0.318646 
0.482100 
0.649024 
0.149236 
0.214191 
0.900148 
0.780237 
0.437904 
0.844765 
0.958413 
0.039844 
0.652133 
0.401122 
0.656034 
0.961592 
0.475859 
0.761323 
0.547814 
0.116616 
0.968031 
0.703800 
0.769959 
0.707664 
0.714486 
0.372025 
0.619755 
0.219948 
0.660697 
0.333241 
0.789540 
0.803087 
0.486969 
0.482011 
0.154329 
0.799381 
0.198547 
0.980653 
0.827701 
0.174580 
0.169871 
0.017056 
0.653664 
0.133481 
0.407359 
0.478464 
0.537861 
0.825046 
0.551338 
0.345491 
0.664946 
0.753032 
0.215988 
0.105754 
0.401290 
0.488334 
0.434819 
0.997119 
0.574865 
0.748896 
0.694475 
0.038282 
0.413917 
0.704860 
0.589162 
0.048313 
0.001745 
0.330790 
0.590171 
0.998726 
0.595608 
0.382443 
0.715092 
0.543652 
0.153031 
0.988597 
0.349803 
0.133784 
0.504603 
0.856041 
0.483758 
0.528117 
0.058160 
0.492914 
0.400085 
0.233346 
0.851441 
0.176644 
0.852841 
0.696715 
0.686054 
0.501556 
0.656614 
0.717513 
0.247980 
0.797678 
0.576513 
0.452576 
0.446953 
0.934919 
0.188448 
0.245878 
0.470457 
0.969209 
0.501274 
0.917317 
0.352214 
0.667098 
0.917041 
0.712062 
0.622499 
0.344381 
0.011296 
0.853412 
0.289276 
0.869923 
0.788022 
0.281109 
0.602927 
0.391805 
0.066523 
0.051766 
0.036911 
0.358106 
0.693240 
0.292033 
0.203578 
0.538311 
0.398358 
0.196640 
0.925198 
0.803504 
0.494590 
0.575985 
0.581347 
0.706404 
0.524185 
0.970662 
0.918435 
0.137958 
0.661507 
0.950380 
0.044819 
0.281201 
0.144753 
0.862220 
0.337417 
0.962356 
0.313750 
0.193650 
0.670813 
0.356715 
0.312714 
0.777583 
0.841631 
0.299603 
0.422244 
0.647567 
0.650540 
0.632873 
0.694608 
0.279880 
0.941046 
0.158822 
0.325347 
0.109384 
0.416056 
0.661588 
0.306917 
0.358101 
0.596092 
0.513469 
0.874714 
0.314224 
0.158640 
0.256260 
0.960377 
0.055774 
0.388304 
0.233068 
0.170060 
0.190977 
0.751343 
0.827054 
0.299159 
0.969458 
0.684203 
0.392795 
0.706347 
0.568507 
0.891352 
0.952542 
0.370349 
0.454147 
0.844138 
0.426734 
0.110624 
0.260636 
0.512697 
0.898734 
0.029163 
0.135336 
0.593233 
0.470558 
0.666107 
0.261424 
0.752065 
0.956518 
0.193979 
0.209903 
0.831660 
0.712681 
0.032502 
0.255608 
0.006849 
0.108236 
0.114336 
0.643882 
0.725896 
0.139445 
0.658962 
0.171861 
0.466332 
0.637165 
0.832116 
0.379189 
0.029784 
0.583492 
0.751178 
0.042056 
0.840324 
0.326766 
0.952058 
0.236896 
0.517810 
0.835916 
0.239584 
0.685118 
0.772714 
0.006876 
0.566970 
0.070250 
0.694237 
0.044729 
0.758299 
0.732709 
0.644996 
0.442846 
0.916697 
0.921519 
0.969959 
0.101017 
0.786289 
0.160864 
0.642333 
0.687456 
0.076764 
0.173544 
0.761850 
0.408720 
0.358823 
0.735346 
0.962062 
0.377416 
0.232996 
0.970340 
0.500357 
0.500293 
0.431031 
0.343802 
0.277868 
0.120894 
0.862617 
0.001703 
0.625102 
0.090889 
0.578035 
0.030513 
0.826180 
0.603179 
0.624697 
0.279240 
0.190276 
0.960761 
0.518461 
0.769166 
0.372713 
0.185696 
0.999408 
0.051127 
0.295250 
0.270031 
0.410949 
0.820569 
0.301299 
0.930913 
0.850782 
0.088197 
0.325373 
0.542597 
0.427244 
0.682987 
0.967670 
0.622993 
0.643933 
0.574110 
0.073387 
0.408176 
0.214509 
0.246755 
0.214820 
0.480577 
0.058338 
0.494952 
0.664861 
0.322834 
0.869045 
0.033570 
0.217533 
0.070602 
0.614150 
0.016907 
0.157639 
0.444397 
0.979978 
0.485140 
0.746669 
0.266547 
0.847112 
0.415664 
0.058715 
0.821194 
0.815924 
0.239292 
0.778282 
0.577984 
0.182862 
0.362959 
0.257548 
0.604859 
0.858058 
0.377682 
0.699513 
0.717571 
0.213339 
0.589232 
0.226190 
0.570398 
0.687386 
0.893675 
0.000724 
0.172109 
0.644228 
0.533845 
0.332026 
0.368563 
0.434761 
0.033215 
0.249339 
0.641809 
0.885577 
0.892556 
0.181570 
0.642883 
0.931768 
0.223674 
0.289988 
0.831424 
0.750370 
0.475734 
0.659903 
0.994009 
0.309580 
0.114359 
0.036719 
0.133634 
0.992988 
0.143684 
0.890576 
0.903730 
0.994631 
0.767715 
0.982984 
0.005003 
0.086770 
0.336557 
0.516639 
0.152840 
0.780075 
0.723562 
0.909081 
0.920569 
0.001090 
0.318854 
0.976120 
0.642238 
0.100488 
0.896387 
0.571152 
0.357299 
0.130456 
0.566693 
0.404427 
0.205693 
0.086612 
0.685101 
0.487083 
0.403760 
0.995131 
0.175035 
0.821141 
0.910265 
0.817986 
0.886002 
0.043368 
0.890916 
0.624877 
0.301604 
0.058687 
0.357271 
0.650457 
0.222608 
0.374412 
0.734452 
0.939174 
0.699244 
0.193726 
0.951810 
0.067265 
