0.000001 
0.009572 
0.870715 
0.105309 
0.929111 
0.574331 
0.787085 
0.535566 
0.251549 
0.779504 
0.129412 
0.023041 
0.246223 
0.270618 
0.281691 
0.383580 
0.823336 
0.815697 
0.414882 
0.917341 
0.748056 
0.585347 
0.923027 
0.318434 
0.923833 
0.862107 
0.433895 
0.473061 
0.742891 
0.767213 
0.556097 
0.322376 
0.168203 
0.980011 
0.049100 
0.228145 
0.430459 
0.716969 
0.090024 
0.038723 
0.809194 
0.128557 
0.659000 
0.813670 
0.354186 
0.807217 
0.894835 
0.489260 
0.996818 
0.524289 
0.731149 
0.423113 
0.265949 
0.798132 
0.211066 
0.381070 
0.638306 
0.010759 
0.833638 
0.961508 
0.070173 
0.390732 
0.031500 
0.425072 
0.177287 
0.663303 
0.133486 
0.494732 
0.966330 
0.115678 
0.195119 
0.364777 
0.805847 
0.871042 
0.598732 
0.881062 
0.017244 
0.818484 
0.252712 
0.331943 
0.960161 
0.420558 
0.321854 
0.406199 
0.980833 
0.866242 
0.931600 
0.402581 
0.178874 
0.336986 
0.723817 
0.197336 
0.631599 
0.291648 
0.733738 
0.931911 
0.635448 
0.974782 
0.167512 
0.375024 
0.027615 
0.122762 
0.262942 
0.260730 
0.094782 
0.999532 
0.133834 
0.342204 
0.424742 
0.632156 
0.641186 
0.406209 
0.161912 
0.256046 
0.371940 
0.190683 
0.814446 
0.395680 
0.195103 
0.090291 
0.512541 
0.281182 
0.821305 
0.668512 
0.680661 
0.869704 
0.109362 
0.048397 
0.410914 
0.235696 
0.350853 
0.789580 
0.467773 
0.859778 
0.286419 
0.851383 
0.188087 
0.183283 
0.432863 
0.129240 
0.139032 
0.702830 
0.464995 
0.166728 
0.189361 
0.582134 
0.921666 
0.445580 
0.871086 
0.350595 
0.453294 
0.509337 
0.419357 
0.135676 
0.303055 
0.442351 
0.596178 
0.968970 
0.483326 
0.258414 
0.158274 
0.110470 
0.676095 
0.131230 
0.575159 
0.702847 
0.746689 
0.606336 
0.691722 
0.776332 
0.812842 
0.443574 
0.147958 
0.728349 
0.368829 
0.910740 
0.809632 
0.489156 
0.238757 
0.796325 
0.840808 
0.468029 
0.163107 
0.339230 
0.437792 
0.963125 
0.248774 
0.141466 
0.611466 
0.903602 
0.831579 
0.353828 
0.784035 
0.281542 
0.877694 
0.396640 
0.325610 
0.522392 
0.839430 
0.300982 
0.604904 
0.623657 
0.798731 
0.278946 
0.249426 
0.102804 
0.833716 
0.271682 
0.153597 
0.499694 
0.356835 
0.324451 
0.039874 
0.167280 
0.481413 
0.109551 
0.230575 
0.280960 
0.092885 
0.118543 
0.350010 
0.616056 
0.059597 
0.643704 
0.732107 
0.515498 
0.977484 
0.571497 
0.146073 
0.055456 
0.043254 
0.974504 
0.492845 
0.248779 
0.235484 
0.774915 
0.990337 
0.595614 
0.486651 
0.140741 
0.428517 
0.079537 
0.784363 
0.791369 
0.532849 
0.588308 
0.687685 
0.919668 
0.858279 
0.087154 
0.796497 
0.727737 
0.075017 
0.809516 
0.530693 
0.354190 
0.876105 
0.690446 
0.327306 
0.035279 
0.941513 
0.009907 
0.509825 
0.633186 
0.965097 
0.377936 
0.966356 
0.541213 
0.167736 
0.137355 
0.530820 
0.491274 
0.847611 
0.790935 
0.249629 
0.522662 
0.374850 
0.106900 
0.667143 
0.668357 
0.076648 
0.222219 
0.839745 
0.600553 
0.497381 
0.478344 
0.525012 
0.884389 
0.929734 
0.035362 
0.324691 
0.077819 
0.905233 
0.246952 
0.517266 
0.691813 
0.302513 
0.339219 
0.259429 
0.216934 
0.003481 
0.504959 
0.846125 
0.823745 
0.684776 
0.026930 
0.618946 
0.630444 
0.865348 
0.897520 
0.625372 
0.623993 
0.448767 
0.433576 
0.110441 
0.181993 
0.756051 
0.944353 
0.744068 
0.552690 
0.056026 
0.623967 
0.010162 
0.792853 
0.476975 
0.511300 
0.414532 
0.033633 
0.269686 
0.616227 
0.926850 
0.564692 
0.786735 
0.660529 
0.517048 
0.021082 
0.317580 
0.575398 
0.715904 
0.194475 
0.546950 
0.592017 
0.037755 
0.544183 
0.088029 
0.499044 
0.432703 
0.432845 
0.819496 
0.267990 
0.110994 
0.468724 
0.837772 
0.441643 
0.697358 
0.492767 
0.931727 
0.530344 
0.488874 
0.511536 
0.393833 
0.158939 
0.284546 
0.358503 
0.363178 
0.925063 
0.527760 
0.068092 
0.416003 
0.754637 
0.181876 
0.790943 
0.384204 
0.314929 
0.008365 
0.595918 
0.599790 
0.671566 
0.008824 
0.301026 
0.341444 
0.644899 
0.815603 
0.842862 
0.974139 
0.351830 
0.202548 
0.230186 
0.738350 
0.448131 
0.737347 
0.599226 
0.188597 
0.748602 
0.755887 
0.194746 
0.099111 
0.757264 
0.339778 
0.641516 
0.955066 
0.796017 
0.651456 
0.022223 
0.498172 
0.782757 
0.793353 
0.885039 
0.845547 
0.102299 
0.336612 
0.432019 
0.944079 
0.134164 
0.901642 
0.897936 
0.605961 
0.386447 
0.015003 
0.163043 
0.258041 
0.886973 
0.354680 
0.108999 
0.945919 
0.056752 
0.831005 
0.707538 
0.593251 
0.764540 
0.620043 
0.064142 
0.026970 
0.292257 
0.957895 
0.346821 
0.027020 
0.123574 
0.901752 
0.744145 
0.844033 
0.659532 
0.746524 
0.823279 
0.854259 
0.523760 
0.825931 
0.413950 
0.261300 
0.662824 
0.075511 
0.108825 
0.015836 
0.150400 
0.776850 
0.519248 
0.998305 
0.510607 
0.774357 
0.618252 
0.962775 
0.357717 
0.149112 
0.128948 
0.234950 
0.809402 
0.614054 
0.407563 
0.910726 
0.566389 
0.294700 
0.025344 
0.950225 
0.435070 
0.216518 
0.016435 
0.223830 
0.905498 
0.707920 
0.004205 
0.680622 
0.208509 
0.402406 
0.243962 
0.271819 
0.461178 
0.021915 
0.319268 
0.939898 
0.861524 
0.626492 
0.445370 
0.334726 
0.737947 
0.677249 
0.529927 
0.477598 
0.989415 
0.099129 
0.062305 
0.156608 
0.114554 
0.302608 
0.931862 
0.804702 
0.633184 
0.929377 
0.039471 
0.383665 
0.262011 
0.618064 
0.807629 
0.819192 
0.152707 
0.538814 
0.852558 
0.946148 
0.906340 
0.849011 
0.319787 
0.668240 
0.116675 
0.950859 
0.087697 
0.930715 
0.532581 
0.091393 
0.047685 
0.435614 
0.372227 
0.024045 
0.132421 
0.596929 
0.591675 
0.284168 
0.013079 
0.812996 
0.019960 
0.467050 
0.711179 
0.781707 
0.155926 
0.641057 
0.247501 
0.751497 
0.418052 
0.199302 
0.667424 
0.396877 
0.314413 
0.334572 
0.159151 
0.844518 
0.820658 
0.800479 
0.651921 
0.828275 
0.814218 
0.553535 
0.269534 
0.058703 
0.613827 
0.590690 
0.720675 
0.384386 
0.377262 
0.640261 
0.868808 
0.058010 
0.967290 
0.235087 
0.106637 
0.243319 
0.459760 
0.190699 
0.069750 
0.289867 
0.796318 
0.716244 
0.912593 
0.948799 
0.463730 
0.914441 
0.008716 
0.486662 
0.330632 
0.929870 
0.331470 
0.012514 
0.322850 
0.139587 
0.031831 
0.982310 
0.688363 
0.312013 
0.998060 
0.395933 
0.439930 
0.898135 
0.949167 
0.646484 
0.451696 
0.657197 
0.504380 
0.120515 
0.497478 
0.107833 
0.350193 
0.690497 
0.180451 
0.838027 
0.722080 
0.002138 
0.933608 
0.155129 
0.251665 
0.741857 
0.388260 
0.479107 
0.345701 
0.196658 
0.232234 
0.162471 
0.646985 
0.879311 
0.572838 
0.694242 
0.131523 
0.512370 
0.395732 
0.074959 
0.831509 
0.174073 
0.646313 
0.579669 
0.498157 
0.530505 
0.198903 
0.969899 
0.093145 
0.481470 
0.063077 
0.136994 
0.455390 
0.731708 
0.814913 
0.242476 
0.296873 
0.542376 
0.721309 
0.041084 
0.491109 
0.071175 
0.234440 
0.239160 
0.553761 
0.066309 
0.459713 
0.401362 
0.694589 
0.959492 
0.178613 
0.943748 
0.564897 
0.216986 
0.883846 
0.796134 
0.622003 
0.001135 
0.073011 
0.088923 
0.526690 
0.085850 
0.880151 
0.697306 
0.623562 
0.213438 
0.247656 
0.346573 
0.849382 
0.567641 
0.336817 
0.890226 
0.020375 
0.435461 
0.800835 
0.626062 
0.225787 
0.802835 
0.251987 
0.148704 
0.269198 
0.415945 
0.789340 
0.442624 
0.186109 
0.935583 
0.336634 
0.801283 
0.159999 
0.104476 
0.932166 
0.921731 
0.538290 
0.045529 
0.210075 
0.726063 
0.938257 
0.281993 
0.457947 
0.715959 
0.127238 
0.483617 
0.145527 
0.877778 
0.809073 
0.081774 
0.370494 
0.887388 
0.337085 
0.388220 
0.812590 
0.193049 
0.580604 
0.211049 
0.106231 
0.425800 
0.418660 
0.416956 
0.774432 
0.880426 
0.324944 
0.339238 
0.573188 
0.566860 
0.220848 
0.788748 
0.484673 
0.897525 
0.703440 
0.713430 
0.611856 
0.468642 
0.463634 
0.299877 
0.026097 
0.619904 
0.725716 
0.114327 
0.489249 
0.802278 
0.889489 
0.649655 
0.756784 
0.270728 
0.129638 
0.823040 
0.840802 
0.367546 
0.349445 
0.122498 
0.828748 
0.764564 
0.031781 
0.135638 
0.667366 
0.417047 
0.309488 
0.570655 
0.997234 
0.517463 
0.006367 
0.002707 
0.504827 
0.635450 
0.002417 
0.627442 
0.417417 
0.521231 
0.323877 
0.407829 
0.375270 
0.166097 
0.595141 
0.534449 
0.488040 
0.483951 
0.770793 
0.715308 
0.179243 
0.533295 
0.084522 
0.554235 
0.031346 
0.834387 
0.538656 
0.189550 
0.766816 
0.883804 
0.096472 
0.406818 
0.396541 
0.668517 
0.763433 
0.013351 
0.391250 
0.732192 
0.957217 
0.948051 
0.894714 
0.462825 
0.706561 
0.171845 
0.204391 
0.198934 
0.477588 
0.817924 
0.843115 
0.238485 
0.214918 
0.118847 
0.468917 
0.090232 
0.521026 
0.890340 
0.938641 
0.741949 
0.932121 
0.149347 
0.073978 
0.356282 
0.028555 
0.927403 
0.856158 
0.448819 
0.299039 
0.953667 
0.285337 
0.663589 
0.943768 
0.907770 
0.887485 
0.953011 
0.258413 
0.154674 
0.603088 
0.097647 
0.152169 
0.502230 
0.981621 
0.106166 
0.328566 
0.215376 
0.817600 
0.401887 
0.512043 
0.903899 
0.825179 
0.776477 
0.248651 
0.080916 
0.947990 
0.867558 
0.048896 
0.797260 
0.552581 
0.233851 
0.338442 
0.201022 
0.575888 
0.944924 
0.338743 
0.251762 
0.355928 
0.083997 
0.742730 
0.055658 
0.447866 
0.280027 
0.408896 
0.311868 
0.573568 
0.962233 
0.245193 
0.967017 
0.650525 
0.374947 
0.735262 
0.550882 
0.667298 
0.281746 
0.306403 
0.707012 
0.750447 
0.769237 
0.567839 
0.663635 
0.710134 
0.219523 
0.516239 
0.432579 
0.359068 
0.857158 
0.258952 
0.209587 
0.535525 
0.565294 
0.888551 
0.876735 
0.286223 
0.551011 
0.834365 
0.174518 
0.130881 
0.717991 
0.269116 
0.035217 
0.892756 
0.551683 
0.129835 
0.139558 
0.556982 
0.190090 
0.846649 
0.632559 
0.411465 
0.485221 
0.101930 
0.139168 
0.998335 
0.024408 
0.230149 
0.107654 
0.343936 
0.526853 
0.819695 
0.608003 
0.703613 
0.618445 
0.202673 
0.318950 
0.595552 
0.441361 
0.953756 
0.781684 
0.767918 
0.392134 
0.602443 
0.253907 
0.416723 
0.859721 
0.336486 
0.320809 
0.836501 
0.064870 
0.276655 
0.739040 
0.051694 
0.818955 
0.184440 
0.881790 
0.241203 
0.900558 
0.671817 
0.221093 
0.911671 
0.459929 
0.025652 
0.134287 
0.961331 
0.092255 
0.525419 
0.717616 
0.967175 
0.308986 
0.130824 
0.751105 
0.827693 
0.042502 
0.338158 
0.421638 
0.474038 
0.153582 
0.252130 
0.553520 
0.016899 
0.018901 
0.674027 
0.364431 
0.994251 
0.381851 
0.777050 
0.887201 
0.180828 
0.171329 
0.520228 
0.474597 
0.545264 
0.255591 
0.718181 
0.468458 
0.367632 
0.792416 
0.139112 
0.048817 
0.465337 
0.925644 
0.297699 
0.424391 
0.741490 
0.225722 
0.703958 
0.425767 
0.872231 
0.580125 
0.166442 
0.386866 
0.049195 
0.827808 
0.965128 
0.911193 
0.425089 
0.465446 
0.753125 
0.765844 
0.533940 
0.923245 
0.973959 
0.330843 
0.484787 
0.820214 
0.328777 
0.761723 
0.272466 
0.330322 
0.729021 
0.656653 
0.363361 
0.009333 
0.860076 
0.302700 
0.470542 
0.396927 
0.150739 
0.462613 
0.143880 
0.197616 
0.327648 
0.779130 
0.839609 
0.311919 
0.428145 
0.836396 
0.301535 
0.892222 
0.570713 
0.966421 
0.630996 
0.147046 
0.400444 
0.268440 
0.665248 
0.819511 
0.518520 
0.767130 
0.150692 
0.687145 
0.853680 
0.799871 
0.437976 
0.070178 
0.487591 
0.943166 
0.796539 
0.431320 
0.190633 
0.972376 
0.718903 
0.596066 
0.087996 
0.954399 
0.586488 
0.102868 
0.898165 
0.463171 
0.522258 
0.586837 
0.963261 
0.525465 
0.484036 
0.199692 
0.226978 
0.820943 
0.581131 
0.062892 
0.027679 
0.202151 
0.560069 
0.079952 
0.745026 
0.658614 
0.327934 
0.594539 
0.409898 
0.154559 
0.681315 
0.862231 
0.509699 
0.503686 
0.453707 
0.459004 
0.476010 
0.305284 
0.905850 
0.626596 
0.193413 
0.694321 
0.453475 
0.560165 
0.690704 
0.668742 
0.545580 
0.570236 
0.952438 
0.618995 
0.454067 
0.507558 
0.534812 
0.589305 
0.449756 
0.056659 
0.267852 
0.796650 
0.297854 
0.032341 
0.552482 
0.564815 
0.852819 
0.321221 
0.766054 
0.069408 
0.540585 
0.610997 
0.024138 
0.691081 
0.005127 
0.169617 
0.751191 
0.272245 
0.629749 
0.190502 
0.769738 
0.986883 
0.545398 
0.512168 
0.008636 
0.151006 
0.960170 
0.569979 
0.641306 
0.423010 
0.529152 
0.458339 
0.300385 
0.578394 
0.064049 
0.463966 
0.880587 
0.019000 
0.328975 
0.082036 
0.784472 
0.621448 
0.671539 
0.558823 
0.141283 
0.546628 
0.179614 
0.764986 
0.127566 
0.002796 
0.988339 
0.017806 
0.258055 
0.135898 
0.045570 
0.891877 
0.772015 
0.251505 
0.046886 
0.008601 
0.564435 
0.466024 
0.462291 
0.731218 
0.584100 
0.976055 
0.558443 
0.747586 
0.671369 
0.700884 
0.750263 
0.662333 
0.828239 
0.218435 
0.239413 
0.814382 
0.317410 
0.707879 
0.322630 
0.449266 
0.807815 
0.938368 
0.143558 
0.773159 
0.486686 
0.730317 
0.433173 
0.339669 
0.816101 
0.212897 
0.166273 
0.553336 
0.924536 
0.676512 
0.143516 
0.065655 
0.470638 
0.009190 
0.461247 
0.181407 
0.905657 
0.379592 
0.795868 
0.158249 
0.686743 
0.088707 
0.903481 
0.798367 
0.151846 
0.077382 
0.563770 
0.277086 
0.989624 
0.604763 
0.257597 
0.426158 
0.433546 
0.600193 
0.444357 
0.311465 
0.790352 
0.451258 
0.289578 
0.935227 
0.359886 
0.601687 
0.554809 
0.675531 
0.641506 
0.797827 
0.070315 
0.784928 
0.282422 
0.671606 
0.673744 
0.619969 
0.814012 
0.101457 
0.187326 
0.396373 
0.837688 
0.019310 
0.545892 
0.803932 
0.691351 
0.543685 
0.722188 
0.811164 
0.235649 
0.547328 
0.936409 
0.224948 
0.709383 
0.606922 
0.530682 
0.164385 
0.821667 
0.750172 
0.144307 
0.364238 
0.743326 
0.083875 
0.682712 
0.336752 
0.792984 
0.685552 
0.080500 
0.969639 
0.724911 
0.585782 
0.241731 
0.776412 
0.151199 
0.194573 
0.191685 
0.652809 
0.763030 
0.245357 
0.721273 
0.428928 
0.999934 
0.889689 
0.997072 
0.784151 
0.223084 
0.377563 
0.698154 
0.874387 
0.820347 
0.577497 
0.988239 
0.327271 
0.438127 
0.608278 
0.323824 
0.504760 
0.492972 
0.379180 
0.873719 
0.588459 
0.225448 
0.099776 
0.928843 
0.061631 
0.835366 
0.995577 
0.668181 
0.124878 
0.824657 
0.003242 
0.492747 
0.604420 
0.488506 
0.318695 
0.304369 
0.535198 
0.066807 
0.831651 
0.557179 
0.508189 
0.133461 
0.087378 
0.555995 
0.614263 
0.914403 
0.362837 
0.199158 
0.245812 
0.369083 
0.182435 
0.186703 
0.918852 
0.149962 
0.416643 
0.516380 
0.795916 
0.956491 
0.751907 
0.297939 
0.465036 
0.859979 
0.675096 
0.345968 
0.691702 
0.434703 
0.056852 
0.515655 
0.611049 
0.905669 
0.581387 
0.366198 
0.685876 
0.521744 
0.959157 
0.547141 
0.796751 
0.999706 
0.055910 
0.685399 
0.494652 
0.621361 
0.215248 
0.664894 
0.880956 
0.223331 
0.515912 
0.934390 
0.300604 
0.250604 
0.909623 
0.037193 
0.108986 
0.734466 
0.168792 
0.886410 
0.898274 
0.288030 
0.925244 
0.568602 
0.497221 
0.796678 
0.759594 
0.498766 
0.755281 
0.005299 
0.054291 
0.475296 
0.304321 
0.729974 
0.669936 
0.622472 
0.879706 
0.218201 
0.298617 
0.854994 
0.880736 
0.524252 
0.101111 
0.368092 
0.526301 
0.545212 
0.382920 
0.728652 
0.452612 
0.043322 
0.114376 
0.313999 
0.385931 
0.333948 
0.659208 
0.301030 
0.408743 
0.738339 
0.265769 
0.775346 
0.239613 
0.181873 
0.739203 
0.787886 
0.008144 
0.872343 
0.471712 
0.060609 
0.659608 
0.034181 
0.472487 
0.086709 
0.312665 
0.953967 
0.330958 
0.417916 
0.916960 
0.354570 
0.261608 
0.845641 
0.687264 
0.843315 
0.599449 
0.934196 
0.024016 
0.640220 
0.185433 
0.572962 
0.777371 
0.281518 
0.469768 
0.384046 
0.665006 
0.760216 
0.945482 
0.710272 
0.545418 
0.836884 
0.511466 
0.215824 
0.354143 
0.082659 
0.257946 
0.304137 
0.626255 
0.466217 
0.708638 
0.079589 
0.649326 
0.216176 
0.277452 
0.142238 
0.589996 
0.069982 
0.182218 
0.536798 
0.955974 
0.051903 
0.341119 
0.187540 
0.989780 
0.229274 
0.402548 
0.626113 
0.086085 
0.831121 
0.655819 
0.347155 
0.642236 
0.066584 
0.074688 
0.288897 
0.484928 
0.182783 
0.035498 
0.607150 
0.363740 
0.374582 
0.595475 
0.156083 
0.292036 
0.253252 
0.408653 
0.225338 
0.249027 
0.398854 
0.537460 
0.086769 
0.330343 
0.075635 
0.202214 
0.611870 
0.706376 
0.055487 
0.567144 
0.982505 
0.957508 
0.829960 
0.141589 
0.683888 
0.109902 
0.120897 
0.908761 
0.548502 
0.674082 
0.292067 
0.773667 
0.013875 
0.201237 
0.189549 
0.756306 
0.228555 
0.318524 
0.439691 
0.890141 
0.606330 
0.582513 
0.298036 
0.096177 
0.439633 
0.913927 
0.371863 
0.908254 
0.032481 
0.907585 
0.784486 
0.850768 
0.860270 
0.550369 
0.048799 
0.159452 
0.902732 
0.219286 
0.542635 
0.066783 
0.424883 
0.012178 
0.677173 
0.251505 
0.042980 
0.371245 
0.517380 
0.599608 
0.611440 
0.470584 
0.108837 
0.222561 
0.589536 
0.335831 
0.303832 
0.512114 
0.098555 
0.410850 
0.150883 
0.898039 
0.335870 
0.972987 
0.993000 
0.353602 
0.997129 
0.749682 
0.908470 
0.650557 
0.906279 
0.835699 
0.596205 
0.424755 
0.849494 
0.445562 
0.566007 
0.876076 
0.202229 
0.868544 
0.619676 
0.887634 
0.456870 
0.616823 
0.942982 
0.705194 
0.188843 
0.888814 
0.298117 
0.455030 
0.688099 
0.887993 
0.501019 
0.619850 
0.821207 
0.029075 
0.670952 
0.689232 
0.914327 
0.098573 
0.716399 
0.517670 
0.485422 
0.495671 
0.738703 
0.378594 
0.022464 
0.554540 
0.160662 
0.253820 
0.955164 
0.440861 
0.553777 
0.325973 
0.620448 
0.874742 
0.788666 
0.110895 
0.806497 
0.790024 
0.938473 
0.913139 
0.124747 
0.628061 
0.818395 
0.769388 
0.106494 
0.839050 
0.919705 
0.480115 
0.290573 
0.661767 
0.315319 
0.563098 
0.992706 
0.413630 
0.871404 
0.692734 
0.779800 
0.101371 
0.743706 
0.462123 
0.902377 
0.250576 
0.432348 
0.468259 
0.029623 
0.873471 
0.424353 
0.098350 
0.976443 
0.081002 
0.392526 
0.191729 
0.390030 
0.228060 
0.999892 
0.187749 
0.504391 
0.298408 
0.351402 
0.016807 
0.467691 
0.489803 
0.122756 
0.162154 
0.317095 
0.409443 
0.503133 
0.157350 
0.585803 
0.584174 
0.212332 
0.662071 
0.431096 
0.422158 
0.212007 
0.200212 
0.971044 
0.335510 
0.916590 
0.133335 
0.953048 
0.885791 
0.486847 
0.436926 
0.409522 
0.839454 
0.708525 
0.172146 
0.259599 
0.087051 
0.067300 
0.111136 
0.857105 
0.356118 
0.273423 
0.416767 
0.603375 
0.925578 
0.182919 
0.313386 
0.075002 
0.559581 
0.871428 
0.098226 
0.884142 
0.768719 
0.865691 
0.665461 
0.396780 
0.679187 
0.092193 
0.494342 
0.403255 
0.499608 
0.906006 
0.243898 
0.192062 
0.981775 
0.689243 
0.112467 
0.240755 
0.376341 
0.163060 
0.553572 
0.885391 
0.767252 
0.196631 
0.769571 
0.174587 
0.282758 
0.318112 
0.504831 
0.702983 
0.041991 
0.745767 
0.109405 
0.769722 
0.722696 
0.355822 
0.298912 
0.814783 
0.060140 
0.773876 
0.531914 
0.883923 
0.093535 
0.035757 
0.962211 
0.881330 
0.512170 
0.047886 
0.813014 
0.320860 
0.700391 
0.469001 
0.503329 
0.457902 
0.964894 
0.971861 
0.063267 
0.326967 
0.337072 
0.171797 
0.398134 
0.439075 
0.528506 
0.598633 
0.227852 
0.501028 
0.772644 
0.833445 
0.711781 
0.897477 
0.904008 
0.654522 
0.550615 
0.192266 
0.421401 
0.494830 
0.606730 
0.304535 
0.315046 
0.973778 
0.286041 
0.497537 
0.103245 
0.246853 
0.864611 
0.514780 
0.904652 
0.484112 
0.465740 
0.700353 
0.827098 
0.037022 
0.220587 
0.398374 
0.468583 
0.468723 
0.821634 
0.210724 
0.639183 
0.756195 
0.365683 
0.036502 
0.482876 
0.692490 
0.684645 
0.822187 
0.503262 
0.321944 
0.912634 
0.637371 
0.289869 
0.826293 
0.505973 
0.880977 
0.578804 
0.962250 
0.528125 
0.189596 
0.538528 
0.035866 
0.803662 
0.144427 
0.377219 
0.920126 
0.550770 
0.789893 
0.734051 
0.190504 
0.796066 
0.480002 
0.401702 
0.411212 
0.237623 
0.729709 
0.218259 
0.270887 
0.794415 
0.729912 
0.630141 
0.775014 
0.667810 
0.878974 
0.908989 
0.375417 
0.627115 
0.915698 
0.139224 
0.939323 
0.207290 
0.924852 
0.988966 
0.547191 
0.646703 
0.135036 
0.549506 
0.548376 
0.549403 
0.807955 
0.307613 
0.052011 
0.149926 
0.806523 
0.225030 
0.071813 
0.968157 
0.816380 
0.896651 
0.007890 
0.603247 
0.765187 
0.491880 
0.020247 
0.292586 
0.491365 
0.377634 
0.902366 
0.067697 
0.788852 
0.238695 
0.751990 
0.701434 
0.005046 
0.806803 
0.944604 
0.961886 
0.423627 
0.898684 
0.187664 
0.060817 
0.153385 
0.949723 
0.999973 
0.550751 
0.467885 
0.743295 
0.565127 
0.095038 
0.304786 
0.544940 
0.807522 
0.027712 
0.758387 
0.213748 
0.461411 
0.927202 
0.491712 
0.195225 
0.149502 
0.683055 
0.108715 
0.174815 
0.121882 
0.470094 
0.872765 
0.562747 
0.084330 
0.328151 
0.234309 
0.031341 
0.743726 
0.804918 
0.257498 
0.763688 
0.308126 
0.673258 
0.441984 
0.427661 
0.698952 
0.280926 
0.525285 
0.471996 
0.829623 
0.473889 
0.648471 
0.847675 
0.868360 
0.530772 
0.684947 
0.903912 
0.041406 
0.902488 
0.112493 
0.666760 
0.241225 
0.271958 
0.797553 
0.471658 
0.153682 
0.929180 
0.733839 
0.636549 
0.486470 
0.103194 
0.376796 
0.808703 
0.871111 
0.769486 
0.750329 
0.772996 
0.750368 
0.436524 
0.655585 
0.411345 
0.472419 
0.950500 
0.051195 
0.440107 
0.880756 
0.868690 
0.079167 
0.558322 
0.718607 
0.631331 
0.776710 
0.162212 
0.288801 
0.878143 
0.948726 
0.240430 
0.900465 
0.118830 
0.177792 
0.147588 
0.514251 
0.022732 
0.062944 
0.898136 
0.966487 
0.739609 
0.606274 
0.649939 
0.518277 
0.677194 
0.607213 
0.435451 
0.633139 
0.165876 
0.870548 
0.306459 
0.648391 
0.510219 
0.244207 
0.381657 
0.505252 
0.777943 
0.887095 
0.400978 
0.242162 
0.024671 
0.637545 
0.218434 
0.214314 
0.972695 
0.091142 
0.816906 
0.738100 
0.247155 
0.935730 
0.819221 
0.639984 
0.213042 
0.595523 
0.962012 
0.527308 
0.466910 
0.364638 
0.464377 
0.790198 
0.865253 
0.310544 
0.313457 
0.265995 
0.585567 
0.622544 
0.099352 
0.804029 
0.320817 
0.974252 
0.261479 
0.685931 
0.440012 
0.287840 
0.719594 
0.216730 
0.579671 
0.537242 
0.430219 
0.691882 
0.468658 
0.732728 
0.963646 
0.003890 
0.387390 
0.861640 
0.588030 
0.024288 
