0.000001 
0.013469 
0.376533 
0.396759 
0.336877 
0.892416 
0.828760 
0.963785 
0.326178 
0.069114 
0.606474 
0.007075 
0.915576 
0.091361 
0.498602 
0.007474 
0.614033 
0.048090 
0.248578 
0.858335 
0.035491 
0.493362 
0.935838 
0.628802 
0.281207 
0.253219 
0.844426 
0.271577 
0.394534 
0.934893 
0.749013 
0.662149 
0.742826 
0.681602 
0.686428 
0.796923 
0.891103 
0.770975 
0.782446 
0.575341 
0.747852 
0.153922 
0.969043 
0.698550 
0.525392 
0.263467 
0.092405 
0.043350 
0.580968 
0.333853 
0.064029 
0.137513 
0.176368 
0.209800 
0.114672 
0.295029 
0.558892 
0.296416 
0.866469 
0.747143 
0.231208 
0.907972 
0.283902 
0.538469 
0.055692 
0.011075 
0.133875 
0.034697 
0.151312 
0.102274 
0.922158 
0.716910 
0.108637 
0.857778 
0.679818 
0.695265 
0.311265 
0.426501 
0.194536 
0.566045 
0.522025 
0.673574 
0.753811 
0.308314 
0.831573 
0.253314 
0.444222 
0.042389 
0.434049 
0.067010 
0.232780 
0.328386 
0.179871 
0.097242 
0.344042 
0.306476 
0.934265 
0.191006 
0.239810 
0.495026 
0.894133 
0.700142 
0.285791 
0.292491 
0.901978 
0.552081 
0.817929 
0.940256 
0.885511 
0.788177 
0.884285 
0.175868 
0.811652 
0.438803 
0.959205 
0.365630 
0.150173 
0.959906 
0.145357 
0.015854 
0.465318 
0.594369 
0.566202 
0.162313 
0.998706 
0.254096 
0.599519 
0.121252 
0.886495 
0.321859 
0.485542 
0.510930 
0.192999 
0.726638 
0.596834 
0.987105 
0.275305 
0.054317 
0.904299 
0.548178 
0.235710 
0.576918 
0.258590 
0.127505 
0.968838 
0.268072 
0.487480 
0.071827 
0.190629 
0.909546 
0.733539 
0.596540 
0.044737 
0.899017 
0.782140 
0.428689 
0.972218 
0.071625 
0.807689 
0.832159 
0.088626 
0.535666 
0.939133 
0.009686 
0.793826 
0.833687 
0.780092 
0.002048 
0.418196 
0.624749 
0.148734 
0.775463 
0.200847 
0.630817 
0.143708 
0.300396 
0.748469 
0.511723 
0.523223 
0.806603 
0.583836 
0.531053 
0.408591 
0.193634 
0.411643 
0.482861 
0.442469 
0.578465 
0.254565 
0.466147 
0.539778 
0.042467 
0.750061 
0.277624 
0.023312 
0.806719 
0.523609 
0.303382 
0.943303 
0.087482 
0.304203 
0.736151 
0.497642 
0.877405 
0.548048 
0.035099 
0.913186 
0.909701 
0.342060 
0.009790 
0.543020 
0.529337 
0.569602 
0.306533 
0.895758 
0.002893 
0.620458 
0.039683 
0.947551 
0.493060 
0.858027 
0.859553 
0.503325 
0.378426 
0.198655 
0.799814 
0.471177 
0.075671 
0.806535 
0.433720 
0.526934 
0.184073 
0.722148 
0.135036 
0.554593 
0.047938 
0.692862 
0.930541 
0.606317 
0.375482 
0.728927 
0.068589 
0.767693 
0.622196 
0.244507 
0.437022 
0.024126 
0.479762 
0.353309 
0.070312 
0.738979 
0.024068 
0.512759 
0.938820 
0.743518 
0.304629 
0.902515 
0.572574 
0.247174 
0.255696 
0.478613 
0.052371 
0.206385 
0.718491 
0.670426 
0.852353 
0.493130 
0.039597 
0.514042 
0.505632 
0.164792 
0.666789 
0.725051 
0.938021 
0.318571 
0.222813 
0.824299 
0.986079 
0.032014 
0.053346 
0.590279 
0.818021 
0.475226 
0.128824 
0.148808 
0.017359 
0.748607 
0.838948 
0.205292 
0.338395 
0.411114 
0.598468 
0.455360 
0.239578 
0.587257 
0.024211 
0.917927 
0.605721 
0.348714 
0.828571 
0.798848 
0.233879 
0.810451 
0.245025 
0.132869 
0.134380 
0.530831 
0.680289 
0.616732 
0.415072 
0.108966 
0.384212 
0.458159 
0.281426 
0.928920 
0.355854 
0.844778 
0.180893 
0.264547 
0.244627 
0.448422 
0.630292 
0.314382 
0.813164 
0.848629 
0.906743 
0.631569 
0.781588 
0.153009 
0.621853 
0.489050 
0.468386 
0.159421 
0.383296 
0.056287 
0.017401 
0.457527 
0.663336 
0.690981 
0.325995 
0.000246 
0.140525 
0.803742 
0.484497 
0.934994 
0.441418 
0.919609 
0.860119 
0.020730 
0.404915 
0.407212 
0.007092 
0.192810 
0.554430 
0.305930 
0.771097 
0.827884 
0.239347 
0.710019 
0.283201 
0.752075 
0.119815 
0.729929 
0.914950 
0.566663 
0.901090 
0.615924 
0.841526 
0.519166 
0.627743 
0.481610 
0.414729 
0.348500 
0.231392 
0.006048 
0.648876 
0.660866 
0.169064 
0.454772 
0.346742 
0.693070 
0.428349 
0.263821 
0.039710 
0.397787 
0.598936 
0.321002 
0.084342 
0.536959 
0.662497 
0.581337 
0.529246 
0.034812 
0.088589 
0.914049 
0.418772 
0.301365 
0.048448 
0.263088 
0.727758 
0.436360 
0.909194 
0.828419 
0.230781 
0.739456 
0.036079 
0.377237 
0.219257 
0.056571 
0.780913 
0.800743 
0.087085 
0.635127 
0.572279 
0.290046 
0.799139 
0.134799 
0.562613 
0.831415 
0.597381 
0.175051 
0.087065 
0.301230 
0.775623 
0.900185 
0.408561 
0.686149 
0.106846 
0.766954 
0.191965 
0.352489 
0.284045 
0.952098 
0.914942 
0.425624 
0.458610 
0.852413 
0.507498 
0.520781 
0.764246 
0.690581 
0.593666 
0.747970 
0.130714 
0.915110 
0.246435 
0.834363 
0.145060 
0.022646 
0.619558 
0.910020 
0.699335 
0.730379 
0.475747 
0.883041 
0.267887 
0.372921 
0.688271 
0.763425 
0.878996 
0.282041 
0.255626 
0.310402 
0.932886 
0.022363 
0.847899 
0.635967 
0.690446 
0.331446 
0.618769 
0.656728 
0.635827 
0.343694 
0.462596 
0.851699 
0.497371 
0.314154 
0.993755 
0.040335 
0.908616 
0.111488 
0.779921 
0.128816 
0.002338 
0.287654 
0.595002 
0.201729 
0.466444 
0.517223 
0.971122 
0.645292 
0.423125 
0.462030 
0.345877 
0.146808 
0.401475 
0.588672 
0.814214 
0.489453 
0.238125 
0.162324 
0.186547 
0.292550 
0.882857 
0.183069 
0.832960 
0.561290 
0.603376 
0.942999 
0.986035 
0.290833 
0.030196 
0.499451 
0.274577 
0.819542 
0.037001 
0.882519 
0.492077 
0.341085 
0.617624 
0.408047 
0.049711 
0.499941 
0.515885 
0.478137 
0.042169 
0.727136 
0.982882 
0.305554 
0.445301 
0.174474 
0.392393 
0.943839 
0.106519 
0.267419 
0.509001 
0.781820 
0.046894 
0.143739 
0.827423 
0.503122 
0.974119 
0.023107 
0.352371 
0.295443 
0.515509 
0.158625 
0.013603 
0.631256 
0.512759 
0.940964 
0.784872 
0.340487 
0.572651 
0.550797 
0.241991 
0.145921 
0.487546 
0.179587 
0.312239 
0.798060 
0.990512 
0.536858 
0.965889 
0.688085 
0.651895 
0.400564 
0.274095 
0.722677 
0.039824 
0.329178 
0.494294 
0.602414 
0.763898 
0.835807 
0.410499 
0.251726 
0.764075 
0.801845 
0.601449 
0.556732 
0.991071 
0.929479 
0.753884 
0.525385 
0.141470 
0.681363 
0.667587 
0.142712 
0.558156 
0.928233 
0.806035 
0.033161 
0.337426 
0.121810 
0.264645 
0.896484 
0.208601 
0.956410 
0.387176 
0.264594 
0.031373 
0.284575 
0.855305 
0.118893 
0.239705 
0.720835 
0.066788 
0.507232 
0.052785 
0.156373 
0.168193 
0.819852 
0.259804 
0.520831 
0.614159 
0.168222 
0.309235 
0.317696 
0.521628 
0.006908 
0.103578 
0.827156 
0.017548 
0.932374 
0.411165 
0.450361 
0.212062 
0.123294 
0.195466 
0.205236 
0.406400 
0.365151 
0.094280 
0.563050 
0.185878 
0.051512 
0.763134 
0.991984 
0.272528 
0.379893 
0.867176 
0.619596 
0.556603 
0.825241 
0.819677 
0.315046 
0.981127 
0.800024 
0.010934 
0.775719 
0.515289 
0.467287 
0.689674 
0.358621 
0.343437 
0.142370 
0.808803 
0.559071 
0.313482 
0.683798 
0.598849 
0.857064 
0.677994 
0.050231 
0.238020 
0.404044 
0.775525 
0.245260 
0.085569 
0.162744 
0.243200 
0.470767 
0.177220 
0.533167 
0.945340 
0.330602 
0.428631 
0.993828 
0.269654 
0.075151 
0.061867 
0.790743 
0.009865 
0.797571 
0.773701 
0.591540 
0.005380 
0.418381 
0.722543 
0.778348 
0.696067 
0.802814 
0.894893 
0.474044 
0.265163 
0.586376 
0.218599 
0.991830 
0.681405 
0.375146 
0.079525 
0.568520 
0.110709 
0.693668 
0.476319 
0.500044 
0.244268 
0.414808 
0.677127 
0.480921 
0.832360 
0.471222 
0.825390 
0.337412 
0.889954 
0.457672 
0.088814 
0.698443 
0.727002 
0.721281 
0.567839 
0.664136 
0.128552 
0.578263 
0.869848 
0.529682 
0.372456 
0.868014 
0.706294 
0.684557 
0.355870 
0.109427 
0.131199 
0.058517 
0.498838 
0.972555 
0.735177 
0.128079 
0.623565 
0.256592 
0.547019 
0.754319 
0.846210 
0.246188 
0.677771 
0.294239 
0.280423 
0.075843 
0.697463 
0.256517 
0.287663 
0.745754 
0.882605 
0.936160 
0.036064 
0.133649 
0.237139 
0.596523 
0.754207 
0.953246 
0.201370 
0.418492 
0.586831 
0.868711 
0.417446 
0.016139 
0.247448 
0.865983 
0.575013 
0.235122 
0.698248 
0.447800 
0.177276 
0.471471 
0.010761 
0.852680 
0.992947 
0.457921 
0.286503 
0.254189 
0.152772 
0.636838 
0.341159 
0.861641 
0.602548 
0.026885 
0.855711 
0.933806 
0.478722 
0.878005 
0.631612 
0.505183 
0.610750 
0.867522 
0.445647 
0.996088 
0.249952 
0.940333 
0.172550 
0.045899 
0.423915 
0.731413 
0.851077 
0.058035 
0.399297 
0.989455 
0.764817 
0.271951 
0.678498 
0.518825 
0.885521 
0.943374 
0.278624 
0.829407 
0.843768 
0.213121 
0.919870 
0.260370 
0.037509 
0.407634 
0.105484 
0.862051 
0.491976 
0.637183 
0.131154 
0.306536 
0.953540 
0.146383 
0.254552 
0.253607 
0.368065 
0.068733 
0.188428 
0.917757 
0.748689 
0.216076 
0.594493 
0.650889 
0.488328 
0.321563 
0.513787 
0.210247 
0.622837 
0.019782 
0.479897 
0.631276 
0.853543 
0.490873 
0.107416 
0.343182 
0.856470 
0.690647 
0.705715 
0.952287 
0.090945 
0.512355 
0.143199 
0.745149 
0.714578 
0.910266 
0.845863 
0.423604 
0.509526 
0.602686 
0.341776 
0.234226 
0.631610 
0.473392 
0.304254 
0.598703 
0.408812 
0.895570 
0.837737 
0.845102 
0.624070 
0.743898 
0.701371 
0.945974 
0.981774 
0.676799 
0.967384 
0.828293 
0.122631 
0.063153 
0.408466 
0.084451 
0.372352 
0.115345 
0.607866 
0.406284 
0.410727 
0.083211 
0.535176 
0.698984 
0.818684 
0.618247 
0.869289 
0.138838 
0.443539 
0.553123 
0.330299 
0.341921 
0.666113 
0.368520 
0.715158 
0.659747 
0.362385 
0.596779 
0.069166 
0.471209 
0.617287 
0.747626 
0.344437 
0.950664 
0.807971 
0.573678 
0.810657 
0.708459 
0.076407 
0.180033 
0.808312 
0.296930 
0.501295 
0.257263 
0.827580 
0.139873 
0.844171 
0.989786 
0.333717 
0.774331 
0.179138 
0.772096 
0.609905 
0.666160 
0.157559 
0.091883 
0.277120 
0.551385 
0.124121 
0.096413 
0.415327 
0.400313 
0.052669 
0.212820 
0.863112 
0.327770 
0.837943 
0.301696 
0.603581 
0.390499 
0.118637 
0.924049 
0.496008 
0.401997 
0.358236 
0.878895 
0.587052 
0.590697 
0.843353 
0.239215 
0.490687 
0.981079 
0.995255 
0.243255 
0.391649 
0.439524 
0.077798 
0.554463 
0.854825 
0.042331 
0.451550 
0.207700 
0.807447 
0.766775 
0.179188 
0.617868 
0.504056 
0.666514 
0.101365 
0.648928 
0.539509 
0.521925 
0.997478 
0.621103 
0.872513 
0.319321 
0.821750 
0.144878 
0.967381 
0.766285 
0.948736 
0.402185 
0.523471 
0.969629 
0.558718 
0.380851 
0.962714 
0.340860 
0.838912 
0.596252 
0.199260 
0.960546 
0.903852 
0.041712 
0.054657 
0.622268 
0.450809 
0.750922 
0.739252 
0.600545 
0.365913 
0.906579 
0.866810 
0.479473 
0.505680 
0.958950 
0.069228 
0.508305 
0.084208 
0.275686 
0.449368 
0.535595 
0.746629 
0.596907 
0.210883 
0.313086 
0.036127 
0.190827 
0.230024 
0.007839 
0.755377 
0.618908 
0.989300 
0.158205 
0.953921 
0.547915 
0.799137 
0.093264 
0.491571 
0.833970 
0.541130 
0.779322 
0.070663 
0.635452 
0.040571 
0.874159 
0.993362 
0.440624 
0.564160 
0.833862 
0.717774 
0.631592 
0.165119 
0.162317 
0.060668 
0.638765 
0.726855 
0.254347 
0.804714 
0.821737 
0.937769 
0.082893 
0.182644 
0.690295 
0.782781 
0.206523 
0.027950 
0.761716 
0.160063 
0.184609 
0.725384 
0.523458 
0.760297 
0.317499 
0.205298 
0.447636 
0.415561 
0.337555 
0.293902 
0.604678 
0.819580 
0.672964 
0.511645 
0.224953 
0.792155 
0.750569 
0.812569 
0.848180 
0.367969 
0.462527 
0.688168 
0.037483 
0.982114 
0.395942 
0.600683 
0.684303 
0.082485 
0.320193 
0.490753 
0.078884 
0.800797 
0.001800 
0.245654 
0.699916 
0.482864 
0.502779 
0.208660 
0.949177 
0.824064 
0.044109 
0.341957 
0.275874 
0.609132 
0.681415 
0.550175 
0.790619 
0.925945 
0.362260 
0.500165 
0.279562 
0.605841 
0.374796 
0.199628 
0.149052 
0.121382 
0.060105 
0.180222 
0.996070 
0.953419 
0.105078 
0.042497 
0.251051 
0.406056 
0.586802 
0.377614 
0.552778 
0.537777 
0.410320 
0.254603 
0.105030 
0.232499 
0.616129 
0.277630 
0.132748 
0.099610 
0.152830 
0.608177 
0.627583 
0.793784 
0.129071 
0.301487 
0.099285 
0.688169 
0.057597 
0.034230 
0.301620 
0.331522 
0.896103 
0.807594 
0.224857 
0.173075 
0.870647 
0.961540 
0.602139 
0.145730 
0.280855 
0.333189 
0.899181 
0.538157 
0.803094 
0.608403 
0.422332 
0.126508 
0.214828 
0.615003 
0.351388 
0.771966 
0.439527 
0.132904 
0.712029 
0.071898 
0.397910 
0.665669 
0.899331 
0.048590 
0.653246 
0.105182 
0.790548 
0.742183 
0.877190 
0.928367 
0.071159 
0.962881 
0.140987 
0.560292 
0.824032 
0.502110 
0.955515 
0.340496 
0.711546 
0.951923 
0.969644 
0.809812 
0.507708 
0.048266 
0.213043 
0.610190 
0.463826 
0.531682 
0.977258 
0.770441 
0.793893 
0.951809 
0.057733 
0.312009 
0.927944 
0.948889 
0.971848 
0.851603 
0.887487 
0.991133 
0.978979 
0.708198 
0.687880 
0.206860 
0.702365 
0.656556 
0.731657 
0.958959 
0.217663 
0.253995 
0.894748 
0.034088 
0.912793 
0.315523 
0.994820 
0.945127 
0.746516 
0.698550 
0.536529 
0.441740 
0.318778 
0.702488 
0.708747 
0.912775 
0.008518 
0.162005 
0.815153 
0.277791 
0.838128 
0.424527 
0.022579 
0.492529 
0.942376 
0.510518 
0.276781 
0.862491 
0.884373 
0.654973 
0.138233 
0.288644 
0.247638 
0.045829 
0.246797 
0.921925 
0.788198 
0.243593 
0.075722 
0.651994 
0.066359 
0.303075 
0.781875 
0.968504 
0.639058 
0.643349 
0.766707 
0.045695 
0.000011 
0.185242 
0.367908 
0.422371 
0.789972 
0.067742 
0.544981 
0.499021 
0.048984 
0.266630 
0.246154 
0.110672 
0.066110 
0.118777 
0.287284 
0.383440 
0.473876 
0.434772 
0.208369 
0.065038 
0.088920 
0.475529 
0.223329 
0.488160 
0.501394 
0.924131 
0.877237 
0.716999 
0.607919 
0.288777 
0.480180 
0.383737 
0.465401 
0.999907 
0.437575 
0.322126 
0.975898 
0.922263 
0.479792 
0.863878 
0.200997 
0.163383 
0.982724 
0.649026 
0.179258 
0.793146 
0.402164 
0.162143 
0.133026 
0.772203 
0.421560 
0.164898 
0.433146 
0.883071 
0.770003 
0.442795 
0.058927 
0.379939 
0.626646 
0.046558 
0.497069 
0.234043 
0.552396 
0.114487 
0.190684 
0.832149 
0.934157 
0.374341 
0.556889 
0.632032 
0.566861 
0.236227 
0.260502 
0.249131 
0.145034 
0.591061 
0.968231 
0.054527 
0.437810 
0.281072 
0.971417 
0.607680 
0.273075 
0.572621 
0.048524 
0.541362 
0.663158 
0.698029 
0.776591 
0.168538 
0.615725 
0.489578 
0.331420 
0.179906 
0.675258 
0.067385 
0.537546 
0.539758 
0.715325 
0.470517 
0.975156 
0.447798 
0.136195 
0.029621 
0.838424 
0.398138 
0.497718 
0.141152 
0.349312 
0.893290 
0.525938 
0.433827 
0.338754 
0.445104 
0.865446 
0.557877 
0.235589 
0.537491 
0.615605 
0.470226 
0.082861 
0.650278 
0.226870 
0.997555 
0.907249 
0.134927 
0.719944 
0.091179 
0.448838 
0.625266 
0.843290 
0.181982 
0.577038 
0.280525 
0.783534 
0.848222 
0.071004 
0.370498 
0.958655 
0.120184 
0.930284 
0.280691 
0.571513 
0.422955 
0.599325 
0.848343 
0.098871 
0.732170 
0.586873 
0.579916 
0.650868 
0.138583 
0.160887 
0.023148 
0.053152 
0.320531 
0.171664 
0.150088 
0.524808 
0.455759 
0.934739 
0.166577 
0.664347 
0.677083 
0.732172 
0.612168 
0.710047 
0.767269 
0.495809 
0.064598 
0.699238 
0.101351 
0.411296 
0.657647 
0.077527 
0.003523 
0.209473 
0.614738 
0.903639 
0.452351 
0.668108 
0.886981 
0.492706 
0.909431 
0.801381 
0.810479 
0.714004 
0.271748 
0.272102 
0.222686 
0.691456 
0.308054 
0.469609 
0.719394 
0.862739 
0.060563 
0.876416 
0.916183 
0.292289 
0.509357 
0.762450 
0.489232 
0.529169 
0.746834 
0.046332 
0.701781 
0.825212 
0.329872 
0.154113 
0.177643 
0.640168 
0.306148 
0.434002 
0.275028 
0.397846 
0.603412 
0.538421 
0.249419 
0.988140 
0.673582 
0.898106 
0.470514 
0.926899 
0.385796 
0.073778 
0.992907 
0.795638 
0.295795 
0.420614 
0.261308 
0.807674 
0.576894 
0.852128 
0.712477 
0.606430 
0.273471 
0.221005 
0.426485 
0.928486 
0.070475 
0.474702 
0.320989 
0.864343 
0.009734 
0.596890 
0.926129 
0.442202 
0.092085 
0.664427 
0.026858 
0.396804 
0.084061 
0.805050 
0.468870 
0.291879 
0.614333 
0.102633 
0.955984 
0.221595 
0.343442 
0.222136 
0.441940 
0.688515 
0.875626 
0.647482 
0.230876 
0.335793 
0.667189 
0.439200 
0.628016 
0.057218 
0.667189 
0.444068 
0.444520 
0.043729 
0.947571 
0.825289 
0.637134 
0.305480 
0.201425 
0.347654 
0.016115 
0.843772 
0.278408 
0.208099 
0.519968 
0.096909 
0.751929 
0.663016 
0.308240 
0.581444 
0.327800 
0.339292 
0.480867 
0.924916 
0.059300 
0.655098 
0.230566 
0.127078 
0.796895 
0.406698 
0.371116 
0.346634 
0.884075 
0.652460 
0.894044 
0.189567 
0.045764 
0.153649 
0.381366 
0.614820 
0.286417 
0.811836 
0.527644 
0.109590 
0.873746 
0.056389 
0.738263 
0.986384 
0.161580 
0.681989 
0.186157 
0.746136 
0.310738 
0.577687 
0.178212 
0.208953 
0.878217 
0.191499 
0.520422 
0.736393 
0.549229 
0.885722 
0.333663 
0.869994 
0.987718 
0.577116 
0.587161 
0.411877 
0.423579 
0.086479 
0.459086 
0.851690 
0.359995 
0.431359 
0.853535 
0.354569 
0.245298 
0.720890 
0.005772 
0.016440 
0.312526 
0.623251 
0.983036 
0.886151 
0.531723 
0.672967 
0.559042 
0.817798 
0.737986 
0.335768 
0.250959 
0.865013 
0.270165 
0.667252 
0.507202 
0.537661 
0.470696 
0.981491 
0.926819 
0.053004 
0.846147 
0.184564 
0.971423 
0.699100 
0.765978 
0.798390 
0.540715 
0.795462 
0.325414 
0.226191 
0.595349 
0.029854 
0.763442 
0.177345 
0.634062 
0.686114 
0.512081 
0.552744 
0.965505 
0.235714 
0.637838 
0.148733 
0.759333 
0.101465 
0.328248 
0.865786 
0.267119 
0.473586 
0.552769 
0.383041 
0.776711 
0.181777 
0.133271 
0.891448 
0.574056 
0.158523 
0.298431 
0.730371 
0.339584 
0.388603 
0.246491 
0.777926 
0.603874 
0.311501 
0.396763 
0.393696 
0.856758 
0.523399 
0.763742 
0.216321 
0.712807 
0.150388 
0.564920 
0.607483 
0.961785 
0.723685 
0.970335 
0.422446 
0.041612 
0.380049 
0.481739 
0.580019 
0.382194 
0.533462 
0.903447 
0.229382 
0.223110 
0.814853 
0.240529 
0.566159 
0.437818 
0.414120 
0.113816 
0.898157 
0.325318 
0.615657 
0.354691 
0.299837 
0.363345 
0.736928 
0.555822 
0.703855 
0.694050 
0.900462 
0.057299 
0.027701 
0.578545 
0.606914 
0.406712 
0.605821 
0.033363 
0.732083 
0.111266 
0.050726 
0.556605 
0.866760 
0.627643 
0.801280 
0.120077 
0.130219 
0.589418 
0.347408 
0.892612 
0.134720 
0.235487 
0.837142 
0.847291 
0.413531 
0.213850 
0.173045 
0.373007 
0.131281 
0.437727 
0.877091 
0.276064 
0.813326 
0.567259 
0.925135 
0.741129 
0.160614 
0.442734 
0.036490 
0.283295 
0.347355 
0.993323 
0.785173 
0.405941 
0.643733 
0.227876 
0.908226 
0.552224 
0.222754 
0.819495 
0.244073 
0.131513 
0.338859 
0.202969 
0.304966 
0.558084 
0.724420 
0.321152 
0.600528 
0.067384 
0.529188 
0.057400 
0.728841 
0.632176 
0.979746 
0.599387 
0.892545 
0.002103 
0.349863 
0.146125 
0.917499 
0.404467 
0.878323 
0.970276 
0.428911 
0.714021 
0.551212 
0.223441 
0.377531 
0.170367 
0.360568 
0.064234 
0.588550 
0.764049 
0.376622 
0.890344 
0.008366 
0.612103 
0.619936 
0.263372 
0.497297 
0.063673 
0.149041 
0.933165 
0.707838 
0.627829 
0.919048 
0.434126 
0.355606 
0.666522 
0.233475 
0.006792 
0.157347 
0.536152 
0.108446 
0.652168 
0.985634 
0.555741 
0.345080 
0.760962 
0.482449 
0.514645 
0.643778 
0.979411 
0.955870 
0.308893 
0.560322 
0.326234 
0.018899 
0.637830 
0.002161 
0.319636 
0.124991 
0.728577 
0.200964 
0.599478 
0.422013 
0.774351 
0.519953 
0.848156 
0.954870 
0.503455 
0.572446 
0.107570 
0.929022 
0.073210 
0.444706 
0.167953 
0.780295 
0.425067 
0.100596 
0.724517 
0.956934 
0.182090 
0.380171 
0.534611 
0.204925 
0.169416 
0.380366 
0.815354 
0.661874 
0.120033 
0.387817 
0.046372 
0.382150 
0.799748 
0.367346 
0.986032 
0.231893 
0.419113 
0.035770 
0.180434 
0.549477 
0.055369 
0.589514 
0.961894 
0.559853 
0.445425 
0.253902 
0.325013 
0.499920 
0.153321 
0.858563 
0.870013 
0.301125 
0.007842 
0.802288 
0.056410 
0.087601 
0.307096 
0.360742 
0.989277 
0.784566 
0.208377 
0.194228 
0.383189 
0.252583 
0.161057 
0.876948 
0.860682 
0.489611 
0.897118 
0.862770 
0.583552 
0.757570 
0.486234 
0.128705 
0.147230 
0.491117 
0.198666 
0.985009 
0.049858 
0.964410 
0.844607 
0.304859 
0.758160 
0.400827 
0.697943 
0.325888 
0.192590 
0.857598 
0.642474 
0.063526 
0.686169 
0.438152 
0.024601 
0.476464 
0.929874 
0.386740 
0.932374 
0.407635 
0.126818 
0.434062 
0.272084 
0.917442 
0.454643 
0.189278 
0.197164 
0.731601 
0.016554 
0.226441 
0.794728 
0.997763 
0.399962 
0.161331 
0.485106 
0.178803 
0.147714 
0.636144 
0.679392 
0.533503 
0.580553 
0.352661 
0.173165 
0.389667 
0.130841 
0.039124 
0.549835 
0.073965 
0.121663 
0.788742 
0.391054 
0.442503 
0.152576 
0.340552 
0.650162 
0.278855 
0.715935 
0.720133 
0.282491 
0.823483 
0.273865 
0.855684 
0.481778 
0.250692 
0.381411 
0.375943 
0.467852 
0.185025 
0.711624 
0.256195 
0.873576 
0.192361 
0.010843 
0.241148 
0.980404 
0.642527 
0.947757 
0.957011 
0.483059 
0.775156 
0.051714 
0.157704 
0.534524 
0.746950 
0.994863 
0.664895 
0.882278 
0.453217 
0.213212 
0.446263 
0.338267 
0.254707 
0.860163 
0.765331 
0.910079 
0.697565 
0.980643 
0.667777 
0.331417 
0.130717 
0.960260 
0.087935 
0.921467 
0.097671 
0.556839 
0.795104 
0.310411 
0.069887 
0.591344 
0.719064 
0.306526 
0.780937 
0.212003 
0.134776 
0.183597 
0.719411 
0.142837 
0.666463 
0.235292 
0.545755 
0.498949 
0.839676 
0.442219 
0.378584 
0.868238 
0.470887 
0.202183 
0.094320 
0.243984 
0.631135 
0.492570 
0.617862 
0.405475 
0.816535 
0.496727 
0.491867 
0.803386 
0.512014 
0.423493 
0.641129 
0.454985 
0.927603 
0.229581 
0.576256 
0.127881 
0.295981 
0.545981 
0.298550 
0.725829 
0.003276 
0.055182 
0.436027 
0.309380 
0.751775 
0.089119 
0.818164 
0.881107 
0.765664 
0.514088 
0.278463 
0.126758 
0.425540 
0.049628 
0.104414 
0.881343 
0.737531 
0.678495 
