0.000001 
0.013047 
0.273493 
0.594072 
0.569770 
0.122985 
0.004964 
0.423375 
0.667483 
0.387109 
0.133058 
0.297963 
0.867092 
0.219232 
0.631708 
0.120546 
0.010222 
0.806023 
0.832876 
0.153890 
0.426010 
0.949119 
0.850112 
0.824064 
0.037637 
0.560206 
0.390272 
0.305473 
0.082910 
0.470928 
0.884721 
0.504824 
0.584132 
0.509140 
0.123344 
0.048502 
0.166455 
0.608493 
0.936280 
0.059322 
0.019564 
0.813822 
0.911327 
0.674888 
0.844177 
0.081464 
0.167367 
0.935075 
0.806783 
0.607515 
0.497813 
0.746795 
0.378852 
0.369981 
0.269703 
0.894721 
0.567503 
0.024477 
0.393030 
0.649905 
0.960734 
0.056705 
0.039666 
0.658703 
0.827913 
0.732401 
0.459134 
0.662894 
0.251736 
0.923005 
0.939708 
0.678727 
0.364961 
0.895361 
0.333676 
0.088905 
0.231190 
0.613583 
0.490001 
0.444275 
0.930979 
0.971440 
0.984081 
0.451458 
0.654987 
0.367969 
0.448878 
0.286265 
0.261801 
0.096284 
0.249880 
0.735862 
0.638492 
0.142418 
0.627262 
0.386342 
0.251261 
0.938645 
0.798236 
0.951893 
0.462824 
0.685727 
0.018253 
0.783023 
0.272282 
0.251202 
0.948570 
0.610347 
0.100609 
0.927885 
0.966358 
0.586387 
0.403849 
0.491275 
0.859381 
0.623769 
0.680034 
0.332460 
0.656775 
0.421516 
0.422246 
0.680891 
0.738442 
0.000335 
0.626870 
0.802777 
0.269261 
0.474798 
0.931312 
0.553480 
0.338407 
0.613434 
0.981830 
0.608544 
0.804138 
0.153111 
0.338137 
0.068301 
0.937517 
0.840101 
0.574624 
0.711053 
0.666514 
0.095613 
0.968654 
0.169597 
0.414078 
0.413559 
0.686101 
0.294720 
0.353754 
0.538891 
0.145600 
0.093354 
0.995251 
0.189206 
0.991684 
0.229169 
0.639987 
0.263921 
0.722684 
0.152211 
0.211816 
0.986721 
0.818308 
0.301427 
0.089723 
0.971188 
0.749061 
0.460462 
0.991830 
0.691282 
0.375835 
0.653441 
0.384986 
0.462963 
0.020161 
0.846625 
0.227317 
0.516332 
0.997243 
0.656749 
0.984382 
0.510627 
0.101225 
0.293974 
0.819056 
0.880477 
0.172783 
0.959365 
0.053346 
0.594302 
0.428444 
0.856362 
0.874992 
0.991168 
0.562381 
0.929540 
0.775413 
0.363644 
0.770544 
0.531182 
0.578483 
0.571548 
0.009643 
0.066537 
0.290111 
0.888711 
0.562588 
0.424358 
0.185481 
0.386639 
0.235054 
0.544445 
0.489383 
0.062651 
0.975772 
0.800785 
0.794636 
0.440401 
0.827037 
0.013872 
0.154005 
0.358998 
0.678186 
0.275009 
0.068247 
0.021002 
0.975883 
0.657763 
0.028704 
0.426409 
0.661139 
0.761828 
0.038063 
0.729176 
0.267287 
0.291814 
0.521052 
0.325932 
0.937316 
0.467366 
0.022513 
0.375480 
0.685412 
0.718486 
0.602102 
0.527462 
0.058667 
0.023946 
0.456059 
0.991936 
0.465293 
0.177811 
0.467428 
0.069039 
0.345435 
0.717885 
0.496827 
0.171554 
0.311940 
0.770658 
0.456156 
0.612855 
0.256595 
0.596091 
0.496251 
0.491580 
0.982515 
0.128349 
0.168338 
0.250167 
0.557618 
0.885927 
0.780975 
0.845688 
0.486407 
0.035325 
0.703293 
0.240516 
0.353861 
0.343777 
0.864150 
0.770337 
0.054075 
0.838429 
0.483398 
0.470382 
0.705532 
0.883850 
0.859574 
0.867313 
0.937877 
0.890980 
0.700149 
0.409855 
0.429509 
0.757546 
0.073972 
0.244177 
0.881278 
0.636768 
0.151668 
0.090910 
0.927654 
0.086585 
0.227133 
0.421872 
0.402726 
0.624012 
0.767371 
0.205393 
0.047502 
0.370213 
0.177519 
0.553869 
0.883350 
0.456449 
0.533411 
0.037068 
0.996235 
0.713943 
0.245249 
0.907347 
0.784233 
0.598803 
0.089963 
0.001689 
0.394576 
0.645340 
0.223270 
0.490877 
0.167202 
0.160345 
0.925526 
0.319005 
0.514642 
0.581512 
0.464768 
0.359927 
0.288443 
0.864181 
0.286948 
0.731933 
0.590142 
0.519956 
0.902956 
0.982463 
0.251921 
0.040670 
0.543766 
0.081245 
0.479613 
0.855453 
0.601386 
0.499953 
0.706614 
0.054034 
0.143870 
0.030851 
0.520458 
0.340925 
0.922598 
0.107625 
0.845803 
0.409713 
0.052148 
0.444406 
0.134486 
0.304153 
0.906940 
0.937451 
0.737913 
0.107920 
0.813528 
0.968435 
0.485568 
0.946444 
0.876295 
0.896002 
0.100725 
0.885565 
0.697147 
0.946075 
0.689198 
0.355274 
0.091290 
0.317024 
0.221447 
0.856120 
0.803073 
0.247677 
0.714138 
0.521602 
0.571598 
0.840263 
0.303531 
0.438560 
0.885862 
0.682262 
0.781762 
0.077645 
0.977905 
0.641901 
0.436184 
0.948369 
0.241635 
0.158920 
0.973447 
0.731425 
0.051620 
0.582319 
0.030073 
0.440435 
0.392508 
0.882141 
0.149744 
0.748330 
0.176624 
0.514139 
0.135857 
0.354525 
0.499797 
0.088881 
0.820807 
0.298124 
0.569326 
0.665958 
0.748118 
0.627545 
0.152585 
0.501164 
0.068651 
0.811277 
0.133942 
0.169380 
0.762913 
0.273097 
0.935585 
0.376525 
0.249389 
0.480326 
0.844199 
0.446776 
0.956704 
0.324699 
0.218991 
0.583855 
0.855753 
0.648346 
0.747242 
0.888316 
0.930007 
0.621191 
0.365502 
0.993938 
0.115433 
0.078644 
0.776658 
0.296505 
0.367903 
0.351034 
0.823034 
0.725231 
0.949029 
0.325652 
0.236000 
0.454953 
0.394260 
0.323933 
0.340364 
0.497341 
0.807053 
0.134310 
0.349089 
0.131968 
0.991107 
0.538402 
0.919953 
0.641873 
0.956334 
0.103503 
0.568121 
0.402032 
0.948587 
0.905792 
0.652111 
0.028798 
0.008839 
0.549599 
0.113133 
0.425537 
0.002443 
0.063089 
0.336856 
0.535885 
0.624821 
0.363332 
0.519418 
0.857614 
0.920741 
0.889584 
0.233399 
0.743593 
0.563728 
0.570334 
0.601203 
0.421748 
0.316083 
0.413550 
0.543183 
0.283170 
0.244965 
0.128832 
0.283077 
0.679652 
0.913515 
0.440612 
0.360017 
0.802196 
0.508550 
0.201551 
0.464499 
0.830901 
0.948898 
0.131490 
0.959405 
0.724849 
0.536524 
0.365088 
0.037681 
0.303962 
0.689355 
0.990452 
0.522247 
0.407034 
0.014116 
0.248793 
0.455906 
0.405180 
0.858631 
0.017930 
0.343125 
0.907264 
0.393088 
0.625423 
0.488337 
0.482090 
0.485359 
0.431011 
0.995693 
0.608589 
0.551768 
0.563399 
0.047750 
0.539453 
0.593405 
0.354293 
0.605677 
0.620861 
0.814274 
0.503884 
0.771610 
0.457371 
0.040696 
0.983561 
0.715712 
0.965088 
0.240966 
0.923525 
0.692469 
0.331777 
0.177933 
0.526100 
0.163446 
0.036201 
0.424537 
0.189258 
0.852804 
0.068923 
0.382378 
0.620636 
0.036282 
0.793564 
0.436849 
0.113788 
0.443249 
0.691382 
0.056305 
0.315773 
0.204163 
0.360640 
0.268611 
0.544154 
0.600266 
0.669474 
0.842207 
0.980673 
0.166959 
0.074621 
0.149377 
0.582974 
0.047871 
0.576289 
0.697382 
0.906210 
0.678461 
0.892699 
0.599393 
0.006387 
0.350770 
0.384880 
0.670944 
0.549734 
0.384791 
0.189310 
0.736448 
0.474431 
0.756885 
0.972431 
0.653989 
0.599456 
0.056287 
0.013511 
0.083247 
0.127491 
0.741866 
0.540678 
0.177531 
0.759351 
0.407977 
0.874183 
0.392625 
0.840886 
0.769672 
0.870342 
0.838391 
0.834482 
0.146216 
0.445848 
0.366811 
0.996852 
0.085338 
0.280568 
0.501846 
0.517956 
0.283081 
0.738256 
0.868472 
0.413264 
0.732205 
0.163270 
0.074937 
0.471637 
0.803499 
0.402388 
0.929303 
0.795047 
0.349199 
0.993361 
0.412488 
0.685811 
0.432729 
0.870550 
0.333373 
0.006845 
0.036922 
0.542010 
0.568186 
0.505894 
0.564378 
0.502856 
0.501318 
0.651032 
0.888315 
0.910449 
0.908259 
0.107802 
0.827258 
0.730106 
0.899638 
0.212162 
0.813578 
0.806185 
0.553487 
0.451342 
0.703717 
0.366629 
0.929948 
0.635374 
0.734170 
0.191949 
0.086166 
0.184653 
0.458589 
0.509603 
0.889302 
0.496458 
0.971168 
0.420048 
0.743387 
0.099691 
0.498386 
0.373941 
0.828207 
0.676365 
0.669131 
0.078556 
0.291973 
0.183481 
0.771467 
0.045057 
0.279795 
0.510707 
0.444199 
0.652268 
0.669924 
0.408514 
0.899654 
0.479902 
0.721310 
0.064257 
0.974500 
0.418534 
0.297481 
0.762949 
0.891912 
0.365418 
0.578140 
0.798020 
0.320254 
0.509143 
0.170490 
0.432137 
0.932916 
0.516887 
0.326118 
0.069460 
0.416332 
0.294877 
0.992876 
0.264893 
0.060692 
0.045689 
0.902612 
0.197469 
0.859673 
0.521479 
0.501703 
0.120668 
0.074732 
0.027620 
0.205213 
0.013540 
0.562800 
0.973922 
0.702378 
0.868862 
0.957236 
0.264534 
0.019791 
0.630844 
0.600596 
0.213392 
0.475968 
0.589124 
0.409009 
0.205983 
0.954441 
0.295494 
0.374171 
0.695514 
0.495923 
0.971829 
0.537444 
0.829133 
0.237895 
0.304034 
0.898521 
0.447182 
0.788921 
0.393766 
0.019529 
0.224121 
0.802066 
0.325071 
0.474037 
0.135660 
0.030595 
0.217333 
0.708097 
0.981928 
0.257490 
0.632260 
0.394050 
0.793082 
0.330319 
0.667443 
0.717336 
0.260686 
0.350095 
0.047452 
0.531821 
0.323501 
0.089335 
0.446617 
0.298908 
0.749535 
0.429600 
0.292305 
0.765764 
0.203465 
0.630798 
0.824791 
0.267067 
0.587194 
0.977497 
0.791066 
0.438720 
0.562770 
0.472705 
0.759350 
0.392818 
0.085487 
0.785115 
0.435580 
0.799533 
0.746398 
0.712969 
0.873526 
0.349078 
0.945709 
0.523287 
0.887339 
0.505463 
0.314390 
0.946658 
0.488681 
0.266724 
0.826869 
0.192357 
0.939850 
0.061872 
0.884526 
0.227180 
0.216147 
0.778232 
0.741345 
0.793310 
0.154017 
0.558445 
0.787179 
0.121039 
0.308209 
0.061280 
0.931787 
0.542763 
0.217149 
0.616016 
0.374899 
0.928770 
0.844889 
0.050057 
0.302952 
0.708122 
0.400779 
0.896836 
0.117893 
0.431810 
0.430094 
0.588053 
0.401214 
0.199253 
0.845734 
0.244500 
0.311635 
0.657222 
0.926895 
0.319546 
0.606402 
0.793855 
0.322272 
0.421130 
0.931102 
0.028632 
0.217846 
0.332818 
0.676764 
0.367391 
0.746841 
0.151816 
0.568089 
0.873744 
0.016350 
0.790939 
0.309556 
0.707505 
0.044802 
0.990960 
0.065880 
0.238847 
0.297274 
0.289356 
0.212325 
0.544057 
0.972788 
0.649505 
0.226668 
0.603040 
0.285473 
0.949742 
0.315525 
0.022831 
0.718871 
0.057964 
0.207373 
0.310472 
0.096668 
0.691459 
0.359309 
0.910584 
0.178650 
0.562453 
0.153200 
0.840127 
0.011375 
0.177320 
0.221519 
0.066225 
0.044338 
0.186990 
0.738886 
0.459084 
0.822028 
0.831778 
0.687188 
0.569535 
0.166739 
0.389982 
0.421795 
0.108495 
0.483062 
0.826450 
0.150378 
0.394986 
0.527489 
0.503424 
0.053370 
0.995309 
0.161633 
0.561861 
0.190452 
0.918879 
0.593170 
0.401585 
0.445776 
0.152887 
0.565146 
0.410629 
0.434555 
0.573952 
0.415442 
0.333794 
0.068617 
0.240852 
0.002254 
0.875471 
0.048047 
0.532998 
0.095289 
0.529672 
0.194500 
0.961787 
0.752478 
0.897858 
0.294426 
0.415448 
0.430715 
0.032585 
0.657162 
0.925487 
0.664940 
0.638611 
0.133525 
0.155943 
0.936362 
0.431323 
0.251515 
0.204830 
0.572704 
0.435443 
0.484336 
0.237910 
0.546557 
0.991500 
0.144906 
0.439209 
0.784919 
0.126795 
0.042688 
0.461912 
0.362095 
0.737496 
0.098037 
0.705133 
0.171478 
0.028658 
0.651074 
0.607081 
0.209374 
0.945444 
0.077268 
0.637575 
0.722820 
0.430146 
0.468895 
0.716194 
0.067055 
0.000781 
0.131536 
0.730138 
0.434688 
0.793049 
0.771430 
0.422454 
0.185672 
0.596115 
0.908904 
0.952997 
0.028733 
0.915205 
0.853697 
0.092225 
0.032053 
0.706989 
0.363269 
0.463320 
0.016944 
0.782958 
0.182132 
0.089616 
0.172030 
0.316171 
0.886575 
0.664903 
0.027677 
0.162245 
0.848887 
0.248414 
0.088004 
0.078471 
0.855043 
0.714041 
0.878707 
0.422186 
0.682239 
0.385137 
0.005617 
0.411386 
0.170516 
0.858127 
0.534724 
0.114574 
0.652799 
0.590192 
0.364844 
0.933337 
0.599415 
0.368263 
0.395018 
0.063767 
0.735744 
0.641258 
0.619649 
0.438275 
0.083226 
0.781644 
0.087008 
0.341490 
0.428201 
0.775130 
0.601533 
0.972592 
0.360786 
0.732712 
0.690600 
0.913538 
0.828909 
0.475838 
0.404651 
0.976195 
0.915268 
0.905569 
0.902490 
0.142961 
0.743370 
0.812745 
0.796922 
0.860408 
0.879770 
0.298373 
0.749523 
0.234747 
0.395993 
0.460058 
0.191130 
0.324888 
0.397929 
0.997257 
0.892339 
0.534881 
0.742035 
0.387496 
0.653354 
0.928483 
0.017514 
0.358490 
0.139774 
0.178900 
0.773838 
0.900076 
0.575211 
0.564663 
0.293306 
0.597600 
0.868299 
0.506214 
0.941563 
0.855578 
0.693985 
0.810671 
0.946451 
0.009007 
0.382275 
0.900173 
0.215852 
0.831192 
0.836998 
0.424755 
0.864278 
0.920444 
0.904460 
0.266175 
0.599541 
0.482447 
0.486956 
0.263084 
0.647781 
0.251703 
0.378407 
0.882720 
0.882382 
0.195531 
0.287146 
0.058695 
0.489286 
0.429867 
0.773183 
0.884837 
0.452213 
0.342729 
0.247830 
0.283770 
0.323583 
0.467034 
0.438078 
0.770590 
0.308208 
0.044704 
0.334752 
0.170691 
0.796169 
0.215007 
0.619342 
0.288273 
0.009419 
0.300269 
0.623398 
0.450722 
0.276903 
0.912233 
0.894163 
0.200067 
0.525084 
0.093657 
0.096455 
0.124905 
0.273875 
0.009206 
0.727031 
0.204692 
0.262399 
0.138072 
0.571251 
0.012216 
0.321910 
0.334492 
0.809423 
0.969113 
0.882398 
0.457378 
0.146924 
0.345960 
0.546750 
0.223329 
0.490680 
0.856561 
0.229045 
0.562579 
0.268050 
0.112777 
0.437144 
0.074619 
0.117180 
0.436514 
0.487576 
0.689647 
0.892968 
0.108118 
0.136910 
0.043254 
0.973980 
0.679813 
0.623223 
0.505925 
0.079510 
0.320072 
0.443625 
0.002715 
0.627881 
0.804093 
0.384898 
0.983466 
0.116690 
0.216517 
0.006378 
0.197772 
0.952659 
0.342500 
0.398305 
0.318067 
0.756177 
0.061245 
0.348081 
0.191448 
0.661009 
0.571877 
0.528798 
0.514736 
0.163323 
0.961743 
0.018412 
0.442557 
0.048836 
0.784974 
0.060449 
0.974663 
0.154429 
0.488233 
0.737850 
0.053129 
0.939669 
0.016741 
0.372688 
0.774789 
0.870917 
0.504896 
0.787374 
0.391765 
0.396789 
0.837084 
0.867069 
0.831717 
0.669666 
0.078622 
0.407590 
0.369030 
0.287725 
0.786763 
0.118419 
0.266881 
0.466062 
0.102199 
0.655390 
0.142059 
0.586792 
0.206075 
0.507537 
0.180325 
0.716729 
0.062293 
0.957584 
0.108601 
0.259265 
0.459007 
0.533855 
0.501076 
0.584787 
0.509721 
0.876065 
0.021667 
0.160234 
0.049287 
0.370440 
0.983936 
0.009435 
0.576642 
0.617311 
0.141464 
0.589012 
0.521687 
0.999910 
0.486599 
0.274831 
0.087637 
0.906690 
0.733767 
0.424221 
0.888473 
0.571970 
0.095411 
0.565326 
0.436272 
0.417300 
0.569092 
0.721843 
0.016708 
0.814214 
0.501302 
0.386336 
0.148782 
0.582847 
0.902147 
0.387065 
0.408617 
0.634141 
0.016049 
0.728421 
0.565144 
0.382422 
0.372367 
0.372371 
0.440367 
0.240670 
0.939709 
0.692055 
0.373814 
0.691225 
0.414850 
0.391511 
0.118685 
0.730564 
0.596614 
0.286054 
0.712981 
0.075477 
0.550163 
0.585442 
0.531291 
0.413133 
0.528307 
0.253666 
0.371813 
0.053138 
0.082211 
0.714477 
0.212422 
0.169641 
0.160612 
0.408557 
0.610969 
0.554853 
0.422229 
0.398798 
0.590407 
0.962102 
0.041515 
0.740471 
0.104349 
0.798651 
0.931457 
0.993828 
0.267666 
0.664553 
0.138115 
0.293609 
0.686986 
0.181938 
0.824368 
0.159901 
0.464093 
0.006385 
0.313015 
0.846590 
0.630869 
0.021498 
0.315638 
0.930195 
0.793219 
0.631037 
0.831024 
0.013901 
0.639968 
0.934877 
0.479457 
0.237650 
0.184319 
0.853758 
0.117237 
0.404628 
0.580432 
0.312397 
0.455636 
0.882619 
0.169299 
0.415235 
0.860592 
0.965919 
0.199758 
0.329408 
0.365318 
0.902420 
0.979125 
0.153508 
0.012097 
0.311754 
0.642834 
0.116049 
0.434629 
0.814072 
0.104124 
0.019517 
0.016620 
0.340689 
0.961164 
0.283089 
0.877894 
0.765688 
0.923423 
0.967858 
0.796320 
0.744740 
0.841680 
0.107777 
0.408861 
0.719952 
0.239113 
0.776110 
0.077066 
0.248084 
0.548304 
0.343578 
0.517861 
0.684412 
0.908885 
0.636123 
0.326767 
0.966920 
0.027156 
0.412317 
0.812516 
0.964568 
0.488613 
0.110440 
0.170973 
0.550845 
0.052060 
0.964682 
0.416419 
0.761491 
0.385147 
0.168641 
0.343513 
0.429377 
0.540375 
0.076280 
0.034426 
0.592155 
0.342245 
0.108978 
0.586360 
0.947689 
0.811293 
0.403177 
0.200830 
0.341601 
0.296285 
0.661319 
0.791493 
0.631231 
0.105451 
0.319856 
0.817089 
0.811672 
0.767315 
0.257863 
0.899030 
0.989461 
0.864697 
0.957203 
0.713620 
0.811808 
0.061004 
0.300509 
0.662016 
0.500924 
0.024500 
0.763859 
0.173383 
0.052110 
0.817256 
0.616909 
0.382870 
0.895918 
0.700415 
0.881435 
0.281689 
0.347171 
0.909546 
0.739738 
0.774468 
0.484152 
0.149922 
0.733792 
0.844364 
0.231554 
0.732481 
0.810443 
0.108932 
0.822271 
0.913433 
0.063687 
0.390798 
0.135441 
0.356240 
0.330404 
0.099011 
0.083392 
0.563801 
0.797626 
0.699451 
0.670348 
0.536521 
0.307885 
0.627987 
0.584662 
0.415541 
0.994713 
0.149554 
0.557934 
0.191900 
0.271362 
0.785529 
0.388496 
0.444368 
0.492215 
0.655569 
0.156174 
0.814375 
0.194575 
0.222294 
0.097099 
0.935445 
0.026023 
0.373938 
0.778306 
0.991428 
0.929596 
0.725315 
0.368067 
0.099709 
0.814994 
0.603623 
0.085911 
0.908802 
0.234953 
0.853480 
0.434877 
0.976738 
0.028269 
0.111470 
0.472838 
0.980622 
0.316311 
0.232427 
0.406908 
0.900135 
0.576837 
0.902327 
0.418046 
0.100134 
0.952111 
0.121840 
0.758591 
0.640907 
0.727301 
0.742186 
0.925831 
0.435721 
0.158236 
0.473451 
0.289367 
0.391635 
0.206322 
0.646325 
0.782677 
0.456844 
0.176957 
0.124675 
0.419270 
0.675479 
0.771770 
0.134968 
0.406465 
0.454417 
0.392096 
0.956188 
0.652589 
0.062848 
0.283728 
0.614624 
0.984957 
0.174361 
0.489740 
0.055239 
0.407851 
0.751147 
0.531448 
0.051950 
0.124335 
0.700151 
0.436793 
0.182576 
0.551065 
0.747726 
0.029008 
0.538797 
0.564337 
0.804024 
0.229139 
0.140602 
0.100735 
0.058286 
0.604593 
0.399931 
0.638960 
0.995437 
0.301573 
0.544659 
0.086883 
0.248500 
0.540594 
0.755026 
0.714053 
0.095826 
0.543505 
0.685087 
0.257097 
0.034318 
0.777133 
0.282259 
0.923102 
0.575615 
0.364894 
0.767433 
0.239186 
0.005476 
0.032828 
0.732094 
0.311026 
0.421231 
0.626849 
0.452727 
0.978611 
0.515552 
0.886861 
0.473252 
0.950881 
0.448884 
0.399638 
0.718200 
0.794982 
0.255691 
0.402064 
0.481266 
0.630729 
0.661550 
0.674077 
0.212551 
0.349739 
0.063802 
0.315897 
0.274417 
0.130973 
0.255254 
0.053001 
0.788208 
0.410319 
0.225222 
0.312173 
0.690120 
0.843534 
0.269421 
0.159963 
0.494121 
0.694683 
0.529469 
0.790452 
0.126985 
0.240011 
0.857578 
0.315582 
0.993191 
0.563071 
0.539442 
0.402629 
0.989169 
0.970344 
0.565245 
0.080095 
0.154758 
0.012046 
0.451033 
0.511508 
0.909530 
0.469071 
0.671603 
0.629690 
0.193759 
0.511653 
0.359864 
0.240547 
0.875113 
0.023543 
0.689819 
0.786423 
0.417621 
0.958157 
0.748927 
0.218255 
0.204754 
0.300105 
0.864939 
0.036526 
0.891858 
0.462685 
0.351967 
0.502131 
0.320787 
0.472144 
0.323143 
0.070880 
0.282149 
0.072956 
0.174036 
0.022332 
0.334896 
0.597029 
0.272787 
0.732599 
0.791891 
0.319983 
0.955323 
0.119233 
0.941786 
0.601755 
0.703196 
0.609798 
0.877248 
0.907634 
0.605362 
0.323215 
0.280093 
0.528106 
0.873262 
0.912669 
0.224348 
0.623980 
0.225458 
0.265867 
0.423783 
0.517779 
0.308466 
0.381890 
0.420034 
0.505723 
0.691678 
0.031567 
0.545385 
0.285509 
0.542754 
0.065270 
0.993699 
0.098017 
0.364310 
0.963880 
0.928087 
0.355129 
0.659426 
0.974728 
0.246497 
0.876577 
0.637694 
0.716587 
0.681676 
0.924724 
0.837301 
0.520786 
0.853498 
0.747517 
0.516761 
0.194074 
0.808290 
0.925670 
0.743238 
0.607595 
0.841272 
0.260432 
0.077250 
0.334327 
0.028142 
0.990727 
0.152233 
0.584046 
0.055463 
0.163037 
0.160352 
0.032301 
0.889048 
0.238052 
0.945261 
0.008188 
0.620106 
0.118142 
0.615513 
0.927813 
0.747112 
0.708985 
0.917520 
0.763173 
0.649767 
0.629008 
0.740408 
0.034813 
0.107599 
0.419336 
0.784100 
0.362536 
0.140068 
0.114952 
0.999131 
0.398758 
0.920164 
0.197463 
0.757327 
0.401824 
0.450905 
0.352893 
0.077569 
0.698340 
0.002767 
0.499637 
0.403701 
0.994922 
0.645711 
0.460964 
0.423405 
0.165044 
0.901990 
0.741416 
0.980100 
0.544211 
0.549503 
0.493184 
0.944921 
0.279223 
0.906883 
0.977453 
0.049744 
0.047889 
0.871046 
0.673559 
0.513855 
0.359729 
0.972395 
0.040269 
0.800723 
0.753736 
0.046116 
0.074791 
0.004977 
0.644196 
0.006175 
0.791274 
0.946530 
0.325567 
0.800534 
0.583078 
0.799695 
0.468636 
0.370281 
0.317140 
0.165814 
0.841130 
0.878108 
0.369152 
0.341066 
0.303935 
0.241961 
0.632793 
0.344004 
0.672242 
0.374989 
0.446906 
0.150420 
0.103640 
0.879592 
0.298533 
0.446866 
0.470355 
0.259077 
0.310725 
0.353970 
0.170538 
0.230818 
0.364196 
0.040017 
0.572081 
0.966038 
0.201297 
0.197961 
0.137232 
0.463109 
0.470722 
0.432697 
0.343381 
0.211040 
0.943552 
0.281336 
0.406433 
0.915314 
0.674635 
0.594779 
0.455552 
0.457233 
0.718096 
0.040325 
0.746665 
0.200038 
0.038989 
0.281636 
0.449894 
0.365211 
0.100759 
0.454143 
0.785918 
0.917128 
0.162632 
0.362305 
0.257218 
0.061347 
0.064263 
0.060707 
0.307270 
0.290105 
0.794153 
0.323032 
0.200855 
0.774588 
0.492876 
0.770164 
0.151392 
0.445874 
0.803476 
0.016203 
0.328685 
0.206028 
0.717090 
0.126798 
0.090398 
0.316269 
0.532140 
0.668700 
0.847116 
0.480333 
0.955458 
0.387972 
0.641964 
0.494975 
0.038038 
0.307648 
0.642018 
0.389161 
0.624947 
0.482525 
0.795540 
0.644337 
0.368862 
0.471061 
0.126037 
0.296593 
0.836302 
0.733921 
0.004794 
0.580282 
0.803646 
0.886109 
0.840984 
0.410861 
0.344516 
0.274455 
0.767147 
0.435901 
0.187221 
0.622831 
0.927979 
0.541642 
0.380847 
0.887495 
0.131178 
0.716161 
0.509834 
0.773341 
0.543807 
0.758046 
0.472918 
0.336901 
0.288845 
0.612342 
0.640170 
0.331310 
0.327991 
0.546139 
0.958020 
0.450080 
0.492206 
0.497860 
0.538205 
0.611527 
0.935767 
0.429693 
0.850535 
0.939384 
0.223114 
0.872064 
0.781760 
0.041064 
0.170283 
0.942625 
0.705468 
0.794302 
0.826398 
0.272384 
0.959761 
0.700024 
0.297025 
0.093608 
0.277950 
0.508407 
0.802463 
0.002459 
0.331040 
0.796108 
0.195301 
0.429387 
0.715239 
0.025080 
0.524139 
0.212052 
0.960630 
0.314078 
0.704220 
0.822058 
0.330889 
0.246551 
0.787747 
0.661603 
0.555013 
0.105985 
0.284805 
0.722651 
0.596140 
0.320430 
0.472974 
0.267785 
0.656442 
0.820575 
0.404161 
0.732062 
0.771531 
0.126881 
0.485174 
0.323183 
0.734634 
0.001961 
0.960332 
0.291724 
0.011737 
0.263488 
0.450931 
