0.000001 
0.010010 
0.236831 
0.419207 
0.613519 
0.409297 
0.048799 
0.170064 
0.267973 
0.820103 
0.472214 
0.499157 
0.333540 
0.804678 
0.217729 
0.377431 
0.486547 
0.400062 
0.845980 
0.388617 
0.491222 
0.964561 
0.382299 
0.301126 
0.028277 
0.247453 
0.941907 
0.623095 
0.362353 
0.063177 
0.822770 
0.300342 
0.851293 
0.677379 
0.707113 
0.448730 
0.811575 
0.144728 
0.449012 
0.536816 
0.268160 
0.962735 
0.681816 
0.282653 
0.542113 
0.292257 
0.965244 
0.860804 
0.540417 
0.796047 
0.170188 
0.346821 
0.018927 
0.113501 
0.605849 
0.499909 
0.962709 
0.255733 
0.102391 
0.877162 
0.461775 
0.051305 
0.284782 
0.337421 
0.043132 
0.915261 
0.796180 
0.398825 
0.047373 
0.190476 
0.325067 
0.404374 
0.317807 
0.387623 
0.772508 
0.546917 
0.026210 
0.513361 
0.057415 
0.976741 
0.091615 
0.778327 
0.342315 
0.294790 
0.534330 
0.488082 
0.186031 
0.631154 
0.801946 
0.306627 
0.483861 
0.256250 
0.785622 
0.948502 
0.477065 
0.034272 
0.010415 
0.051306 
0.292108 
0.456791 
0.289713 
0.211785 
0.466314 
0.344623 
0.081133 
0.607851 
0.146503 
0.276925 
0.275752 
0.561347 
0.556072 
0.906412 
0.066301 
0.312742 
0.253239 
0.182244 
0.968664 
0.342661 
0.109187 
0.114049 
0.816468 
0.376641 
0.198241 
0.836490 
0.881084 
0.374776 
0.859259 
0.570646 
0.845919 
0.365867 
0.133067 
0.461057 
0.983059 
0.278541 
0.441807 
0.457006 
0.900706 
0.168781 
0.694711 
0.011691 
0.491268 
0.748912 
0.967889 
0.310911 
0.485848 
0.647219 
0.812601 
0.387488 
0.505413 
0.469674 
0.810109 
0.495046 
0.240685 
0.193401 
0.489458 
0.320333 
0.835251 
0.064851 
0.953535 
0.069919 
0.130362 
0.989609 
0.356276 
0.932823 
0.957178 
0.291857 
0.240405 
0.490191 
0.644900 
0.835592 
0.790372 
0.790132 
0.744267 
0.890073 
0.451948 
0.890300 
0.268618 
0.660368 
0.804882 
0.652903 
0.338016 
0.041381 
0.491916 
0.640127 
0.611558 
0.455304 
0.302683 
0.198638 
0.511091 
0.910635 
0.039730 
0.744518 
0.117564 
0.903591 
0.661137 
0.723878 
0.211329 
0.798969 
0.272797 
0.903480 
0.787958 
0.206588 
0.122304 
0.559094 
0.696661 
0.773906 
0.035424 
0.367523 
0.961938 
0.291994 
0.542430 
0.620582 
0.127555 
0.809445 
0.347283 
0.788321 
0.306546 
0.121298 
0.658872 
0.654633 
0.419184 
0.233799 
0.458892 
0.589777 
0.382963 
0.467148 
0.358301 
0.961524 
0.340824 
0.230521 
0.374752 
0.463934 
0.333891 
0.709885 
0.030404 
0.994371 
0.394637 
0.665405 
0.463963 
0.821756 
0.249446 
0.443768 
0.408995 
0.973148 
0.705244 
0.037159 
0.532746 
0.870201 
0.460129 
0.394497 
0.312118 
0.761059 
0.124241 
0.117229 
0.261452 
0.228135 
0.268633 
0.910123 
0.438777 
0.529945 
0.781026 
0.709461 
0.917471 
0.927919 
0.542403 
0.162208 
0.222379 
0.516935 
0.126357 
0.676760 
0.304921 
0.812216 
0.910134 
0.622736 
0.325655 
0.284125 
0.280812 
0.611386 
0.563594 
0.326107 
0.877378 
0.084398 
0.473454 
0.342688 
0.558585 
0.145382 
0.429674 
0.525866 
0.225780 
0.691928 
0.229991 
0.465683 
0.738179 
0.571424 
0.918711 
0.773368 
0.994206 
0.626215 
0.803605 
0.193343 
0.510591 
0.494556 
0.010788 
0.316901 
0.156851 
0.187607 
0.119078 
0.342876 
0.716909 
0.088249 
0.201840 
0.327953 
0.911671 
0.452611 
0.037820 
0.643311 
0.123458 
0.954888 
0.798580 
0.730900 
0.228665 
0.166847 
0.192966 
0.176663 
0.173385 
0.089904 
0.013235 
0.435009 
0.204357 
0.628908 
0.054326 
0.059887 
0.519407 
0.669515 
0.541541 
0.671270 
0.036129 
0.215809 
0.098643 
0.900028 
0.766598 
0.211930 
0.907022 
0.324620 
0.890097 
0.862042 
0.338861 
0.231896 
0.468631 
0.275355 
0.895307 
0.428861 
0.873680 
0.944286 
0.613181 
0.736916 
0.353784 
0.055854 
0.742658 
0.847306 
0.671065 
0.596306 
0.121777 
0.714248 
0.369995 
0.508712 
0.927233 
0.998438 
0.740856 
0.571693 
0.444497 
0.656269 
0.906293 
0.072603 
0.245053 
0.597857 
0.188987 
0.309839 
0.460577 
0.916608 
0.437209 
0.170749 
0.773636 
0.495519 
0.190453 
0.937850 
0.440768 
0.988886 
0.213696 
0.580670 
0.322214 
0.446778 
0.002629 
0.188440 
0.111022 
0.942829 
0.133903 
0.500851 
0.805049 
0.466475 
0.041316 
0.399105 
0.755693 
0.929209 
0.220084 
0.947789 
0.489533 
0.577240 
0.672489 
0.523990 
0.706072 
0.955480 
0.756727 
0.307928 
0.350940 
0.256304 
0.701573 
0.342000 
0.990343 
0.693812 
0.891279 
0.720718 
0.111722 
0.710065 
0.065274 
0.060168 
0.248451 
0.720312 
0.279450 
0.720234 
0.975499 
0.209352 
0.572768 
0.510872 
0.223343 
0.720838 
0.119835 
0.070360 
0.545659 
0.886968 
0.264528 
0.925217 
0.128212 
0.865882 
0.885198 
0.516671 
0.686317 
0.921866 
0.804744 
0.336673 
0.466540 
0.135067 
0.068073 
0.110680 
0.202446 
0.507047 
0.931997 
0.068738 
0.279152 
0.703798 
0.725584 
0.888406 
0.432310 
0.825777 
0.829519 
0.721361 
0.917723 
0.170297 
0.178919 
0.094367 
0.030189 
0.391181 
0.580816 
0.775514 
0.071076 
0.580556 
0.410694 
0.525864 
0.203131 
0.021569 
0.508189 
0.132201 
0.909794 
0.903539 
0.771592 
0.138877 
0.110408 
0.624975 
0.948593 
0.002362 
0.696879 
0.442869 
0.292816 
0.364542 
0.850533 
0.909057 
0.514185 
0.901441 
0.512499 
0.568019 
0.703436 
0.644738 
0.104690 
0.520729 
0.891426 
0.201834 
0.221319 
0.709307 
0.330096 
0.929773 
0.689701 
0.804544 
0.971992 
0.266812 
0.317370 
0.037957 
0.951041 
0.144896 
0.273822 
0.128380 
0.675126 
0.848100 
0.024651 
0.316570 
0.590666 
0.328840 
0.813485 
0.241201 
0.862756 
0.344300 
0.647387 
0.631534 
0.194172 
0.452782 
0.908791 
0.044749 
0.090615 
0.958732 
0.402581 
0.186098 
0.746364 
0.147530 
0.531408 
0.375760 
0.390977 
0.155919 
0.524045 
0.626031 
0.696325 
0.139930 
0.796335 
0.008629 
0.032820 
0.608031 
0.174009 
0.565663 
0.104958 
0.026479 
0.037589 
0.764296 
0.523369 
0.266627 
0.199094 
0.173952 
0.611308 
0.255534 
0.757886 
0.781852 
0.594599 
0.421229 
0.599081 
0.756654 
0.090928 
0.224884 
0.628703 
0.606059 
0.036582 
0.836869 
0.255990 
0.427806 
0.129611 
0.366403 
0.137015 
0.819417 
0.948848 
0.285264 
0.436062 
0.899387 
0.991010 
0.907543 
0.075659 
0.604834 
0.441844 
0.066571 
0.852873 
0.244905 
0.118886 
0.120744 
0.346455 
0.865891 
0.025227 
0.990776 
0.976741 
0.090027 
0.076156 
0.954435 
0.188813 
0.382581 
0.039367 
0.635974 
0.821616 
0.904776 
0.563969 
0.632940 
0.814726 
0.099657 
0.930364 
0.624353 
0.505133 
0.767090 
0.488574 
0.458731 
0.887817 
0.540061 
0.796924 
0.904056 
0.466015 
0.309255 
0.641309 
0.477630 
0.531375 
0.827882 
0.219656 
0.760944 
0.180210 
0.788343 
0.677446 
0.828616 
0.550696 
0.543035 
0.791333 
0.928598 
0.950299 
0.667574 
0.918932 
0.498180 
0.905255 
0.622813 
0.619542 
0.637412 
0.975099 
0.485796 
0.774352 
0.534627 
0.481509 
0.714849 
0.472453 
0.511017 
0.656044 
0.137677 
0.944554 
0.125467 
0.717133 
0.846691 
0.330765 
0.160620 
0.547224 
0.197499 
0.369952 
0.785266 
0.968710 
0.109270 
0.498612 
0.166568 
0.514190 
0.993080 
0.688460 
0.950737 
0.037830 
0.816320 
0.897802 
0.366140 
0.718396 
0.083450 
0.540438 
0.135133 
0.176397 
0.703010 
0.494543 
0.786829 
0.231556 
0.754951 
0.455432 
0.451812 
0.606800 
0.488171 
0.695511 
0.455891 
0.156043 
0.616221 
0.833708 
0.133476 
0.327796 
0.265309 
0.054155 
0.187805 
0.439603 
0.406403 
0.409378 
0.414321 
0.488726 
0.017773 
0.719171 
0.101496 
0.841110 
0.537043 
0.083883 
0.816731 
0.789836 
0.778521 
0.610412 
0.186674 
0.426746 
0.316919 
0.465194 
0.513385 
0.457562 
0.240774 
0.680528 
0.642272 
0.665630 
0.240069 
0.831468 
0.483326 
0.252669 
0.609537 
0.496164 
0.026898 
0.080077 
0.859117 
0.172099 
0.459987 
0.002774 
0.627137 
0.285807 
0.561225 
0.515010 
0.772029 
0.487509 
0.568887 
0.287092 
0.159164 
0.062068 
0.176555 
0.361620 
0.749638 
0.159173 
0.222720 
0.252732 
0.672069 
0.460896 
0.272255 
0.797938 
0.937569 
0.728112 
0.378218 
0.713330 
0.945082 
0.997439 
0.953772 
0.039931 
0.120313 
0.100951 
0.680846 
0.974440 
0.412994 
0.190923 
0.835549 
0.064312 
0.897988 
0.482921 
0.458684 
0.102566 
0.827625 
0.892527 
0.701719 
0.798016 
0.258254 
0.466786 
0.265128 
0.005792 
0.350861 
0.922213 
0.638669 
0.103173 
0.030205 
0.657755 
0.889418 
0.448394 
0.153220 
0.165430 
0.379539 
0.912537 
0.014252 
0.536448 
0.082918 
0.596463 
0.750843 
0.414192 
0.332248 
0.095629 
0.228693 
0.644146 
0.156514 
0.522842 
0.410331 
0.432645 
0.458172 
0.497974 
0.447980 
0.199514 
0.235278 
0.317585 
0.646274 
0.922113 
0.956273 
0.082545 
0.332119 
0.932146 
0.580228 
0.886905 
0.207295 
0.011568 
0.427658 
0.654161 
0.490165 
0.196026 
0.617291 
0.802723 
0.370465 
0.412132 
0.704900 
0.255030 
0.283329 
0.902558 
0.284014 
0.426730 
0.046299 
0.151555 
0.192554 
0.253300 
0.215238 
0.509784 
0.933533 
0.881450 
0.528947 
0.020512 
0.748490 
0.873356 
0.489800 
0.061726 
0.430482 
0.106792 
0.855714 
0.984216 
0.713615 
0.731885 
0.797112 
0.058959 
0.926869 
0.881895 
0.013289 
0.344238 
0.606895 
0.077214 
0.733402 
0.293693 
0.102878 
0.077804 
0.650023 
0.931218 
0.983315 
0.569661 
0.295668 
0.299112 
0.181538 
0.117381 
0.826983 
0.104315 
0.226880 
0.175268 
0.735804 
0.664978 
0.288489 
0.636839 
0.355082 
0.867366 
0.824416 
0.965470 
0.648626 
0.462199 
0.171094 
0.578336 
0.099918 
0.323845 
0.860945 
0.909248 
0.732998 
0.499873 
0.358201 
0.276977 
0.147304 
0.740972 
0.520357 
0.643753 
0.558626 
0.826691 
0.188745 
0.235979 
0.095715 
0.678246 
0.284039 
0.840659 
0.948376 
0.361441 
0.739381 
0.779720 
0.747644 
0.652491 
0.409543 
0.189058 
0.501521 
0.061889 
0.160992 
0.799546 
0.974153 
0.594142 
0.744007 
0.526567 
0.005084 
0.454568 
0.932715 
0.147588 
0.519096 
0.444623 
0.782638 
0.802567 
0.749407 
0.275345 
0.726892 
0.867198 
0.002752 
0.252097 
0.994999 
0.954186 
0.000688 
0.566012 
0.963300 
0.190878 
0.089860 
0.275396 
0.578494 
0.757002 
0.929071 
0.890252 
0.463637 
0.341169 
0.019468 
0.193584 
0.563812 
0.994271 
0.717916 
0.009673 
0.579736 
0.617493 
0.196503 
0.627689 
0.570417 
0.996207 
0.243258 
0.431133 
0.047665 
0.106649 
0.444378 
0.665538 
0.691426 
0.791639 
0.080196 
0.857815 
0.292435 
0.947169 
0.073465 
0.724227 
0.082812 
0.815314 
0.986404 
0.488151 
0.359275 
0.329437 
0.840191 
0.089254 
0.087654 
0.208913 
0.196994 
0.879343 
0.121968 
0.911610 
0.423350 
0.240226 
0.476178 
0.127308 
0.669961 
0.038067 
0.799332 
0.372020 
0.537922 
0.860835 
0.051448 
0.687462 
0.175306 
0.365835 
0.588462 
0.272531 
0.431109 
0.650461 
0.300825 
0.963066 
0.254042 
0.688593 
0.175015 
0.471834 
0.115704 
0.641246 
0.413314 
0.576028 
0.304512 
0.929566 
0.211561 
0.701502 
0.143939 
0.185734 
0.631090 
0.729084 
0.712015 
0.839479 
0.120215 
0.454416 
0.366363 
0.459941 
0.222290 
0.021214 
0.545051 
0.676819 
0.302259 
0.067172 
0.963157 
0.784998 
0.453020 
0.910116 
0.317390 
0.378851 
0.342479 
0.045915 
0.697618 
0.870940 
0.880405 
0.970449 
0.335124 
0.430119 
0.009135 
0.528829 
0.032403 
0.598781 
0.720174 
0.972737 
0.798708 
0.885256 
0.504069 
0.888282 
0.356130 
0.481338 
0.849647 
0.014365 
0.424982 
0.677348 
0.183130 
0.862276 
0.279649 
0.059746 
0.149700 
0.000332 
0.584060 
0.291076 
0.108149 
0.658576 
0.694523 
0.846731 
0.004357 
0.223433 
0.230490 
0.838404 
0.047774 
0.945556 
0.957694 
0.958857 
0.502373 
0.380043 
0.387493 
0.601974 
0.382904 
0.468574 
0.320374 
0.522860 
0.711842 
0.925933 
0.153210 
0.994306 
0.305801 
0.602167 
0.629118 
0.580802 
0.540309 
0.965929 
0.373808 
0.598279 
0.272078 
0.822704 
0.189718 
0.586853 
0.237317 
0.584192 
0.515604 
0.751362 
0.137331 
0.114770 
0.942457 
0.868683 
0.949922 
0.343289 
0.652316 
0.483052 
0.658551 
0.270208 
0.394009 
0.106209 
0.047880 
0.721946 
0.747158 
0.476862 
0.616066 
0.223755 
0.648810 
0.553740 
0.702015 
0.770289 
0.240430 
0.906898 
0.242892 
0.285367 
0.157997 
0.448921 
0.007184 
0.733618 
0.924933 
0.348132 
0.057169 
0.844982 
0.610196 
0.571791 
0.095469 
0.552677 
0.849010 
0.317933 
0.493785 
0.038213 
0.250778 
0.821862 
0.037388 
0.383007 
0.200455 
0.054436 
0.913398 
0.482235 
0.922365 
0.193634 
0.403339 
0.921268 
0.745222 
0.950675 
0.988526 
0.150451 
0.625440 
0.767003 
0.016575 
0.568461 
0.127608 
0.705948 
0.869377 
0.622373 
0.220508 
0.075577 
0.214706 
0.568376 
0.693637 
0.957791 
0.595429 
0.369251 
0.008967 
0.716580 
0.558990 
0.938357 
0.968270 
0.721318 
0.194285 
0.343312 
0.045357 
0.310773 
0.157832 
0.679834 
0.964672 
0.236546 
0.628506 
0.308027 
0.012659 
0.754096 
0.090398 
0.313960 
0.728492 
0.765130 
0.545327 
0.313998 
0.362498 
0.509810 
0.376873 
0.102535 
0.303634 
0.174535 
0.414188 
0.254384 
0.426174 
0.711343 
0.533983 
0.655269 
0.097898 
0.363444 
0.407576 
0.138230 
0.238352 
0.985811 
0.526029 
0.961050 
0.359657 
0.756467 
0.934890 
0.691051 
0.493290 
0.729810 
0.918725 
0.012268 
0.185189 
0.478675 
0.098882 
0.913265 
0.239753 
0.531466 
0.356271 
0.839689 
0.657499 
0.588523 
0.303835 
0.560066 
0.030583 
0.004659 
0.300242 
0.162902 
0.898805 
0.215351 
0.397120 
0.402681 
0.860503 
0.466911 
0.372581 
0.975232 
0.729600 
0.395137 
0.069290 
0.557031 
0.016281 
0.633255 
0.108396 
0.812641 
0.058638 
0.528435 
0.404079 
0.352172 
0.949490 
0.085709 
0.504464 
0.533253 
0.383615 
0.424542 
0.285506 
0.504522 
0.503175 
0.861700 
0.592122 
0.796356 
0.348255 
0.115137 
0.100987 
0.296484 
0.999931 
0.838849 
0.527600 
0.371978 
0.831827 
0.521589 
0.339280 
0.272560 
0.915147 
0.868044 
0.223187 
0.097775 
0.309375 
0.657389 
0.743394 
0.217978 
0.560516 
0.592781 
0.866301 
0.920391 
0.018273 
0.110886 
0.653303 
0.069359 
0.719896 
0.295457 
0.738842 
0.720948 
0.967077 
0.671420 
0.558646 
0.160305 
0.250040 
0.424048 
0.974888 
0.947275 
0.857274 
0.211514 
0.914662 
0.729333 
0.893456 
0.322777 
0.909336 
0.212299 
0.114898 
0.098175 
0.031662 
0.146684 
0.311576 
0.658491 
0.258212 
0.768775 
0.804417 
0.833922 
0.721545 
0.010610 
0.325718 
0.334987 
0.122702 
0.249208 
0.434108 
0.048609 
0.965244 
0.859106 
0.996717 
0.829693 
0.643109 
0.736330 
0.504784 
0.904819 
0.292205 
0.092588 
0.134351 
0.035782 
0.389038 
0.557682 
0.959627 
0.450130 
0.339840 
0.698005 
0.372625 
0.714065 
0.291415 
0.804368 
0.017694 
0.382544 
0.420348 
0.786159 
0.974263 
0.431241 
0.872093 
0.275056 
0.867851 
0.973741 
0.660441 
0.024442 
0.791816 
0.048558 
0.115488 
0.012221 
0.393255 
0.432969 
0.907540 
0.023716 
0.588534 
0.489320 
0.005645 
0.876719 
0.012785 
0.883768 
0.495618 
0.856209 
0.309140 
0.721939 
0.624315 
0.859739 
0.634929 
0.251284 
0.334252 
0.770351 
0.289719 
0.309693 
0.004044 
0.967204 
0.794284 
0.525991 
0.325924 
0.805074 
0.873360 
0.559384 
0.564200 
0.517401 
0.965115 
0.689222 
0.750341 
0.987298 
0.518083 
0.421456 
0.413497 
0.643840 
0.012859 
0.126181 
0.724873 
0.934292 
0.641633 
0.922576 
0.738267 
0.051429 
0.372138 
0.517822 
0.027404 
0.574646 
0.080536 
0.565492 
0.222874 
0.841382 
0.110875 
0.477265 
0.389890 
0.889384 
0.878039 
0.205371 
0.671970 
0.792525 
0.967344 
0.144589 
0.112997 
0.137811 
0.191591 
0.071358 
0.316793 
0.344717 
0.665065 
0.751566 
0.574030 
0.725224 
0.840328 
0.397313 
0.633680 
0.263271 
0.790099 
0.199794 
0.937689 
0.745288 
0.059272 
0.184678 
0.888734 
0.957977 
0.713415 
0.366359 
0.391303 
0.635888 
0.362538 
0.183394 
0.308147 
0.030195 
0.485888 
0.319590 
0.355518 
0.196323 
0.596896 
0.035807 
0.812765 
0.145070 
0.187376 
0.226923 
0.890841 
0.367312 
0.415192 
0.128701 
0.078123 
0.012447 
0.203671 
0.104344 
0.715152 
0.554795 
0.440646 
0.929409 
0.570897 
0.062556 
0.374599 
0.879322 
0.768584 
0.585862 
0.576237 
0.810819 
0.437107 
0.463168 
0.464405 
0.259507 
0.528719 
0.183689 
0.268617 
0.653387 
0.473175 
0.652955 
0.222099 
0.813005 
0.180322 
0.676329 
0.064231 
0.522910 
0.556620 
0.114785 
0.191687 
0.689546 
0.201408 
0.056740 
0.624992 
0.238341 
0.794355 
0.717117 
0.588053 
0.401480 
0.671538 
0.536315 
0.838604 
0.425722 
0.101834 
0.526412 
0.400946 
0.702480 
0.573414 
0.361342 
0.081287 
0.183924 
0.204084 
0.035541 
0.342625 
0.495843 
0.629130 
0.782973 
0.424452 
0.762612 
0.224016 
0.041556 
0.425780 
0.079230 
0.623084 
0.171609 
0.224205 
0.209858 
0.079327 
0.248183 
0.204090 
0.135727 
0.157851 
0.999572 
0.809468 
0.736379 
0.320996 
0.980744 
0.371257 
0.714847 
0.429541 
0.289324 
0.672063 
0.359004 
0.781792 
0.572248 
0.771502 
0.631448 
0.748571 
0.239472 
0.805333 
0.237531 
0.186959 
0.226384 
0.838565 
0.763110 
0.586539 
0.957413 
0.246177 
0.497091 
0.612862 
0.375955 
0.678898 
0.233020 
0.364742 
0.215653 
0.474900 
0.645779 
0.615964 
0.507103 
0.887283 
0.571159 
0.464779 
0.538900 
0.294582 
0.046689 
0.698165 
0.053118 
0.748815 
0.336240 
0.181301 
0.132671 
0.809066 
0.966178 
0.557363 
0.596780 
0.074637 
0.416123 
0.785408 
0.344068 
0.748736 
0.003135 
0.692158 
0.100115 
0.638844 
0.058794 
0.144360 
0.252077 
0.653089 
0.462835 
0.870977 
0.517699 
0.961000 
0.520905 
0.851711 
0.712510 
0.156413 
0.828457 
0.873811 
0.147205 
0.080561 
0.989376 
0.441018 
0.181238 
0.060670 
0.683610 
0.438381 
0.872843 
0.869970 
0.578008 
0.573907 
0.648544 
0.077471 
0.058700 
0.573075 
0.673427 
0.283762 
0.193149 
0.258257 
0.519778 
0.907491 
0.209429 
0.870904 
0.289178 
0.211319 
0.642269 
0.623203 
0.173719 
0.695016 
0.140960 
0.121475 
0.631788 
0.467299 
0.901268 
0.614261 
0.888928 
0.207336 
0.703834 
0.339633 
0.211725 
0.470284 
0.056477 
0.214199 
0.040161 
0.991267 
0.217118 
0.095625 
0.164290 
0.219687 
0.280317 
0.290907 
0.268734 
0.617500 
0.328025 
0.120219 
0.517856 
0.611674 
0.396682 
0.040259 
0.632441 
0.428216 
0.020478 
0.179654 
0.443838 
0.583772 
0.452838 
0.842132 
0.715211 
0.558918 
0.738864 
0.092246 
0.382823 
0.099116 
0.838205 
0.703583 
0.111758 
0.314730 
0.674786 
0.127361 
0.557644 
0.317074 
0.066186 
0.387283 
0.063524 
0.649667 
0.945908 
0.881379 
0.332249 
0.103478 
0.161095 
0.516284 
0.182596 
0.888381 
0.026395 
0.618395 
0.359483 
0.832269 
0.944955 
0.852098 
0.209899 
0.775827 
0.322101 
0.544133 
0.245567 
0.245377 
0.053400 
0.498044 
0.622992 
0.625337 
0.040326 
0.755141 
0.655463 
0.359553 
0.999728 
0.436812 
0.498010 
0.050078 
0.664632 
0.463925 
0.189534 
0.495382 
0.890236 
0.192688 
0.502943 
0.963213 
0.726017 
0.162053 
0.627241 
0.033302 
0.713175 
0.338166 
0.549435 
0.354580 
0.432888 
0.550134 
0.109740 
0.401452 
0.210439 
0.855988 
0.595442 
0.594549 
0.587275 
0.326990 
0.720337 
0.708821 
0.146367 
0.994685 
0.672889 
0.248947 
0.049752 
0.185077 
0.596935 
0.679252 
0.192017 
0.236634 
0.107972 
0.685347 
0.620345 
0.140434 
0.277889 
0.482707 
0.854563 
0.635748 
0.020701 
0.920275 
0.061219 
0.903120 
0.742041 
0.476021 
0.477276 
0.580283 
0.809156 
0.488712 
0.787130 
0.300554 
0.412651 
0.421722 
0.886557 
0.356662 
0.411891 
0.646630 
0.913441 
0.210768 
0.380450 
0.226261 
0.768170 
0.625097 
0.999000 
0.192864 
0.468425 
0.814981 
0.383044 
0.824890 
0.928401 
0.639635 
0.341661 
0.289169 
0.071274 
0.905088 
0.821568 
0.088258 
0.358070 
0.085280 
0.305113 
0.026545 
0.137413 
0.506588 
0.228087 
0.452366 
0.913433 
0.070488 
0.697136 
0.756466 
0.923205 
0.305133 
0.374544 
0.965163 
0.497240 
0.106203 
0.947577 
0.933653 
0.909348 
0.416771 
0.671151 
0.042823 
0.725009 
0.223528 
0.839278 
0.746134 
0.277805 
0.066674 
0.591016 
0.209198 
0.993682 
0.811243 
0.556677 
0.073664 
0.069953 
0.698016 
0.556921 
0.165900 
0.285542 
0.097675 
0.620601 
0.433464 
0.226970 
0.692512 
0.046027 
0.579555 
0.579014 
0.491786 
0.439821 
0.077799 
0.575023 
0.404594 
0.017512 
0.325447 
0.787232 
0.013230 
0.352981 
0.556800 
0.129526 
0.942293 
0.126472 
0.608175 
0.594893 
0.360443 
0.965641 
0.519886 
0.730535 
0.095648 
0.552235 
0.416308 
0.880533 
0.119296 
0.007926 
0.205407 
0.282606 
0.765369 
0.561397 
0.403832 
0.211161 
0.990406 
0.753682 
0.133162 
0.060266 
0.888537 
0.647657 
0.175164 
0.983230 
0.145004 
0.077479 
0.195497 
0.722074 
0.898853 
0.029418 
0.431692 
0.445874 
0.812625 
0.783878 
0.631306 
0.368032 
0.521990 
0.090087 
0.085554 
0.909123 
0.629638 
0.324696 
0.161045 
0.678072 
0.353948 
0.802769 
0.138616 
0.714501 
0.611668 
0.306828 
0.854913 
0.527736 
0.666051 
0.319826 
0.309236 
0.324599 
0.537957 
0.450802 
0.632994 
0.727860 
0.139551 
0.425726 
0.169845 
0.589791 
0.611196 
0.372126 
0.320707 
0.116672 
0.899002 
0.518313 
0.289850 
0.516807 
0.975678 
0.224116 
0.717987 
0.214613 
0.006060 
0.857292 
0.512164 
0.938794 
0.307785 
0.938274 
0.576202 
0.226479 
0.431231 
0.702997 
0.269605 
0.259260 
0.378990 
0.691509 
0.192262 
0.345838 
0.497485 
0.237344 
0.037511 
0.447369 
0.922834 
0.070272 
0.058696 
0.496447 
0.786943 
0.152053 
0.549708 
0.934235 
0.690385 
0.293654 
0.444986 
0.879795 
0.711034 
0.342479 
0.036571 
0.641499 
0.678185 
0.252148 
0.846367 
0.897856 
0.258847 
0.444663 
0.448921 
0.009085 
0.697301 
0.537026 
0.800114 
0.519608 
0.052064 
0.042038 
0.535917 
0.164496 
0.683051 
0.040015 
0.536111 
0.418364 
0.439236 
0.241955 
0.539009 
0.126689 
0.253666 
0.370459 
0.297100 
0.362490 
0.368004 
0.043690 
0.289702 
0.021894 
0.964961 
0.092691 
0.852982 
0.076369 
0.539765 
0.833402 
0.981126 
0.792652 
0.102338 
0.995506 
0.466865 
0.600549 
0.430121 
0.042593 
0.852874 
