0.000000 
0.007928 
0.247779 
0.428191 
0.612584 
0.693211 
0.805656 
0.656196 
0.689958 
0.127259 
0.843904 
0.487604 
0.168785 
0.767896 
0.021548 
0.156636 
0.586296 
0.874326 
0.798263 
0.400054 
0.711187 
0.913292 
0.700758 
0.633339 
0.532169 
0.167060 
0.778852 
0.160434 
0.419909 
0.407348 
0.306072 
0.155001 
0.106614 
0.864883 
0.081552 
0.650949 
0.501271 
0.862869 
0.243822 
0.920872 
0.088073 
0.250391 
0.323440 
0.054986 
0.149461 
0.988316 
0.630799 
0.845969 
0.208321 
0.255196 
0.084754 
0.459210 
0.942278 
0.865501 
0.480629 
0.935424 
0.671794 
0.842109 
0.325818 
0.027807 
0.351664 
0.413583 
0.081692 
0.003759 
0.180369 
0.468459 
0.398382 
0.604386 
0.912423 
0.085185 
0.707813 
0.216287 
0.135996 
0.683864 
0.697069 
0.634110 
0.483621 
0.212693 
0.735076 
0.413948 
0.217206 
0.578925 
0.995125 
0.073981 
0.405220 
0.534344 
0.727482 
0.795433 
0.842354 
0.450831 
0.123652 
0.226412 
0.304015 
0.578446 
0.946260 
0.798059 
0.979320 
0.437821 
0.450278 
0.818397 
0.794746 
0.288927 
0.000294 
0.946132 
0.645964 
0.718337 
0.086323 
0.837001 
0.483453 
0.397689 
0.960361 
0.780450 
0.020455 
0.793438 
0.317069 
0.972332 
0.986127 
0.844500 
0.517285 
0.001197 
0.122816 
0.173211 
0.157794 
0.038596 
0.679076 
0.225683 
0.047248 
0.089964 
0.029645 
0.247556 
0.667551 
0.521541 
0.535449 
0.289415 
0.203715 
0.830295 
0.765767 
0.237666 
0.450932 
0.820049 
0.568143 
0.780022 
0.829141 
0.376038 
0.077532 
0.088063 
0.080661 
0.663428 
0.242364 
0.404050 
0.865238 
0.062926 
0.589378 
0.669207 
0.354043 
0.399920 
0.449655 
0.359417 
0.720040 
0.715268 
0.512945 
0.063701 
0.625417 
0.375254 
0.892589 
0.744059 
0.395254 
0.041879 
0.867306 
0.804108 
0.647105 
0.893982 
0.161800 
0.371887 
0.307133 
0.987391 
0.088436 
0.347109 
0.865790 
0.334160 
0.226279 
0.067959 
0.180071 
0.460867 
0.786168 
0.117454 
0.046613 
0.427068 
0.737870 
0.377227 
0.051014 
0.388739 
0.533302 
0.198857 
0.189782 
0.669498 
0.254164 
0.735227 
0.964303 
0.041615 
0.418453 
0.937665 
0.335335 
0.978391 
0.822296 
0.336174 
0.077314 
0.412276 
0.122317 
0.778569 
0.410853 
0.213956 
0.961073 
0.759162 
0.234400 
0.564166 
0.945685 
0.129691 
0.720435 
0.358204 
0.340605 
0.549522 
0.812242 
0.345930 
0.041393 
0.696811 
0.299420 
0.358893 
0.915758 
0.148959 
0.550136 
0.139144 
0.588922 
0.019635 
0.004534 
0.201953 
0.224212 
0.333898 
0.821731 
0.836934 
0.350031 
0.963672 
0.441995 
0.609695 
0.136366 
0.905115 
0.268704 
0.105171 
0.601338 
0.684617 
0.362920 
0.602778 
0.890427 
0.405592 
0.790345 
0.326897 
0.154124 
0.366657 
0.409290 
0.930285 
0.293338 
0.136579 
0.481155 
0.777938 
0.800199 
0.936917 
0.756270 
0.632256 
0.322908 
0.114588 
0.877940 
0.537744 
0.863148 
0.921682 
0.714534 
0.167176 
0.727492 
0.965077 
0.055450 
0.951795 
0.823912 
0.489050 
0.463338 
0.317547 
0.017863 
0.226952 
0.382533 
0.228852 
0.319559 
0.823239 
0.179813 
0.123328 
0.781685 
0.780182 
0.511848 
0.635983 
0.958664 
0.262984 
0.968766 
0.055400 
0.101820 
0.293969 
0.728638 
0.224410 
0.664495 
0.174391 
0.993453 
0.958822 
0.921993 
0.932288 
0.963615 
0.484141 
0.962879 
0.112193 
0.632769 
0.952051 
0.128274 
0.904849 
0.789649 
0.634403 
0.408630 
0.838167 
0.074648 
0.603565 
0.115434 
0.091534 
0.419395 
0.778471 
0.764671 
0.818674 
0.448813 
0.207713 
0.039217 
0.126833 
0.675200 
0.082875 
0.873025 
0.923858 
0.280630 
0.548654 
0.223271 
0.517346 
0.028001 
0.617545 
0.080272 
0.137802 
0.034610 
0.686404 
0.385241 
0.740371 
0.419817 
0.868207 
0.953118 
0.056733 
0.513020 
0.327206 
0.349010 
0.809680 
0.287187 
0.752401 
0.604214 
0.018810 
0.144926 
0.774459 
0.337611 
0.236376 
0.779739 
0.079294 
0.697801 
0.940676 
0.947049 
0.045973 
0.676368 
0.723649 
0.370788 
0.838647 
0.140300 
0.028043 
0.314749 
0.992591 
0.482324 
0.422962 
0.722981 
0.145396 
0.662962 
0.404255 
0.309224 
0.135060 
0.955804 
0.201109 
0.044099 
0.170904 
0.385976 
0.099210 
0.424132 
0.389434 
0.218642 
0.718813 
0.095008 
0.797919 
0.631629 
0.784436 
0.010568 
0.621023 
0.541005 
0.663886 
0.932679 
0.539284 
0.744512 
0.020956 
0.201135 
0.469039 
0.146649 
0.732550 
0.966773 
0.554055 
0.997415 
0.553124 
0.357480 
0.172659 
0.883397 
0.260428 
0.015773 
0.105001 
0.748337 
0.293941 
0.265583 
0.659637 
0.520002 
0.680686 
0.287084 
0.019604 
0.480230 
0.222450 
0.712468 
0.444260 
0.678963 
0.323124 
0.737101 
0.458560 
0.017175 
0.663210 
0.565191 
0.163517 
0.238237 
0.050342 
0.099483 
0.009265 
0.723382 
0.885887 
0.109152 
0.510416 
0.569944 
0.049350 
0.430866 
0.565002 
0.996961 
0.917617 
0.381377 
0.797457 
0.852241 
0.617635 
0.587122 
0.765842 
0.505319 
0.889553 
0.725296 
0.047311 
0.155000 
0.086469 
0.286616 
0.153453 
0.085510 
0.158402 
0.261924 
0.150980 
0.523090 
0.579125 
0.350877 
0.189092 
0.077244 
0.244660 
0.999704 
0.020551 
0.397672 
0.669807 
0.440065 
0.172869 
0.407291 
0.333380 
0.112540 
0.454751 
0.991887 
0.638218 
0.527435 
0.608189 
0.840398 
0.569319 
0.548992 
0.915875 
0.106005 
0.626364 
0.294801 
0.723611 
0.729488 
0.500749 
0.084594 
0.777583 
0.834549 
0.257904 
0.599427 
0.569197 
0.496191 
0.474809 
0.119231 
0.907311 
0.177799 
0.261751 
0.255967 
0.037567 
0.392418 
0.373828 
0.924138 
0.979426 
0.205899 
0.546611 
0.883550 
0.821999 
0.333833 
0.726955 
0.936515 
0.010746 
0.607269 
0.362524 
0.941833 
0.394316 
0.271925 
0.249566 
0.458808 
0.180232 
0.164243 
0.437410 
0.552241 
0.516532 
0.353448 
0.401052 
0.481515 
0.822650 
0.273946 
0.218725 
0.102961 
0.473606 
0.888387 
0.118010 
0.399743 
0.475385 
0.790713 
0.518236 
0.988333 
0.914177 
0.566203 
0.165827 
0.059173 
0.520886 
0.533429 
0.333742 
0.199170 
0.444892 
0.295800 
0.515016 
0.870109 
0.919070 
0.814785 
0.090545 
0.798183 
0.058591 
0.739686 
0.894252 
0.692196 
0.730545 
0.270755 
0.578707 
0.329786 
0.718585 
0.253466 
0.000760 
0.781651 
0.201782 
0.343153 
0.380251 
0.879314 
0.633070 
0.009060 
0.270083 
0.283785 
0.572392 
0.184857 
0.886876 
0.716934 
0.511452 
0.976196 
0.930146 
0.958905 
0.308207 
0.036862 
0.533888 
0.054158 
0.228737 
0.382235 
0.222238 
0.149568 
0.786972 
0.645270 
0.061116 
0.181640 
0.821698 
0.284956 
0.252908 
0.631509 
0.765491 
0.601974 
0.382873 
0.942423 
0.297953 
0.688260 
0.580773 
0.050096 
0.965031 
0.278847 
0.588616 
0.863396 
0.095109 
0.503137 
0.216447 
0.827641 
0.159962 
0.479478 
0.587481 
0.791911 
0.656055 
0.319484 
0.567373 
0.837101 
0.159697 
0.029616 
0.752663 
0.007055 
0.574597 
0.253007 
0.285925 
0.538526 
0.011033 
0.434260 
0.608739 
0.080350 
0.449681 
0.793272 
0.517326 
0.696304 
0.783008 
0.015507 
0.627911 
0.293554 
0.758169 
0.540316 
0.095941 
0.479545 
0.713891 
0.368070 
0.152052 
0.539721 
0.092017 
0.537993 
0.056086 
0.633991 
0.487873 
0.682103 
0.111100 
0.254357 
0.973364 
0.329534 
0.476857 
0.534586 
0.783843 
0.041801 
0.547216 
0.062307 
0.186200 
0.458931 
0.246331 
0.088011 
0.197627 
0.517868 
0.805071 
0.826965 
0.803376 
0.335851 
0.639419 
0.720932 
0.699165 
0.869856 
0.677256 
0.648989 
0.561969 
0.013182 
0.543586 
0.050288 
0.182710 
0.804300 
0.871546 
0.068084 
0.287728 
0.850289 
0.810645 
0.515281 
0.329183 
0.573865 
0.947106 
0.003209 
0.931698 
0.055001 
0.409774 
0.066688 
0.819421 
0.008007 
0.579405 
0.056693 
0.835734 
0.178558 
0.020032 
0.685913 
0.143229 
0.243375 
0.410171 
0.745077 
0.513261 
0.385937 
0.451328 
0.462954 
0.869652 
0.243421 
0.181366 
0.215645 
0.350500 
0.852637 
0.269368 
0.263257 
0.552045 
0.214892 
0.690604 
0.984226 
0.878212 
0.103108 
0.932643 
0.929884 
0.554639 
0.812543 
0.408612 
0.548098 
0.889606 
0.603508 
0.165594 
0.139414 
0.135073 
0.163860 
0.001669 
0.055984 
0.926011 
0.470215 
0.910219 
0.058210 
0.329067 
0.634295 
0.594759 
0.114236 
0.962754 
0.014390 
0.849422 
0.234674 
0.170963 
0.376231 
0.312468 
0.654339 
0.473326 
0.191657 
0.186741 
0.556208 
0.192815 
0.647266 
0.607173 
0.761429 
0.335748 
0.924317 
0.003887 
0.326438 
0.445346 
0.933781 
0.057061 
0.016593 
0.883668 
0.812025 
0.710299 
0.003440 
0.822860 
0.801737 
0.797495 
0.491178 
0.231121 
0.450021 
0.503962 
0.089814 
0.498566 
0.400719 
0.883931 
0.234276 
0.479801 
0.012720 
0.786652 
0.265401 
0.590933 
0.816347 
0.345064 
0.487657 
0.051349 
0.021189 
0.122521 
0.214713 
0.682124 
0.463850 
0.925544 
0.616446 
0.608280 
0.361782 
0.463032 
0.178785 
0.832320 
0.794820 
0.540512 
0.391836 
0.593652 
0.516411 
0.322177 
0.820442 
0.164982 
0.850110 
0.799614 
0.113587 
0.049180 
0.567260 
0.940623 
0.054412 
0.503547 
0.111345 
0.382853 
0.603525 
0.448650 
0.466598 
0.112760 
0.163182 
0.594345 
0.152876 
0.388646 
0.970430 
0.023329 
0.096177 
0.448704 
0.366224 
0.118432 
0.483757 
0.509709 
0.681282 
0.309196 
0.654975 
0.164804 
0.859435 
0.527706 
0.163027 
0.991568 
0.288362 
0.504670 
0.989307 
0.287019 
0.934376 
0.055913 
0.721658 
0.909225 
0.340819 
0.141309 
0.975505 
0.318866 
0.181037 
0.696145 
0.114639 
0.732791 
0.015729 
0.365675 
0.899642 
0.281574 
0.422221 
0.269788 
0.321507 
0.563971 
0.652740 
0.605330 
0.781122 
0.315198 
0.525464 
0.471874 
0.789969 
0.016307 
0.078638 
0.660844 
0.800317 
0.920345 
0.246381 
0.933454 
0.567191 
0.782798 
0.485572 
0.007787 
0.869479 
0.330517 
0.000459 
0.715172 
0.899249 
0.681777 
0.630849 
0.680503 
0.214209 
0.206307 
0.406971 
0.962502 
0.779275 
0.279973 
0.504254 
0.990475 
0.909981 
0.052134 
0.212988 
0.693628 
0.810381 
0.081189 
0.543008 
0.333733 
0.045663 
0.462715 
0.853011 
0.551328 
0.173514 
0.253590 
0.081683 
0.837989 
0.078479 
0.992130 
0.729938 
0.061530 
0.137897 
0.633169 
0.674245 
0.039115 
0.405767 
0.726360 
0.938892 
0.957114 
0.211748 
0.841801 
0.155280 
0.798843 
0.161924 
0.452027 
0.209693 
0.303556 
0.872400 
0.420072 
0.152087 
0.134525 
0.963916 
0.542480 
0.466112 
0.944034 
0.386034 
0.072936 
0.829582 
0.781200 
0.633456 
0.487423 
0.121134 
0.900890 
0.264243 
0.126064 
0.761910 
0.415496 
0.248352 
0.048388 
0.256383 
0.022070 
0.923766 
0.742725 
0.978670 
0.510644 
0.390472 
0.667548 
0.480554 
0.672052 
0.184343 
0.252974 
0.728273 
0.076508 
0.865011 
0.236410 
0.344772 
0.581447 
0.379642 
0.645601 
0.610521 
0.023390 
0.109481 
0.040748 
0.854104 
0.926962 
0.456287 
0.812441 
0.688877 
0.960683 
0.198528 
0.658120 
0.023914 
0.923647 
0.739284 
0.146435 
0.126636 
0.377802 
0.713512 
0.994283 
0.908926 
0.320931 
0.883229 
0.432612 
0.913699 
0.545591 
0.741320 
0.368486 
0.151338 
0.545951 
0.799368 
0.982625 
0.984615 
0.432467 
0.476091 
0.654558 
0.152064 
0.739747 
0.934807 
0.298818 
0.236157 
0.099045 
0.646757 
0.048405 
0.535534 
0.711897 
0.854399 
0.875630 
0.720494 
0.346902 
0.377843 
0.414269 
0.624757 
0.298265 
0.936443 
0.796133 
0.600238 
0.194546 
0.734610 
0.582906 
0.901003 
0.160353 
0.049073 
0.774528 
0.500258 
0.832494 
0.728378 
0.849642 
0.934755 
0.422601 
0.660010 
0.793988 
0.553937 
0.026806 
0.521910 
0.737800 
0.197292 
0.887922 
0.307943 
0.604812 
0.079076 
0.027015 
0.034979 
0.893990 
0.291898 
0.924539 
0.734404 
0.128534 
0.278224 
0.105664 
0.888445 
0.102348 
0.170433 
0.467968 
0.135106 
0.719220 
0.923116 
0.809647 
0.739372 
0.633382 
0.254081 
0.344176 
0.569376 
0.507253 
0.402655 
0.421655 
0.748516 
0.315350 
0.086385 
0.872297 
0.696682 
0.136525 
0.575762 
0.828916 
0.598500 
0.996405 
0.578410 
0.338785 
0.966481 
0.649817 
0.473231 
0.590077 
0.425313 
0.238680 
0.488469 
0.692570 
0.018242 
0.598211 
0.138953 
0.387123 
0.384354 
0.844803 
0.598383 
0.016318 
0.254934 
0.681059 
0.565804 
0.473217 
0.361171 
0.208086 
0.294216 
0.889410 
0.316410 
0.899961 
0.637276 
0.703714 
0.325846 
0.486534 
0.176040 
0.708332 
0.941875 
0.089846 
0.035158 
0.894550 
0.696032 
0.204621 
0.067132 
0.292453 
0.259629 
0.588119 
0.511110 
0.230679 
0.014501 
0.712959 
0.697409 
0.354231 
0.559143 
0.519368 
0.026195 
0.266893 
0.669391 
0.453935 
0.281661 
0.872486 
0.879620 
0.765736 
0.726667 
0.085669 
0.837353 
0.383729 
0.341557 
0.545947 
0.738957 
0.642439 
0.467133 
0.112099 
0.045785 
0.508598 
0.014671 
0.582998 
0.445850 
0.404354 
0.983621 
0.724069 
0.425251 
0.186283 
0.865173 
0.956105 
0.252303 
0.453331 
0.135086 
0.391670 
0.803607 
0.215703 
0.314051 
0.258962 
0.374215 
0.432898 
0.723246 
0.594076 
0.635574 
0.092707 
0.134513 
0.753684 
0.174415 
0.395947 
0.684191 
0.192503 
0.391273 
0.117101 
0.117176 
0.373402 
0.766852 
0.488329 
0.338304 
0.873115 
0.450031 
0.675469 
0.608903 
0.833597 
0.259710 
0.945172 
0.505885 
0.415521 
0.654126 
0.888090 
0.125522 
0.655459 
0.306725 
0.119659 
0.100887 
0.609619 
0.871226 
0.690124 
0.912766 
0.852695 
0.244643 
0.713188 
0.553665 
0.442432 
0.947127 
0.364271 
0.296017 
0.150936 
0.774960 
0.750418 
0.282523 
0.364332 
0.324253 
0.717080 
0.957795 
0.663401 
0.774941 
0.441191 
0.092976 
0.642447 
0.598890 
0.550762 
0.661384 
0.883569 
0.151113 
0.760900 
0.441964 
0.091863 
0.938614 
0.278972 
0.682725 
0.560907 
0.166774 
0.977585 
0.278929 
0.956086 
0.934967 
0.990635 
0.606087 
0.504771 
0.690431 
0.077575 
0.795998 
0.331287 
0.942848 
0.440047 
0.864510 
0.818438 
0.483685 
0.297342 
0.425596 
0.999945 
0.080339 
0.257591 
0.329800 
0.940298 
0.587466 
0.543933 
0.881238 
0.964850 
0.237943 
0.107184 
0.437878 
0.420951 
0.924109 
0.500436 
0.830189 
0.989682 
0.578176 
0.401535 
0.593711 
0.502354 
0.058113 
0.712116 
0.532651 
0.268378 
0.621030 
0.653203 
0.389617 
0.290578 
0.747575 
0.495628 
0.019851 
0.632753 
0.673621 
0.539923 
0.489906 
0.852556 
0.907165 
0.716617 
0.178901 
0.783480 
0.954631 
0.480968 
0.621626 
0.662543 
0.355318 
0.827266 
0.867545 
0.834735 
0.397225 
0.168545 
0.731641 
0.695758 
0.601847 
0.247010 
0.490812 
0.071894 
0.315357 
0.205080 
0.774392 
0.206999 
0.024426 
0.523684 
0.563936 
0.077150 
0.658701 
0.787701 
0.891245 
0.158988 
0.118516 
0.893670 
0.910705 
0.224470 
0.671812 
0.140028 
0.443262 
0.900002 
0.327586 
0.731242 
0.982079 
0.804120 
0.844682 
0.565444 
0.418159 
0.994468 
0.016042 
0.612050 
0.729773 
0.286887 
0.703555 
0.656318 
0.736225 
0.734271 
0.900234 
0.233797 
0.425144 
0.398835 
0.212814 
0.767779 
0.065973 
0.809513 
0.484439 
0.965862 
0.248650 
0.068166 
0.672933 
0.986488 
0.907831 
0.919430 
0.868067 
0.598171 
0.467819 
0.627177 
0.961160 
0.220040 
0.209473 
0.609213 
0.037960 
0.994994 
0.861115 
0.753312 
0.907520 
0.695932 
0.522891 
0.227216 
0.820820 
0.519281 
0.564144 
0.561152 
0.283546 
0.564140 
0.501273 
0.887929 
0.427820 
0.369113 
0.685796 
0.171085 
0.430755 
0.691847 
0.874284 
0.095408 
0.517452 
0.819622 
0.379545 
0.006235 
0.784652 
0.643365 
0.042297 
0.885829 
0.130221 
0.632338 
0.700639 
0.632199 
0.372043 
0.931017 
0.609320 
0.839966 
0.307638 
0.475339 
0.028887 
0.498400 
0.610665 
0.451685 
0.470546 
0.459671 
0.689186 
0.150481 
0.141988 
0.392558 
0.723445 
0.935818 
0.298044 
0.231205 
0.861092 
0.372551 
0.462589 
0.741402 
0.735323 
0.568349 
0.237446 
0.751658 
0.116803 
0.111712 
0.539466 
0.804568 
0.375355 
0.592876 
0.460071 
0.407107 
0.241690 
0.082401 
0.906297 
0.137022 
0.932587 
0.985264 
0.338223 
0.516970 
0.713640 
0.140844 
0.172693 
0.459465 
0.230862 
0.101119 
0.506611 
0.613614 
0.003810 
0.031604 
0.175987 
0.811250 
0.685984 
0.341000 
0.181086 
0.515496 
0.937217 
0.809577 
0.556691 
0.300527 
0.955818 
0.429491 
0.448295 
0.489811 
0.255476 
0.779965 
0.872148 
0.198380 
0.169945 
0.267232 
0.368404 
0.772043 
0.720782 
0.184201 
0.859326 
0.684996 
0.722346 
0.474063 
0.573451 
0.991389 
0.267845 
0.679176 
0.915654 
0.396455 
0.214002 
0.728582 
0.275432 
0.181532 
0.006654 
0.830356 
0.800217 
0.244814 
0.584393 
0.901236 
0.077748 
0.710475 
0.951289 
0.319990 
0.079974 
0.121584 
0.467753 
0.522407 
0.086986 
0.972759 
0.156850 
0.185980 
0.759218 
0.176969 
0.317681 
0.272664 
0.658329 
0.542673 
0.707810 
0.158959 
0.621698 
0.874879 
0.084852 
0.114096 
0.607581 
0.610879 
0.051024 
0.567775 
0.591743 
0.426208 
0.270200 
0.252821 
0.164510 
0.927868 
0.673566 
0.626195 
0.453140 
0.931190 
0.504263 
0.141649 
0.693897 
0.324537 
0.498936 
0.625586 
0.226025 
0.794996 
0.493879 
0.623108 
0.573641 
0.188844 
0.899654 
0.477954 
0.968401 
0.918532 
0.770617 
0.759492 
0.776644 
0.048840 
0.854598 
0.220613 
0.839609 
0.306003 
0.985577 
0.598772 
0.562035 
0.120190 
0.037568 
0.400691 
0.409270 
0.598963 
0.772615 
0.340869 
0.986471 
0.609709 
0.382005 
0.350134 
0.697346 
0.298211 
0.033851 
0.937639 
0.905245 
0.450782 
0.287421 
0.676824 
0.386549 
0.729151 
0.832477 
0.446918 
0.356167 
0.100553 
0.987907 
0.751851 
0.364770 
0.688405 
0.014993 
0.985267 
0.377183 
0.312079 
0.116933 
0.301201 
0.288001 
0.438295 
0.418962 
0.489680 
0.044119 
0.514850 
0.077152 
0.686305 
0.721480 
0.911217 
0.818004 
0.188562 
0.162720 
0.837067 
0.580327 
0.550235 
0.801872 
0.055089 
0.881546 
0.142361 
0.667076 
0.541266 
0.056702 
0.988559 
0.716947 
0.725159 
0.747039 
0.489074 
0.859407 
0.050392 
0.936404 
0.134178 
0.134117 
0.096395 
0.106451 
0.129966 
0.333024 
0.126713 
0.671321 
0.884523 
0.175119 
0.226780 
0.491629 
0.800668 
0.825646 
0.637509 
0.617658 
0.979083 
0.441348 
0.731065 
0.005460 
0.774080 
0.961281 
0.243469 
0.989219 
0.809213 
0.443068 
0.636554 
0.569148 
0.668388 
0.591420 
0.988697 
0.024207 
0.854330 
0.729654 
0.299865 
0.837599 
0.532277 
0.971531 
0.525899 
0.790336 
0.170275 
0.819908 
0.192950 
0.902850 
0.192330 
0.482101 
0.679719 
0.040441 
0.698264 
0.725965 
0.293342 
0.195832 
0.353749 
0.465832 
0.240347 
0.517671 
0.496270 
0.807045 
0.007679 
0.067676 
0.437855 
0.031973 
0.364501 
0.160318 
0.459982 
0.925215 
0.087656 
0.237064 
0.338418 
0.791687 
0.886492 
0.275363 
0.019543 
0.459710 
0.352565 
0.556480 
0.760308 
0.495040 
0.140022 
0.354370 
0.893804 
0.162336 
0.383043 
0.811797 
0.865682 
0.511931 
0.019990 
0.969581 
0.752555 
0.199446 
0.080896 
0.625371 
0.616855 
0.486305 
0.321522 
0.821521 
0.298272 
0.065273 
0.039663 
0.619446 
0.034368 
0.616105 
0.870072 
0.302431 
0.952457 
0.947210 
0.754289 
0.327955 
0.945395 
0.248940 
0.941153 
0.966729 
0.817484 
0.450022 
0.513831 
0.958965 
0.316877 
0.758535 
0.703418 
0.341810 
0.803062 
0.061128 
0.379420 
0.913143 
0.187053 
0.800392 
0.192365 
0.083088 
0.466471 
0.973133 
0.441895 
0.922126 
0.169260 
0.751911 
0.375358 
0.636836 
0.307827 
0.642201 
0.479481 
0.635973 
0.800047 
0.386632 
0.115701 
0.593176 
0.508220 
0.648139 
0.275402 
0.673194 
0.364238 
0.753469 
0.556848 
0.947209 
0.747323 
0.259324 
0.456658 
0.050323 
0.778312 
0.093053 
0.947775 
0.260424 
0.940030 
0.082287 
0.000028 
0.477964 
0.144260 
0.572632 
0.222207 
0.627956 
0.056468 
0.061757 
0.947124 
0.310801 
0.629848 
0.855374 
0.277259 
0.884652 
0.353362 
0.955514 
0.320507 
0.764035 
0.135930 
0.577207 
0.122287 
0.285946 
0.896317 
0.392556 
0.687170 
0.258170 
0.067376 
0.387843 
0.484947 
0.496722 
0.410793 
0.203439 
0.196482 
0.266776 
0.705317 
0.256774 
0.592424 
0.869979 
0.744788 
0.644172 
0.597960 
0.911783 
0.328529 
0.593336 
0.194198 
0.890879 
0.999558 
0.563869 
0.949049 
0.670380 
0.080955 
0.602580 
0.556621 
0.122439 
0.835644 
0.671551 
0.761237 
0.103098 
0.767076 
0.247975 
0.724048 
0.069002 
0.717705 
0.466512 
0.660750 
0.220423 
0.650129 
0.711201 
0.148623 
0.910509 
0.929772 
0.682986 
0.945122 
0.662625 
0.744999 
0.203080 
0.170976 
0.586760 
0.678969 
0.437506 
0.161875 
0.630344 
0.188853 
0.056384 
0.653699 
0.720583 
0.846074 
0.967313 
0.636157 
0.892128 
0.993660 
0.444421 
0.380547 
0.852213 
0.138270 
0.897599 
0.939857 
0.184738 
0.896262 
0.475133 
0.564568 
0.691092 
0.181612 
0.346740 
0.651207 
0.832720 
0.530953 
0.720154 
0.625834 
0.386249 
0.679350 
0.836972 
0.980484 
0.990196 
0.228724 
0.171072 
0.201176 
0.162370 
0.947763 
0.052438 
0.323310 
0.870850 
0.372773 
0.188630 
0.303883 
0.361956 
0.392356 
0.325971 
0.592759 
0.494048 
0.457036 
0.406728 
0.876011 
0.112423 
0.494621 
0.089771 
0.774063 
0.684595 
0.988045 
0.074264 
0.151099 
0.522923 
0.772440 
0.400831 
0.764052 
0.425584 
0.790746 
0.075262 
0.927329 
0.611773 
0.072042 
0.808416 
0.041342 
0.827356 
0.371922 
0.896834 
0.096652 
0.438253 
0.717249 
0.811595 
0.470931 
0.944021 
0.166645 
0.805658 
0.701190 
0.900702 
0.102256 
0.623512 
0.366452 
0.965147 
0.227394 
0.814805 
0.431673 
0.135755 
0.627770 
0.922986 
0.619829 
0.466250 
0.264232 
0.947169 
0.071148 
0.789042 
0.423636 
0.054875 
0.287301 
0.676232 
0.434068 
0.385480 
0.768455 
0.420157 
0.571040 
0.461667 
0.231252 
0.645999 
0.297324 
0.120352 
0.763132 
0.961563 
0.985146 
0.342006 
0.094113 
0.753345 
0.462246 
0.962817 
0.072523 
0.889917 
0.829840 
0.127449 
0.039496 
0.813419 
0.133496 
0.661911 
0.745023 
0.600965 
0.420587 
0.805735 
0.993026 
0.791089 
0.827949 
0.331588 
0.992194 
0.806361 
0.505836 
0.582701 
0.455014 
0.414544 
0.247684 
0.828192 
0.421789 
0.007958 
0.748636 
0.320481 
0.330783 
0.467054 
0.777781 
0.168284 
0.357217 
0.753680 
0.096692 
0.094173 
0.767736 
0.338042 
0.479838 
0.633422 
0.917092 
