0.000001 
0.009008 
0.399994 
0.701726 
0.906302 
0.215090 
0.022023 
0.148353 
0.373289 
0.870163 
0.831523 
0.410891 
0.848244 
0.441113 
0.792499 
0.534342 
0.684923 
0.492941 
0.860612 
0.311414 
0.935415 
0.526357 
0.475392 
0.912116 
0.932405 
0.938091 
0.495023 
0.851589 
0.660726 
0.815260 
0.070374 
0.779276 
0.289944 
0.083396 
0.631655 
0.230249 
0.797594 
0.166992 
0.628469 
0.684031 
0.504810 
0.341757 
0.915379 
0.782121 
0.112566 
0.897880 
0.661451 
0.011561 
0.297905 
0.889172 
0.309528 
0.235489 
0.869262 
0.678373 
0.417773 
0.513991 
0.649788 
0.981508 
0.202386 
0.498525 
0.709541 
0.255709 
0.705852 
0.252050 
0.206915 
0.625071 
0.567164 
0.332328 
0.433562 
0.876652 
0.885186 
0.313866 
0.147612 
0.921152 
0.803876 
0.739250 
0.577145 
0.067927 
0.646665 
0.502916 
0.505433 
0.817713 
0.295547 
0.263724 
0.412052 
0.352449 
0.604474 
0.394416 
0.949210 
0.376019 
0.746618 
0.407305 
0.576428 
0.018550 
0.778031 
0.371733 
0.724776 
0.304967 
0.578746 
0.984180 
0.119203 
0.436876 
0.572891 
0.581440 
0.255187 
0.931694 
0.974687 
0.568992 
0.044871 
0.151767 
0.750617 
0.620235 
0.284841 
0.326009 
0.238841 
0.201534 
0.187594 
0.892418 
0.876994 
0.631173 
0.121778 
0.729877 
0.050958 
0.452541 
0.851546 
0.934611 
0.002351 
0.519792 
0.137336 
0.211191 
0.488007 
0.926252 
0.519548 
0.035654 
0.229492 
0.072724 
0.271863 
0.201928 
0.810487 
0.851803 
0.257584 
0.215010 
0.675559 
0.124206 
0.522448 
0.784167 
0.490464 
0.234557 
0.198381 
0.197494 
0.280246 
0.099138 
0.220507 
0.061458 
0.920536 
0.456375 
0.288799 
0.845695 
0.593057 
0.500764 
0.337018 
0.265864 
0.373005 
0.100609 
0.941135 
0.659834 
0.826197 
0.898522 
0.466208 
0.557284 
0.270304 
0.998000 
0.381275 
0.091848 
0.690533 
0.794163 
0.505222 
0.269025 
0.510883 
0.409297 
0.058684 
0.302291 
0.597495 
0.095220 
0.357235 
0.044609 
0.750890 
0.210815 
0.169090 
0.894559 
0.849671 
0.422940 
0.355212 
0.053193 
0.013267 
0.975906 
0.043971 
0.023935 
0.282244 
0.669199 
0.226692 
0.017031 
0.239853 
0.204470 
0.531553 
0.811388 
0.002950 
0.577028 
0.114301 
0.052451 
0.546784 
0.800852 
0.927143 
0.484497 
0.939580 
0.522562 
0.704327 
0.629096 
0.222331 
0.714998 
0.975357 
0.821816 
0.260504 
0.284467 
0.038148 
0.149091 
0.773576 
0.498604 
0.038537 
0.687514 
0.045614 
0.630952 
0.411500 
0.084501 
0.213444 
0.349899 
0.756237 
0.077311 
0.372964 
0.408007 
0.373036 
0.611241 
0.124123 
0.129080 
0.454055 
0.296927 
0.458320 
0.983269 
0.798756 
0.691999 
0.419271 
0.684894 
0.011729 
0.128171 
0.162574 
0.373404 
0.799997 
0.550861 
0.326843 
0.256424 
0.719282 
0.967623 
0.842853 
0.825673 
0.079989 
0.369586 
0.637184 
0.143856 
0.792366 
0.300978 
0.535547 
0.935778 
0.624366 
0.721477 
0.866168 
0.686495 
0.924328 
0.172561 
0.228848 
0.251250 
0.761424 
0.256561 
0.024977 
0.789237 
0.704403 
0.906438 
0.504734 
0.059634 
0.263388 
0.762634 
0.589304 
0.436279 
0.548588 
0.115488 
0.001123 
0.872671 
0.984622 
0.541653 
0.559773 
0.104408 
0.780054 
0.375477 
0.634415 
0.618259 
0.077823 
0.963203 
0.547348 
0.285888 
0.913340 
0.509441 
0.169912 
0.718901 
0.567891 
0.551959 
0.775239 
0.446013 
0.140813 
0.645094 
0.102553 
0.609277 
0.119776 
0.068835 
0.917986 
0.585097 
0.724446 
0.767380 
0.359056 
0.660435 
0.925109 
0.314209 
0.905809 
0.928014 
0.130443 
0.363262 
0.342700 
0.756553 
0.393733 
0.466299 
0.080953 
0.573051 
0.264546 
0.223559 
0.348696 
0.540764 
0.628227 
0.603761 
0.410499 
0.262636 
0.127751 
0.115664 
0.959733 
0.234261 
0.220177 
0.509674 
0.091299 
0.464574 
0.103367 
0.283259 
0.734010 
0.508404 
0.751678 
0.453752 
0.208105 
0.615402 
0.068698 
0.603227 
0.442725 
0.871933 
0.569762 
0.989850 
0.415650 
0.821239 
0.570089 
0.483633 
0.418339 
0.021997 
0.699394 
0.708072 
0.570855 
0.366705 
0.218317 
0.254521 
0.726704 
0.718016 
0.696021 
0.026947 
0.896266 
0.540429 
0.984334 
0.706295 
0.699662 
0.223801 
0.427698 
0.325953 
0.299285 
0.090068 
0.768664 
0.944081 
0.170142 
0.580854 
0.415602 
0.020617 
0.517437 
0.570383 
0.427143 
0.999144 
0.612551 
0.137923 
0.068049 
0.702981 
0.004448 
0.758997 
0.470674 
0.625039 
0.038258 
0.008605 
0.625888 
0.300736 
0.475281 
0.052054 
0.872449 
0.243586 
0.952769 
0.193342 
0.506748 
0.909503 
0.008575 
0.119686 
0.568137 
0.678647 
0.020171 
0.020300 
0.182374 
0.154037 
0.902320 
0.294515 
0.907686 
0.477705 
0.788157 
0.560516 
0.589110 
0.175078 
0.541495 
0.911361 
0.243051 
0.961445 
0.005434 
0.332344 
0.705442 
0.367874 
0.858473 
0.360799 
0.948673 
0.344326 
0.086798 
0.820649 
0.654987 
0.364439 
0.125335 
0.508265 
0.410592 
0.818260 
0.499287 
0.518740 
0.470505 
0.779739 
0.080766 
0.426905 
0.994477 
0.173273 
0.206214 
0.840695 
0.568037 
0.997355 
0.546371 
0.862565 
0.126433 
0.965027 
0.214076 
0.981881 
0.473749 
0.306618 
0.321480 
0.110221 
0.486397 
0.875565 
0.622423 
0.069074 
0.928718 
0.966160 
0.250280 
0.448586 
0.388610 
0.360897 
0.597313 
0.042474 
0.859129 
0.388239 
0.139082 
0.554957 
0.167830 
0.718603 
0.557074 
0.746176 
0.978915 
0.616349 
0.982594 
0.463966 
0.881111 
0.832032 
0.954532 
0.811595 
0.479877 
0.291713 
0.823528 
0.042759 
0.654142 
0.171052 
0.874253 
0.565883 
0.802244 
0.319127 
0.570269 
0.507719 
0.225064 
0.651677 
0.734418 
0.370307 
0.743575 
0.265277 
0.508321 
0.347847 
0.257617 
0.770252 
0.623939 
0.543789 
0.456057 
0.955825 
0.549938 
0.814854 
0.255720 
0.881006 
0.067749 
0.654026 
0.215023 
0.897938 
0.638918 
0.292073 
0.869015 
0.538748 
0.740877 
0.924107 
0.459559 
0.808322 
0.463084 
0.048537 
0.758254 
0.969881 
0.788323 
0.347697 
0.746988 
0.631656 
0.237027 
0.709319 
0.521201 
0.819484 
0.060458 
0.123465 
0.082395 
0.812224 
0.052809 
0.556614 
0.010679 
0.476029 
0.627550 
0.237353 
0.186948 
0.029895 
0.450856 
0.535891 
0.716327 
0.303151 
0.056845 
0.394957 
0.035281 
0.960390 
0.279052 
0.029862 
0.897305 
0.999673 
0.507493 
0.437970 
0.962910 
0.630667 
0.616620 
0.537831 
0.323564 
0.136025 
0.178866 
0.199093 
0.159528 
0.187165 
0.674925 
0.465692 
0.891834 
0.052818 
0.718002 
0.451408 
0.813378 
0.451921 
0.430555 
0.344329 
0.136926 
0.320182 
0.307076 
0.018534 
0.499491 
0.941853 
0.731359 
0.946772 
0.392767 
0.226739 
0.801311 
0.641603 
0.413807 
0.861273 
0.416249 
0.903012 
0.918019 
0.147578 
0.345280 
0.121886 
0.544038 
0.641787 
0.521831 
0.410776 
0.913010 
0.960701 
0.508875 
0.657571 
0.797360 
0.235979 
0.091316 
0.754009 
0.633848 
0.079284 
0.533189 
0.306378 
0.300307 
0.257749 
0.983064 
0.355083 
0.881375 
0.277057 
0.498996 
0.632362 
0.115554 
0.108038 
0.788199 
0.267761 
0.264411 
0.961229 
0.377967 
0.488304 
0.927842 
0.242278 
0.973303 
0.310650 
0.098370 
0.300111 
0.957768 
0.206231 
0.126585 
0.511900 
0.504170 
0.577040 
0.316980 
0.486551 
0.457813 
0.463319 
0.000290 
0.870545 
0.254006 
0.082135 
0.443349 
0.371023 
0.775632 
0.040786 
0.484925 
0.135762 
0.756466 
0.930374 
0.793747 
0.509019 
0.088684 
0.512029 
0.672817 
0.040446 
0.773734 
0.144856 
0.595464 
0.959054 
0.828220 
0.889266 
0.891581 
0.810136 
0.951511 
0.050641 
0.118213 
0.799752 
0.436688 
0.410834 
0.895047 
0.059282 
0.353493 
0.158825 
0.364776 
0.796761 
0.155670 
0.340952 
0.388259 
0.474481 
0.606868 
0.633913 
0.170006 
0.297034 
0.242106 
0.075942 
0.363791 
0.230067 
0.728022 
0.862642 
0.420657 
0.974439 
0.399392 
0.578247 
0.593499 
0.930383 
0.948529 
0.931855 
0.695141 
0.235688 
0.210472 
0.396274 
0.175109 
0.052362 
0.040482 
0.380457 
0.348806 
0.386856 
0.893232 
0.542766 
0.262268 
0.931364 
0.439582 
0.046781 
0.248013 
0.349766 
0.515164 
0.363214 
0.544559 
0.401381 
0.007370 
0.867195 
0.945314 
0.896270 
0.607540 
0.920868 
0.021933 
0.624544 
0.702862 
0.002721 
0.733537 
0.564233 
0.056748 
0.760247 
0.474396 
0.165533 
0.108697 
0.871450 
0.454138 
0.696595 
0.676351 
0.439090 
0.788349 
0.784737 
0.080154 
0.144058 
0.177694 
0.497390 
0.640084 
0.884942 
0.223978 
0.393360 
0.203090 
0.335235 
0.301858 
0.323472 
0.586475 
0.880654 
0.145746 
0.561258 
0.069062 
0.726665 
0.055083 
0.787676 
0.478130 
0.936841 
0.491584 
0.046456 
0.792079 
0.463820 
0.421745 
0.265948 
0.782480 
0.135489 
0.170425 
0.338042 
0.476285 
0.915266 
0.872276 
0.340739 
0.797920 
0.645708 
0.420917 
0.344543 
0.732611 
0.989265 
0.571462 
0.565944 
0.816910 
0.798747 
0.533475 
0.121372 
0.899093 
0.053307 
0.927777 
0.144254 
0.484703 
0.395157 
0.402161 
0.122236 
0.421845 
0.940665 
0.764538 
0.584754 
0.960255 
0.002573 
0.238812 
0.710422 
0.059850 
0.902845 
0.122565 
0.954258 
0.213877 
0.633165 
0.611110 
0.923778 
0.937633 
0.795746 
0.105588 
0.613358 
0.702829 
0.440130 
0.271175 
0.631252 
0.450665 
0.320153 
0.812246 
0.410341 
0.597390 
0.328612 
0.990006 
0.033257 
0.949862 
0.326150 
0.606756 
0.748564 
0.111456 
0.241733 
0.801276 
0.046752 
0.752682 
0.323154 
0.254322 
0.396365 
0.706103 
0.474478 
0.553610 
0.519264 
0.275789 
0.182886 
0.761055 
0.058679 
0.225177 
0.555668 
0.115980 
0.277485 
0.689019 
0.346027 
0.680212 
0.315035 
0.787072 
0.320567 
0.776971 
0.545698 
0.551638 
0.374262 
0.218415 
0.907966 
0.189054 
0.432015 
0.874792 
0.630126 
0.527725 
0.468318 
0.017608 
0.940770 
0.529016 
0.173704 
0.446960 
0.050765 
0.210788 
0.715857 
0.409710 
0.989858 
0.535150 
0.271727 
0.907753 
0.612497 
0.241287 
0.309813 
0.023639 
0.293434 
0.747676 
0.192534 
0.911538 
0.223106 
0.736574 
0.599572 
0.001727 
0.019199 
0.676211 
0.084034 
0.357906 
0.320420 
0.293006 
0.556346 
0.512058 
0.160791 
0.421537 
0.765573 
0.980581 
0.632716 
0.064322 
0.060041 
0.104363 
0.022485 
0.912198 
0.306043 
0.661439 
0.807543 
0.370844 
0.769633 
0.217889 
0.059144 
0.041192 
0.319318 
0.772334 
0.615284 
0.075376 
0.849352 
0.056399 
0.893883 
0.483764 
0.617807 
0.481212 
0.729906 
0.530597 
0.745887 
0.123717 
0.307946 
0.642496 
0.433526 
0.266641 
0.435364 
0.168238 
0.580380 
0.444367 
0.468016 
0.940729 
0.824518 
0.668167 
0.878277 
0.200490 
0.635145 
0.885741 
0.641536 
0.303504 
0.989883 
0.956006 
0.584746 
0.828349 
0.064691 
0.266712 
0.621098 
0.800831 
0.564719 
0.232604 
0.368320 
0.352253 
0.319097 
0.067096 
0.680243 
0.847689 
0.117395 
0.063191 
0.046299 
0.151109 
0.694900 
0.183797 
0.072181 
0.142051 
0.452859 
0.199907 
0.833659 
0.300617 
0.470995 
0.013737 
0.883066 
0.696701 
0.459871 
0.059479 
0.662803 
0.728701 
0.274819 
0.877193 
0.987104 
0.262259 
0.780824 
0.310227 
0.978409 
0.112725 
0.571954 
0.835215 
0.460022 
0.581730 
0.135015 
0.189517 
0.204734 
0.971398 
0.277837 
0.612994 
0.586318 
0.238714 
0.066141 
0.628250 
0.002679 
0.023099 
0.221514 
0.983626 
0.794522 
0.528419 
0.145394 
0.633660 
0.926776 
0.322898 
0.948966 
0.275267 
0.417916 
0.909056 
0.501404 
0.100233 
0.609008 
0.592354 
0.694537 
0.084386 
0.280831 
0.934646 
0.600396 
0.848335 
0.962427 
0.502372 
0.363686 
0.473516 
0.386851 
0.804128 
0.985048 
0.695674 
0.199612 
0.884584 
0.196445 
0.645057 
0.474964 
0.725584 
0.884594 
0.373407 
0.845985 
0.466904 
0.263717 
0.284599 
0.259569 
0.571802 
0.277018 
0.834749 
0.625669 
0.625043 
0.095391 
0.234459 
0.544740 
0.446699 
0.676114 
0.454114 
0.298147 
0.956019 
0.816532 
0.451483 
0.071913 
0.649019 
0.055602 
0.496093 
0.838073 
0.490058 
0.410675 
0.217059 
0.116624 
0.102371 
0.549934 
0.735315 
0.437179 
0.664117 
0.806458 
0.140592 
0.932813 
0.783503 
0.336800 
0.602700 
0.585114 
0.007135 
0.912288 
0.823294 
0.103200 
0.477725 
0.120019 
0.157346 
0.521587 
0.316622 
0.470663 
0.437739 
0.075913 
0.862034 
0.210931 
0.115211 
0.344034 
0.180299 
0.282045 
0.322002 
0.882384 
0.221624 
0.834131 
0.246839 
0.628826 
0.675836 
0.783110 
0.731587 
0.787179 
0.116946 
0.513945 
0.879696 
0.057768 
0.905498 
0.701494 
0.011681 
0.328652 
0.656750 
0.000504 
0.478470 
0.648189 
0.113246 
0.319565 
0.936401 
0.084692 
0.420682 
0.403943 
0.061667 
0.442724 
0.854088 
0.663605 
0.209716 
0.693349 
0.111938 
0.343144 
0.221908 
0.606784 
0.226191 
0.599591 
0.323336 
0.301527 
0.765716 
0.393905 
0.361993 
0.010263 
0.497420 
0.144157 
0.839263 
0.495964 
0.672407 
0.142550 
0.839549 
0.304454 
0.963291 
0.030085 
0.646003 
0.364051 
0.611534 
0.054109 
0.412588 
0.358612 
0.188029 
0.196511 
0.753921 
0.143402 
0.154448 
0.811235 
0.433905 
0.640381 
0.889264 
0.853397 
0.037267 
0.353144 
0.296647 
0.746861 
0.497882 
0.906005 
0.229881 
0.607883 
0.692643 
0.246857 
0.926345 
0.084853 
0.119433 
0.316352 
0.933709 
0.850414 
0.915031 
0.921908 
0.510636 
0.255937 
0.532970 
0.625066 
0.476285 
0.915532 
0.344561 
0.031320 
0.392025 
0.759794 
0.865529 
0.944060 
0.814011 
0.085342 
0.351021 
0.605014 
0.477066 
0.051568 
0.708927 
0.939068 
0.908899 
0.872386 
0.189515 
0.180387 
0.757339 
0.589680 
0.752433 
0.147442 
0.056685 
0.710340 
0.680116 
0.711560 
0.193500 
0.146551 
0.079292 
0.661330 
0.974584 
0.826247 
0.736359 
0.981042 
0.373841 
0.142877 
0.329066 
0.619049 
0.359148 
0.195068 
0.512297 
0.183811 
0.316927 
0.591762 
0.742495 
0.106832 
0.530707 
0.592292 
0.650233 
0.471163 
0.840270 
0.412943 
0.336839 
0.248266 
0.611107 
0.867741 
0.127070 
0.661639 
0.170643 
0.999938 
0.955054 
0.600678 
0.599802 
0.868986 
0.049530 
0.445278 
0.791022 
0.698463 
0.061078 
0.543306 
0.336622 
0.603667 
0.830848 
0.070091 
0.016335 
0.548987 
0.818836 
0.168970 
0.875974 
0.491815 
0.942634 
0.854536 
0.194552 
0.840970 
0.181447 
0.577332 
0.215646 
0.355830 
0.429871 
0.836592 
0.603996 
0.366533 
0.326098 
0.727988 
0.291098 
0.479064 
0.628970 
0.097558 
0.652433 
0.442039 
0.356150 
0.815986 
0.273930 
0.942336 
0.845973 
0.271652 
0.658978 
0.443021 
0.856078 
0.094763 
0.683237 
0.165664 
0.308713 
0.538310 
0.377023 
0.624629 
0.145090 
0.523245 
0.171101 
0.693243 
0.337724 
0.121185 
0.762182 
0.997828 
0.491772 
0.208928 
0.449974 
0.706807 
0.308402 
0.318474 
0.591532 
0.876965 
0.146353 
0.750416 
0.246983 
0.051236 
0.120485 
0.986831 
0.661770 
0.369736 
0.145339 
0.716511 
0.407997 
0.202006 
0.115957 
0.881017 
0.247747 
0.891616 
0.381829 
0.392322 
0.752611 
0.134399 
0.848144 
0.748371 
0.878915 
0.926020 
0.623839 
0.865463 
0.835079 
0.172507 
0.322398 
0.544627 
0.553008 
0.398282 
0.923540 
0.936276 
0.996953 
0.794930 
0.395010 
0.928426 
0.052773 
0.958421 
0.182918 
0.294438 
0.622017 
0.239096 
0.479459 
0.268744 
0.783952 
0.873703 
0.334211 
0.088862 
0.505279 
0.220657 
0.585157 
0.727239 
0.704175 
0.068989 
0.501838 
0.391239 
0.554753 
0.732484 
0.864186 
0.378923 
0.564019 
0.463889 
0.576307 
0.983530 
0.190821 
0.120251 
0.058823 
0.635128 
0.592158 
0.396028 
0.036658 
0.106134 
0.791396 
0.987749 
0.090706 
0.491432 
0.499936 
0.421186 
0.870900 
0.217770 
0.060540 
0.499310 
0.899399 
0.205445 
0.911400 
0.905882 
0.159798 
0.731382 
0.329317 
0.828313 
0.459283 
0.161110 
0.771400 
0.919876 
0.355069 
0.644745 
0.232033 
0.772080 
0.345624 
0.898130 
0.877039 
0.394228 
0.793047 
0.737581 
0.521520 
0.192654 
0.934295 
0.690602 
0.954517 
0.560768 
0.825305 
0.896742 
0.545450 
0.385567 
0.231180 
0.438147 
0.938942 
0.795373 
0.829622 
0.461046 
0.794960 
0.899341 
0.223494 
0.259735 
0.372922 
0.703696 
0.024405 
0.177086 
0.281451 
0.339851 
0.878959 
0.657825 
0.064720 
0.741115 
0.915664 
0.573041 
0.101116 
0.451467 
0.798358 
0.008710 
0.382775 
0.298032 
0.024824 
0.209619 
0.060205 
0.858611 
0.669351 
0.781579 
0.001819 
0.574862 
0.705436 
0.265137 
0.161928 
0.529735 
0.248391 
0.708800 
0.809559 
0.265972 
0.197849 
0.240520 
0.411690 
0.276494 
0.031876 
0.736162 
0.671192 
0.727857 
0.096067 
0.601775 
0.026675 
0.329658 
0.556425 
0.834887 
0.940819 
0.344305 
0.728171 
0.364583 
0.552308 
0.639444 
0.132215 
0.141470 
0.685143 
0.200339 
0.100082 
0.086170 
0.254808 
0.563322 
0.755711 
0.229084 
0.221974 
0.721314 
0.127988 
0.086709 
0.312672 
0.085505 
0.086564 
0.876566 
0.449728 
0.573529 
0.308653 
0.524506 
0.366560 
0.778008 
0.982951 
0.453612 
0.854982 
0.674793 
0.238895 
0.102662 
0.448521 
0.289216 
0.853183 
0.450888 
0.082492 
0.446988 
0.534458 
0.640709 
0.391585 
0.363813 
0.603431 
0.869743 
0.770142 
0.783850 
0.168267 
0.066335 
0.888708 
0.513681 
0.444720 
0.407823 
0.281964 
0.972587 
0.268490 
0.507576 
0.837035 
0.052532 
0.904878 
0.290153 
0.607492 
0.124589 
0.972754 
0.072247 
0.262490 
0.665685 
0.169043 
0.103845 
0.323859 
0.106028 
0.015084 
0.513663 
0.128754 
0.964240 
0.983897 
0.349461 
0.389581 
0.687306 
0.551790 
0.926183 
0.350382 
0.868558 
0.861620 
0.246816 
0.239800 
0.327001 
0.909360 
0.609480 
0.526109 
0.312671 
0.067207 
0.551215 
0.271323 
0.125719 
0.963728 
0.382075 
0.534193 
0.180852 
0.583011 
0.670960 
0.825755 
0.459504 
0.877813 
0.409300 
0.109360 
0.009469 
0.141956 
0.854824 
0.025097 
0.805341 
0.364780 
0.859857 
0.613318 
0.031060 
0.025623 
0.643949 
0.855828 
0.907609 
0.177354 
0.784657 
0.736233 
0.869691 
0.898582 
0.472687 
0.448377 
0.870344 
0.863615 
0.780774 
0.462169 
0.675223 
0.475617 
0.702309 
0.710136 
0.261550 
0.874162 
0.033159 
0.310277 
0.817223 
0.069783 
0.839176 
0.039054 
0.386993 
0.189402 
0.282891 
0.552141 
0.834919 
0.486599 
0.263499 
0.620919 
0.790183 
0.608376 
0.977262 
0.835572 
0.451365 
0.099301 
0.944130 
0.000958 
0.106292 
0.454185 
0.484022 
0.956292 
0.401767 
0.495422 
0.562028 
0.001809 
0.396984 
0.114587 
0.867374 
0.961730 
0.795963 
0.744004 
0.478763 
0.572274 
0.217261 
0.497710 
0.005302 
0.116386 
0.096107 
0.276948 
0.660120 
0.645198 
0.844656 
0.131691 
0.330864 
0.836301 
0.708430 
0.586218 
0.573748 
0.980167 
0.663217 
0.690914 
0.186546 
0.282133 
0.806061 
0.472385 
0.369635 
0.448097 
0.168699 
0.326615 
0.417097 
0.147317 
0.953951 
0.058186 
0.931386 
0.804666 
0.021522 
0.725082 
0.461120 
0.041255 
0.371338 
0.081816 
0.082693 
0.826109 
0.421405 
0.550225 
0.631194 
0.479005 
0.640679 
0.900284 
0.079162 
0.479330 
0.107711 
0.306814 
0.620928 
0.942484 
0.333733 
0.056832 
0.167139 
0.101806 
0.045066 
0.432362 
0.708349 
0.214350 
0.577940 
0.434450 
0.798893 
0.987402 
0.268693 
0.925446 
0.967571 
0.963998 
0.921291 
0.135938 
0.711672 
0.073026 
0.340987 
0.964233 
0.866462 
0.624950 
0.531721 
0.642076 
0.379392 
0.443592 
0.445916 
0.503482 
0.019050 
0.179913 
0.791128 
0.484338 
0.274341 
0.854961 
0.334275 
0.161270 
0.470699 
0.039931 
0.119483 
0.157945 
0.586682 
0.357526 
0.939667 
0.981249 
0.848819 
0.104652 
0.892569 
0.405474 
0.807464 
0.044431 
0.745298 
0.227883 
0.034786 
0.649796 
0.116419 
0.650778 
0.623069 
0.920515 
0.097348 
0.124306 
0.207144 
0.476905 
0.336515 
0.803305 
0.141140 
0.132984 
0.057288 
0.839227 
0.885531 
0.119545 
0.194235 
0.505210 
0.058238 
0.803635 
0.691155 
0.234681 
0.282285 
0.369729 
0.042571 
0.493815 
0.554511 
0.667124 
0.349362 
0.727941 
0.504892 
0.719018 
0.540724 
0.939905 
0.986832 
0.678018 
0.442184 
0.781988 
0.874185 
0.432782 
0.761277 
0.780580 
0.204169 
0.467086 
0.314067 
0.532141 
0.700710 
0.836670 
0.906101 
0.834498 
0.405973 
0.185036 
0.907455 
0.594730 
0.629948 
0.535962 
0.912658 
0.037909 
0.130790 
0.195472 
0.302424 
0.842653 
0.472042 
0.611618 
0.466604 
0.221054 
0.251556 
0.905188 
0.494752 
0.288910 
0.708692 
0.979684 
0.547264 
0.873071 
0.711825 
0.636678 
0.648098 
0.577203 
0.055576 
0.057840 
0.116550 
0.858831 
0.379238 
0.850066 
0.059067 
0.744997 
0.162383 
0.174477 
0.439085 
0.698283 
0.047871 
0.574106 
0.998340 
0.092326 
0.715074 
0.250640 
0.509781 
0.880939 
0.947514 
0.861182 
0.891626 
0.552655 
0.467624 
0.349979 
0.090829 
0.558635 
0.970531 
0.721753 
0.506195 
0.626489 
0.407303 
0.534924 
0.473660 
0.803008 
0.150084 
0.460116 
0.164402 
0.101146 
0.964587 
0.810362 
0.760449 
0.861374 
0.116419 
0.645957 
0.595791 
0.467637 
0.568867 
0.939688 
0.328286 
0.497421 
0.155849 
0.356719 
0.370316 
0.895704 
0.096803 
0.964574 
0.589111 
0.187178 
0.898916 
0.077189 
0.316155 
0.619594 
0.516336 
0.063321 
0.230295 
0.560117 
0.893690 
0.255011 
0.966384 
0.016751 
0.535281 
0.472337 
0.571486 
0.961387 
0.026731 
0.268861 
0.748691 
0.251577 
0.249900 
0.076630 
0.925326 
0.953752 
0.712656 
0.604626 
0.953193 
0.308279 
0.246873 
0.196699 
0.926206 
0.749683 
0.926509 
0.845158 
0.576547 
0.024253 
0.624688 
0.125679 
0.287334 
0.228735 
0.344222 
0.343201 
0.174518 
0.123282 
0.994798 
0.576348 
0.685939 
0.575769 
0.942313 
0.449513 
0.961918 
0.960172 
0.603288 
0.466132 
0.279261 
0.544114 
0.915701 
0.190682 
0.800280 
0.312284 
0.549469 
0.933552 
0.203842 
0.965054 
0.670549 
0.923374 
0.154166 
0.075562 
0.970602 
0.904764 
0.363638 
0.660176 
0.585294 
0.032230 
0.687388 
0.926061 
0.304092 
0.866933 
0.538474 
0.124673 
0.385139 
0.039185 
0.576960 
0.961743 
0.008542 
0.573406 
0.230525 
0.427158 
0.240963 
0.867129 
0.831168 
0.439825 
0.145083 
0.405387 
0.343549 
0.032696 
0.525387 
0.179357 
0.455795 
0.552952 
0.468000 
0.684352 
0.909654 
0.549022 
0.417255 
0.811327 
0.970119 
0.798203 
0.391141 
0.911841 
0.319997 
0.194951 
0.543230 
0.065541 
0.551495 
0.970471 
0.702165 
0.289307 
0.387535 
