0.000001 
0.008586 
0.296954 
0.899038 
0.139195 
0.445659 
0.198227 
0.607944 
0.714594 
0.188157 
0.358107 
0.701779 
0.799760 
0.568985 
0.925605 
0.647414 
0.081112 
0.250874 
0.444910 
0.606969 
0.325935 
0.982114 
0.389665 
0.107377 
0.688835 
0.245079 
0.040869 
0.885485 
0.349102 
0.351294 
0.206082 
0.621951 
0.131250 
0.910934 
0.068572 
0.481827 
0.072946 
0.004509 
0.782303 
0.168012 
0.776522 
0.001658 
0.857664 
0.758460 
0.431351 
0.715877 
0.736414 
0.903286 
0.523720 
0.162834 
0.743312 
0.844771 
0.071746 
0.838554 
0.572804 
0.113682 
0.658399 
0.709569 
0.728946 
0.401288 
0.439067 
0.404442 
0.461616 
0.372284 
0.979136 
0.346397 
0.892423 
0.960524 
0.533986 
0.697382 
0.902736 
0.275683 
0.403936 
0.958735 
0.457734 
0.132891 
0.497070 
0.255009 
0.942130 
0.381146 
0.914388 
0.115578 
0.525817 
0.406868 
0.235465 
0.467104 
0.609129 
0.638292 
0.776962 
0.405293 
0.763718 
0.814782 
0.035049 
0.063727 
0.061251 
0.451600 
0.041771 
0.052605 
0.137171 
0.441048 
0.687893 
0.422461 
0.305353 
0.071972 
0.625491 
0.630815 
0.105327 
0.239083 
0.259969 
0.291476 
0.832691 
0.030754 
0.877038 
0.378482 
0.139017 
0.459673 
0.717455 
0.264972 
0.388412 
0.036835 
0.078706 
0.816399 
0.223198 
0.290562 
0.479710 
0.483291 
0.672093 
0.873337 
0.182153 
0.442812 
0.340872 
0.028756 
0.308379 
0.917560 
0.436796 
0.238730 
0.334695 
0.215913 
0.843705 
0.143726 
0.596498 
0.349145 
0.083483 
0.092314 
0.522264 
0.685692 
0.417063 
0.576289 
0.693853 
0.582668 
0.900461 
0.041490 
0.321369 
0.255794 
0.133648 
0.216892 
0.308265 
0.003238 
0.425354 
0.932526 
0.971076 
0.882409 
0.645688 
0.077644 
0.965617 
0.127574 
0.135828 
0.867662 
0.797072 
0.392998 
0.113400 
0.913819 
0.556263 
0.114472 
0.931812 
0.956731 
0.776915 
0.603928 
0.214977 
0.119026 
0.472091 
0.427987 
0.173286 
0.412212 
0.046817 
0.855722 
0.127477 
0.512827 
0.087308 
0.387777 
0.363240 
0.974774 
0.033595 
0.631931 
0.864947 
0.160355 
0.082742 
0.650093 
0.114354 
0.945362 
0.693033 
0.812062 
0.320694 
0.898613 
0.993148 
0.842826 
0.379875 
0.556038 
0.334829 
0.467019 
0.189246 
0.658154 
0.592594 
0.722409 
0.533205 
0.582320 
0.059641 
0.390199 
0.069415 
0.662340 
0.944367 
0.976136 
0.911184 
0.265039 
0.517679 
0.624286 
0.370646 
0.443935 
0.207884 
0.911558 
0.547383 
0.873288 
0.350492 
0.711293 
0.696914 
0.031138 
0.330662 
0.438584 
0.287699 
0.358457 
0.581425 
0.010018 
0.378942 
0.882364 
0.894959 
0.578392 
0.036296 
0.030969 
0.504114 
0.645632 
0.136351 
0.652762 
0.964263 
0.367162 
0.886484 
0.137814 
0.242916 
0.696173 
0.576496 
0.172283 
0.552608 
0.685910 
0.092623 
0.720037 
0.666158 
0.113324 
0.640304 
0.595839 
0.260839 
0.923695 
0.539092 
0.519156 
0.456933 
0.669384 
0.328572 
0.309370 
0.586436 
0.221806 
0.900127 
0.438420 
0.525006 
0.782318 
0.413901 
0.430750 
0.609670 
0.727509 
0.239525 
0.691067 
0.763629 
0.308088 
0.037764 
0.705125 
0.031104 
0.766890 
0.114015 
0.258315 
0.496204 
0.693478 
0.285031 
0.520013 
0.862485 
0.778365 
0.975633 
0.464144 
0.872608 
0.915407 
0.243650 
0.027471 
0.699335 
0.718381 
0.828318 
0.540082 
0.157235 
0.640746 
0.023838 
0.644028 
0.179385 
0.920650 
0.371417 
0.401718 
0.667588 
0.152487 
0.848853 
0.679280 
0.660050 
0.459441 
0.817450 
0.880536 
0.166677 
0.337695 
0.640028 
0.950505 
0.138225 
0.140311 
0.211939 
0.058157 
0.450847 
0.384474 
0.854740 
0.606982 
0.552743 
0.947214 
0.831903 
0.788200 
0.283375 
0.682299 
0.393847 
0.384980 
0.358943 
0.751419 
0.096288 
0.308414 
0.506980 
0.810697 
0.386755 
0.193430 
0.982097 
0.097945 
0.167862 
0.256055 
0.520062 
0.674862 
0.400774 
0.808077 
0.347838 
0.111851 
0.878948 
0.474813 
0.185082 
0.666261 
0.840980 
0.343961 
0.959503 
0.360161 
0.225819 
0.341556 
0.524096 
0.485452 
0.992379 
0.915965 
0.625972 
0.711737 
0.160030 
0.624382 
0.987433 
0.783285 
0.666554 
0.773111 
0.668823 
0.899918 
0.921398 
0.942233 
0.107024 
0.758967 
0.956834 
0.511559 
0.770830 
0.334194 
0.792916 
0.535358 
0.761004 
0.189068 
0.666923 
0.981503 
0.123872 
0.911434 
0.476949 
0.077586 
0.984926 
0.653493 
0.255325 
0.254231 
0.865621 
0.493196 
0.140721 
0.091607 
0.640833 
0.486453 
0.820490 
0.968813 
0.833255 
0.511046 
0.151336 
0.506600 
0.427369 
0.799065 
0.891752 
0.678797 
0.549302 
0.114227 
0.820268 
0.237419 
0.298926 
0.050373 
0.610639 
0.005285 
0.818185 
0.243304 
0.202961 
0.172794 
0.147918 
0.061738 
0.637724 
0.227422 
0.284646 
0.039709 
0.390062 
0.771139 
0.538549 
0.396662 
0.695695 
0.549780 
0.148301 
0.489770 
0.569260 
0.546701 
0.397498 
0.754813 
0.138569 
0.925775 
0.496455 
0.913668 
0.011918 
0.311084 
0.397171 
0.257493 
0.680799 
0.191412 
0.057290 
0.878437 
0.889850 
0.702209 
0.031396 
0.669069 
0.043761 
0.497162 
0.803386 
0.509674 
0.093694 
0.715138 
0.318595 
0.630199 
0.760785 
0.509915 
0.147331 
0.186355 
0.072805 
0.631429 
0.420333 
0.544637 
0.718120 
0.450998 
0.929022 
0.078110 
0.787361 
0.176884 
0.895278 
0.937358 
0.169047 
0.174447 
0.926246 
0.421640 
0.497924 
0.606911 
0.359574 
0.353723 
0.022507 
0.282338 
0.254195 
0.259547 
0.206882 
0.064570 
0.225391 
0.145968 
0.287064 
0.685410 
0.685138 
0.119587 
0.893184 
0.750455 
0.902747 
0.470967 
0.534826 
0.822734 
0.695826 
0.740999 
0.966687 
0.112273 
0.974545 
0.185064 
0.371527 
0.259416 
0.003133 
0.654184 
0.878767 
0.441821 
0.688354 
0.157724 
0.862105 
0.392611 
0.611229 
0.924816 
0.387768 
0.208920 
0.312668 
0.007852 
0.968630 
0.760559 
0.723119 
0.457000 
0.795606 
0.747824 
0.670839 
0.799069 
0.960037 
0.345999 
0.205738 
0.836628 
0.214414 
0.656320 
0.763203 
0.145027 
0.471780 
0.200802 
0.873812 
0.151150 
0.375606 
0.814458 
0.600684 
0.695925 
0.416100 
0.394097 
0.586199 
0.238231 
0.955189 
0.863055 
0.359758 
0.455078 
0.501815 
0.003364 
0.541973 
0.932716 
0.163648 
0.434637 
0.946744 
0.932709 
0.040939 
0.053657 
0.810898 
0.757291 
0.783423 
0.992574 
0.198360 
0.837395 
0.095076 
0.942659 
0.269287 
0.908097 
0.389414 
0.886538 
0.044311 
0.738766 
0.438221 
0.186676 
0.470323 
0.719324 
0.675628 
0.277319 
0.905540 
0.405523 
0.624952 
0.561016 
0.988017 
0.610113 
0.171036 
0.593685 
0.067716 
0.107049 
0.170548 
0.397575 
0.039848 
0.722617 
0.030442 
0.637566 
0.564680 
0.577599 
0.707755 
0.231628 
0.972256 
0.711462 
0.548021 
0.589669 
0.571511 
0.388393 
0.728452 
0.095240 
0.699889 
0.032050 
0.663106 
0.830891 
0.784278 
0.365655 
0.557058 
0.477974 
0.310453 
0.777563 
0.501224 
0.063507 
0.368755 
0.660079 
0.939549 
0.003064 
0.489026 
0.059020 
0.943874 
0.691313 
0.902487 
0.094281 
0.578327 
0.947640 
0.993101 
0.048191 
0.953631 
0.680860 
0.210984 
0.011103 
0.606181 
0.077136 
0.421296 
0.720435 
0.359402 
0.465887 
0.157136 
0.985712 
0.859317 
0.542149 
0.894637 
0.165722 
0.291243 
0.923771 
0.824777 
0.020841 
0.276842 
0.878455 
0.199265 
0.048664 
0.887809 
0.402035 
0.996492 
0.048594 
0.712288 
0.426256 
0.077099 
0.798779 
0.073229 
0.756469 
0.975743 
0.318305 
0.753072 
0.883499 
0.963704 
0.979220 
0.758086 
0.152498 
0.026121 
0.010182 
0.120598 
0.884929 
0.995377 
0.306106 
0.727234 
0.623532 
0.703620 
0.744598 
0.460280 
0.921139 
0.577028 
0.116461 
0.356881 
0.093853 
0.388289 
0.970900 
0.917232 
0.923894 
0.889224 
0.190135 
0.604336 
0.068904 
0.073917 
0.321792 
0.363718 
0.015915 
0.481720 
0.275378 
0.273790 
0.596296 
0.947062 
0.264666 
0.236782 
0.603167 
0.431425 
0.953562 
0.516844 
0.595754 
0.831533 
0.572060 
0.605915 
0.621513 
0.774666 
0.810062 
0.711447 
0.282723 
0.721727 
0.062299 
0.066221 
0.984638 
0.816742 
0.981488 
0.875878 
0.873541 
0.611104 
0.830856 
0.189474 
0.493756 
0.552571 
0.067948 
0.000409 
0.879402 
0.110391 
0.345025 
0.841911 
0.999987 
0.781660 
0.358786 
0.122721 
0.578620 
0.859611 
0.476620 
0.549297 
0.032129 
0.988870 
0.937589 
0.059042 
0.322052 
0.728774 
0.507261 
0.527306 
0.424006 
0.274483 
0.236001 
0.470175 
0.235258 
0.976285 
0.414871 
0.729618 
0.682670 
0.636089 
0.740963 
0.363478 
0.968790 
0.449943 
0.184796 
0.869471 
0.199089 
0.086383 
0.834997 
0.787584 
0.921559 
0.649233 
0.660263 
0.039018 
0.781764 
0.109170 
0.812115 
0.220139 
0.878916 
0.934802 
0.209237 
0.654634 
0.440527 
0.937347 
0.994605 
0.328687 
0.239220 
0.568849 
0.648969 
0.225607 
0.782123 
0.138049 
0.184918 
0.912380 
0.376390 
0.988030 
0.820282 
0.486798 
0.619007 
0.658359 
0.038442 
0.100537 
0.733699 
0.272955 
0.548300 
0.273470 
0.202354 
0.971936 
0.321004 
0.107211 
0.890376 
0.541248 
0.757022 
0.275114 
0.833555 
0.552958 
0.556752 
0.322870 
0.474007 
0.641518 
0.997728 
0.808500 
0.456067 
0.124092 
0.612383 
0.329281 
0.233556 
0.376610 
0.690255 
0.113275 
0.806436 
0.770663 
0.536181 
0.586739 
0.321015 
0.293690 
0.041254 
0.349260 
0.013716 
0.520079 
0.974087 
0.485028 
0.866360 
0.918332 
0.401639 
0.345519 
0.131625 
0.219802 
0.205745 
0.954470 
0.778890 
0.805656 
0.658239 
0.021321 
0.340248 
0.551588 
0.539853 
0.317133 
0.046540 
0.205239 
0.452998 
0.541142 
0.968368 
0.365936 
0.282010 
0.734507 
0.866779 
0.952508 
0.803328 
0.541396 
0.238545 
0.224676 
0.124274 
0.667587 
0.130252 
0.149997 
0.004560 
0.635025 
0.867719 
0.754402 
0.226781 
0.512016 
0.456606 
0.177511 
0.421103 
0.476312 
0.367763 
0.992573 
0.173652 
0.572598 
0.649074 
0.984192 
0.323119 
0.653946 
0.869561 
0.710627 
0.505558 
0.913293 
0.722163 
0.389190 
0.112725 
0.575171 
0.897246 
0.013809 
0.086934 
0.102349 
0.181742 
0.540072 
0.984796 
0.468660 
0.771774 
0.205671 
0.718843 
0.592898 
0.837388 
0.975411 
0.729878 
0.063911 
0.147580 
0.378354 
0.000579 
0.732129 
0.897245 
0.996176 
0.732297 
0.723558 
0.842995 
0.215486 
0.669749 
0.477140 
0.289567 
0.750869 
0.855748 
0.562717 
0.592301 
0.810486 
0.838913 
0.614847 
0.733044 
0.278792 
0.656566 
0.896668 
0.301684 
0.400276 
0.433377 
0.759182 
0.569572 
0.801481 
0.499213 
0.280241 
0.010145 
0.504318 
0.073339 
0.609886 
0.360118 
0.503891 
0.901364 
0.222361 
0.221333 
0.944099 
0.463741 
0.089439 
0.193659 
0.821666 
0.747582 
0.605299 
0.258876 
0.930133 
0.737919 
0.207221 
0.764984 
0.088763 
0.838442 
0.697152 
0.030451 
0.798092 
0.536253 
0.798363 
0.080610 
0.820435 
0.044127 
0.643586 
0.742229 
0.638249 
0.057500 
0.399505 
0.477660 
0.025454 
0.808448 
0.583646 
0.343772 
0.775908 
0.681776 
0.604067 
0.558192 
0.532796 
0.705556 
0.277485 
0.684167 
0.792599 
0.204912 
0.951953 
0.471385 
0.565872 
0.609309 
0.649574 
0.387866 
0.864666 
0.447127 
0.869816 
0.990539 
0.997306 
0.728578 
0.216006 
0.415107 
0.695442 
0.299905 
0.498583 
0.687712 
0.374623 
0.281441 
0.180138 
0.587316 
0.020015 
0.391477 
0.560101 
0.615549 
0.533558 
0.508839 
0.049713 
0.520431 
0.881814 
0.652870 
0.788214 
0.511764 
0.218032 
0.468359 
0.713130 
0.572465 
0.418394 
0.952278 
0.938581 
0.734695 
0.018786 
0.744380 
0.802000 
0.212827 
0.981275 
0.285296 
0.967097 
0.001388 
0.323332 
0.236294 
0.398252 
0.423545 
0.513143 
0.395340 
0.472602 
0.027280 
0.501848 
0.560422 
0.007119 
0.652734 
0.504088 
0.208294 
0.804750 
0.427357 
0.594891 
0.333935 
0.447152 
0.284660 
0.282538 
0.613015 
0.937471 
0.076192 
0.565737 
0.342369 
0.203087 
0.283871 
0.019354 
0.285742 
0.465659 
0.329275 
0.116607 
0.807442 
0.679925 
0.504353 
0.665607 
0.863542 
0.548480 
0.311275 
0.594822 
0.177746 
0.369710 
0.710412 
0.898549 
0.909032 
0.096875 
0.175039 
0.881114 
0.884335 
0.021570 
0.521963 
0.638709 
0.775161 
0.127771 
0.441929 
0.507045 
0.908932 
0.426876 
0.510267 
0.061859 
0.660535 
0.615683 
0.791826 
0.211456 
0.943011 
0.181397 
0.737101 
0.450248 
0.324044 
0.210358 
0.478751 
0.364711 
0.703581 
0.088960 
0.145154 
0.596482 
0.079527 
0.606681 
0.488964 
0.025219 
0.854363 
0.273094 
0.889261 
0.804357 
0.821487 
0.730195 
0.394920 
0.427352 
0.499621 
0.124440 
0.463565 
0.136604 
0.906957 
0.222839 
0.263358 
0.255994 
0.490589 
0.325747 
0.832298 
0.428374 
0.678196 
0.439441 
0.677176 
0.288821 
0.215154 
0.097421 
0.361209 
0.833796 
0.608840 
0.779314 
0.935807 
0.107824 
0.205264 
0.873736 
0.881094 
0.554884 
0.938378 
0.315926 
0.761405 
0.938302 
0.040822 
0.098810 
0.696789 
0.926729 
0.529422 
0.990315 
0.229677 
0.174291 
0.302691 
0.324298 
0.481818 
0.909688 
0.126248 
0.855282 
0.726260 
0.251949 
0.513031 
0.506970 
0.640466 
0.308325 
0.022067 
0.883077 
0.877764 
0.586600 
0.988608 
0.533605 
0.298738 
0.895594 
0.254389 
0.522329 
0.784608 
0.900972 
0.630789 
0.676176 
0.496007 
0.397731 
0.670142 
0.073994 
0.622731 
0.232553 
0.510597 
0.599899 
0.509417 
0.764538 
0.587626 
0.234623 
0.309726 
0.563410 
0.235998 
0.417872 
0.168220 
0.265916 
0.256039 
0.246170 
0.378428 
0.236918 
0.888060 
0.625597 
0.416166 
0.505559 
0.925182 
0.528063 
0.153674 
0.802276 
0.848605 
0.496250 
0.474581 
0.282439 
0.953590 
0.980251 
0.079727 
0.978265 
0.705021 
0.286810 
0.413895 
0.333437 
0.068812 
0.530933 
0.383784 
0.263237 
0.225106 
0.355330 
0.033875 
0.333615 
0.059636 
0.302058 
0.690845 
0.035201 
0.626581 
0.951508 
0.992827 
0.448572 
0.143237 
0.388163 
0.859252 
0.443538 
0.540702 
0.579830 
0.196275 
0.788354 
0.866914 
0.226929 
0.999941 
0.004079 
0.553383 
0.711540 
0.853412 
0.303505 
0.005621 
0.478497 
0.107049 
0.173764 
0.459606 
0.593635 
0.227822 
0.997777 
0.629791 
0.900017 
0.590998 
0.898577 
0.390408 
0.591610 
0.191591 
0.074778 
0.798807 
0.544243 
0.095173 
0.570849 
0.259195 
0.283721 
0.504210 
0.249842 
0.094476 
0.853679 
0.775054 
0.331650 
0.045702 
0.108023 
0.538256 
0.476959 
0.252842 
0.510616 
0.923473 
0.807730 
0.510979 
0.018681 
0.963287 
0.958325 
0.576023 
0.218852 
0.248475 
0.111309 
0.775808 
0.006526 
0.677440 
0.727765 
0.554758 
0.812853 
0.625733 
0.689977 
0.442224 
0.450650 
0.068191 
0.084694 
0.452598 
0.815043 
0.420171 
0.817961 
0.478883 
0.579167 
0.057661 
0.103664 
0.282681 
0.020774 
0.143380 
0.786750 
0.902873 
0.584658 
0.339883 
0.418916 
0.712905 
0.787108 
0.931016 
0.592908 
0.005224 
0.803278 
0.686013 
0.815990 
0.340986 
0.958105 
0.872374 
0.985983 
0.408668 
0.485330 
0.934349 
0.607657 
0.894842 
0.614396 
0.154513 
0.897786 
0.088108 
0.838472 
0.204379 
0.994501 
0.579024 
0.651303 
0.443019 
0.825476 
0.782011 
0.266427 
0.843648 
0.188815 
0.407892 
0.432574 
0.263586 
0.096143 
0.874021 
0.677978 
0.775228 
0.263220 
0.944233 
0.727189 
0.870072 
0.297680 
0.109020 
0.294779 
0.353658 
0.938242 
0.037169 
0.692858 
0.870270 
0.633811 
0.458896 
0.664261 
0.228093 
0.562999 
0.331606 
0.307323 
0.175400 
0.954134 
0.130263 
0.327828 
0.806182 
0.499156 
0.316017 
0.291570 
0.417413 
0.459786 
0.620703 
0.150444 
0.513084 
0.410516 
0.546569 
0.187167 
0.721148 
0.327869 
0.496867 
0.840497 
0.241306 
0.624362 
0.658882 
0.826938 
0.355128 
0.640572 
0.100196 
0.993276 
0.988410 
0.201419 
0.243907 
0.351195 
0.539621 
0.412260 
0.845600 
0.996994 
0.473477 
0.721242 
0.909860 
0.019211 
0.877905 
0.944372 
0.062664 
0.192969 
0.237482 
0.353537 
0.898863 
0.183410 
0.569211 
0.736194 
0.212620 
0.512041 
0.872257 
0.017901 
0.864159 
0.926168 
0.102975 
0.696000 
0.666175 
0.398846 
0.401891 
0.589203 
0.734952 
0.338050 
0.608128 
0.800845 
0.799534 
0.760861 
0.794802 
0.232161 
0.934521 
0.499563 
0.159863 
0.825790 
0.047460 
0.654148 
0.259130 
0.200521 
0.148179 
0.450829 
0.081617 
0.736952 
0.947829 
0.168588 
0.453428 
0.768269 
0.302687 
0.255426 
0.949282 
0.582853 
0.005087 
0.503593 
0.885420 
0.259327 
0.503522 
0.698598 
0.342981 
0.490043 
0.157993 
0.388031 
0.643192 
0.124212 
0.626907 
0.419025 
0.554700 
0.837868 
0.042699 
0.645754 
0.184739 
0.906515 
0.789636 
0.407540 
0.522765 
0.106693 
0.183274 
0.279654 
0.145499 
0.409244 
0.167848 
0.013555 
0.821696 
0.243953 
0.126436 
0.015226 
0.897450 
0.434418 
0.255696 
0.475678 
0.725701 
0.854390 
0.724691 
0.882712 
0.742658 
0.851399 
0.465329 
0.777890 
0.995796 
0.351513 
0.885650 
0.113047 
0.973480 
0.270458 
0.585241 
0.143280 
0.099259 
0.251145 
0.987507 
0.033039 
0.278254 
0.608985 
0.215139 
0.836224 
0.419067 
0.261773 
0.619338 
0.205533 
0.391922 
0.040803 
0.774203 
0.035488 
0.440385 
0.556550 
0.936376 
0.678464 
0.951789 
0.709694 
0.826570 
0.159266 
0.777522 
0.812800 
0.736587 
0.813404 
0.877174 
0.667812 
0.915116 
0.350494 
0.760795 
0.673424 
0.234801 
0.292747 
0.191361 
0.204553 
0.915654 
0.400759 
0.559785 
0.311509 
0.533004 
0.203512 
0.434206 
0.704895 
0.175811 
0.857837 
0.665486 
0.827379 
0.756753 
0.741415 
0.965950 
0.723890 
0.415080 
0.253746 
0.701755 
0.401014 
0.850217 
0.590045 
0.881842 
0.123133 
0.499290 
0.568759 
0.128509 
0.853354 
0.313759 
0.342319 
0.362637 
0.835416 
0.830620 
0.224025 
0.190335 
0.959132 
0.136405 
0.562092 
0.076792 
0.638337 
0.528012 
0.297595 
0.672858 
0.716042 
0.510220 
0.263084 
0.650802 
0.025290 
0.042061 
0.921671 
0.530536 
0.713777 
0.446368 
0.100476 
0.697699 
0.221325 
0.804985 
0.379556 
0.204837 
0.687564 
0.884021 
0.748045 
0.387246 
0.438534 
0.436519 
0.571694 
0.457794 
0.138971 
0.679736 
0.319178 
0.416589 
0.609515 
0.117790 
0.700993 
0.585170 
0.959839 
0.007239 
0.659165 
0.583759 
0.233535 
0.021771 
0.898478 
0.723572 
0.068105 
0.636886 
0.145632 
0.630884 
0.273617 
0.673945 
0.000045 
0.748569 
0.194823 
0.382252 
0.509168 
0.587957 
0.789295 
0.676407 
0.373574 
0.663329 
0.571418 
0.823206 
0.617739 
0.342460 
0.718656 
0.445007 
0.234392 
0.425139 
0.308417 
0.556748 
0.259492 
0.280999 
0.749619 
0.848959 
0.459411 
0.324576 
0.156790 
0.165906 
0.386987 
0.090485 
0.776787 
0.456474 
0.955902 
0.841485 
0.838343 
0.024015 
0.619027 
0.981103 
0.393750 
0.752814 
0.547839 
0.528291 
0.987226 
0.299353 
0.225549 
0.797119 
0.186646 
0.965882 
0.582727 
0.890191 
0.441716 
0.926020 
0.610127 
0.411258 
0.014554 
0.617476 
0.914198 
0.928133 
0.130840 
0.027298 
0.796237 
0.354323 
0.101314 
0.777447 
0.543723 
0.358088 
0.387989 
0.923682 
0.329197 
0.807216 
0.877797 
0.131495 
0.044032 
0.042952 
0.896873 
0.748965 
0.849819 
0.909644 
0.382790 
0.554635 
0.754283 
0.241317 
0.822080 
0.698024 
0.684193 
0.233411 
0.939291 
0.666120 
0.481415 
0.147752 
0.266519 
0.390538 
0.764179 
0.555429 
0.089798 
0.240828 
0.598280 
0.289461 
0.968132 
0.389138 
0.248796 
0.513351 
0.892545 
0.001696 
0.509898 
0.854648 
0.067692 
0.700571 
0.492445 
0.523956 
0.127946 
0.390608 
0.947182 
0.281333 
0.367880 
0.960169 
0.562818 
0.284229 
0.044140 
0.864281 
0.976317 
0.952730 
0.532570 
0.902833 
0.907755 
0.636587 
0.114599 
0.062995 
0.748745 
0.150991 
0.704052 
0.995862 
0.457137 
0.097443 
0.721308 
0.018966 
0.765320 
0.730534 
0.089168 
0.638947 
0.775101 
0.118224 
0.988023 
0.709719 
0.252465 
0.182621 
0.307945 
0.635679 
0.864112 
0.134405 
0.951099 
0.127974 
0.866929 
0.468506 
0.176847 
0.273559 
0.707005 
0.637857 
0.466617 
0.429674 
0.522837 
0.320656 
0.272668 
0.732390 
0.284762 
0.000974 
0.365157 
0.198065 
0.885659 
0.268056 
0.210911 
0.789469 
0.609754 
0.131184 
0.804904 
0.016813 
0.582089 
0.177653 
0.805751 
0.251132 
0.775804 
0.935869 
0.154288 
0.122917 
0.861367 
0.990234 
0.862199 
0.971182 
0.651560 
0.762698 
0.660726 
0.827938 
0.161591 
0.859898 
0.303157 
0.166320 
0.345537 
0.442527 
0.558436 
0.627169 
0.830961 
0.957396 
0.959333 
0.505618 
0.922198 
0.389970 
0.226879 
0.159882 
0.132513 
0.144915 
0.582330 
0.216450 
0.881322 
0.377651 
0.176383 
0.468736 
0.042393 
0.497114 
0.998507 
0.900466 
0.131149 
0.218270 
0.470365 
0.429559 
0.598364 
0.704703 
0.946362 
0.499551 
0.952152 
0.812892 
0.282209 
0.079646 
0.616649 
0.023715 
0.584065 
0.381243 
0.555006 
0.987493 
0.802693 
0.858073 
0.633142 
0.224456 
0.430893 
0.012295 
0.644629 
0.272991 
0.153716 
0.510609 
0.807658 
0.311541 
0.063421 
0.914028 
0.073707 
0.800286 
0.409792 
0.378772 
0.020261 
0.525835 
0.712065 
0.683052 
0.052248 
0.129674 
0.429482 
0.309392 
0.957147 
0.772217 
0.657424 
0.319219 
0.110741 
0.222097 
0.776237 
0.215794 
0.842525 
0.325911 
0.582429 
0.886363 
0.099178 
0.885248 
0.355031 
0.014182 
0.363980 
0.406876 
0.363145 
0.374579 
0.554356 
0.056544 
0.341673 
0.505459 
0.249587 
0.813773 
0.076614 
0.643631 
0.514144 
0.210294 
0.410428 
0.062016 
0.310286 
0.970002 
0.818945 
0.010671 
0.348280 
0.536234 
0.491679 
0.640844 
0.670279 
0.380058 
0.626620 
0.607553 
0.147918 
0.064705 
0.490546 
0.601839 
0.113046 
0.958492 
0.375594 
0.601049 
0.828277 
0.850000 
0.944303 
0.897067 
0.007106 
0.425636 
0.672090 
0.808660 
0.153872 
0.120429 
0.056181 
0.240306 
0.829663 
0.140852 
0.298776 
0.533232 
0.032603 
0.954744 
0.386806 
0.046105 
0.892577 
0.542193 
0.641085 
0.713804 
0.904453 
0.138754 
0.032812 
0.472196 
0.204158 
0.279691 
0.773268 
0.318307 
0.781951 
0.257937 
0.147343 
0.398207 
0.669192 
0.111895 
0.620755 
0.020987 
0.724335 
0.901715 
0.118043 
0.952519 
0.989361 
0.194620 
0.977054 
0.338312 
0.001507 
0.327446 
0.380780 
0.764317 
0.880126 
0.285162 
0.712101 
0.281566 
0.273058 
0.291083 
0.239671 
0.151106 
0.641962 
0.462198 
0.157781 
0.832559 
0.815265 
0.159970 
