0.000001 
0.014643 
0.107202 
0.737558 
0.134397 
0.807501 
0.672638 
0.020477 
0.155885 
0.963575 
0.810408 
0.532387 
0.828032 
0.736163 
0.684419 
0.026719 
0.069062 
0.720498 
0.403306 
0.370683 
0.061826 
0.116258 
0.951745 
0.975299 
0.846682 
0.178252 
0.883743 
0.066311 
0.482378 
0.334797 
0.927602 
0.210274 
0.072532 
0.049551 
0.806105 
0.209206 
0.126237 
0.666761 
0.244019 
0.230948 
0.548653 
0.209755 
0.351586 
0.097610 
0.528767 
0.991253 
0.995287 
0.788558 
0.287038 
0.240348 
0.525740 
0.111729 
0.836132 
0.875965 
0.350698 
0.184776 
0.534972 
0.274024 
0.514912 
0.128358 
0.315857 
0.605936 
0.962336 
0.982264 
0.910633 
0.007392 
0.230378 
0.956373 
0.761246 
0.266912 
0.984520 
0.822974 
0.729959 
0.420048 
0.752434 
0.157374 
0.978138 
0.573494 
0.707134 
0.793185 
0.052707 
0.846169 
0.558618 
0.688469 
0.099869 
0.490384 
0.875735 
0.476066 
0.245849 
0.985692 
0.518612 
0.307618 
0.128146 
0.749529 
0.335097 
0.973513 
0.831499 
0.003122 
0.466406 
0.892616 
0.203326 
0.295738 
0.473396 
0.374347 
0.651134 
0.610077 
0.566151 
0.301115 
0.843574 
0.955653 
0.656303 
0.479982 
0.055550 
0.626380 
0.569828 
0.093024 
0.456115 
0.925035 
0.058084 
0.222350 
0.029407 
0.242920 
0.754424 
0.612253 
0.142696 
0.285540 
0.072458 
0.805847 
0.873116 
0.456245 
0.116473 
0.559529 
0.001801 
0.276896 
0.798766 
0.859311 
0.434106 
0.015472 
0.034249 
0.626172 
0.072059 
0.093209 
0.569914 
0.549425 
0.191573 
0.763837 
0.802484 
0.344792 
0.925432 
0.728507 
0.010722 
0.201119 
0.209008 
0.803638 
0.745720 
0.316140 
0.362592 
0.078449 
0.495750 
0.077262 
0.549575 
0.711930 
0.403904 
0.406812 
0.281376 
0.089964 
0.031117 
0.976660 
0.721351 
0.747766 
0.695690 
0.453742 
0.048102 
0.456862 
0.473491 
0.959930 
0.549323 
0.470327 
0.789628 
0.279579 
0.879929 
0.959675 
0.253617 
0.535322 
0.162803 
0.229769 
0.729727 
0.517320 
0.592847 
0.984987 
0.668753 
0.731817 
0.643442 
0.336685 
0.657535 
0.183249 
0.860356 
0.008500 
0.854108 
0.987030 
0.008811 
0.083288 
0.828640 
0.949230 
0.710283 
0.725550 
0.310616 
0.523562 
0.507260 
0.524879 
0.647292 
0.036833 
0.054460 
0.312332 
0.357910 
0.392454 
0.966808 
0.147732 
0.927872 
0.750445 
0.721888 
0.764220 
0.251436 
0.876836 
0.977736 
0.813162 
0.812651 
0.227531 
0.113903 
0.366932 
0.022019 
0.066474 
0.224950 
0.727282 
0.433843 
0.600053 
0.097237 
0.260339 
0.509831 
0.735344 
0.927845 
0.294206 
0.726528 
0.751963 
0.241995 
0.210731 
0.751969 
0.347260 
0.393981 
0.643553 
0.191534 
0.113324 
0.644609 
0.941622 
0.843766 
0.181267 
0.561073 
0.946709 
0.331472 
0.044978 
0.941595 
0.390463 
0.512578 
0.900811 
0.931068 
0.453081 
0.928906 
0.117424 
0.546062 
0.664752 
0.488278 
0.490739 
0.856811 
0.416059 
0.700782 
0.048160 
0.429554 
0.515952 
0.611794 
0.422319 
0.913662 
0.913142 
0.172660 
0.902400 
0.634178 
0.625496 
0.707521 
0.307189 
0.926845 
0.489912 
0.943170 
0.851676 
0.115037 
0.430128 
0.162555 
0.064090 
0.163534 
0.517318 
0.556329 
0.229667 
0.014320 
0.670301 
0.751513 
0.673121 
0.147355 
0.600480 
0.263327 
0.731447 
0.433414 
0.390238 
0.724506 
0.769821 
0.376651 
0.368128 
0.127257 
0.805813 
0.293190 
0.637682 
0.517704 
0.043403 
0.482276 
0.620149 
0.839749 
0.662655 
0.249730 
0.206575 
0.913809 
0.392418 
0.370877 
0.334391 
0.116219 
0.294799 
0.693362 
0.335937 
0.086178 
0.401834 
0.632210 
0.557293 
0.430463 
0.787296 
0.088589 
0.908148 
0.239280 
0.574952 
0.226248 
0.556591 
0.632532 
0.964720 
0.045198 
0.638929 
0.472338 
0.578890 
0.396134 
0.829366 
0.151886 
0.746498 
0.386967 
0.754107 
0.282652 
0.539726 
0.173232 
0.505621 
0.972514 
0.046410 
0.013496 
0.821580 
0.293082 
0.833524 
0.032167 
0.637715 
0.077915 
0.518279 
0.711239 
0.796592 
0.318603 
0.761213 
0.703358 
0.343009 
0.950539 
0.709910 
0.449584 
0.158304 
0.615694 
0.966471 
0.477199 
0.275776 
0.959091 
0.438003 
0.524491 
0.124655 
0.076514 
0.978047 
0.036684 
0.552440 
0.865302 
0.136852 
0.073129 
0.075913 
0.866495 
0.187470 
0.810244 
0.774609 
0.857624 
0.088781 
0.137433 
0.835272 
0.420575 
0.609082 
0.843024 
0.696158 
0.326084 
0.489213 
0.204719 
0.716289 
0.672095 
0.901912 
0.426617 
0.157843 
0.872503 
0.161940 
0.728368 
0.677454 
0.971878 
0.349908 
0.898458 
0.381998 
0.232879 
0.998204 
0.819274 
0.537575 
0.018888 
0.458715 
0.628342 
0.536232 
0.458072 
0.817582 
0.101026 
0.936391 
0.924103 
0.396807 
0.138336 
0.019610 
0.591779 
0.030544 
0.355125 
0.584590 
0.210397 
0.148406 
0.264016 
0.317369 
0.028848 
0.841056 
0.620301 
0.405069 
0.987315 
0.806633 
0.088167 
0.826121 
0.615554 
0.608135 
0.932422 
0.212828 
0.997538 
0.620820 
0.114957 
0.076362 
0.413651 
0.233483 
0.156965 
0.104426 
0.091074 
0.687177 
0.389919 
0.374502 
0.247837 
0.401267 
0.100397 
0.369736 
0.152508 
0.205125 
0.542472 
0.325527 
0.130746 
0.447631 
0.340616 
0.731696 
0.617336 
0.571014 
0.040514 
0.919796 
0.012401 
0.416425 
0.849773 
0.131397 
0.396675 
0.917001 
0.043815 
0.399996 
0.739551 
0.628432 
0.055612 
0.678111 
0.012412 
0.603037 
0.236793 
0.784700 
0.450421 
0.219010 
0.906654 
0.131825 
0.589860 
0.771933 
0.873023 
0.901647 
0.976387 
0.140749 
0.574197 
0.523926 
0.621830 
0.104924 
0.462206 
0.294602 
0.376171 
0.307508 
0.281577 
0.460719 
0.304168 
0.144087 
0.663969 
0.334781 
0.665568 
0.193589 
0.650740 
0.984484 
0.226229 
0.236689 
0.025442 
0.597175 
0.721055 
0.778099 
0.515596 
0.630202 
0.800832 
0.588777 
0.579764 
0.099080 
0.242759 
0.045585 
0.147635 
0.295393 
0.677829 
0.274547 
0.309153 
0.931685 
0.837037 
0.082374 
0.458465 
0.413247 
0.440445 
0.566066 
0.864131 
0.453369 
0.773655 
0.822881 
0.153055 
0.397267 
0.858486 
0.576893 
0.838541 
0.362877 
0.875591 
0.056842 
0.337081 
0.313337 
0.259033 
0.561327 
0.216142 
0.694122 
0.104736 
0.302912 
0.041049 
0.908945 
0.632804 
0.532549 
0.549096 
0.662806 
0.787234 
0.045936 
0.049398 
0.231441 
0.828427 
0.376579 
0.156911 
0.207626 
0.570544 
0.140123 
0.047253 
0.175068 
0.371554 
0.699829 
0.029085 
0.832480 
0.497641 
0.852572 
0.178646 
0.499412 
0.616317 
0.439257 
0.584562 
0.737223 
0.505273 
0.121841 
0.789044 
0.454441 
0.787609 
0.349850 
0.923151 
0.405915 
0.208838 
0.936064 
0.431682 
0.281693 
0.412905 
0.695429 
0.068839 
0.976926 
0.196179 
0.188128 
0.861524 
0.629121 
0.642067 
0.218114 
0.844391 
0.687041 
0.100213 
0.284589 
0.087960 
0.342721 
0.119118 
0.013306 
0.638455 
0.506964 
0.548091 
0.767812 
0.612449 
0.435570 
0.626061 
0.211324 
0.721003 
0.893352 
0.563260 
0.715344 
0.779369 
0.850890 
0.900627 
0.846351 
0.623111 
0.624794 
0.919827 
0.536039 
0.215216 
0.135065 
0.035774 
0.254229 
0.819281 
0.657952 
0.201608 
0.424176 
0.126021 
0.029111 
0.269317 
0.410824 
0.719236 
0.194409 
0.435535 
0.042261 
0.281555 
0.097599 
0.345411 
0.323953 
0.673799 
0.533267 
0.616199 
0.464531 
0.364471 
0.669143 
0.279936 
0.890799 
0.664027 
0.298011 
0.678843 
0.318618 
0.015726 
0.312229 
0.628087 
0.252829 
0.300470 
0.002323 
0.049223 
0.296286 
0.685589 
0.690175 
0.763335 
0.379510 
0.431059 
0.809526 
0.697027 
0.926802 
0.756017 
0.381700 
0.229403 
0.574866 
0.780741 
0.921735 
0.596339 
0.661304 
0.534749 
0.534091 
0.472857 
0.302278 
0.387866 
0.855564 
0.468680 
0.100826 
0.580436 
0.389009 
0.079045 
0.503117 
0.895441 
0.673722 
0.252067 
0.485667 
0.606471 
0.961925 
0.074077 
0.004257 
0.545991 
0.473281 
0.438487 
0.647699 
0.878027 
0.997370 
0.792174 
0.069877 
0.422788 
0.789721 
0.834702 
0.833046 
0.004011 
0.410780 
0.983698 
0.010004 
0.136145 
0.185563 
0.751049 
0.875349 
0.998290 
0.260132 
0.038985 
0.225521 
0.323953 
0.675051 
0.579313 
0.513051 
0.848552 
0.607229 
0.702612 
0.807075 
0.509154 
0.351452 
0.848875 
0.039176 
0.425238 
0.970182 
0.843766 
0.181948 
0.004860 
0.684372 
0.234033 
0.395727 
0.991044 
0.483345 
0.573809 
0.999598 
0.249350 
0.817762 
0.118130 
0.411409 
0.553836 
0.315914 
0.572195 
0.880736 
0.526553 
0.773220 
0.516057 
0.369440 
0.178780 
0.756920 
0.559769 
0.038838 
0.756465 
0.914087 
0.063610 
0.094344 
0.637759 
0.823408 
0.018751 
0.140600 
0.056258 
0.529035 
0.499547 
0.891231 
0.922749 
0.650381 
0.947019 
0.556473 
0.645409 
0.388772 
0.098287 
0.911783 
0.337991 
0.622522 
0.721033 
0.398888 
0.115148 
0.285525 
0.825990 
0.417823 
0.350309 
0.646291 
0.210632 
0.096833 
0.472748 
0.469233 
0.396353 
0.510632 
0.186681 
0.555083 
0.273569 
0.881267 
0.458248 
0.774721 
0.733511 
0.118145 
0.665899 
0.768093 
0.334176 
0.498535 
0.872995 
0.422415 
0.523006 
0.160055 
0.050669 
0.587677 
0.093974 
0.421940 
0.538998 
0.937783 
0.326074 
0.324797 
0.858866 
0.959680 
0.350124 
0.527788 
0.532031 
0.844546 
0.282531 
0.503046 
0.700010 
0.065810 
0.072733 
0.429917 
0.607560 
0.259969 
0.291217 
0.491944 
0.095778 
0.741584 
0.797163 
0.913364 
0.907200 
0.314919 
0.848191 
0.543546 
0.381266 
0.937966 
0.394543 
0.082318 
0.526328 
0.999603 
0.335361 
0.418053 
0.220621 
0.976359 
0.665775 
0.677372 
0.592527 
0.603974 
0.994053 
0.048147 
0.203889 
0.755369 
0.487934 
0.704415 
0.103138 
0.443963 
0.688196 
0.517154 
0.801612 
0.690534 
0.808619 
0.455517 
0.872056 
0.637677 
0.430385 
0.476301 
0.193697 
0.460627 
0.755681 
0.735014 
0.372947 
0.112929 
0.003809 
0.023778 
0.638199 
0.205928 
0.035853 
0.573762 
0.221900 
0.470880 
0.072500 
0.513171 
0.863795 
0.798449 
0.539446 
0.464144 
0.876184 
0.028176 
0.555282 
0.630581 
0.173962 
0.782729 
0.327708 
0.781258 
0.595692 
0.795400 
0.284287 
0.017310 
0.930548 
0.720105 
0.803384 
0.474706 
0.382857 
0.670558 
0.069806 
0.226183 
0.451140 
0.314570 
0.979776 
0.090014 
0.864946 
0.144146 
0.667983 
0.791471 
0.249931 
0.584413 
0.228558 
0.382662 
0.391865 
0.075757 
0.244161 
0.610024 
0.668568 
0.626806 
0.735988 
0.747973 
0.180146 
0.707779 
0.649650 
0.668597 
0.102931 
0.968867 
0.753354 
0.619571 
0.135435 
0.250710 
0.674869 
0.516847 
0.645013 
0.730371 
0.351958 
0.349846 
0.858506 
0.903785 
0.908876 
0.485975 
0.774301 
0.678814 
0.824375 
0.272867 
0.080527 
0.413606 
0.469019 
0.808894 
0.087765 
0.063488 
0.048961 
0.894517 
0.150479 
0.100023 
0.086938 
0.167707 
0.653811 
0.600117 
0.172048 
0.607860 
0.299939 
0.075261 
0.918093 
0.397183 
0.457762 
0.601260 
0.376001 
0.455516 
0.859275 
0.836469 
0.526894 
0.500636 
0.184798 
0.900276 
0.931823 
0.148931 
0.081916 
0.759430 
0.744917 
0.816842 
0.671789 
0.749672 
0.733003 
0.573347 
0.234956 
0.899741 
0.954743 
0.359797 
0.109198 
0.298610 
0.740588 
0.061349 
0.085652 
0.553482 
0.376616 
0.780916 
0.847012 
0.738488 
0.773791 
0.111859 
0.009953 
0.285849 
0.262570 
0.010819 
0.831767 
0.501781 
0.439333 
0.876657 
0.968356 
0.165941 
0.965371 
0.996104 
0.521308 
0.618523 
0.520281 
0.363273 
0.529570 
0.484321 
0.982011 
0.655499 
0.964280 
0.661543 
0.548847 
0.476403 
0.908979 
0.203041 
0.507331 
0.708477 
0.370068 
0.740919 
0.631211 
0.767180 
0.993577 
0.043853 
0.035670 
0.501779 
0.403911 
0.536628 
0.098668 
0.315444 
0.660855 
0.986827 
0.597375 
0.076815 
0.024748 
0.943226 
0.799167 
0.605821 
0.032854 
0.182126 
0.996920 
0.238468 
0.926735 
0.634412 
0.569743 
0.675074 
0.965810 
0.375181 
0.661783 
0.585344 
0.879865 
0.887533 
0.760481 
0.406630 
0.222581 
0.913149 
0.291832 
0.828300 
0.236419 
0.491055 
0.154245 
0.398719 
0.275216 
0.562955 
0.589541 
0.420402 
0.701171 
0.583226 
0.271880 
0.493617 
0.223851 
0.262161 
0.148001 
0.449948 
0.284434 
0.477052 
0.810446 
0.161212 
0.494696 
0.356985 
0.846568 
0.275944 
0.782806 
0.614277 
0.146713 
0.799002 
0.831937 
0.357678 
0.498991 
0.547963 
0.612046 
0.660243 
0.705177 
0.905873 
0.008546 
0.632088 
0.500860 
0.955864 
0.199652 
0.555875 
0.587147 
0.180358 
0.272730 
0.769838 
0.670883 
0.531273 
0.109345 
0.757522 
0.677480 
0.408292 
0.160050 
0.962434 
0.630654 
0.399572 
0.600352 
0.121163 
0.391917 
0.945071 
0.803979 
0.471187 
0.231972 
0.747702 
0.627609 
0.228719 
0.078572 
0.556058 
0.663067 
0.161854 
0.276459 
0.444687 
0.850531 
0.870684 
0.584409 
0.168546 
0.750902 
0.410254 
0.146545 
0.984984 
0.630983 
0.930451 
0.092158 
0.891148 
0.522847 
0.486215 
0.823038 
0.807376 
0.569653 
0.159114 
0.227785 
0.379877 
0.589879 
0.104225 
0.704432 
0.392416 
0.343688 
0.372115 
0.143330 
0.944241 
0.859979 
0.671723 
0.653182 
0.025808 
0.756496 
0.434173 
0.144246 
0.334820 
0.314976 
0.804636 
0.513560 
0.396481 
0.653288 
0.813093 
0.646561 
0.754787 
0.698923 
0.790526 
0.367480 
0.242507 
0.812357 
0.278793 
0.665855 
0.032023 
0.205201 
0.817982 
0.828087 
0.663736 
0.411532 
0.613900 
0.824047 
0.760708 
0.227111 
0.051552 
0.429205 
0.646982 
0.819079 
0.258021 
0.555683 
0.360108 
0.335710 
0.285834 
0.019592 
0.288648 
0.308934 
0.249786 
0.147681 
0.069758 
0.421201 
0.131941 
0.529156 
0.520457 
0.315810 
0.817836 
0.370146 
0.037530 
0.759648 
0.412119 
0.478233 
0.657609 
0.441987 
0.477437 
0.279284 
0.930775 
0.540124 
0.871626 
0.410048 
0.677648 
0.228070 
0.172816 
0.515178 
0.603985 
0.173073 
0.843513 
0.920028 
0.918487 
0.005722 
0.176843 
0.201690 
0.795497 
0.914184 
0.682455 
0.028132 
0.820629 
0.309946 
0.257973 
0.753496 
0.999899 
0.301396 
0.564613 
0.443292 
0.409968 
0.329861 
0.974036 
0.624675 
0.917310 
0.225263 
0.992637 
0.243110 
0.948272 
0.605141 
0.607420 
0.900576 
0.988839 
0.422277 
0.216457 
0.000823 
0.828138 
0.514048 
0.597600 
0.865341 
0.784930 
0.322752 
0.485828 
0.307970 
0.044099 
0.163586 
0.398144 
0.608234 
0.586259 
0.252067 
0.491803 
0.732097 
0.356498 
0.655780 
0.693771 
0.209993 
0.356260 
0.668425 
0.216081 
0.677257 
0.662998 
0.014610 
0.546708 
0.527322 
0.703643 
0.119653 
0.014163 
0.039389 
0.008650 
0.388012 
0.319008 
0.565951 
0.943251 
0.213261 
0.270192 
0.110452 
0.360606 
0.711452 
0.369016 
0.057379 
0.366582 
0.142576 
0.276198 
0.060730 
0.695427 
0.038246 
0.795712 
0.534975 
0.324762 
0.274393 
0.717662 
0.744662 
0.535936 
0.474741 
0.972511 
0.990592 
0.885991 
0.844422 
0.200341 
0.137586 
0.415251 
0.115512 
0.414754 
0.776312 
0.481505 
0.659775 
0.841037 
0.316364 
0.135066 
0.054628 
0.128760 
0.072502 
0.546120 
0.637883 
0.896856 
0.456501 
0.414214 
0.694359 
0.086010 
0.575740 
0.468450 
0.231054 
0.326475 
0.070634 
0.145365 
0.144277 
0.868883 
0.322101 
0.556217 
0.339912 
0.899995 
0.209204 
0.090658 
0.695976 
0.262225 
0.207449 
0.588792 
0.821294 
0.486760 
0.978607 
0.447306 
0.877348 
0.594843 
0.521730 
0.718574 
0.075533 
0.489147 
0.094651 
0.791032 
0.880011 
0.343150 
0.319965 
0.643732 
0.205273 
0.027094 
0.364053 
0.641173 
0.187713 
0.889943 
0.266661 
0.777557 
0.394949 
0.911882 
0.004085 
0.649937 
0.493232 
0.756272 
0.670182 
0.755029 
0.777979 
0.496479 
0.327776 
0.939365 
0.899892 
0.492952 
0.037559 
0.249266 
0.416145 
0.147189 
0.809863 
0.360360 
0.564133 
0.390475 
0.707463 
0.323274 
0.259196 
0.300016 
0.365884 
0.420123 
0.004050 
0.075067 
0.648080 
0.278541 
0.442042 
0.403140 
0.568866 
0.928285 
0.677728 
0.580467 
0.902607 
0.114854 
0.346781 
0.351698 
0.990910 
0.229710 
0.741562 
0.424651 
0.109262 
0.360680 
0.944590 
0.725992 
0.743155 
0.198668 
0.014037 
0.923514 
0.504550 
0.977946 
0.338542 
0.877782 
0.889308 
0.607178 
0.836257 
0.968541 
0.266803 
0.157798 
0.113995 
0.914127 
0.727357 
0.682619 
0.769530 
0.482446 
0.475388 
0.850233 
0.863115 
0.366808 
0.948430 
0.261043 
0.350439 
0.833479 
0.287058 
0.582595 
0.673215 
0.732469 
0.606401 
0.787257 
0.435916 
0.445843 
0.289041 
0.905851 
0.635252 
0.674207 
0.393807 
0.720521 
0.800729 
0.859564 
0.700087 
0.369957 
0.872061 
0.722781 
0.772293 
0.928575 
0.555231 
0.771566 
0.717873 
0.298170 
0.347878 
0.782046 
0.854360 
0.225369 
0.771829 
0.123102 
0.972982 
0.915582 
0.181802 
0.549282 
0.782577 
0.774957 
0.706286 
0.540936 
0.505920 
0.996159 
0.442628 
0.246943 
0.378810 
0.656803 
0.888758 
0.359735 
0.074232 
0.609968 
0.737176 
0.709253 
0.413409 
0.171723 
0.149523 
0.031892 
0.011008 
0.015236 
0.075562 
0.971400 
0.321618 
0.435381 
0.442490 
0.927552 
0.366067 
0.485939 
0.170262 
0.592325 
0.205608 
0.655685 
0.105143 
0.143605 
0.565540 
0.030046 
0.991162 
0.465780 
0.358621 
0.338921 
0.245066 
0.824533 
0.917945 
0.906786 
0.344348 
0.454106 
0.152123 
0.723968 
0.732430 
0.957321 
0.700798 
0.308520 
0.297152 
0.238206 
0.525733 
0.990006 
0.028913 
0.946389 
0.965196 
0.055933 
0.062747 
0.589108 
0.131971 
0.031358 
0.037246 
0.998125 
0.479501 
0.978236 
0.210598 
0.518582 
0.803271 
0.570002 
0.031356 
0.003295 
0.387200 
0.663614 
0.353964 
0.066322 
0.673631 
0.723726 
0.654861 
0.243548 
0.305513 
0.755187 
0.435392 
0.626292 
0.092507 
0.757059 
0.884287 
0.208833 
0.848816 
0.048420 
0.793561 
0.381234 
0.406266 
0.111830 
0.523544 
0.212316 
0.391795 
0.905120 
0.347961 
0.188351 
0.616436 
0.434503 
0.696734 
0.002458 
0.311255 
0.268580 
0.025047 
0.961854 
0.879663 
0.496257 
0.595350 
0.042048 
0.699316 
0.410437 
0.210968 
0.737470 
0.650494 
0.848256 
0.636733 
0.579514 
0.889370 
0.644970 
0.010040 
0.745475 
0.191596 
0.159014 
0.540020 
0.124326 
0.546543 
0.744625 
0.916917 
0.624926 
0.125157 
0.517058 
0.194115 
0.486539 
0.253467 
0.011670 
0.145327 
0.515601 
0.701437 
0.057780 
0.108420 
0.213265 
0.346475 
0.209273 
0.245682 
0.174288 
0.251279 
0.252568 
0.910456 
0.036971 
0.378266 
0.512387 
0.690176 
0.789624 
0.214941 
0.509336 
0.415319 
0.262177 
0.410709 
0.778883 
0.688284 
0.986030 
0.208304 
0.964220 
0.641329 
0.808936 
0.789023 
0.112382 
0.797041 
0.863638 
0.160486 
0.281036 
0.378640 
0.804068 
0.970367 
0.952979 
0.725195 
0.353630 
0.456881 
0.805509 
0.187517 
0.593906 
0.784874 
0.374141 
0.185140 
0.653682 
0.437558 
0.045041 
0.012047 
0.471436 
0.430521 
0.772605 
0.169965 
0.595791 
0.456288 
0.839074 
0.311970 
0.285594 
0.984927 
0.665029 
0.142025 
0.016476 
0.915916 
0.792104 
0.886561 
0.435371 
0.287426 
0.769355 
0.557818 
0.250875 
0.452987 
0.353966 
0.110627 
0.309050 
0.205454 
0.073258 
0.238879 
0.833467 
0.074760 
0.488554 
0.123246 
0.388990 
0.762319 
0.300369 
0.303657 
0.561534 
0.694736 
0.426356 
0.757898 
0.985698 
0.627829 
0.917451 
0.600417 
0.212120 
0.101895 
0.548958 
0.339118 
0.560246 
0.047750 
0.531979 
0.974817 
0.751210 
0.594801 
0.828149 
0.708251 
0.576275 
0.455806 
0.729304 
0.408981 
0.739077 
0.673076 
0.393183 
0.224601 
0.867664 
0.828785 
0.384115 
0.826166 
0.364154 
0.329109 
0.337095 
0.556596 
0.716564 
0.285951 
0.979542 
0.165395 
0.794166 
0.543673 
0.514179 
0.799831 
0.757395 
0.544121 
0.048773 
0.727694 
0.357574 
0.740477 
0.190807 
0.896597 
0.103451 
0.701835 
0.747338 
0.506684 
0.839990 
0.712136 
0.874382 
0.734359 
0.371818 
0.152564 
0.138271 
0.924490 
0.903698 
0.444625 
0.818115 
0.063361 
0.908332 
0.336393 
0.760779 
0.409190 
0.255997 
0.545859 
0.245607 
0.917083 
0.415605 
0.080427 
0.729214 
0.906255 
0.431452 
0.406372 
0.898653 
0.652880 
0.952216 
0.886115 
0.927559 
0.481874 
0.850590 
0.862214 
0.238327 
0.562420 
0.594766 
0.224329 
0.304820 
0.114457 
0.680828 
0.671403 
0.269837 
0.152847 
0.902440 
0.316880 
0.798293 
0.915381 
0.816847 
0.745732 
0.518694 
0.692087 
0.899793 
0.819815 
0.626134 
0.432277 
0.273642 
0.101641 
0.277091 
0.068216 
0.507232 
0.046242 
0.190783 
0.482144 
0.388342 
0.866393 
0.470952 
0.284860 
0.637319 
0.417440 
0.914435 
0.913892 
0.774821 
0.416548 
0.924872 
0.323621 
0.103012 
0.330280 
0.014677 
0.676578 
0.243183 
0.177192 
0.063249 
0.021927 
0.520241 
0.698759 
0.050592 
0.303229 
0.375260 
0.987672 
0.796647 
0.244314 
0.182332 
0.456473 
0.939263 
0.192147 
0.421428 
0.933834 
0.955880 
0.473873 
0.376896 
0.486426 
0.363680 
0.371194 
0.661809 
0.020146 
0.593223 
0.296812 
0.527210 
0.823271 
0.719136 
0.523847 
0.300043 
0.819423 
0.034946 
0.332472 
0.850212 
0.509488 
0.963389 
0.677552 
0.613482 
0.795584 
0.381604 
0.623119 
0.759228 
0.344414 
0.568659 
0.448532 
0.477902 
0.097718 
0.339601 
0.678523 
0.932315 
0.421481 
0.839361 
0.141044 
0.520861 
0.114460 
0.721329 
0.379457 
0.527380 
0.667280 
0.972894 
0.430669 
0.254182 
0.040291 
0.175747 
0.781469 
0.141945 
0.671812 
0.145459 
0.730487 
0.290095 
0.630777 
0.471705 
0.939754 
0.453084 
0.976795 
0.997150 
0.095029 
0.144909 
0.491004 
0.302001 
0.722817 
0.389261 
0.315490 
0.433991 
0.078766 
0.824733 
0.288747 
0.969063 
0.045407 
0.148625 
0.935742 
0.007601 
0.754545 
0.633147 
0.304199 
0.669416 
0.874923 
0.830823 
0.638373 
0.128866 
0.848204 
0.760258 
0.662620 
0.649338 
0.416696 
0.407122 
0.506198 
0.665026 
0.099371 
0.135531 
0.866910 
0.148885 
0.305117 
0.107806 
0.894268 
0.956649 
0.392406 
0.174592 
0.366665 
0.534738 
0.349491 
0.891048 
0.839543 
0.207204 
0.474735 
0.878352 
0.459463 
0.198359 
0.824685 
0.477708 
0.839616 
0.421473 
0.694104 
0.799696 
0.486081 
0.568011 
0.561403 
0.496958 
0.379303 
0.938135 
0.231602 
0.530520 
0.455624 
0.672426 
0.458923 
0.123097 
0.893999 
0.436224 
0.612891 
0.852151 
0.095617 
0.038849 
0.932019 
0.438213 
0.046592 
0.075453 
0.139662 
0.296917 
0.276537 
0.755064 
