0.000001 
0.009619 
0.659942 
0.638941 
0.681012 
0.770935 
0.100840 
0.817833 
0.324737 
0.855283 
0.737569 
0.324053 
0.362721 
0.256410 
0.489124 
0.704349 
0.001538 
0.842593 
0.461071 
0.217835 
0.149110 
0.090263 
0.043663 
0.852294 
0.506452 
0.939108 
0.595468 
0.024851 
0.666405 
0.263210 
0.763241 
0.784301 
0.741391 
0.554729 
0.333887 
0.644636 
0.399864 
0.512800 
0.628487 
0.984947 
0.001226 
0.610790 
0.554302 
0.149633 
0.874321 
0.716328 
0.330950 
0.279069 
0.305061 
0.160549 
0.349618 
0.022082 
0.132339 
0.224779 
0.860507 
0.536660 
0.637349 
0.929864 
0.219576 
0.416757 
0.433559 
0.818650 
0.058638 
0.522823 
0.091485 
0.583156 
0.097346 
0.091599 
0.510728 
0.802263 
0.637613 
0.369019 
0.110700 
0.533533 
0.081636 
0.059547 
0.803919 
0.464363 
0.553216 
0.901028 
0.581388 
0.387462 
0.074047 
0.501405 
0.111565 
0.075725 
0.708861 
0.819928 
0.531346 
0.333733 
0.055251 
0.596506 
0.469530 
0.397740 
0.813380 
0.478593 
0.711337 
0.447267 
0.216576 
0.990928 
0.519983 
0.346586 
0.070446 
0.984005 
0.164748 
0.921852 
0.563763 
0.156638 
0.623064 
0.838855 
0.632066 
0.138374 
0.651668 
0.583549 
0.716365 
0.939779 
0.866684 
0.354285 
0.471612 
0.378550 
0.295105 
0.827124 
0.468834 
0.686510 
0.166421 
0.030961 
0.368280 
0.675781 
0.850379 
0.321072 
0.256090 
0.111524 
0.380125 
0.761788 
0.374497 
0.166271 
0.514439 
0.181729 
0.318061 
0.652360 
0.212485 
0.243482 
0.197448 
0.503604 
0.078270 
0.481964 
0.374266 
0.296499 
0.260479 
0.863354 
0.384381 
0.293520 
0.185928 
0.891861 
0.501598 
0.357849 
0.371793 
0.729243 
0.390848 
0.988218 
0.976712 
0.597521 
0.534686 
0.467115 
0.794661 
0.873098 
0.156730 
0.165321 
0.543848 
0.461253 
0.274721 
0.230705 
0.461848 
0.281391 
0.342020 
0.337122 
0.001666 
0.007500 
0.049414 
0.495244 
0.572652 
0.565174 
0.876908 
0.192897 
0.027838 
0.873002 
0.540264 
0.219020 
0.064997 
0.404355 
0.996738 
0.181402 
0.819771 
0.883905 
0.783063 
0.931701 
0.099080 
0.230597 
0.635862 
0.936964 
0.553088 
0.757542 
0.011971 
0.201819 
0.975915 
0.210422 
0.569614 
0.496236 
0.240205 
0.120298 
0.841006 
0.784750 
0.299269 
0.807512 
0.859899 
0.325134 
0.524429 
0.085282 
0.332098 
0.568838 
0.464564 
0.932243 
0.209521 
0.423640 
0.123270 
0.796032 
0.911143 
0.577571 
0.238368 
0.252784 
0.543058 
0.169800 
0.832957 
0.512469 
0.070654 
0.476999 
0.926512 
0.888806 
0.162791 
0.035135 
0.516473 
0.368562 
0.422717 
0.596559 
0.372748 
0.779256 
0.956799 
0.914368 
0.779905 
0.870084 
0.494599 
0.731307 
0.080291 
0.449628 
0.894703 
0.269256 
0.382447 
0.785411 
0.410678 
0.266851 
0.960032 
0.263431 
0.482073 
0.200479 
0.455522 
0.961965 
0.743787 
0.824326 
0.449017 
0.623720 
0.863759 
0.204232 
0.532881 
0.130057 
0.864918 
0.675676 
0.079060 
0.768095 
0.370334 
0.203116 
0.769583 
0.386024 
0.907643 
0.751496 
0.396796 
0.942669 
0.443369 
0.703119 
0.318596 
0.641422 
0.385973 
0.047947 
0.851620 
0.174574 
0.060278 
0.093408 
0.912337 
0.655683 
0.067733 
0.392977 
0.772100 
0.682416 
0.363768 
0.840869 
0.485355 
0.365574 
0.208246 
0.992490 
0.778015 
0.096527 
0.329993 
0.199417 
0.605507 
0.757044 
0.638374 
0.159991 
0.973987 
0.802625 
0.714194 
0.464641 
0.217380 
0.503561 
0.351177 
0.226832 
0.373019 
0.323293 
0.585821 
0.898066 
0.798401 
0.724729 
0.511937 
0.117749 
0.008093 
0.018635 
0.198243 
0.876459 
0.644568 
0.251156 
0.185483 
0.412927 
0.070484 
0.622722 
0.095176 
0.627801 
0.459679 
0.823651 
0.101220 
0.197029 
0.460475 
0.197351 
0.873599 
0.571596 
0.805905 
0.852641 
0.331196 
0.411783 
0.834090 
0.550934 
0.551780 
0.761798 
0.530680 
0.134371 
0.374249 
0.003762 
0.221051 
0.201882 
0.034847 
0.667772 
0.236523 
0.235036 
0.245728 
0.955085 
0.118713 
0.217537 
0.140868 
0.560412 
0.841490 
0.918524 
0.628654 
0.795553 
0.851704 
0.594097 
0.989678 
0.519932 
0.497315 
0.378903 
0.228072 
0.204333 
0.217851 
0.426617 
0.157155 
0.297178 
0.668672 
0.367156 
0.793937 
0.703469 
0.209981 
0.158363 
0.603914 
0.979904 
0.250021 
0.110633 
0.412624 
0.976543 
0.754091 
0.014725 
0.475087 
0.780632 
0.077005 
0.218909 
0.197625 
0.488104 
0.566863 
0.259925 
0.556924 
0.222047 
0.937634 
0.810256 
0.976647 
0.505625 
0.040173 
0.190589 
0.221506 
0.851970 
0.065850 
0.735689 
0.732875 
0.423192 
0.595344 
0.938364 
0.086699 
0.151128 
0.014020 
0.637108 
0.879193 
0.601180 
0.036964 
0.260729 
0.077885 
0.009447 
0.781943 
0.116569 
0.180276 
0.899272 
0.071859 
0.737286 
0.560972 
0.254084 
0.390954 
0.770736 
0.760264 
0.754493 
0.771433 
0.467573 
0.501021 
0.660798 
0.026915 
0.356121 
0.328442 
0.127418 
0.508790 
0.236005 
0.536598 
0.596466 
0.798654 
0.978540 
0.325161 
0.989284 
0.903746 
0.265815 
0.552074 
0.707398 
0.232074 
0.471546 
0.272363 
0.612591 
0.815279 
0.400537 
0.832407 
0.256066 
0.697861 
0.950333 
0.242484 
0.421774 
0.753937 
0.426646 
0.638539 
0.923451 
0.440829 
0.019471 
0.241176 
0.445102 
0.830236 
0.769368 
0.767244 
0.070548 
0.695804 
0.372846 
0.429133 
0.437917 
0.072340 
0.814216 
0.531402 
0.280669 
0.206851 
0.551254 
0.924942 
0.504096 
0.342211 
0.547843 
0.590025 
0.557298 
0.514134 
0.057789 
0.265088 
0.336708 
0.053815 
0.467614 
0.180240 
0.299279 
0.990407 
0.766470 
0.065908 
0.719362 
0.322853 
0.189323 
0.954475 
0.854133 
0.409951 
0.047806 
0.483689 
0.364469 
0.625205 
0.826794 
0.922521 
0.802186 
0.342741 
0.441971 
0.210143 
0.869206 
0.742206 
0.262169 
0.272166 
0.296957 
0.962870 
0.961395 
0.162667 
0.948703 
0.857532 
0.545718 
0.884047 
0.178738 
0.043265 
0.155019 
0.411929 
0.285536 
0.000777 
0.051246 
0.283970 
0.679687 
0.501345 
0.112341 
0.120162 
0.554955 
0.122985 
0.007077 
0.938578 
0.680920 
0.222644 
0.980212 
0.416943 
0.569139 
0.512706 
0.041738 
0.487628 
0.555783 
0.048444 
0.193520 
0.488360 
0.860651 
0.968172 
0.060445 
0.902574 
0.559862 
0.607611 
0.111485 
0.734105 
0.106604 
0.688781 
0.349781 
0.775594 
0.414653 
0.067260 
0.443171 
0.369962 
0.953079 
0.401963 
0.798588 
0.874740 
0.761673 
0.437063 
0.723740 
0.905719 
0.424271 
0.722905 
0.867866 
0.223652 
0.925092 
0.013590 
0.407828 
0.371983 
0.920226 
0.240906 
0.901394 
0.725800 
0.521093 
0.012054 
0.592127 
0.874752 
0.962278 
0.013649 
0.399359 
0.025901 
0.314100 
0.084769 
0.715469 
0.884075 
0.650566 
0.061899 
0.333079 
0.052432 
0.223978 
0.393243 
0.230023 
0.001156 
0.422106 
0.331963 
0.302087 
0.174984 
0.962776 
0.371812 
0.048669 
0.974134 
0.263838 
0.323196 
0.959549 
0.134917 
0.546081 
0.979216 
0.676606 
0.712585 
0.419111 
0.003658 
0.480889 
0.300840 
0.213878 
0.645539 
0.572353 
0.535792 
0.063491 
0.100749 
0.280061 
0.990896 
0.987946 
0.407748 
0.020643 
0.948036 
0.647949 
0.076365 
0.470752 
0.933186 
0.053395 
0.415789 
0.160839 
0.213401 
0.627439 
0.371476 
0.394414 
0.920636 
0.131554 
0.031587 
0.875673 
0.443244 
0.598561 
0.018137 
0.836652 
0.613598 
0.741204 
0.412661 
0.595006 
0.264724 
0.214100 
0.384462 
0.646034 
0.888786 
0.825616 
0.124146 
0.527983 
0.803579 
0.744594 
0.396894 
0.596592 
0.929524 
0.509042 
0.475025 
0.743403 
0.373942 
0.845558 
0.295641 
0.846130 
0.905899 
0.436938 
0.615997 
0.069381 
0.088135 
0.279927 
0.724857 
0.668305 
0.198365 
0.920096 
0.054883 
0.424099 
0.825231 
0.659495 
0.131136 
0.006998 
0.607774 
0.863886 
0.338053 
0.653129 
0.143127 
0.530136 
0.999120 
0.206417 
0.247483 
0.441065 
0.971685 
0.114197 
0.309941 
0.184405 
0.298287 
0.309870 
0.990156 
0.552581 
0.226941 
0.190575 
0.001522 
0.587821 
0.511453 
0.997781 
0.711365 
0.918383 
0.265271 
0.408902 
0.423324 
0.803209 
0.537626 
0.881722 
0.105245 
0.848298 
0.337327 
0.447695 
0.410997 
0.628829 
0.734832 
0.314957 
0.484506 
0.091873 
0.116382 
0.028292 
0.502013 
0.340004 
0.441805 
0.416544 
0.850341 
0.689265 
0.473529 
0.605074 
0.472275 
0.528246 
0.237303 
0.348493 
0.123576 
0.941479 
0.429958 
0.296648 
0.767601 
0.073021 
0.260109 
0.652730 
0.441062 
0.934487 
0.915090 
0.917845 
0.220328 
0.055608 
0.596858 
0.387095 
0.908582 
0.531124 
0.595241 
0.216148 
0.801805 
0.933163 
0.676540 
0.608214 
0.253364 
0.292248 
0.819423 
0.048736 
0.102054 
0.226789 
0.651020 
0.699261 
0.483638 
0.506096 
0.955215 
0.301871 
0.552002 
0.489889 
0.556062 
0.729599 
0.364591 
0.677303 
0.429458 
0.904816 
0.242727 
0.510692 
0.197504 
0.449648 
0.234563 
0.297706 
0.543563 
0.667390 
0.827963 
0.569517 
0.872491 
0.963761 
0.928496 
0.239486 
0.033237 
0.617922 
0.413942 
0.118226 
0.020519 
0.854616 
0.525763 
0.497969 
0.357515 
0.754221 
0.193359 
0.780710 
0.389776 
0.972878 
0.167554 
0.085283 
0.344964 
0.816962 
0.679714 
0.953060 
0.078860 
0.392543 
0.464619 
0.849627 
0.674434 
0.212692 
0.715784 
0.173300 
0.650087 
0.006350 
0.723885 
0.339587 
0.440241 
0.132817 
0.261842 
0.777445 
0.509733 
0.089474 
0.794074 
0.006159 
0.521085 
0.867470 
0.563029 
0.822030 
0.859741 
0.671705 
0.347351 
0.923661 
0.967321 
0.762968 
0.198909 
0.066696 
0.952508 
0.808095 
0.647909 
0.402186 
0.542606 
0.579521 
0.013731 
0.780424 
0.578610 
0.696071 
0.862999 
0.420484 
0.078972 
0.284677 
0.566432 
0.014742 
0.764928 
0.151078 
0.164507 
0.867894 
0.699496 
0.422611 
0.817179 
0.335849 
0.620018 
0.638755 
0.553571 
0.876179 
0.947275 
0.849166 
0.938365 
0.107549 
0.567796 
0.946599 
0.481060 
0.171114 
0.908453 
0.363822 
0.756335 
0.723510 
0.031322 
0.431477 
0.841784 
0.871958 
0.999375 
0.493655 
0.858601 
0.502931 
0.762052 
0.810248 
0.838457 
0.942900 
0.316999 
0.805209 
0.150395 
0.689617 
0.399061 
0.021384 
0.396237 
0.550729 
0.099161 
0.603483 
0.731583 
0.711373 
0.041930 
0.720795 
0.394519 
0.674306 
0.066819 
0.027341 
0.528034 
0.663665 
0.221360 
0.399382 
0.411490 
0.917847 
0.247783 
0.490168 
0.260328 
0.331758 
0.856050 
0.639949 
0.627755 
0.673575 
0.773596 
0.835842 
0.001828 
0.720847 
0.279798 
0.571212 
0.362839 
0.237014 
0.494094 
0.232027 
0.673123 
0.181830 
0.024437 
0.704771 
0.085278 
0.273095 
0.905453 
0.956040 
0.168899 
0.677318 
0.690335 
0.453908 
0.834932 
0.695539 
0.927829 
0.016206 
0.372755 
0.895313 
0.530659 
0.785691 
0.102712 
0.275447 
0.440373 
0.355921 
0.965177 
0.736030 
0.455657 
0.221563 
0.807828 
0.170529 
0.080505 
0.049437 
0.884199 
0.737647 
0.638476 
0.871164 
0.659062 
0.861480 
0.896338 
0.758963 
0.891797 
0.432539 
0.690602 
0.951597 
0.497173 
0.984520 
0.820243 
0.823271 
0.713791 
0.683538 
0.221608 
0.561382 
0.154923 
0.783347 
0.718739 
0.844886 
0.003944 
0.282304 
0.681563 
0.034202 
0.832273 
0.010367 
0.244931 
0.559182 
0.173629 
0.190671 
0.605012 
0.444469 
0.196681 
0.612760 
0.661268 
0.933356 
0.907375 
0.248689 
0.708841 
0.487808 
0.593768 
0.466281 
0.778252 
0.086019 
0.717499 
0.012406 
0.510255 
0.856315 
0.083605 
0.153107 
0.263411 
0.145500 
0.417900 
0.648641 
0.713042 
0.088742 
0.484518 
0.295296 
0.046571 
0.721826 
0.736242 
0.026038 
0.628976 
0.200208 
0.902062 
0.961445 
0.011280 
0.591072 
0.142618 
0.979523 
0.835600 
0.923311 
0.091001 
0.456269 
0.521214 
0.036243 
0.131039 
0.368469 
0.856449 
0.333632 
0.346433 
0.504305 
0.847877 
0.269286 
0.881996 
0.710891 
0.942788 
0.446121 
0.960029 
0.209335 
0.292881 
0.456492 
0.265810 
0.474820 
0.297891 
0.651939 
0.136094 
0.326963 
0.266463 
0.437873 
0.326917 
0.497584 
0.902490 
0.148854 
0.791324 
0.783552 
0.160471 
0.034138 
0.756038 
0.722969 
0.934655 
0.744941 
0.219744 
0.237122 
0.311658 
0.041794 
0.430728 
0.253868 
0.756584 
0.910367 
0.538770 
0.099481 
0.985559 
0.295422 
0.157366 
0.857902 
0.758454 
0.342569 
0.551208 
0.149639 
0.976189 
0.812179 
0.289824 
0.069186 
0.803423 
0.133318 
0.682342 
0.125237 
0.854358 
0.187513 
0.523547 
0.260158 
0.482294 
0.920454 
0.076218 
0.994473 
0.113942 
0.018242 
0.596748 
0.541387 
0.088928 
0.616780 
0.217329 
0.653015 
0.218975 
0.307232 
0.652632 
0.778233 
0.758329 
0.230310 
0.817566 
0.829231 
0.892084 
0.262474 
0.395026 
0.197716 
0.004988 
0.826347 
0.416657 
0.749543 
0.569700 
0.950250 
0.856637 
0.499476 
0.697115 
0.413186 
0.412741 
0.944491 
0.062458 
0.728596 
0.509409 
0.635246 
0.583366 
0.634700 
0.409547 
0.248648 
0.030240 
0.240812 
0.323097 
0.289292 
0.129398 
0.791850 
0.619961 
0.689401 
0.756794 
0.439387 
0.768972 
0.117734 
0.751145 
0.501512 
0.919910 
0.933978 
0.363396 
0.602110 
0.663688 
0.605408 
0.090184 
0.720256 
0.338470 
0.668890 
0.036401 
0.786690 
0.902279 
0.609981 
0.955046 
0.458199 
0.954369 
0.074096 
0.323878 
0.417721 
0.639034 
0.251224 
0.328908 
0.952237 
0.252451 
0.948346 
0.855795 
0.345965 
0.631063 
0.279921 
0.626816 
0.894433 
0.730494 
0.409893 
0.079700 
0.522371 
0.497324 
0.521187 
0.585060 
0.109090 
0.477250 
0.134993 
0.835162 
0.568301 
0.429224 
0.975814 
0.510785 
0.771238 
0.199626 
0.108355 
0.124883 
0.912429 
0.199536 
0.606436 
0.365650 
0.473073 
0.945970 
0.909740 
0.002997 
0.375999 
0.412479 
0.532978 
0.762802 
0.409818 
0.813597 
0.128232 
0.201931 
0.854745 
0.697995 
0.205681 
0.881506 
0.474287 
0.338404 
0.559753 
0.764141 
0.911639 
0.922883 
0.902630 
0.497078 
0.389279 
0.604424 
0.546053 
0.516051 
0.270303 
0.989618 
0.504304 
0.838548 
0.476242 
0.200452 
0.999934 
0.884241 
0.446771 
0.882847 
0.002592 
0.571566 
0.302560 
0.131334 
0.330504 
0.787198 
0.441983 
0.409825 
0.924333 
0.256397 
0.261635 
0.295462 
0.821637 
0.259208 
0.515781 
0.731166 
0.703250 
0.529537 
0.935035 
0.133888 
0.251566 
0.063422 
0.925752 
0.117314 
0.697059 
0.467690 
0.464094 
0.021122 
0.998670 
0.651411 
0.269068 
0.222206 
0.615786 
0.515208 
0.095481 
0.746169 
0.857747 
0.148313 
0.700996 
0.642624 
0.578741 
0.905909 
0.609783 
0.628049 
0.612922 
0.376298 
0.444365 
0.438487 
0.648654 
0.925637 
0.181219 
0.747490 
0.067480 
0.135808 
0.529164 
0.656197 
0.707208 
0.036544 
0.198034 
0.352495 
0.387776 
0.353942 
0.707882 
0.374472 
0.755574 
0.937469 
0.036841 
0.193738 
0.158809 
0.110224 
0.530201 
0.092565 
0.745412 
0.133862 
0.826946 
0.480726 
0.558997 
0.054407 
0.410593 
0.837036 
0.058441 
0.215908 
0.772172 
0.888342 
0.363854 
0.286939 
0.590933 
0.805351 
0.534471 
0.862179 
0.647914 
0.483220 
0.484864 
0.117027 
0.877197 
0.052400 
0.682025 
0.796027 
0.828277 
0.855470 
0.889217 
0.065187 
0.603548 
0.829935 
0.724561 
0.692847 
0.680309 
0.948617 
0.406516 
0.308259 
0.901707 
0.985629 
0.464682 
0.902915 
0.293038 
0.088164 
0.767838 
0.053645 
0.615301 
0.364889 
0.695211 
0.408477 
0.279563 
0.609410 
0.356028 
0.755655 
0.293512 
0.063242 
0.905494 
0.632567 
0.558381 
0.712580 
0.325038 
0.919445 
0.104916 
0.326254 
0.351684 
0.756119 
0.096066 
0.581896 
0.920693 
0.092139 
0.585090 
0.606104 
0.784486 
0.850979 
0.411790 
0.951713 
0.432352 
0.544167 
0.814630 
0.489491 
0.871982 
0.407786 
0.661591 
0.366734 
0.701415 
0.687569 
0.976427 
0.814709 
0.819285 
0.720641 
0.819291 
0.822807 
0.913577 
0.494683 
0.132399 
0.238200 
0.425618 
0.358620 
0.325632 
0.893902 
0.806695 
0.130021 
0.268016 
0.551649 
0.572347 
0.439833 
0.278671 
0.623893 
0.770794 
0.731798 
0.329362 
0.593709 
0.460350 
0.094804 
0.378352 
0.957393 
0.906614 
0.467077 
0.164748 
0.922681 
0.506768 
0.250803 
0.239978 
0.312182 
0.841740 
0.125103 
0.611328 
0.588969 
0.793812 
0.590999 
0.924819 
0.436612 
0.136255 
0.045484 
0.443325 
0.968958 
0.284841 
0.328569 
0.251698 
0.284475 
0.166187 
0.107305 
0.476648 
0.014762 
0.110541 
0.859802 
0.695535 
0.857720 
0.700700 
0.660279 
0.307432 
0.001746 
0.349300 
0.677040 
0.005313 
0.303170 
0.376959 
0.553567 
0.804169 
0.668086 
0.524597 
0.898502 
0.116197 
0.924323 
0.089085 
0.246800 
0.964884 
0.799117 
0.761207 
0.606296 
0.011360 
0.933333 
0.530973 
0.070306 
0.626475 
0.168364 
0.686252 
0.843173 
0.214480 
0.766326 
0.636157 
0.892269 
0.361340 
0.045317 
0.636249 
0.442023 
0.079535 
0.744402 
0.159422 
0.412074 
0.720734 
0.378171 
0.914063 
0.648468 
0.803910 
0.309049 
0.185810 
0.913409 
0.669520 
0.621636 
0.828994 
0.900996 
0.041259 
0.438551 
0.728341 
0.221200 
0.713442 
0.826440 
0.971717 
0.650358 
0.569194 
0.438213 
0.042875 
0.595004 
0.227134 
0.438104 
0.212099 
0.749450 
0.007745 
0.164644 
0.168855 
0.940747 
0.142941 
0.414615 
0.436416 
0.839757 
0.802967 
0.459196 
0.698792 
0.593374 
0.843450 
0.871170 
0.750271 
0.802863 
0.720763 
0.867600 
0.761182 
0.182897 
0.948560 
0.441008 
0.017486 
0.895529 
0.153454 
0.101671 
0.783934 
0.586914 
0.263503 
0.687436 
0.729845 
0.498009 
0.044733 
0.824322 
0.385490 
0.931494 
0.615359 
0.341112 
0.061215 
0.838341 
0.003768 
0.330769 
0.230134 
0.865859 
0.483971 
0.100424 
0.823869 
0.764203 
0.959551 
0.175027 
0.677245 
0.456492 
0.258532 
0.144677 
0.584941 
0.107316 
0.662563 
0.694920 
0.514970 
0.093686 
0.581260 
0.233191 
0.245558 
0.091628 
0.993552 
0.631489 
0.441150 
0.412958 
0.587110 
0.563656 
0.358100 
0.581660 
0.957788 
0.538500 
0.563380 
0.735854 
0.495520 
0.210105 
0.229236 
0.765732 
0.659368 
0.992229 
0.387187 
0.451245 
0.076082 
0.715904 
0.202302 
0.084738 
0.197340 
0.687887 
0.311421 
0.047215 
0.543660 
0.297419 
0.729250 
0.512392 
0.770068 
0.527366 
0.434070 
0.409883 
0.903278 
0.397551 
0.642151 
0.629913 
0.945995 
0.331112 
0.997511 
0.166546 
0.135582 
0.721040 
0.525394 
0.291955 
0.889953 
0.446723 
0.067448 
0.606597 
0.075467 
0.379916 
0.243937 
0.848718 
0.396813 
0.242591 
0.234486 
0.010276 
0.708951 
0.347494 
0.339911 
0.891730 
0.305300 
0.171438 
0.361436 
0.660022 
0.986548 
0.909677 
0.940153 
0.149756 
0.942909 
0.469112 
0.373660 
0.095437 
0.013581 
0.263088 
0.712129 
0.755397 
0.965366 
0.904105 
0.294608 
0.477961 
0.087980 
0.684397 
0.664335 
0.474857 
0.927264 
0.526248 
0.649289 
0.594622 
0.809394 
0.478760 
0.513819 
0.761521 
0.881558 
0.347467 
0.877890 
0.689945 
0.900709 
0.219550 
0.980343 
0.623416 
0.754674 
0.809981 
0.356131 
0.489337 
0.281266 
0.243004 
0.165417 
0.165464 
0.959418 
0.941874 
0.079390 
0.300673 
0.405839 
0.939455 
0.427592 
0.537659 
0.440846 
0.296367 
0.048121 
0.761401 
0.871903 
0.074228 
0.543256 
0.509069 
0.929487 
0.879685 
0.863791 
0.741419 
0.023584 
0.368162 
0.692673 
0.753317 
0.999692 
0.816463 
0.286770 
0.749820 
0.220575 
0.201619 
0.608589 
0.550923 
0.357318 
0.442376 
0.005239 
0.054543 
0.706701 
0.524859 
0.303472 
0.450262 
0.557051 
0.353386 
0.360403 
0.296439 
0.249773 
0.941855 
0.757468 
0.756833 
0.092121 
0.283579 
0.112815 
0.089448 
0.354647 
0.553969 
0.549059 
0.038513 
0.280950 
0.920595 
0.445675 
0.454447 
0.892052 
0.721632 
0.476176 
0.091925 
0.987621 
0.946406 
0.242086 
0.731340 
0.623441 
0.172125 
0.904063 
0.588411 
0.428723 
0.552943 
0.307043 
0.478201 
0.130597 
0.950409 
0.526251 
0.696701 
0.450542 
0.266435 
0.981259 
0.017744 
0.216272 
0.877843 
0.909922 
0.055516 
0.059508 
0.156295 
0.843932 
0.968410 
0.061262 
0.625259 
0.733753 
0.179099 
0.124949 
0.013279 
0.173279 
0.295450 
0.634556 
0.979921 
0.526159 
0.158412 
0.435207 
0.529147 
0.380529 
0.551696 
0.350281 
0.164437 
0.692092 
0.988356 
0.301425 
0.055960 
0.517169 
0.067701 
0.843793 
0.633968 
0.101352 
0.425360 
0.031053 
0.900291 
0.197810 
0.592199 
0.084396 
0.442814 
0.372248 
0.363749 
0.530115 
0.645939 
0.300651 
0.046108 
0.936561 
0.784563 
0.142996 
0.327545 
0.056327 
0.689381 
0.423555 
0.691905 
0.849959 
0.253767 
0.054944 
0.438318 
0.807197 
0.553198 
0.601732 
0.313294 
0.528731 
0.375702 
0.416712 
0.674362 
0.995512 
0.564358 
0.166776 
0.005620 
0.447286 
0.534350 
0.819740 
0.362880 
0.917892 
0.018587 
0.383847 
0.317300 
0.865951 
0.035729 
0.492292 
0.957916 
0.701810 
0.318015 
0.869778 
0.354436 
0.000499 
0.394806 
0.509234 
0.692351 
0.349655 
0.654633 
0.410990 
0.513735 
0.340119 
0.383089 
0.575666 
0.216880 
0.102588 
0.190166 
0.117487 
0.607059 
0.848077 
0.634992 
0.313174 
0.512885 
0.056072 
0.398269 
0.701232 
0.605404 
0.027776 
0.837933 
0.141631 
0.392738 
0.750450 
0.806138 
0.768510 
0.342729 
0.245506 
0.217047 
0.908803 
0.247945 
0.206208 
0.739712 
0.335957 
0.421883 
0.583719 
0.566900 
0.896052 
0.948344 
0.822635 
0.020356 
0.131313 
0.979312 
0.292031 
0.164360 
0.402455 
0.060088 
0.900829 
0.228571 
0.599021 
0.754018 
0.784889 
0.627058 
0.960302 
0.795274 
0.175222 
0.951086 
0.897112 
0.765254 
0.622712 
0.915256 
0.705590 
0.848927 
0.915768 
0.315199 
0.544294 
0.951792 
0.776375 
0.528525 
0.916611 
0.476646 
0.989663 
0.268854 
0.633534 
0.804562 
0.273190 
0.498589 
0.788195 
0.188285 
0.498173 
0.789182 
0.785877 
0.237008 
0.397305 
0.504201 
0.102104 
0.055649 
0.292011 
0.836514 
0.284510 
0.753141 
0.046802 
0.608996 
0.398706 
0.055045 
0.141899 
0.900617 
0.674891 
0.893248 
0.823396 
0.812737 
0.671402 
0.257362 
0.481613 
0.467557 
0.228569 
0.567317 
0.894438 
0.827729 
0.635373 
0.720223 
0.791610 
0.597481 
0.870118 
0.067372 
0.324332 
0.055796 
0.759533 
0.464973 
0.797307 
0.342685 
0.499715 
0.718139 
0.766440 
0.559573 
0.750621 
0.680928 
0.360388 
0.045283 
0.070614 
0.811460 
0.216084 
0.723417 
0.472873 
0.574800 
0.665186 
0.788488 
0.124923 
0.588800 
0.958263 
0.529590 
0.827351 
