0.000001 
0.012154 
0.278185 
0.455065 
0.283655 
0.387520 
0.043616 
0.060289 
0.276905 
0.947318 
0.578067 
0.578726 
0.653626 
0.489183 
0.690488 
0.025919 
0.624400 
0.294993 
0.955283 
0.444506 
0.805995 
0.355718 
0.558022 
0.680726 
0.967876 
0.097181 
0.320392 
0.821475 
0.536148 
0.047001 
0.948993 
0.728250 
0.693556 
0.589499 
0.712390 
0.135167 
0.747753 
0.487696 
0.705485 
0.081060 
0.370956 
0.651389 
0.900594 
0.291602 
0.961612 
0.808347 
0.881176 
0.928717 
0.950171 
0.518578 
0.746913 
0.366390 
0.917431 
0.263696 
0.930323 
0.938513 
0.585682 
0.561496 
0.060213 
0.000182 
0.056401 
0.926252 
0.524056 
0.801420 
0.458158 
0.255200 
0.145792 
0.322420 
0.908186 
0.877880 
0.532314 
0.598118 
0.572756 
0.308036 
0.158487 
0.697702 
0.284366 
0.341868 
0.780427 
0.631649 
0.127661 
0.600267 
0.692428 
0.642540 
0.171083 
0.387796 
0.680928 
0.356671 
0.564834 
0.158086 
0.952648 
0.151646 
0.717804 
0.126680 
0.114060 
0.999394 
0.809363 
0.961437 
0.866023 
0.249724 
0.107838 
0.433074 
0.675673 
0.040813 
0.942924 
0.727124 
0.779921 
0.136094 
0.332481 
0.000603 
0.139625 
0.675260 
0.098487 
0.268716 
0.315309 
0.390949 
0.687518 
0.118963 
0.403103 
0.944580 
0.553538 
0.307993 
0.435393 
0.658380 
0.397438 
0.738880 
0.349828 
0.554506 
0.581480 
0.931346 
0.138900 
0.496498 
0.647139 
0.470348 
0.130670 
0.170235 
0.137449 
0.097823 
0.118754 
0.900826 
0.178999 
0.438671 
0.749907 
0.694953 
0.079376 
0.072816 
0.814675 
0.246105 
0.287651 
0.552309 
0.663095 
0.639411 
0.580754 
0.725842 
0.222931 
0.794744 
0.255000 
0.783983 
0.397061 
0.397642 
0.172363 
0.898251 
0.898590 
0.604906 
0.647770 
0.066657 
0.298944 
0.350482 
0.558663 
0.446969 
0.216144 
0.735789 
0.411920 
0.145647 
0.894351 
0.361717 
0.371512 
0.998086 
0.824849 
0.236871 
0.092212 
0.810997 
0.422163 
0.290944 
0.890344 
0.006324 
0.280741 
0.406947 
0.555688 
0.445048 
0.915325 
0.870396 
0.749474 
0.411476 
0.672983 
0.825005 
0.866453 
0.473650 
0.643201 
0.279988 
0.755042 
0.987358 
0.526926 
0.036961 
0.206344 
0.021795 
0.308063 
0.622176 
0.917037 
0.632890 
0.986234 
0.640942 
0.306562 
0.380038 
0.298148 
0.966585 
0.392546 
0.518668 
0.249592 
0.884789 
0.650503 
0.006325 
0.305441 
0.540206 
0.246085 
0.944864 
0.328726 
0.905588 
0.222283 
0.908522 
0.532440 
0.715785 
0.199009 
0.751721 
0.169833 
0.389569 
0.479962 
0.721168 
0.674382 
0.332437 
0.266138 
0.975897 
0.893799 
0.076857 
0.727321 
0.090468 
0.488941 
0.628164 
0.547757 
0.148283 
0.192118 
0.924101 
0.365087 
0.015681 
0.551240 
0.682794 
0.724931 
0.913543 
0.912761 
0.771700 
0.960073 
0.953709 
0.983449 
0.834292 
0.938508 
0.499537 
0.725062 
0.112432 
0.638180 
0.887418 
0.842488 
0.703965 
0.537481 
0.442619 
0.090494 
0.938425 
0.106412 
0.472621 
0.342660 
0.080097 
0.188090 
0.231485 
0.574100 
0.902420 
0.965194 
0.016245 
0.034623 
0.914519 
0.317152 
0.368697 
0.695212 
0.434876 
0.956522 
0.266162 
0.382923 
0.779547 
0.842848 
0.744732 
0.716184 
0.899344 
0.277519 
0.265087 
0.316461 
0.765557 
0.716645 
0.652349 
0.030436 
0.542992 
0.062048 
0.842886 
0.379560 
0.272331 
0.069449 
0.224320 
0.146782 
0.971901 
0.742557 
0.149289 
0.101012 
0.709998 
0.930505 
0.001652 
0.765970 
0.661734 
0.759396 
0.170931 
0.835460 
0.577459 
0.348996 
0.583811 
0.106621 
0.982802 
0.961406 
0.356339 
0.982809 
0.066835 
0.301883 
0.742104 
0.542763 
0.209338 
0.341303 
0.280788 
0.195939 
0.143186 
0.528789 
0.352425 
0.201134 
0.462966 
0.073326 
0.382820 
0.054271 
0.126678 
0.085086 
0.046502 
0.558460 
0.038648 
0.561710 
0.662816 
0.948669 
0.275892 
0.920379 
0.807712 
0.218233 
0.847715 
0.546210 
0.150141 
0.417508 
0.050488 
0.544605 
0.176575 
0.693748 
0.818753 
0.782231 
0.958368 
0.295986 
0.643059 
0.893274 
0.254245 
0.099512 
0.499994 
0.405774 
0.850800 
0.389723 
0.081737 
0.748845 
0.840876 
0.606343 
0.808241 
0.110922 
0.264879 
0.826738 
0.986588 
0.592715 
0.769075 
0.848645 
0.174522 
0.196990 
0.817687 
0.867273 
0.252881 
0.177611 
0.099930 
0.515708 
0.509822 
0.573722 
0.540982 
0.288698 
0.142653 
0.575743 
0.515838 
0.692361 
0.516701 
0.197183 
0.050987 
0.942151 
0.724035 
0.847962 
0.695954 
0.905397 
0.005074 
0.275337 
0.585829 
0.030105 
0.972425 
0.542119 
0.398312 
0.433811 
0.068526 
0.708355 
0.324882 
0.286122 
0.848415 
0.314706 
0.259096 
0.629282 
0.336561 
0.573967 
0.667138 
0.589060 
0.335778 
0.429095 
0.796609 
0.602904 
0.002905 
0.822292 
0.267701 
0.253205 
0.621312 
0.392313 
0.598009 
0.736932 
0.620609 
0.573665 
0.594907 
0.606254 
0.304491 
0.571846 
0.013878 
0.249040 
0.622359 
0.993614 
0.663560 
0.460811 
0.842401 
0.238657 
0.112020 
0.724960 
0.402245 
0.526866 
0.034834 
0.450261 
0.538315 
0.451921 
0.441262 
0.288023 
0.805007 
0.753563 
0.132656 
0.554701 
0.856526 
0.628786 
0.008842 
0.606653 
0.023609 
0.788336 
0.561905 
0.936250 
0.549324 
0.491138 
0.548607 
0.434130 
0.430629 
0.587759 
0.466093 
0.626957 
0.264085 
0.478912 
0.078137 
0.249344 
0.720981 
0.521842 
0.595995 
0.886304 
0.116256 
0.922897 
0.127012 
0.685464 
0.593866 
0.103706 
0.982750 
0.075923 
0.039450 
0.041050 
0.932259 
0.483875 
0.480804 
0.867839 
0.776407 
0.066650 
0.191848 
0.387390 
0.855434 
0.278564 
0.829267 
0.498284 
0.653392 
0.560862 
0.402334 
0.024129 
0.529083 
0.304450 
0.895053 
0.152111 
0.523198 
0.393551 
0.413991 
0.948964 
0.230579 
0.337145 
0.402666 
0.609151 
0.999307 
0.352054 
0.967595 
0.377004 
0.301909 
0.184396 
0.137784 
0.732911 
0.036208 
0.555675 
0.236436 
0.775582 
0.210533 
0.430208 
0.500763 
0.315871 
0.850760 
0.727425 
0.827953 
0.404060 
0.032112 
0.711644 
0.606057 
0.007319 
0.017079 
0.047691 
0.534962 
0.112910 
0.678005 
0.237195 
0.544241 
0.059586 
0.468526 
0.521795 
0.801571 
0.011581 
0.642422 
0.182606 
0.055811 
0.014297 
0.283052 
0.261755 
0.321779 
0.138828 
0.277573 
0.162787 
0.963837 
0.207223 
0.804077 
0.120015 
0.087027 
0.654561 
0.202802 
0.499228 
0.524111 
0.727623 
0.166158 
0.611450 
0.637004 
0.128364 
0.414133 
0.325941 
0.098367 
0.251971 
0.868833 
0.477894 
0.969623 
0.460623 
0.686214 
0.205606 
0.620107 
0.134358 
0.161810 
0.542040 
0.070185 
0.602701 
0.600954 
0.239618 
0.257460 
0.131161 
0.424088 
0.651118 
0.338322 
0.179533 
0.417513 
0.135044 
0.678868 
0.736476 
0.949773 
0.835986 
0.417280 
0.228402 
0.750387 
0.761428 
0.315322 
0.610690 
0.873996 
0.249594 
0.922857 
0.450305 
0.270612 
0.179682 
0.920049 
0.263567 
0.769877 
0.326709 
0.003306 
0.568529 
0.262627 
0.973674 
0.531229 
0.357755 
0.789114 
0.631574 
0.860173 
0.923940 
0.654893 
0.795025 
0.984217 
0.728611 
0.758287 
0.536909 
0.832612 
0.708896 
0.407696 
0.150773 
0.049035 
0.138808 
0.948802 
0.523383 
0.495462 
0.232482 
0.317968 
0.082515 
0.836789 
0.905535 
0.319386 
0.920055 
0.368839 
0.084666 
0.973898 
0.306231 
0.820639 
0.482642 
0.770806 
0.940535 
0.573710 
0.343257 
0.118018 
0.529793 
0.238810 
0.684352 
0.907478 
0.981517 
0.358976 
0.306590 
0.860827 
0.927549 
0.312738 
0.187450 
0.475596 
0.350326 
0.929652 
0.667790 
0.543128 
0.359424 
0.839831 
0.032654 
0.808006 
0.162620 
0.160752 
0.764560 
0.957485 
0.447415 
0.706042 
0.451345 
0.750104 
0.991099 
0.402693 
0.054706 
0.445586 
0.963046 
0.919606 
0.815830 
0.648387 
0.434397 
0.906115 
0.077295 
0.102774 
0.328947 
0.610498 
0.632736 
0.400785 
0.001091 
0.332769 
0.850307 
0.108501 
0.580422 
0.156535 
0.880586 
0.002627 
0.151922 
0.355702 
0.288396 
0.072387 
0.608921 
0.141486 
0.956296 
0.458547 
0.802075 
0.478640 
0.508516 
0.623292 
0.663484 
0.176065 
0.125251 
0.091387 
0.940964 
0.786335 
0.938054 
0.870847 
0.318371 
0.869465 
0.091288 
0.284889 
0.127289 
0.340667 
0.585631 
0.705401 
0.667719 
0.356408 
0.153070 
0.649221 
0.454500 
0.779030 
0.162238 
0.738551 
0.828676 
0.564171 
0.028911 
0.902530 
0.827432 
0.643707 
0.787408 
0.961509 
0.084691 
0.393329 
0.679373 
0.221066 
0.460512 
0.832594 
0.401249 
0.788782 
0.061163 
0.971000 
0.591473 
0.882147 
0.246564 
0.002307 
0.770065 
0.474921 
0.999351 
0.098619 
0.488744 
0.324293 
0.396643 
0.383940 
0.873527 
0.365896 
0.620415 
0.319125 
0.526472 
0.422256 
0.857681 
0.045539 
0.368958 
0.074700 
0.481903 
0.338321 
0.165634 
0.806401 
0.179991 
0.116234 
0.541862 
0.078258 
0.284748 
0.753543 
0.797985 
0.735804 
0.661738 
0.831845 
0.816236 
0.473928 
0.301730 
0.175313 
0.488999 
0.598634 
0.233487 
0.208235 
0.808476 
0.061540 
0.304192 
0.548092 
0.776131 
0.437118 
0.644028 
0.171151 
0.542897 
0.474618 
0.901779 
0.196454 
0.807423 
0.357917 
0.513598 
0.040231 
0.162514 
0.373264 
0.454512 
0.991133 
0.967835 
0.398388 
0.705902 
0.089073 
0.041819 
0.858674 
0.740123 
0.255602 
0.899581 
0.251311 
0.787790 
0.385174 
0.618140 
0.084838 
0.865452 
0.652052 
0.029793 
0.736333 
0.552642 
0.258393 
0.818750 
0.738145 
0.006008 
0.971206 
0.066866 
0.815426 
0.857149 
0.097189 
0.455044 
0.929120 
0.725717 
0.122521 
0.209313 
0.921051 
0.096178 
0.456953 
0.007052 
0.526441 
0.900996 
0.046377 
0.464265 
0.894221 
0.178387 
0.143216 
0.025748 
0.738896 
0.627883 
0.829043 
0.727367 
0.853233 
0.293311 
0.678470 
0.048264 
0.176008 
0.173377 
0.939442 
0.199258 
0.922690 
0.655571 
0.178769 
0.563969 
0.627140 
0.345225 
0.196113 
0.070616 
0.843830 
0.256376 
0.907030 
0.449819 
0.100094 
0.280381 
0.365021 
0.909392 
0.158734 
0.848081 
0.694183 
0.133466 
0.155937 
0.827020 
0.716885 
0.689558 
0.403837 
0.281630 
0.356650 
0.224003 
0.818950 
0.096472 
0.397051 
0.237382 
0.673075 
0.368068 
0.119839 
0.130185 
0.020511 
0.734050 
0.186137 
0.397980 
0.852233 
0.474929 
0.127093 
0.058397 
0.478813 
0.411747 
0.223492 
0.235779 
0.735753 
0.795805 
0.096351 
0.376572 
0.047381 
0.336281 
0.874060 
0.331527 
0.969765 
0.841256 
0.982150 
0.988117 
0.275885 
0.805402 
0.386067 
0.620445 
0.818627 
0.662725 
0.420735 
0.285051 
0.848932 
0.001107 
0.603241 
0.664727 
0.072831 
0.070331 
0.059493 
0.891106 
0.817519 
0.037672 
0.160192 
0.340187 
0.520683 
0.119324 
0.472882 
0.733863 
0.039193 
0.711057 
0.730205 
0.550133 
0.084766 
0.664370 
0.073856 
0.303417 
0.535187 
0.895786 
0.467904 
0.069678 
0.085506 
0.103790 
0.391238 
0.537042 
0.062470 
0.929342 
0.453675 
0.911761 
0.959250 
0.114340 
0.712676 
0.943054 
0.910228 
0.193621 
0.195878 
0.117580 
0.159342 
0.052978 
0.394596 
0.980340 
0.566753 
0.421088 
0.227449 
0.729176 
0.254538 
0.016757 
0.639982 
0.184867 
0.059486 
0.782852 
0.386833 
0.504856 
0.111567 
0.103759 
0.877218 
0.398192 
0.416119 
0.705978 
0.367056 
0.110321 
0.162946 
0.637466 
0.883333 
0.183034 
0.260782 
0.965137 
0.053876 
0.490504 
0.906075 
0.403680 
0.645349 
0.378866 
0.593643 
0.356612 
0.583618 
0.870973 
0.446588 
0.808657 
0.090948 
0.556613 
0.989391 
0.693246 
0.381074 
0.708994 
0.060062 
0.460909 
0.489500 
0.023861 
0.030103 
0.938474 
0.931194 
0.582425 
0.809539 
0.924250 
0.863405 
0.245337 
0.370980 
0.060607 
0.616923 
0.627084 
0.401060 
0.608889 
0.600152 
0.750565 
0.749622 
0.889750 
0.034363 
0.539516 
0.641277 
0.948748 
0.602266 
0.287024 
0.019691 
0.949341 
0.575275 
0.654313 
0.036474 
0.015399 
0.808867 
0.623145 
0.191157 
0.783404 
0.670785 
0.890663 
0.368967 
0.236252 
0.684926 
0.543382 
0.621657 
0.187716 
0.935516 
0.211202 
0.667348 
0.114667 
0.215506 
0.003427 
0.590737 
0.522479 
0.299244 
0.386915 
0.887627 
0.339514 
0.207690 
0.641176 
0.246465 
0.344118 
0.595815 
0.864097 
0.878600 
0.638494 
0.168019 
0.887367 
0.971351 
0.495842 
0.620278 
0.013734 
0.834832 
0.029313 
0.664271 
0.398716 
0.218319 
0.283235 
0.338849 
0.033943 
0.483355 
0.749941 
0.257521 
0.147126 
0.738980 
0.044808 
0.087897 
0.292924 
0.166367 
0.137808 
0.144359 
0.240807 
0.238674 
0.391171 
0.414787 
0.332877 
0.659771 
0.776658 
0.286519 
0.525686 
0.198643 
0.585465 
0.914236 
0.557107 
0.296722 
0.004621 
0.672739 
0.726125 
0.975282 
0.565073 
0.185559 
0.693040 
0.917264 
0.451642 
0.745354 
0.168222 
0.300031 
0.629257 
0.929769 
0.634353 
0.569306 
0.331153 
0.693080 
0.587467 
0.558592 
0.251515 
0.213619 
0.289640 
0.980219 
0.548434 
0.535517 
0.437724 
0.822604 
0.509983 
0.289073 
0.445041 
0.799628 
0.347274 
0.635996 
0.186576 
0.774912 
0.951354 
0.405891 
0.816541 
0.604434 
0.714907 
0.443830 
0.455130 
0.366214 
0.957451 
0.882993 
0.463837 
0.706719 
0.819890 
0.883471 
0.504093 
0.291074 
0.079935 
0.464850 
0.737336 
0.413005 
0.378466 
0.875566 
0.634648 
0.531099 
0.184231 
0.377666 
0.432704 
0.462835 
0.872300 
0.747585 
0.658299 
0.032777 
0.889374 
0.716613 
0.106953 
0.556594 
0.674904 
0.110305 
0.892412 
0.770743 
0.874161 
0.023924 
0.095686 
0.202943 
0.862627 
0.173836 
0.667215 
0.874346 
0.129036 
0.713132 
0.614524 
0.302468 
0.575280 
0.724390 
0.825829 
0.705454 
0.562148 
0.020988 
0.751712 
0.020898 
0.225460 
0.310681 
0.609158 
0.113854 
0.539121 
0.007091 
0.180335 
0.883196 
0.871047 
0.682787 
0.596907 
0.218404 
0.720900 
0.172842 
0.953604 
0.219339 
0.427617 
0.965253 
0.007901 
0.793146 
0.398078 
0.499417 
0.707048 
0.356834 
0.317062 
0.868202 
0.875856 
0.515689 
0.177279 
0.533104 
0.870842 
0.244592 
0.862736 
0.999916 
0.590095 
0.730542 
0.212417 
0.096034 
0.047715 
0.940501 
0.006478 
0.878986 
0.111081 
0.944182 
0.867744 
0.179405 
0.254829 
0.903433 
0.993370 
0.569571 
0.780757 
0.187150 
0.437348 
0.504596 
0.736673 
0.269414 
0.035743 
0.726348 
0.727009 
0.834575 
0.708860 
0.806780 
0.547862 
0.916792 
0.523029 
0.547547 
0.618097 
0.362785 
0.320656 
0.260631 
0.427272 
0.163777 
0.597071 
0.969146 
0.438837 
0.531039 
0.174121 
0.453039 
0.231795 
0.783559 
0.268803 
0.780201 
0.844907 
0.358095 
0.498755 
0.577998 
0.411322 
0.082533 
0.132508 
0.060860 
0.866485 
0.015290 
0.978905 
0.457521 
0.554722 
0.209558 
0.035334 
0.853716 
0.396804 
0.088154 
0.599313 
0.650453 
0.165898 
0.251599 
0.618288 
0.560318 
0.267842 
0.615462 
0.066521 
0.013527 
0.343278 
0.470502 
0.728696 
0.191311 
0.368994 
0.678316 
0.465351 
0.154401 
0.015708 
0.012354 
0.626196 
0.479304 
0.662015 
0.492855 
0.409040 
0.734772 
0.305097 
0.769088 
0.070335 
0.113909 
0.473347 
0.541324 
0.032040 
0.490793 
0.763409 
0.621900 
0.265700 
0.620792 
0.653569 
0.529137 
0.213092 
0.432256 
0.930017 
0.803515 
0.669815 
0.575524 
0.828906 
0.424207 
0.649863 
0.247885 
0.200347 
0.240104 
0.428737 
0.789628 
0.272832 
0.494355 
0.627887 
0.897203 
0.289964 
0.419984 
0.677310 
0.548341 
0.963818 
0.887571 
0.406196 
0.931840 
0.439688 
0.842283 
0.252755 
0.055968 
0.652480 
0.224520 
0.504209 
0.236099 
0.114120 
0.010733 
0.385422 
0.792381 
0.553370 
0.497677 
0.451814 
0.632471 
0.932116 
0.080968 
0.828323 
0.632582 
0.802353 
0.140049 
0.809747 
0.420007 
0.058008 
0.940969 
0.873505 
0.005938 
0.802925 
0.763541 
0.830955 
0.858706 
0.267824 
0.322505 
0.344035 
0.195106 
0.151540 
0.927271 
0.648433 
0.217237 
0.104912 
0.255253 
0.040870 
0.904636 
0.222069 
0.317518 
0.522955 
0.303381 
0.924378 
0.029110 
0.250534 
0.720132 
0.266462 
0.434093 
0.794166 
0.540214 
0.374476 
0.822278 
0.034037 
0.061002 
0.268813 
0.933974 
0.299369 
0.491465 
0.056547 
0.388679 
0.521415 
0.415152 
0.466465 
0.876641 
0.712505 
0.064109 
0.471783 
0.264641 
0.827549 
0.623763 
0.584732 
0.596814 
0.650767 
0.438860 
0.915596 
0.414879 
0.876151 
0.464677 
0.834536 
0.047383 
0.364464 
0.541635 
0.266292 
0.568890 
0.336077 
0.454180 
0.395780 
0.867731 
0.951759 
0.215185 
0.611426 
0.236983 
0.968936 
0.914905 
0.800399 
0.299328 
0.810039 
0.324409 
0.344486 
0.771728 
0.437325 
0.128030 
0.795997 
0.319336 
0.084645 
0.630720 
0.505758 
0.282866 
0.133008 
0.460213 
0.799174 
0.714334 
0.804287 
0.649919 
0.180999 
0.056214 
0.795853 
0.908016 
0.029043 
0.119741 
0.482813 
0.631485 
0.369782 
0.919868 
0.222177 
0.133102 
0.053662 
0.892840 
0.957932 
0.971147 
0.059456 
0.271336 
0.340076 
0.652208 
0.656245 
0.502656 
0.142718 
0.656166 
0.175954 
0.251485 
0.708763 
0.181540 
0.147701 
0.404374 
0.319333 
0.037491 
0.115546 
0.983692 
0.915821 
0.210402 
0.231115 
0.355361 
0.554414 
0.043442 
0.125221 
0.580982 
0.572573 
0.229643 
0.611050 
0.922692 
0.676076 
0.807774 
0.249913 
0.290486 
0.195387 
0.869181 
0.327511 
0.469389 
0.012959 
0.802417 
0.225262 
0.970989 
0.409588 
0.943951 
0.978876 
0.973241 
0.259467 
0.863431 
0.682471 
0.282599 
0.640273 
0.061392 
0.808362 
0.147453 
0.238883 
0.910048 
0.172017 
0.086631 
0.014786 
0.516409 
0.277958 
0.631939 
0.994911 
0.476865 
0.664723 
0.994184 
0.247098 
0.981610 
0.915930 
0.039550 
0.716809 
0.408843 
0.428647 
0.271101 
0.390412 
0.660506 
0.118740 
0.668430 
0.295918 
0.494234 
0.592890 
0.704606 
0.305297 
0.129982 
0.605773 
0.218630 
0.516799 
0.841620 
0.113343 
0.954424 
0.996504 
0.236051 
0.305390 
0.684933 
0.665059 
0.639649 
0.583660 
0.569117 
0.143442 
0.825818 
0.517316 
0.525259 
0.024648 
0.261191 
0.829277 
0.665580 
0.405151 
0.380229 
0.507554 
0.456596 
0.000650 
0.930166 
0.307241 
0.792082 
0.518542 
0.133960 
0.458360 
0.664202 
0.244013 
0.133056 
0.273999 
0.098385 
0.555735 
0.245004 
0.787265 
0.557194 
0.755408 
0.149113 
0.148295 
0.396363 
0.665758 
0.397180 
0.408174 
0.177834 
0.860680 
0.448280 
0.246059 
0.511064 
0.452205 
0.213790 
0.162771 
0.686087 
0.062660 
0.126797 
0.085483 
0.710538 
0.011997 
0.636418 
0.269291 
0.973964 
0.411439 
0.060930 
0.043821 
0.507836 
0.198734 
0.114166 
0.795780 
0.677875 
0.051040 
0.830803 
0.313727 
0.809876 
0.583834 
0.494136 
0.944845 
0.003330 
0.958971 
0.419802 
0.611987 
0.669010 
0.049695 
0.225001 
0.593387 
0.063168 
0.663034 
0.614086 
0.946667 
0.628186 
0.927797 
0.491737 
0.630958 
0.515857 
0.009368 
0.454810 
0.990758 
0.674581 
0.679102 
0.665877 
0.390142 
0.111311 
0.806315 
0.740824 
0.026986 
0.545980 
0.281449 
0.315762 
0.005647 
0.904643 
0.339613 
0.883558 
0.959289 
0.769712 
0.555517 
0.577129 
0.813625 
0.589315 
0.619182 
0.586697 
0.611867 
0.654706 
0.643010 
0.060806 
0.974334 
0.628206 
0.261412 
0.553033 
0.819027 
0.395031 
0.278398 
0.028046 
0.361614 
0.640867 
0.046994 
0.819952 
0.933199 
0.273003 
0.366124 
0.446179 
0.936103 
0.076121 
0.366244 
0.466345 
0.864591 
0.188702 
0.514247 
0.943968 
0.266644 
0.486173 
0.111559 
0.970132 
0.001023 
0.192921 
0.423766 
0.238166 
0.857909 
0.870544 
0.226770 
0.330632 
0.936828 
0.268563 
0.745645 
0.062817 
0.769661 
0.686548 
0.804974 
0.199096 
0.206518 
0.940045 
0.329280 
0.201084 
0.626327 
0.683773 
0.173877 
0.355168 
0.308999 
0.348068 
0.977029 
0.920227 
0.252864 
0.891134 
0.290732 
0.338495 
0.080393 
0.161763 
0.758926 
0.267566 
0.978557 
0.610104 
0.017075 
0.982317 
0.799818 
0.541654 
0.573453 
0.032461 
0.578158 
0.095907 
0.911546 
0.358917 
0.311812 
0.618728 
0.957466 
0.129070 
0.274972 
0.449259 
0.697337 
0.150950 
0.018830 
0.467897 
0.944363 
0.902443 
0.351371 
0.485326 
0.868036 
0.087978 
0.650947 
0.471828 
0.017710 
0.656600 
0.479075 
0.817726 
0.525932 
0.341594 
0.165921 
0.636382 
0.673642 
0.895984 
0.801578 
0.116689 
0.194917 
0.962083 
0.727083 
0.078295 
0.904925 
0.070951 
0.474926 
0.089558 
0.203165 
0.595688 
0.725714 
0.071822 
0.107521 
0.109773 
0.960623 
0.190789 
0.589443 
0.771418 
0.215361 
0.564260 
0.523685 
0.567763 
0.399128 
0.149704 
0.067616 
0.414424 
0.230031 
0.123333 
0.858516 
0.086648 
0.289296 
0.204328 
0.134634 
0.785316 
0.805764 
0.470325 
0.754636 
0.174128 
0.568533 
0.334935 
0.251298 
0.568800 
0.826324 
0.025620 
0.595496 
0.505382 
0.955059 
0.674387 
0.422691 
0.159911 
0.616472 
0.047120 
0.948638 
0.764658 
0.608982 
0.156856 
0.274316 
0.426233 
0.694241 
0.101721 
0.616472 
0.050666 
0.535256 
0.053869 
0.377492 
0.500414 
0.462827 
0.737444 
0.219957 
0.822992 
0.032354 
0.777107 
0.830873 
0.481171 
0.038658 
0.718535 
0.417015 
0.768115 
0.707236 
0.510282 
0.311888 
0.898253 
0.938912 
0.287590 
0.526390 
0.032136 
0.115751 
0.428210 
0.932526 
0.957991 
0.951227 
0.273589 
0.214624 
0.178796 
0.027814 
0.477230 
0.805856 
0.013482 
0.586476 
0.897926 
0.449645 
0.182204 
0.309903 
0.543958 
0.298008 
0.615144 
0.732560 
0.144009 
0.358805 
0.435541 
0.144012 
0.404339 
0.722393 
0.255776 
0.830806 
0.362180 
0.160322 
0.536383 
0.997103 
0.306811 
0.579652 
0.212190 
0.271264 
0.136036 
0.352729 
0.311057 
0.931761 
0.099845 
0.099104 
0.644017 
0.987983 
0.032504 
0.287657 
0.654091 
0.312030 
0.286626 
0.325719 
0.363764 
0.787149 
0.609977 
0.890643 
0.033741 
0.078172 
0.842160 
0.182281 
0.602577 
0.508888 
0.873469 
0.398784 
0.364397 
0.413856 
0.671021 
0.841962 
0.852067 
0.695268 
0.377030 
0.738534 
0.546058 
0.603104 
0.365121 
0.587616 
0.069721 
0.808530 
0.959272 
0.477718 
0.012179 
0.698164 
0.035853 
0.576455 
0.470899 
0.399110 
0.848146 
0.785101 
0.185755 
0.981797 
0.068908 
0.142108 
0.410540 
0.952891 
0.234514 
0.482660 
0.066768 
0.173532 
0.544574 
0.656646 
0.243868 
0.690384 
0.278017 
0.632485 
0.180361 
0.328070 
0.873538 
0.556116 
0.646356 
0.306481 
0.017929 
0.329961 
0.660705 
0.464936 
0.175901 
0.373844 
0.192739 
