0.000001 
0.012593 
0.644301 
0.768963 
0.968062 
0.222485 
0.305331 
0.694787 
0.293329 
0.987917 
0.920870 
0.054843 
0.740943 
0.023242 
0.626526 
0.019771 
0.287611 
0.879359 
0.386382 
0.915782 
0.549160 
0.734933 
0.017294 
0.663418 
0.072320 
0.482527 
0.828403 
0.971509 
0.155610 
0.342965 
0.215666 
0.706216 
0.376646 
0.286867 
0.370403 
0.355752 
0.128870 
0.915456 
0.064472 
0.579153 
0.829921 
0.485567 
0.923411 
0.760585 
0.149538 
0.293387 
0.951586 
0.300261 
0.493770 
0.790337 
0.185952 
0.290098 
0.670410 
0.579064 
0.325106 
0.057352 
0.910085 
0.806469 
0.328965 
0.915836 
0.448003 
0.586826 
0.777338 
0.713770 
0.324002 
0.507158 
0.808486 
0.226512 
0.989228 
0.952678 
0.662262 
0.637716 
0.084716 
0.824617 
0.332264 
0.363556 
0.293332 
0.036746 
0.585130 
0.276448 
0.259116 
0.958036 
0.712889 
0.531131 
0.724580 
0.009635 
0.935359 
0.585244 
0.187905 
0.127727 
0.712692 
0.210559 
0.871826 
0.783534 
0.857387 
0.101754 
0.184330 
0.037960 
0.990619 
0.331491 
0.369936 
0.522097 
0.879046 
0.124706 
0.929276 
0.335443 
0.792591 
0.070815 
0.183491 
0.929794 
0.054512 
0.175463 
0.002875 
0.325412 
0.196608 
0.382510 
0.841737 
0.065944 
0.317187 
0.968338 
0.857464 
0.403452 
0.812330 
0.826358 
0.597861 
0.243952 
0.099725 
0.076755 
0.016485 
0.061517 
0.921114 
0.167975 
0.162426 
0.889111 
0.286058 
0.775858 
0.850067 
0.083321 
0.380602 
0.783277 
0.531236 
0.484754 
0.252802 
0.839137 
0.375864 
0.137901 
0.705610 
0.188012 
0.921977 
0.671388 
0.019910 
0.625121 
0.402081 
0.783567 
0.409334 
0.672725 
0.494073 
0.879864 
0.867270 
0.209148 
0.144450 
0.777389 
0.578771 
0.406499 
0.029789 
0.655667 
0.792660 
0.234338 
0.511841 
0.506229 
0.193674 
0.082347 
0.008229 
0.307371 
0.977470 
0.341276 
0.830497 
0.169298 
0.390974 
0.093449 
0.589420 
0.384349 
0.750972 
0.591841 
0.064110 
0.498503 
0.334650 
0.464119 
0.455313 
0.452081 
0.123476 
0.261087 
0.083003 
0.033525 
0.456426 
0.152243 
0.752172 
0.750228 
0.076568 
0.882486 
0.938095 
0.570289 
0.850498 
0.317109 
0.653578 
0.692896 
0.509771 
0.718018 
0.725378 
0.425190 
0.171829 
0.937073 
0.394242 
0.022203 
0.164018 
0.645354 
0.468517 
0.359006 
0.815578 
0.420879 
0.719678 
0.624068 
0.704735 
0.486279 
0.896942 
0.896514 
0.709543 
0.295616 
0.417034 
0.083588 
0.863938 
0.205214 
0.040056 
0.212826 
0.964753 
0.609025 
0.884262 
0.790959 
0.651694 
0.013452 
0.087067 
0.340127 
0.518430 
0.258636 
0.899717 
0.539319 
0.334002 
0.578696 
0.149608 
0.455626 
0.707738 
0.957423 
0.414311 
0.323394 
0.281999 
0.556739 
0.117459 
0.133220 
0.024232 
0.266365 
0.799587 
0.653263 
0.391095 
0.129025 
0.515814 
0.283809 
0.981085 
0.088154 
0.596801 
0.426823 
0.616590 
0.024906 
0.600004 
0.274419 
0.166520 
0.699888 
0.012374 
0.977107 
0.239111 
0.737847 
0.988820 
0.093664 
0.207809 
0.644554 
0.026399 
0.683283 
0.939285 
0.555995 
0.613198 
0.025263 
0.600513 
0.822740 
0.789468 
0.590634 
0.784367 
0.861102 
0.534541 
0.031728 
0.260360 
0.875753 
0.784629 
0.254684 
0.481124 
0.258713 
0.188720 
0.813026 
0.530568 
0.255424 
0.913609 
0.033614 
0.956029 
0.976292 
0.532352 
0.243355 
0.074162 
0.433219 
0.109964 
0.159824 
0.155524 
0.888207 
0.103144 
0.544532 
0.948774 
0.045544 
0.455807 
0.749535 
0.434163 
0.978835 
0.283667 
0.596492 
0.234098 
0.477997 
0.694078 
0.365324 
0.007302 
0.717024 
0.020431 
0.382515 
0.925502 
0.914890 
0.560951 
0.900700 
0.065206 
0.923623 
0.330857 
0.715423 
0.107292 
0.262017 
0.722460 
0.390185 
0.838584 
0.086816 
0.120994 
0.549145 
0.474284 
0.282798 
0.983768 
0.188326 
0.202452 
0.611662 
0.197611 
0.245080 
0.055465 
0.203460 
0.553028 
0.733791 
0.816980 
0.980834 
0.869459 
0.993631 
0.956368 
0.684078 
0.304321 
0.716043 
0.532674 
0.644998 
0.482471 
0.892518 
0.551265 
0.115577 
0.501540 
0.376649 
0.347756 
0.734394 
0.965159 
0.426896 
0.844563 
0.566942 
0.586267 
0.397418 
0.411604 
0.834141 
0.406748 
0.208913 
0.203780 
0.922606 
0.231782 
0.561274 
0.332545 
0.077840 
0.263860 
0.703018 
0.619945 
0.416808 
0.295633 
0.706014 
0.984877 
0.834855 
0.402686 
0.937530 
0.061822 
0.040162 
0.009831 
0.224751 
0.391449 
0.082403 
0.943574 
0.651507 
0.880736 
0.535843 
0.908575 
0.419574 
0.787147 
0.573491 
0.661474 
0.401729 
0.851257 
0.081299 
0.394555 
0.280576 
0.641578 
0.993625 
0.860503 
0.477711 
0.894729 
0.710577 
0.666783 
0.613925 
0.232967 
0.478601 
0.849590 
0.062295 
0.984592 
0.045508 
0.853231 
0.260612 
0.113591 
0.129228 
0.935757 
0.271859 
0.127961 
0.646851 
0.625903 
0.555187 
0.031849 
0.292289 
0.505538 
0.572009 
0.753835 
0.707905 
0.756423 
0.194249 
0.744008 
0.539230 
0.833226 
0.023980 
0.028629 
0.164979 
0.795059 
0.562812 
0.185750 
0.904152 
0.082512 
0.781707 
0.142582 
0.369128 
0.940427 
0.753023 
0.049912 
0.873889 
0.456353 
0.932535 
0.114041 
0.683185 
0.288109 
0.239604 
0.024743 
0.855031 
0.499833 
0.689445 
0.504518 
0.428128 
0.545850 
0.092688 
0.800241 
0.643215 
0.515499 
0.990163 
0.662714 
0.226695 
0.068669 
0.126179 
0.688386 
0.705123 
0.009621 
0.695661 
0.977406 
0.263703 
0.050137 
0.650512 
0.147560 
0.036365 
0.193851 
0.046365 
0.262430 
0.666203 
0.872732 
0.014963 
0.491462 
0.000440 
0.394275 
0.586860 
0.352357 
0.058140 
0.158235 
0.449651 
0.282953 
0.595850 
0.451270 
0.501156 
0.927792 
0.394166 
0.749354 
0.384305 
0.018174 
0.445661 
0.226582 
0.169350 
0.272677 
0.877585 
0.573808 
0.990911 
0.242405 
0.095854 
0.016484 
0.039776 
0.509139 
0.096390 
0.032359 
0.861725 
0.017438 
0.085914 
0.963884 
0.997906 
0.803737 
0.414505 
0.592554 
0.063022 
0.211479 
0.322715 
0.868726 
0.684912 
0.320049 
0.059334 
0.234241 
0.895351 
0.165315 
0.448007 
0.649499 
0.131945 
0.601190 
0.194259 
0.907195 
0.233650 
0.959799 
0.337881 
0.758296 
0.682973 
0.722352 
0.571024 
0.195108 
0.185725 
0.484330 
0.132481 
0.601013 
0.232205 
0.668979 
0.531754 
0.185720 
0.388770 
0.056087 
0.660029 
0.114094 
0.581010 
0.040089 
0.770956 
0.450577 
0.846972 
0.059770 
0.553728 
0.507107 
0.953213 
0.645486 
0.684013 
0.207611 
0.325790 
0.558874 
0.002012 
0.809493 
0.141738 
0.189195 
0.802802 
0.696190 
0.861141 
0.201637 
0.918176 
0.791208 
0.837048 
0.265644 
0.678849 
0.423077 
0.650585 
0.376464 
0.231397 
0.097147 
0.748730 
0.906816 
0.856599 
0.865415 
0.031671 
0.292403 
0.413653 
0.273985 
0.865018 
0.361969 
0.605507 
0.757631 
0.503709 
0.830390 
0.372747 
0.760168 
0.136133 
0.992987 
0.132234 
0.450792 
0.453144 
0.989488 
0.329246 
0.645694 
0.178730 
0.907689 
0.525915 
0.060932 
0.089301 
0.873923 
0.021261 
0.330083 
0.706197 
0.049707 
0.427305 
0.713673 
0.705141 
0.310294 
0.114406 
0.822674 
0.684471 
0.901864 
0.624532 
0.507625 
0.661058 
0.403170 
0.078042 
0.645243 
0.604385 
0.899399 
0.206306 
0.380557 
0.022468 
0.611313 
0.335778 
0.414827 
0.003221 
0.134401 
0.883714 
0.587619 
0.105104 
0.490870 
0.050933 
0.034965 
0.652860 
0.612645 
0.724563 
0.723839 
0.569950 
0.145693 
0.661038 
0.066519 
0.980085 
0.282309 
0.768960 
0.916682 
0.676906 
0.756391 
0.656671 
0.676416 
0.520859 
0.072964 
0.307976 
0.160038 
0.764380 
0.935387 
0.051288 
0.000114 
0.913453 
0.410748 
0.434013 
0.453454 
0.196340 
0.893547 
0.844129 
0.276898 
0.819670 
0.196743 
0.655921 
0.069974 
0.055540 
0.466159 
0.728229 
0.340868 
0.970614 
0.114150 
0.525622 
0.124966 
0.310923 
0.686900 
0.721459 
0.557723 
0.650727 
0.762974 
0.312212 
0.339255 
0.850758 
0.686055 
0.519205 
0.274327 
0.607515 
0.504027 
0.187799 
0.329478 
0.538186 
0.286889 
0.748314 
0.920928 
0.043063 
0.754376 
0.796065 
0.461384 
0.473304 
0.826150 
0.108959 
0.276451 
0.314354 
0.351745 
0.775253 
0.683762 
0.995741 
0.423572 
0.976261 
0.012415 
0.661938 
0.190187 
0.470355 
0.251313 
0.825239 
0.793490 
0.189607 
0.725719 
0.156683 
0.371758 
0.138282 
0.104003 
0.985944 
0.763901 
0.876191 
0.145486 
0.175189 
0.398755 
0.880790 
0.430851 
0.306951 
0.933010 
0.098933 
0.769227 
0.396105 
0.329950 
0.462549 
0.059678 
0.004749 
0.811154 
0.059054 
0.528676 
0.457919 
0.243372 
0.349438 
0.011841 
0.015961 
0.260914 
0.177565 
0.339668 
0.803430 
0.253218 
0.841257 
0.998773 
0.374379 
0.181590 
0.978282 
0.983679 
0.689757 
0.741392 
0.571384 
0.246301 
0.572762 
0.407345 
0.241481 
0.573636 
0.095890 
0.625344 
0.153542 
0.580784 
0.242053 
0.192361 
0.010585 
0.900401 
0.045428 
0.507072 
0.366438 
0.731358 
0.930587 
0.372621 
0.634933 
0.312839 
0.878956 
0.606210 
0.573007 
0.524015 
0.118044 
0.973110 
0.065282 
0.192223 
0.685551 
0.048913 
0.083126 
0.101831 
0.473850 
0.993161 
0.057136 
0.279128 
0.296576 
0.551391 
0.232281 
0.948645 
0.880880 
0.945136 
0.895890 
0.228775 
0.019708 
0.238158 
0.714271 
0.757518 
0.602292 
0.724761 
0.059720 
0.710617 
0.335804 
0.858669 
0.642724 
0.267828 
0.391346 
0.350419 
0.499520 
0.438100 
0.147892 
0.613436 
0.021681 
0.398962 
0.346439 
0.599583 
0.188910 
0.008478 
0.488702 
0.619239 
0.551923 
0.167279 
0.459092 
0.963780 
0.244197 
0.210784 
0.640724 
0.646943 
0.178764 
0.493884 
0.706247 
0.899565 
0.984182 
0.140005 
0.064317 
0.971838 
0.673490 
0.350504 
0.925211 
0.019277 
0.991409 
0.614718 
0.565485 
0.099139 
0.228952 
0.990731 
0.218679 
0.339867 
0.144648 
0.102657 
0.354197 
0.995793 
0.297840 
0.799499 
0.171747 
0.550875 
0.552744 
0.963141 
0.511302 
0.445031 
0.636393 
0.863627 
0.975791 
0.120774 
0.848642 
0.119605 
0.196331 
0.735141 
0.519297 
0.825176 
0.741000 
0.987858 
0.921990 
0.886942 
0.833671 
0.506905 
0.544015 
0.258820 
0.983244 
0.375545 
0.786105 
0.061473 
0.179010 
0.623366 
0.910170 
0.224952 
0.763839 
0.846851 
0.032513 
0.452003 
0.816104 
0.268191 
0.480746 
0.904938 
0.287718 
0.677045 
0.090167 
0.435869 
0.649862 
0.238298 
0.066557 
0.623584 
0.582326 
0.149762 
0.047829 
0.864700 
0.018609 
0.759106 
0.291166 
0.629939 
0.392254 
0.615792 
0.612983 
0.397068 
0.523459 
0.773845 
0.009410 
0.158111 
0.371014 
0.635649 
0.355907 
0.728132 
0.719503 
0.681658 
0.626367 
0.353742 
0.334693 
0.193169 
0.594892 
0.354659 
0.759215 
0.127553 
0.788087 
0.380659 
0.741396 
0.650336 
0.199507 
0.119252 
0.269875 
0.797372 
0.433907 
0.681978 
0.012608 
0.895684 
0.762719 
0.011011 
0.064722 
0.788996 
0.663852 
0.366402 
0.122623 
0.921425 
0.390660 
0.827672 
0.677113 
0.233443 
0.475961 
0.475329 
0.849569 
0.704598 
0.181523 
0.859862 
0.707602 
0.666794 
0.802939 
0.002089 
0.102737 
0.708926 
0.923845 
0.067901 
0.220034 
0.115009 
0.948110 
0.881721 
0.087902 
0.360559 
0.915933 
0.079003 
0.798799 
0.415272 
0.483962 
0.950745 
0.163671 
0.812416 
0.275778 
0.001611 
0.082806 
0.728207 
0.970822 
0.600915 
0.583306 
0.630084 
0.824447 
0.482675 
0.323356 
0.639916 
0.065062 
0.501221 
0.017747 
0.267307 
0.635760 
0.212228 
0.913026 
0.234663 
0.989149 
0.621875 
0.845228 
0.753124 
0.757634 
0.550800 
0.293262 
0.849971 
0.458011 
0.796601 
0.470411 
0.199689 
0.179793 
0.779618 
0.036643 
0.861247 
0.974005 
0.097217 
0.928078 
0.204574 
0.266996 
0.395145 
0.193909 
0.033231 
0.519826 
0.719305 
0.361117 
0.299765 
0.150062 
0.091322 
0.840749 
0.467154 
0.453070 
0.752601 
0.965671 
0.024969 
0.653230 
0.840721 
0.997149 
0.082741 
0.630582 
0.190648 
0.221293 
0.278254 
0.623339 
0.455442 
0.616385 
0.583409 
0.356886 
0.190485 
0.485359 
0.429813 
0.870411 
0.000974 
0.378298 
0.050012 
0.546995 
0.341627 
0.727103 
0.421943 
0.597664 
0.945043 
0.343569 
0.366186 
0.482078 
0.277741 
0.996567 
0.297706 
0.537889 
0.302494 
0.014104 
0.048171 
0.616244 
0.218351 
0.821150 
0.062566 
0.543343 
0.965572 
0.374936 
0.541356 
0.570643 
0.789836 
0.766078 
0.465328 
0.774212 
0.173036 
0.217012 
0.320088 
0.712445 
0.062662 
0.159488 
0.518824 
0.873969 
0.793598 
0.005168 
0.861812 
0.479326 
0.029362 
0.482017 
0.256048 
0.396014 
0.800920 
0.056417 
0.203486 
0.987125 
0.608748 
0.221781 
0.469051 
0.337049 
0.783860 
0.333051 
0.594464 
0.158767 
0.392209 
0.858904 
0.593491 
0.806359 
0.469201 
0.854315 
0.466500 
0.473277 
0.364246 
0.880241 
0.205941 
0.242218 
0.962160 
0.023035 
0.157558 
0.079016 
0.028996 
0.336235 
0.103304 
0.227075 
0.446425 
0.058963 
0.999075 
0.449529 
0.227991 
0.850355 
0.917427 
0.194667 
0.767032 
0.499571 
0.291519 
0.554462 
0.840190 
0.066667 
0.469598 
0.531953 
0.532713 
0.313096 
0.205756 
0.140847 
0.219777 
0.790799 
0.952481 
0.340313 
0.634311 
0.872079 
0.024221 
0.081741 
0.823164 
0.923712 
0.834483 
0.149894 
0.268608 
0.501313 
0.562414 
0.485940 
0.191385 
0.612815 
0.584373 
0.552391 
0.043917 
0.114449 
0.538959 
0.285917 
0.412162 
0.201906 
0.430728 
0.243709 
0.020535 
0.134659 
0.210898 
0.567607 
0.776535 
0.231510 
0.990964 
0.131167 
0.527075 
0.556872 
0.348757 
0.556619 
0.101590 
0.418977 
0.738973 
0.917285 
0.811177 
0.459804 
0.921118 
0.228442 
0.423377 
0.695830 
0.816977 
0.935535 
0.528741 
0.550026 
0.289405 
0.027308 
0.968550 
0.421804 
0.263692 
0.877401 
0.479989 
0.182494 
0.169304 
0.488154 
0.398164 
0.940706 
0.443037 
0.121759 
0.408057 
0.217110 
0.961692 
0.158121 
0.545808 
0.400610 
0.045173 
0.220179 
0.542983 
0.916125 
0.320826 
0.118328 
0.740621 
0.624307 
0.730291 
0.999913 
0.539255 
0.261070 
0.800244 
0.704777 
0.191740 
0.581627 
0.404651 
0.973785 
0.401629 
0.179130 
0.638249 
0.050652 
0.303940 
0.323003 
0.706589 
0.637115 
0.994358 
0.179733 
0.769281 
0.297421 
0.747783 
0.993874 
0.043471 
0.610878 
0.026888 
0.905236 
0.304929 
0.949201 
0.216040 
0.982690 
0.078914 
0.309081 
0.723451 
0.033304 
0.732733 
0.051098 
0.807135 
0.521260 
0.818214 
0.729141 
0.674236 
0.884380 
0.772158 
0.653535 
0.967134 
0.616063 
0.169675 
0.722694 
0.320963 
0.429604 
0.348678 
0.232452 
0.828600 
0.287698 
0.347202 
0.430086 
0.449565 
0.840053 
0.763077 
0.031649 
0.928234 
0.828833 
0.202738 
0.415730 
0.169645 
0.215608 
0.724594 
0.249568 
0.489330 
0.177606 
0.025000 
0.172925 
0.344467 
0.457359 
0.827451 
0.973448 
0.737498 
0.124944 
0.932049 
0.942576 
0.867811 
0.304837 
0.388764 
0.948764 
0.882341 
0.498311 
0.111751 
0.202962 
0.183633 
0.327755 
0.575110 
0.868157 
0.110046 
0.543119 
0.196503 
0.617695 
0.596661 
0.088210 
0.547039 
0.087371 
0.436784 
0.030674 
0.534135 
0.204027 
0.088598 
0.059486 
0.785489 
0.715068 
0.143849 
0.676661 
0.646318 
0.666464 
0.252228 
0.193528 
0.628866 
0.358562 
0.350521 
0.206264 
0.672787 
0.534135 
0.199606 
0.769747 
0.142479 
0.648165 
0.701579 
0.431909 
0.096453 
0.087753 
0.863994 
0.150742 
0.514854 
0.158616 
0.863141 
0.817279 
0.000440 
0.392178 
0.334733 
0.850130 
0.139905 
0.376615 
0.768589 
0.674996 
0.660106 
0.399834 
0.003460 
0.149235 
0.190578 
0.050641 
0.118980 
0.690456 
0.486009 
0.358547 
0.106237 
0.517282 
0.963866 
0.687567 
0.935824 
0.396664 
0.738873 
0.243757 
0.822863 
0.862548 
0.846108 
0.544532 
0.942646 
0.051456 
0.816840 
0.626482 
0.277416 
0.533792 
0.447733 
0.045418 
0.345012 
0.613459 
0.411951 
0.662305 
0.361436 
0.647061 
0.159971 
0.627263 
0.415534 
0.887210 
0.346496 
0.563228 
0.173688 
0.180589 
0.162146 
0.183647 
0.558617 
0.676784 
0.713951 
0.371637 
0.111088 
0.054581 
0.339784 
0.748080 
0.973589 
0.118084 
0.631652 
0.180927 
0.846453 
0.342251 
0.215338 
0.184901 
0.624018 
0.866586 
0.709934 
0.856172 
0.677936 
0.067787 
0.299475 
0.267949 
0.424464 
0.973948 
0.138910 
0.652071 
0.355292 
0.392942 
0.177992 
0.517380 
0.608154 
0.250705 
0.591596 
0.954781 
0.004385 
0.692968 
0.708551 
0.624103 
0.303789 
0.783197 
0.195118 
0.353562 
0.312197 
0.088615 
0.353092 
0.425611 
0.248730 
0.403548 
0.439573 
0.900193 
0.545241 
0.862081 
0.998193 
0.632858 
0.438999 
0.255719 
0.871223 
0.645514 
0.147373 
0.902358 
0.938891 
0.939935 
0.486303 
0.288119 
0.418241 
0.374757 
0.546510 
0.189094 
0.101639 
0.247946 
0.221493 
0.633012 
0.033151 
0.165590 
0.078134 
0.194191 
0.774188 
0.771136 
0.488515 
0.475582 
0.110870 
0.399486 
0.167352 
0.683692 
0.813028 
0.564566 
0.655576 
0.263129 
0.409787 
0.296908 
0.134997 
0.894165 
0.231685 
0.937749 
0.739159 
0.042988 
0.504544 
0.868987 
0.069456 
0.340487 
0.562172 
0.421698 
0.486465 
0.013394 
0.112215 
0.993236 
0.319498 
0.798204 
0.412625 
0.983070 
0.456607 
0.189563 
0.989297 
0.108508 
0.688966 
0.454119 
0.370799 
0.021307 
0.100738 
0.100657 
0.750178 
0.247145 
0.770774 
0.397260 
0.746608 
0.244211 
0.460460 
0.959241 
0.967932 
0.035273 
0.834292 
0.942210 
0.716911 
0.126379 
0.053944 
0.637083 
0.455114 
0.094592 
0.806976 
0.844681 
0.552358 
0.486977 
0.622369 
0.153021 
0.825229 
0.630013 
0.628288 
0.641749 
0.872727 
0.929703 
0.518798 
0.436060 
0.859738 
0.620575 
0.010981 
0.554091 
0.606009 
0.194606 
0.738545 
0.724218 
0.929313 
0.964675 
0.299220 
0.983114 
0.195447 
0.882915 
0.154133 
0.515562 
0.047247 
0.077145 
0.570748 
0.566038 
0.398634 
0.848806 
0.880302 
0.230334 
0.223308 
0.142782 
0.738803 
0.061263 
0.646915 
0.698812 
0.939026 
0.209864 
0.180225 
0.033347 
0.467903 
0.053227 
0.593076 
0.821402 
0.308661 
0.660309 
0.810260 
0.041559 
0.480040 
0.030715 
0.234783 
0.992973 
0.899462 
0.253897 
0.239651 
0.817265 
0.766071 
0.361574 
0.977754 
0.113280 
0.892213 
0.424821 
0.970512 
0.392185 
0.449937 
0.086372 
0.650247 
0.706557 
0.102324 
0.754219 
0.156857 
0.288466 
0.246554 
0.828663 
0.341159 
0.859638 
0.928874 
0.591922 
0.441277 
0.545393 
0.425170 
0.834583 
0.842245 
0.605303 
0.329368 
0.690990 
0.475056 
0.268959 
0.399492 
0.254154 
0.569300 
0.231657 
0.453179 
0.577006 
0.739465 
0.181626 
0.585483 
0.211434 
0.573074 
0.653227 
0.784731 
0.975813 
0.482266 
0.447538 
0.773832 
0.787274 
0.721070 
0.025154 
0.768955 
0.823407 
0.009547 
0.452161 
0.464399 
0.156480 
0.965276 
0.395228 
0.598281 
0.305474 
0.094446 
0.357628 
0.646966 
0.555119 
0.883040 
0.254981 
0.467109 
0.695094 
0.449357 
0.345821 
0.218342 
0.679054 
0.862484 
0.773113 
0.713777 
0.452973 
0.118369 
0.428591 
0.322036 
0.460533 
0.181110 
0.910493 
0.649385 
0.210188 
0.628849 
0.062999 
0.825952 
0.771271 
0.750555 
0.579414 
0.205934 
0.129816 
0.816447 
0.019398 
0.024363 
0.475953 
0.337162 
0.681457 
0.248240 
0.172094 
0.387053 
0.202127 
0.141139 
0.125228 
0.703340 
0.034353 
0.363250 
0.147213 
0.205681 
0.883995 
0.303303 
0.620897 
0.410495 
0.184122 
0.540661 
0.883071 
0.781610 
0.513335 
0.621619 
0.558084 
0.720460 
0.763031 
0.264235 
0.990418 
0.948966 
0.264052 
0.924265 
0.126629 
0.255765 
0.644781 
0.840494 
0.177419 
0.881398 
0.652637 
0.865912 
0.376169 
0.276734 
0.074994 
0.420592 
0.891849 
0.303309 
0.716449 
0.355350 
0.369501 
0.200121 
0.438273 
0.054316 
0.881054 
0.880948 
0.087903 
0.386026 
0.939895 
0.818721 
0.246328 
0.039863 
0.977154 
0.033926 
0.189459 
0.242921 
0.766461 
0.917372 
0.263681 
0.689443 
0.468469 
0.565076 
0.227735 
0.550180 
0.874345 
0.117203 
0.827997 
0.139277 
0.823468 
0.031217 
0.658100 
0.694369 
0.262002 
0.465982 
0.765330 
0.896571 
0.663343 
0.805857 
0.037650 
0.775166 
0.207161 
0.761252 
0.367434 
0.455871 
0.817733 
0.632253 
0.282446 
0.064223 
0.398424 
0.316562 
0.456530 
0.902689 
0.493868 
0.436590 
0.765074 
0.602805 
0.349710 
0.569152 
0.733073 
0.751239 
0.066685 
0.767548 
0.175548 
0.427329 
0.123618 
0.654484 
0.917071 
0.208316 
0.170570 
0.766651 
0.098861 
0.558401 
0.053363 
0.874947 
0.241989 
0.107611 
0.610073 
0.491534 
0.219843 
0.902433 
0.185295 
0.253461 
0.923099 
0.532179 
0.330169 
0.157894 
0.730954 
0.147308 
0.809343 
0.634474 
0.611848 
0.326178 
0.081277 
0.016197 
0.217746 
0.657881 
0.011648 
0.761178 
0.114808 
0.569803 
0.674705 
0.761339 
0.820563 
0.208533 
0.813510 
0.660898 
0.708183 
0.435308 
0.219361 
0.807408 
0.099498 
0.267371 
0.708097 
0.993808 
0.931852 
0.641139 
0.624950 
0.533748 
0.710364 
0.081171 
0.233976 
0.432630 
0.213911 
0.203606 
0.005874 
0.728897 
0.569798 
0.601379 
0.383802 
0.554300 
0.115447 
0.317263 
0.232281 
0.947174 
0.151776 
0.891335 
0.669666 
0.068534 
0.855381 
0.393770 
0.087705 
0.049794 
0.880028 
0.626371 
0.409442 
0.489132 
0.836247 
0.807881 
0.059088 
0.091744 
0.944087 
0.268277 
0.933180 
0.950737 
0.034622 
0.885827 
0.099620 
0.319586 
0.283829 
0.310183 
0.252145 
0.800599 
0.664871 
0.478923 
0.258691 
0.826116 
0.535764 
0.580385 
0.536162 
0.274733 
0.435553 
0.331915 
0.495094 
0.050573 
0.986794 
0.039409 
0.353285 
0.654513 
0.399371 
0.224511 
0.348550 
0.081031 
0.879867 
0.918259 
0.177837 
0.913124 
0.882999 
0.557323 
0.925598 
0.525463 
0.459297 
0.408744 
0.758555 
0.027876 
0.503893 
0.932904 
0.319647 
0.310781 
0.304130 
0.515707 
0.494959 
0.783462 
0.646475 
0.312097 
0.417670 
0.772248 
0.178112 
0.528264 
0.532827 
0.215373 
0.780542 
0.570460 
0.720842 
0.195524 
0.172309 
0.004730 
0.492393 
0.656481 
0.479508 
0.096696 
0.166559 
0.360738 
0.931667 
0.534908 
0.197600 
0.070607 
0.683554 
0.494012 
0.865637 
0.753767 
0.559839 
0.215204 
0.938326 
0.438856 
0.847639 
0.272265 
0.955138 
0.005582 
0.816614 
0.824768 
0.876061 
0.959299 
0.935600 
0.630475 
0.387539 
0.361821 
0.123679 
0.678095 
0.744382 
0.828406 
0.021324 
