0.000001 
0.009853 
0.606075 
0.307101 
0.440516 
0.753952 
0.669616 
0.229172 
0.690679 
0.234175 
0.778356 
0.829116 
0.945212 
0.185371 
0.526287 
0.308199 
0.892543 
0.977075 
0.692016 
0.720304 
0.154377 
0.614842 
0.646845 
0.521593 
0.419547 
0.324115 
0.403331 
0.783797 
0.283974 
0.743190 
0.798958 
0.093926 
0.607332 
0.428319 
0.757823 
0.727093 
0.246891 
0.491957 
0.320802 
0.716068 
0.961386 
0.021957 
0.030810 
0.829445 
0.474996 
0.261886 
0.511527 
0.228110 
0.846275 
0.341848 
0.441960 
0.016925 
0.464292 
0.358012 
0.107712 
0.314609 
0.632565 
0.525385 
0.149265 
0.693000 
0.250488 
0.958243 
0.194324 
0.011582 
0.662473 
0.182419 
0.916646 
0.075935 
0.232715 
0.235191 
0.850086 
0.390232 
0.634964 
0.845987 
0.496159 
0.951969 
0.737294 
0.693762 
0.055735 
0.746456 
0.687524 
0.221981 
0.835008 
0.977436 
0.765224 
0.123139 
0.595163 
0.906664 
0.293706 
0.317470 
0.712417 
0.592352 
0.659185 
0.928197 
0.211591 
0.212000 
0.090784 
0.809690 
0.461895 
0.070446 
0.981821 
0.465705 
0.107967 
0.600376 
0.514579 
0.533451 
0.713407 
0.228810 
0.614677 
0.872350 
0.586470 
0.799197 
0.100447 
0.221065 
0.438489 
0.685258 
0.127872 
0.147311 
0.854157 
0.819849 
0.207923 
0.556834 
0.706478 
0.776498 
0.595218 
0.837250 
0.662867 
0.812700 
0.047703 
0.747949 
0.782277 
0.721244 
0.941886 
0.271840 
0.814883 
0.740712 
0.146199 
0.173960 
0.744051 
0.267959 
0.579755 
0.946740 
0.859713 
0.187989 
0.522817 
0.981117 
0.637267 
0.551092 
0.207439 
0.427146 
0.039818 
0.214436 
0.018782 
0.672785 
0.494314 
0.935339 
0.249868 
0.530608 
0.928461 
0.637239 
0.068902 
0.032774 
0.827640 
0.146540 
0.892171 
0.724353 
0.206935 
0.960243 
0.804479 
0.885856 
0.584112 
0.166361 
0.031299 
0.046600 
0.207977 
0.469028 
0.961837 
0.599221 
0.102695 
0.989839 
0.231871 
0.050898 
0.445913 
0.461235 
0.978070 
0.422383 
0.997716 
0.606791 
0.332654 
0.908123 
0.822533 
0.319272 
0.998447 
0.895717 
0.309907 
0.607007 
0.966429 
0.771620 
0.618023 
0.116874 
0.294010 
0.426970 
0.078171 
0.816184 
0.608362 
0.748512 
0.249100 
0.619008 
0.673245 
0.223315 
0.261860 
0.086250 
0.596240 
0.008672 
0.752330 
0.403046 
0.993699 
0.106892 
0.528162 
0.820315 
0.037336 
0.513177 
0.959143 
0.323322 
0.079086 
0.198702 
0.579438 
0.607943 
0.699842 
0.239427 
0.042075 
0.146280 
0.533518 
0.830918 
0.246504 
0.987422 
0.607387 
0.354765 
0.543494 
0.507108 
0.956257 
0.813686 
0.614483 
0.622513 
0.572246 
0.733998 
0.302367 
0.887867 
0.388040 
0.784732 
0.985110 
0.749158 
0.106661 
0.650188 
0.714752 
0.844583 
0.914158 
0.260238 
0.827538 
0.424707 
0.052629 
0.531049 
0.343312 
0.036943 
0.907651 
0.882110 
0.630942 
0.239891 
0.855421 
0.055544 
0.528457 
0.769022 
0.959233 
0.825664 
0.941360 
0.440745 
0.600112 
0.074070 
0.886290 
0.876910 
0.234260 
0.205048 
0.247130 
0.506211 
0.893869 
0.264297 
0.035152 
0.796767 
0.262907 
0.671726 
0.692384 
0.898589 
0.583555 
0.812684 
0.775338 
0.101384 
0.961459 
0.238003 
0.109256 
0.273197 
0.615194 
0.569700 
0.951980 
0.926488 
0.488252 
0.058794 
0.154745 
0.802722 
0.341351 
0.091560 
0.853101 
0.076539 
0.389205 
0.374384 
0.278042 
0.049983 
0.063670 
0.093983 
0.564826 
0.024396 
0.024151 
0.901532 
0.056250 
0.396731 
0.853239 
0.383259 
0.442269 
0.220232 
0.441975 
0.267236 
0.437370 
0.883032 
0.114881 
0.809163 
0.604222 
0.153346 
0.279504 
0.629948 
0.533379 
0.505188 
0.688152 
0.776247 
0.382284 
0.045893 
0.317930 
0.446686 
0.443804 
0.017949 
0.665368 
0.844153 
0.686624 
0.085955 
0.646570 
0.907628 
0.500387 
0.006863 
0.345907 
0.653886 
0.866306 
0.013103 
0.214911 
0.011532 
0.822766 
0.230054 
0.510417 
0.585980 
0.570278 
0.666171 
0.339123 
0.637030 
0.564989 
0.775795 
0.791261 
0.730577 
0.803379 
0.382879 
0.049988 
0.153313 
0.727808 
0.268186 
0.403007 
0.340088 
0.860053 
0.905284 
0.113198 
0.514271 
0.355690 
0.075065 
0.615358 
0.319049 
0.256190 
0.786938 
0.069046 
0.459926 
0.984188 
0.247085 
0.764334 
0.163856 
0.924595 
0.671847 
0.724798 
0.683716 
0.218465 
0.748143 
0.033687 
0.174563 
0.883754 
0.258597 
0.234295 
0.801958 
0.502693 
0.768530 
0.680781 
0.888727 
0.833334 
0.842601 
0.595997 
0.929302 
0.784865 
0.218537 
0.950836 
0.708666 
0.555636 
0.566827 
0.665504 
0.130377 
0.242221 
0.001464 
0.605808 
0.807486 
0.419979 
0.586062 
0.949269 
0.361366 
0.485683 
0.872975 
0.086687 
0.946508 
0.958549 
0.335960 
0.471494 
0.401758 
0.349038 
0.279238 
0.159862 
0.804917 
0.236179 
0.454753 
0.039228 
0.310298 
0.184029 
0.982837 
0.549417 
0.053437 
0.121876 
0.368547 
0.169964 
0.583691 
0.098868 
0.673246 
0.238866 
0.627445 
0.474025 
0.934052 
0.617173 
0.824233 
0.880698 
0.897892 
0.868850 
0.762946 
0.838943 
0.117668 
0.641319 
0.653927 
0.551591 
0.593370 
0.772528 
0.875734 
0.454841 
0.515368 
0.784058 
0.659454 
0.442870 
0.310833 
0.164530 
0.253985 
0.721660 
0.944365 
0.945488 
0.809205 
0.314598 
0.443762 
0.307784 
0.926472 
0.217217 
0.773653 
0.786832 
0.290003 
0.079152 
0.315979 
0.650997 
0.312529 
0.675375 
0.024705 
0.217596 
0.141602 
0.902768 
0.827223 
0.134942 
0.977001 
0.449831 
0.305646 
0.988849 
0.583203 
0.896457 
0.757458 
0.592151 
0.273983 
0.836389 
0.196740 
0.601238 
0.015448 
0.641154 
0.877687 
0.283541 
0.473033 
0.269881 
0.886374 
0.281634 
0.425702 
0.781908 
0.524708 
0.766585 
0.002387 
0.114283 
0.747724 
0.991465 
0.552027 
0.925606 
0.659341 
0.544701 
0.793385 
0.427711 
0.544239 
0.019735 
0.678109 
0.979494 
0.355100 
0.160808 
0.702245 
0.631420 
0.276673 
0.036998 
0.826826 
0.469177 
0.453612 
0.863285 
0.236386 
0.936142 
0.730452 
0.714560 
0.604913 
0.767521 
0.726353 
0.815979 
0.156151 
0.430163 
0.741479 
0.045817 
0.044822 
0.326226 
0.881648 
0.859639 
0.951626 
0.972273 
0.985949 
0.841327 
0.179529 
0.348938 
0.600944 
0.065035 
0.044020 
0.843239 
0.315595 
0.212353 
0.015753 
0.755279 
0.982273 
0.070119 
0.484438 
0.955633 
0.328761 
0.492010 
0.217211 
0.659709 
0.728175 
0.432117 
0.591882 
0.757769 
0.824204 
0.389962 
0.083962 
0.148332 
0.023724 
0.734856 
0.719807 
0.802749 
0.799585 
0.629056 
0.544716 
0.041763 
0.910956 
0.434744 
0.740321 
0.579156 
0.868231 
0.363040 
0.611463 
0.852981 
0.045166 
0.098604 
0.234982 
0.343050 
0.649676 
0.112062 
0.428621 
0.833239 
0.245779 
0.809545 
0.019810 
0.939798 
0.186321 
0.489091 
0.148576 
0.108588 
0.041848 
0.339253 
0.818004 
0.200411 
0.310931 
0.823525 
0.976626 
0.159833 
0.306080 
0.280638 
0.682727 
0.597120 
0.792120 
0.163411 
0.453089 
0.070093 
0.059122 
0.666074 
0.713132 
0.609241 
0.514461 
0.541687 
0.135551 
0.207944 
0.908003 
0.807032 
0.787304 
0.226638 
0.103193 
0.361558 
0.704629 
0.707549 
0.777679 
0.452517 
0.459461 
0.154500 
0.686920 
0.065482 
0.564276 
0.793874 
0.646823 
0.161666 
0.128208 
0.790953 
0.542414 
0.351316 
0.569953 
0.208335 
0.489494 
0.931518 
0.015741 
0.551277 
0.318288 
0.461790 
0.310100 
0.844823 
0.938611 
0.227044 
0.929501 
0.119594 
0.023149 
0.066965 
0.484727 
0.815057 
0.667571 
0.858982 
0.918722 
0.968487 
0.362803 
0.622503 
0.410044 
0.613339 
0.382065 
0.363883 
0.787044 
0.855595 
0.985439 
0.277901 
0.688650 
0.139920 
0.634196 
0.940272 
0.157360 
0.753248 
0.835151 
0.388200 
0.481644 
0.986140 
0.053950 
0.731571 
0.510830 
0.517647 
0.090019 
0.943538 
0.046615 
0.456629 
0.556096 
0.298529 
0.372562 
0.650595 
0.542148 
0.886372 
0.261818 
0.372023 
0.589232 
0.222574 
0.799940 
0.597727 
0.997314 
0.862261 
0.012965 
0.909615 
0.898346 
0.497087 
0.540445 
0.256802 
0.062851 
0.343349 
0.669494 
0.186302 
0.171066 
0.110554 
0.086321 
0.793737 
0.342560 
0.411468 
0.542431 
0.643161 
0.614073 
0.730800 
0.552914 
0.821801 
0.003799 
0.845016 
0.183580 
0.424764 
0.008189 
0.637293 
0.975125 
0.924801 
0.123502 
0.703965 
0.543359 
0.227497 
0.550091 
0.384674 
0.214608 
0.910970 
0.673166 
0.907499 
0.339691 
0.185850 
0.584160 
0.984115 
0.020169 
0.979900 
0.184311 
0.719364 
0.350339 
0.150035 
0.640366 
0.633396 
0.488489 
0.032469 
0.704381 
0.537354 
0.314183 
0.468244 
0.781817 
0.992485 
0.693036 
0.859223 
0.967405 
0.176285 
0.818843 
0.298199 
0.827932 
0.046896 
0.173613 
0.907161 
0.648637 
0.641673 
0.595652 
0.119585 
0.864743 
0.742133 
0.033006 
0.736387 
0.458685 
0.125051 
0.735690 
0.746618 
0.403548 
0.438289 
0.327996 
0.625968 
0.643460 
0.624366 
0.723551 
0.723682 
0.921906 
0.466612 
0.355879 
0.253033 
0.718073 
0.660574 
0.270109 
0.718594 
0.417287 
0.349742 
0.112255 
0.666343 
0.226967 
0.633939 
0.617221 
0.629324 
0.041427 
0.261781 
0.749271 
0.995892 
0.951482 
0.550293 
0.775879 
0.195899 
0.475104 
0.068579 
0.615306 
0.449923 
0.853279 
0.060303 
0.513246 
0.125445 
0.347587 
0.895410 
0.158661 
0.618691 
0.343808 
0.382639 
0.017264 
0.151065 
0.951019 
0.780109 
0.297517 
0.364312 
0.992477 
0.567165 
0.336977 
0.567008 
0.706213 
0.323364 
0.777605 
0.209369 
0.865654 
0.049518 
0.241315 
0.784725 
0.868161 
0.179990 
0.096331 
0.041267 
0.573924 
0.937462 
0.926458 
0.984774 
0.101345 
0.308763 
0.381085 
0.892201 
0.228145 
0.425896 
0.030438 
0.572121 
0.645696 
0.205895 
0.475351 
0.231989 
0.035540 
0.324382 
0.881259 
0.313124 
0.669515 
0.544021 
0.368749 
0.563016 
0.607901 
0.985858 
0.310090 
0.679741 
0.412045 
0.243983 
0.622268 
0.460256 
0.517032 
0.754875 
0.191255 
0.415969 
0.190317 
0.649662 
0.869186 
0.416442 
0.133275 
0.956235 
0.443866 
0.059380 
0.004223 
0.977562 
0.883728 
0.823936 
0.888617 
0.993574 
0.991667 
0.941698 
0.125491 
0.124832 
0.044688 
0.078814 
0.621943 
0.990923 
0.438393 
0.065145 
0.884962 
0.556379 
0.066298 
0.272334 
0.123638 
0.991965 
0.958033 
0.665415 
0.622908 
0.222695 
0.837935 
0.169297 
0.378819 
0.815264 
0.134355 
0.100694 
0.363453 
0.548224 
0.003821 
0.221597 
0.387332 
0.886052 
0.876587 
0.798455 
0.634293 
0.570599 
0.057084 
0.409125 
0.161433 
0.196960 
0.307666 
0.944233 
0.720850 
0.324463 
0.257369 
0.602413 
0.753317 
0.996718 
0.832103 
0.156748 
0.462770 
0.769025 
0.997128 
0.731635 
0.582330 
0.224684 
0.259075 
0.274450 
0.676322 
0.939870 
0.387457 
0.988050 
0.164189 
0.520285 
0.428075 
0.662456 
0.896389 
0.605103 
0.968224 
0.946343 
0.190965 
0.548703 
0.050644 
0.166157 
0.600242 
0.274892 
0.101543 
0.627144 
0.403258 
0.548812 
0.884080 
0.734559 
0.725441 
0.489396 
0.285648 
0.881970 
0.263230 
0.112844 
0.577297 
0.631133 
0.456122 
0.046383 
0.551489 
0.882870 
0.399702 
0.798936 
0.716608 
0.039028 
0.940131 
0.776313 
0.485810 
0.005559 
0.423965 
0.573937 
0.157047 
0.482180 
0.003299 
0.448097 
0.159143 
0.718976 
0.822998 
0.135506 
0.445154 
0.709019 
0.489910 
0.910847 
0.600611 
0.465057 
0.205083 
0.833865 
0.762651 
0.869269 
0.806037 
0.062173 
0.948007 
0.150740 
0.480685 
0.864633 
0.890305 
0.350803 
0.938681 
0.416370 
0.937938 
0.926776 
0.331797 
0.507431 
0.398519 
0.903116 
0.665405 
0.457999 
0.589961 
0.478191 
0.952367 
0.440360 
0.126248 
0.857247 
0.742245 
0.908885 
0.634214 
0.231546 
0.599222 
0.116524 
0.417111 
0.386475 
0.485681 
0.845622 
0.362117 
0.105907 
0.976338 
0.314465 
0.209138 
0.980824 
0.716852 
0.138300 
0.408191 
0.465156 
0.875958 
0.230869 
0.209702 
0.461884 
0.881854 
0.315740 
0.644256 
0.015738 
0.508256 
0.255066 
0.899334 
0.110324 
0.223319 
0.319963 
0.622789 
0.210152 
0.027252 
0.016300 
0.956045 
0.252930 
0.998550 
0.624679 
0.980375 
0.156760 
0.660323 
0.045873 
0.986671 
0.978265 
0.692937 
0.192465 
0.759278 
0.177633 
0.476198 
0.457949 
0.746897 
0.096114 
0.391455 
0.189499 
0.906667 
0.354736 
0.049142 
0.922719 
0.146081 
0.178103 
0.371932 
0.065508 
0.999063 
0.244157 
0.544893 
0.011095 
0.479315 
0.849590 
0.059023 
0.001797 
0.202483 
0.137476 
0.563907 
0.588651 
0.464578 
0.170306 
0.325961 
0.426331 
0.342983 
0.509860 
0.211673 
0.580707 
0.945326 
0.090857 
0.031566 
0.535993 
0.440163 
0.816367 
0.685112 
0.673014 
0.346993 
0.910771 
0.326220 
0.772400 
0.723654 
0.456933 
0.675081 
0.088082 
0.390045 
0.483732 
0.076355 
0.302415 
0.686901 
0.738520 
0.310101 
0.870329 
0.620262 
0.744789 
0.670281 
0.408021 
0.611137 
0.385369 
0.904840 
0.642044 
0.831718 
0.692253 
0.696679 
0.084550 
0.033311 
0.853972 
0.702974 
0.889181 
0.470454 
0.915489 
0.625896 
0.442386 
0.177709 
0.752780 
0.981186 
0.797816 
0.895083 
0.653851 
0.279258 
0.495152 
0.015299 
0.123787 
0.485055 
0.320446 
0.740800 
0.622433 
0.226173 
0.286740 
0.231792 
0.734378 
0.685343 
0.556357 
0.687478 
0.448775 
0.559228 
0.949630 
0.425441 
0.383919 
0.522350 
0.133805 
0.854003 
0.229055 
0.727763 
0.504606 
0.918707 
0.706828 
0.659932 
0.469766 
0.360184 
0.606290 
0.919588 
0.521229 
0.302965 
0.938859 
0.397849 
0.652945 
0.041083 
0.475503 
0.784825 
0.557428 
0.690796 
0.215890 
0.461692 
0.652749 
0.745117 
0.177556 
0.181857 
0.475470 
0.227502 
0.619996 
0.280198 
0.281346 
0.573948 
0.350131 
0.650952 
0.542203 
0.805501 
0.059657 
0.661062 
0.460725 
0.406936 
0.366783 
0.517455 
0.869663 
0.432162 
0.346665 
0.393595 
0.157081 
0.067334 
0.689105 
0.791221 
0.053557 
0.127015 
0.744483 
0.520326 
0.123440 
0.663395 
0.673660 
0.210674 
0.804501 
0.251089 
0.058071 
0.999932 
0.857006 
0.695268 
0.376325 
0.900133 
0.541579 
0.324592 
0.416070 
0.881290 
0.835706 
0.710705 
0.822595 
0.355358 
0.496992 
0.950690 
0.248972 
0.464965 
0.659352 
0.726093 
0.444701 
0.092264 
0.678346 
0.965996 
0.495171 
0.332564 
0.402643 
0.213606 
0.079494 
0.059070 
0.789928 
0.320825 
0.104632 
0.549492 
0.314993 
0.092560 
0.657248 
0.360679 
0.932991 
0.786990 
0.936067 
0.479173 
0.452991 
0.426000 
0.784429 
0.900436 
0.621269 
0.662911 
0.539230 
0.832114 
0.345614 
0.732673 
0.036660 
0.142112 
0.470608 
0.505415 
0.505362 
0.622423 
0.055315 
0.685287 
0.612004 
0.943348 
0.843783 
0.458360 
0.656462 
0.153141 
0.839392 
0.669018 
0.191587 
0.005100 
0.717879 
0.390060 
0.733048 
0.344134 
0.865559 
0.445503 
0.571635 
0.473941 
0.523623 
0.534683 
0.411093 
0.247174 
0.250202 
0.139086 
0.617435 
0.233993 
0.715890 
0.961077 
0.827032 
0.930099 
0.173521 
0.359629 
0.287174 
0.534499 
0.329116 
0.455430 
0.407953 
0.469035 
0.075946 
0.420172 
0.828292 
0.108763 
0.978192 
0.475835 
0.356417 
0.308807 
0.119667 
0.244806 
0.458005 
0.697496 
0.807400 
0.969494 
0.293172 
0.348090 
0.356467 
0.135272 
0.510095 
0.166830 
0.911937 
0.917766 
0.897476 
0.880967 
0.407274 
0.048547 
0.926278 
0.954655 
0.878985 
0.107379 
0.726808 
0.466427 
0.237892 
0.255925 
0.335738 
0.741267 
0.466560 
0.473557 
0.077411 
0.040865 
0.820652 
0.690065 
0.916805 
0.748389 
0.178156 
0.273350 
0.193333 
0.353257 
0.190401 
0.076996 
0.073299 
0.937077 
0.451085 
0.381158 
0.125473 
0.821262 
0.956962 
0.659576 
0.500626 
0.015318 
0.449473 
0.298571 
0.080324 
0.007390 
0.198250 
0.993753 
0.001399 
0.508120 
0.975010 
0.995514 
0.611809 
0.680386 
0.240688 
0.243036 
0.702110 
0.369286 
0.594388 
0.874671 
0.592695 
0.426875 
0.490396 
0.087415 
0.178622 
0.102999 
0.095810 
0.274082 
0.496730 
0.543881 
0.003526 
0.264986 
0.612269 
0.412189 
0.657737 
0.586123 
0.964490 
0.180169 
0.096867 
0.050788 
0.587190 
0.894240 
0.492075 
0.309302 
0.442666 
0.894834 
0.471526 
0.932190 
0.322629 
0.429950 
0.172553 
0.104432 
0.195032 
0.903617 
0.095414 
0.624204 
0.995052 
0.836139 
0.994034 
0.729770 
0.246667 
0.730862 
0.600567 
0.733197 
0.843438 
0.668976 
0.471514 
0.739364 
0.494605 
0.826022 
0.950603 
0.785237 
0.478599 
0.818363 
0.226520 
0.119357 
0.031482 
0.111954 
0.613459 
0.405573 
0.459008 
0.543098 
0.847204 
0.954672 
0.175527 
0.074172 
0.612466 
0.719926 
0.788518 
0.619495 
0.856246 
0.925389 
0.007377 
0.987384 
0.971127 
0.727203 
0.097616 
0.627333 
0.578157 
0.088715 
0.028319 
0.957626 
0.812340 
0.005637 
0.733974 
0.895067 
0.398297 
0.175862 
0.714566 
0.712541 
0.675184 
0.810744 
0.172593 
0.771200 
0.556893 
0.699042 
0.793403 
0.728995 
0.222931 
0.802218 
0.873588 
0.387065 
0.407937 
0.190354 
0.278386 
0.825859 
0.214395 
0.332973 
0.279485 
0.311141 
0.341579 
0.922388 
0.575028 
0.502831 
0.079829 
0.683451 
0.763688 
0.307594 
0.728688 
0.060822 
0.239452 
0.470780 
0.391701 
0.326252 
0.309195 
0.637467 
0.914772 
0.570329 
0.527361 
0.362717 
0.179868 
0.049556 
0.884298 
0.403247 
0.379011 
0.040229 
0.121488 
0.852179 
0.571414 
0.747141 
0.201976 
0.614333 
0.098023 
0.480227 
0.170060 
0.198514 
0.422233 
0.474979 
0.979236 
0.024308 
0.541899 
0.696760 
0.453069 
0.730945 
0.000611 
0.265042 
0.568315 
0.673775 
0.137080 
0.910288 
0.211910 
0.577493 
0.926050 
0.128006 
0.398237 
0.174329 
0.955355 
0.655065 
0.676451 
0.120139 
0.184478 
0.518708 
0.917940 
0.817283 
0.078203 
0.351641 
0.029214 
0.997841 
0.715176 
0.955090 
0.203896 
0.874823 
0.149194 
0.508448 
0.480102 
0.070308 
0.662257 
0.559131 
0.313785 
0.791577 
0.026290 
0.847726 
0.724142 
0.661754 
0.104508 
0.461237 
0.007748 
0.213676 
0.253097 
0.808091 
0.586018 
0.201358 
0.215718 
0.574278 
0.890418 
0.251178 
0.549785 
0.233890 
0.987021 
0.869063 
0.344543 
0.740007 
0.292474 
0.618492 
0.990318 
0.281949 
0.715178 
0.990638 
0.648529 
0.834196 
0.338093 
0.337240 
0.992726 
0.746955 
0.065801 
0.923406 
0.688919 
0.658012 
0.215451 
0.092328 
0.750668 
0.484501 
0.002786 
0.821739 
0.972909 
0.687562 
0.850540 
0.029387 
0.907677 
0.333269 
0.258277 
0.864295 
0.200926 
0.955712 
0.649712 
0.702969 
0.794701 
0.546275 
0.248040 
0.801504 
0.876296 
0.902412 
0.830174 
0.726324 
0.331605 
0.282443 
0.016772 
0.884815 
0.081493 
0.660780 
0.734929 
0.944321 
0.205082 
0.808296 
0.028697 
0.306682 
0.396056 
0.511609 
0.608345 
0.455978 
0.629655 
0.603275 
0.248614 
0.449515 
0.005394 
0.652585 
0.990853 
0.267615 
0.801265 
0.862394 
0.248544 
0.284185 
0.291815 
0.531320 
0.903510 
0.291499 
0.216339 
0.013128 
0.649932 
0.407948 
0.388995 
0.838986 
0.844542 
0.213393 
0.498226 
0.682594 
0.350545 
0.606958 
0.144465 
0.015420 
0.169060 
0.386768 
0.414901 
0.238425 
0.217353 
0.049295 
0.503340 
0.627116 
0.943411 
0.914532 
0.537769 
0.287407 
0.453640 
0.323445 
0.132177 
0.506665 
0.523609 
0.297051 
0.529232 
0.802776 
0.256246 
0.727456 
0.359661 
0.818311 
0.346492 
0.484307 
0.746633 
0.656520 
0.134215 
0.758825 
0.574182 
0.278874 
0.042146 
0.346681 
0.667925 
0.819631 
0.545088 
0.293529 
0.348427 
0.010956 
0.134903 
0.310538 
0.217944 
0.978829 
0.178215 
0.256334 
0.207986 
0.626119 
0.188321 
0.109248 
0.128143 
0.693829 
0.180659 
0.330435 
0.618510 
0.298693 
0.133877 
0.076083 
0.723136 
0.743218 
0.264056 
0.990062 
0.964814 
0.629709 
0.516440 
0.814659 
0.967298 
0.385486 
0.868311 
0.710795 
0.339345 
0.378700 
0.808434 
0.346257 
0.539582 
0.755275 
0.905974 
0.708222 
0.088152 
0.575497 
0.380964 
0.858903 
0.579247 
0.407584 
0.267514 
0.111075 
0.830128 
0.967558 
0.743044 
0.346456 
0.886482 
0.101148 
0.988379 
0.685238 
0.800628 
0.157775 
0.728820 
0.281883 
0.611425 
0.216376 
0.629940 
0.406091 
0.174601 
0.523192 
0.290501 
0.455935 
0.893686 
0.184292 
0.390930 
0.367060 
0.172689 
0.387580 
0.056278 
0.866235 
0.805149 
0.146538 
0.863683 
0.926805 
0.803562 
0.473763 
0.531735 
0.874418 
0.341709 
0.098792 
0.392382 
0.764459 
0.260415 
0.793434 
0.247977 
0.756738 
0.502343 
0.881136 
0.248113 
0.029500 
0.812944 
0.155491 
0.329123 
0.569710 
0.122736 
0.817950 
0.285172 
0.887373 
0.070331 
0.054249 
0.760788 
0.561953 
0.742084 
0.206143 
0.637532 
0.000790 
0.279963 
0.344290 
0.489623 
0.092801 
0.702087 
0.983423 
0.386819 
0.265471 
0.765241 
0.403769 
0.145633 
0.646701 
0.111486 
0.752302 
0.931961 
0.471156 
0.711338 
0.459421 
0.494761 
0.445993 
0.803637 
0.734106 
0.114062 
0.044294 
0.441653 
0.869170 
0.141830 
0.735365 
0.276690 
0.328037 
0.322554 
0.164293 
0.276068 
0.878543 
0.671648 
0.384285 
0.672679 
0.710004 
0.029634 
0.059277 
0.262981 
0.924305 
0.789225 
0.507985 
0.702569 
0.077963 
0.317273 
0.404031 
0.543935 
0.910571 
0.968480 
0.246691 
0.127878 
0.249484 
0.079981 
0.247331 
0.885395 
0.833118 
0.218656 
0.943962 
0.174097 
0.051828 
0.078624 
0.432322 
0.028441 
0.000543 
0.121179 
0.662889 
0.177910 
0.127049 
0.314704 
0.232033 
0.771610 
0.453356 
0.561811 
0.358031 
0.428194 
0.655496 
0.914904 
0.789637 
0.434870 
0.852721 
0.680478 
0.789534 
0.702847 
0.750978 
0.689044 
0.763439 
0.116604 
0.769289 
0.433208 
0.928408 
0.746214 
0.623260 
0.122447 
0.968771 
0.129328 
0.607767 
0.741842 
0.137784 
0.743735 
0.952969 
0.557836 
0.549568 
0.592672 
0.031088 
0.492912 
0.370666 
0.782801 
0.531035 
0.110798 
0.180795 
0.629133 
0.845341 
0.649086 
0.181425 
0.206918 
0.663671 
0.311536 
0.977777 
0.496013 
0.484667 
0.791893 
0.337913 
0.308396 
0.211026 
0.709239 
0.171496 
0.338692 
0.389014 
0.156314 
0.175700 
0.986787 
0.926475 
0.263002 
0.269714 
0.077967 
0.393275 
0.767491 
0.227219 
0.862002 
0.671123 
0.559349 
0.978146 
0.704750 
0.727378 
0.050043 
0.074069 
0.885507 
0.723132 
0.673728 
0.340035 
0.970406 
0.610293 
0.189408 
0.377825 
0.105511 
0.327477 
0.912699 
0.730088 
0.595849 
0.441378 
0.237392 
0.842664 
