0.000001 
0.013062 
0.536568 
0.105283 
0.487070 
0.188519 
0.442882 
0.517464 
0.025212 
0.745701 
0.002443 
0.064967 
0.905925 
0.881163 
0.700852 
0.227469 
0.069623 
0.148322 
0.848273 
0.920721 
0.559694 
0.784091 
0.223657 
0.002017 
0.898510 
0.252540 
0.444130 
0.489403 
0.390748 
0.302927 
0.287102 
0.325466 
0.108528 
0.034046 
0.218273 
0.520665 
0.822923 
0.873770 
0.449101 
0.041396 
0.750241 
0.307900 
0.876428 
0.120209 
0.350889 
0.384501 
0.312739 
0.198345 
0.576198 
0.152935 
0.370636 
0.279784 
0.334316 
0.845530 
0.819516 
0.613250 
0.900517 
0.997512 
0.188342 
0.468322 
0.081863 
0.866011 
0.048711 
0.691287 
0.465979 
0.705685 
0.447087 
0.195183 
0.433202 
0.818533 
0.087207 
0.680141 
0.133245 
0.449525 
0.161311 
0.148400 
0.160082 
0.495543 
0.590169 
0.967304 
0.471389 
0.627074 
0.234812 
0.483193 
0.031898 
0.104463 
0.707964 
0.758714 
0.712625 
0.095200 
0.027025 
0.202252 
0.251136 
0.844449 
0.653809 
0.568569 
0.943224 
0.762806 
0.481257 
0.490527 
0.293613 
0.760335 
0.954088 
0.357448 
0.628938 
0.558642 
0.091879 
0.215158 
0.166716 
0.996785 
0.963319 
0.497108 
0.900434 
0.600443 
0.640856 
0.873467 
0.364113 
0.651995 
0.082278 
0.850936 
0.683100 
0.862872 
0.287619 
0.006334 
0.455456 
0.856529 
0.688900 
0.350593 
0.411133 
0.915272 
0.973486 
0.387415 
0.285947 
0.909214 
0.166831 
0.924741 
0.113588 
0.067783 
0.232583 
0.014474 
0.265776 
0.891270 
0.577331 
0.207905 
0.264957 
0.136207 
0.231612 
0.697199 
0.815898 
0.798972 
0.330783 
0.466952 
0.067790 
0.345415 
0.394766 
0.827706 
0.250222 
0.482593 
0.942495 
0.507189 
0.328830 
0.647895 
0.164679 
0.765349 
0.224809 
0.358178 
0.893070 
0.824182 
0.033103 
0.355436 
0.812456 
0.953659 
0.147131 
0.837788 
0.709383 
0.605090 
0.750839 
0.352740 
0.497536 
0.082639 
0.907857 
0.355798 
0.888982 
0.128516 
0.964574 
0.597266 
0.249553 
0.239661 
0.990627 
0.459617 
0.775066 
0.536826 
0.440356 
0.057149 
0.510115 
0.502855 
0.486870 
0.832275 
0.040890 
0.242305 
0.419939 
0.909144 
0.982897 
0.545839 
0.918473 
0.769077 
0.868743 
0.963562 
0.591458 
0.631226 
0.013538 
0.540072 
0.988185 
0.424522 
0.948879 
0.801179 
0.407057 
0.402226 
0.207707 
0.923833 
0.865222 
0.785935 
0.203980 
0.285643 
0.808574 
0.701853 
0.046133 
0.356360 
0.339981 
0.056873 
0.861972 
0.158175 
0.441176 
0.849724 
0.316453 
0.629871 
0.246012 
0.722878 
0.413099 
0.957397 
0.966635 
0.230374 
0.901964 
0.310543 
0.298712 
0.448803 
0.025140 
0.525696 
0.365876 
0.284922 
0.688760 
0.993126 
0.467051 
0.724515 
0.922098 
0.707395 
0.180882 
0.082874 
0.857951 
0.582078 
0.984779 
0.188500 
0.113572 
0.801953 
0.420070 
0.124100 
0.755395 
0.919284 
0.409609 
0.290471 
0.945984 
0.154486 
0.452708 
0.665635 
0.319404 
0.230026 
0.054477 
0.589056 
0.271023 
0.085436 
0.918173 
0.731712 
0.886783 
0.153985 
0.020547 
0.326538 
0.122850 
0.743292 
0.501820 
0.085870 
0.213335 
0.524023 
0.253339 
0.866854 
0.214487 
0.877053 
0.632784 
0.196367 
0.343407 
0.636192 
0.470817 
0.029253 
0.657549 
0.429951 
0.194514 
0.199466 
0.423566 
0.875887 
0.040282 
0.023681 
0.002245 
0.730535 
0.099749 
0.478036 
0.353496 
0.213202 
0.289328 
0.742539 
0.856786 
0.007718 
0.716686 
0.340475 
0.358921 
0.385340 
0.416247 
0.869468 
0.147059 
0.623167 
0.570815 
0.681507 
0.084965 
0.008562 
0.907654 
0.946381 
0.819258 
0.270797 
0.290304 
0.140098 
0.621295 
0.099411 
0.796288 
0.207749 
0.639422 
0.759805 
0.047359 
0.961492 
0.792462 
0.903857 
0.132248 
0.683790 
0.464635 
0.115535 
0.802324 
0.659119 
0.812666 
0.472958 
0.007401 
0.394230 
0.831506 
0.114272 
0.566074 
0.999402 
0.952499 
0.656044 
0.131761 
0.501987 
0.887843 
0.977633 
0.074659 
0.797620 
0.594891 
0.325498 
0.649416 
0.742123 
0.857696 
0.289933 
0.899468 
0.362096 
0.749572 
0.060844 
0.604145 
0.868631 
0.088505 
0.505099 
0.196924 
0.697632 
0.099798 
0.308406 
0.381281 
0.182282 
0.609675 
0.813661 
0.207497 
0.394454 
0.584281 
0.009838 
0.340487 
0.572260 
0.973907 
0.461725 
0.213414 
0.849184 
0.231627 
0.960008 
0.854824 
0.025692 
0.802213 
0.790785 
0.717267 
0.103628 
0.671958 
0.601014 
0.237668 
0.482355 
0.944269 
0.323512 
0.260302 
0.889599 
0.497172 
0.961667 
0.729902 
0.455730 
0.455406 
0.003205 
0.860784 
0.191103 
0.869949 
0.237842 
0.415483 
0.018820 
0.308137 
0.863493 
0.731001 
0.926228 
0.107708 
0.254166 
0.766227 
0.985482 
0.994296 
0.131625 
0.228692 
0.632672 
0.322116 
0.805440 
0.029238 
0.395875 
0.464005 
0.530567 
0.232305 
0.350983 
0.975493 
0.103539 
0.181872 
0.726916 
0.273559 
0.707788 
0.791636 
0.027149 
0.294687 
0.799561 
0.216575 
0.977130 
0.618862 
0.214403 
0.470263 
0.715365 
0.139703 
0.982193 
0.725267 
0.557075 
0.759489 
0.724692 
0.901002 
0.146469 
0.701037 
0.330687 
0.854924 
0.703415 
0.294781 
0.392493 
0.628747 
0.350777 
0.514813 
0.461302 
0.109293 
0.894282 
0.190986 
0.896859 
0.509149 
0.268915 
0.651361 
0.425448 
0.500946 
0.406896 
0.700187 
0.049426 
0.697556 
0.824476 
0.962753 
0.982818 
0.225985 
0.122805 
0.976331 
0.193195 
0.031111 
0.876357 
0.933058 
0.909956 
0.635599 
0.508828 
0.867170 
0.533060 
0.143279 
0.097193 
0.525169 
0.507702 
0.949404 
0.627703 
0.803760 
0.795360 
0.615939 
0.084816 
0.502849 
0.374789 
0.079611 
0.017071 
0.913766 
0.660332 
0.194637 
0.256948 
0.524229 
0.714645 
0.032114 
0.735491 
0.401698 
0.336736 
0.524031 
0.389463 
0.703603 
0.457856 
0.178798 
0.053344 
0.553495 
0.590417 
0.130212 
0.473204 
0.142792 
0.909183 
0.638911 
0.174779 
0.512184 
0.281784 
0.951350 
0.341519 
0.918234 
0.750659 
0.317572 
0.433303 
0.515822 
0.424246 
0.295155 
0.670055 
0.614768 
0.402131 
0.620229 
0.193500 
0.148484 
0.569126 
0.295845 
0.261166 
0.419755 
0.819278 
0.601062 
0.053426 
0.929089 
0.198212 
0.344062 
0.654992 
0.443509 
0.051609 
0.388835 
0.152875 
0.365660 
0.643947 
0.810498 
0.040740 
0.711328 
0.283093 
0.948394 
0.658084 
0.416165 
0.488247 
0.963594 
0.129090 
0.619582 
0.321147 
0.510884 
0.433559 
0.825827 
0.678789 
0.412904 
0.673656 
0.130712 
0.882920 
0.231512 
0.029673 
0.717067 
0.750999 
0.040425 
0.415513 
0.528755 
0.784262 
0.083866 
0.538996 
0.908348 
0.612453 
0.493180 
0.875720 
0.222101 
0.844624 
0.592986 
0.321831 
0.010764 
0.902550 
0.151733 
0.175035 
0.805144 
0.047026 
0.360707 
0.405133 
0.067135 
0.338339 
0.465681 
0.702123 
0.576834 
0.844992 
0.772210 
0.535544 
0.881244 
0.069058 
0.663592 
0.992049 
0.364385 
0.216717 
0.365675 
0.899501 
0.913894 
0.821325 
0.014085 
0.731696 
0.622705 
0.805937 
0.385765 
0.553787 
0.490725 
0.622427 
0.122380 
0.832593 
0.394009 
0.116328 
0.126240 
0.719628 
0.781778 
0.344900 
0.730294 
0.052444 
0.420889 
0.883992 
0.259930 
0.638475 
0.845799 
0.345091 
0.944631 
0.411261 
0.060347 
0.245074 
0.960938 
0.490055 
0.351946 
0.157497 
0.054286 
0.391781 
0.664584 
0.665581 
0.414379 
0.463281 
0.366229 
0.205101 
0.133223 
0.083047 
0.772843 
0.173583 
0.409004 
0.136884 
0.607310 
0.056105 
0.952156 
0.893574 
0.305267 
0.614913 
0.840859 
0.321166 
0.834317 
0.364192 
0.971372 
0.854141 
0.551757 
0.380990 
0.296522 
0.646209 
0.834780 
0.148291 
0.323922 
0.151991 
0.514318 
0.142553 
0.884285 
0.174451 
0.003313 
0.674240 
0.943532 
0.934760 
0.518560 
0.444831 
0.270843 
0.063205 
0.285904 
0.180493 
0.551839 
0.757586 
0.741154 
0.577541 
0.723784 
0.643214 
0.493123 
0.923626 
0.387097 
0.945968 
0.887138 
0.121865 
0.187828 
0.830898 
0.901196 
0.408672 
0.544967 
0.252295 
0.320212 
0.808848 
0.300745 
0.623513 
0.377761 
0.037251 
0.077085 
0.564246 
0.280332 
0.531779 
0.607240 
0.882502 
0.203135 
0.097485 
0.424734 
0.503827 
0.816073 
0.745741 
0.675699 
0.471655 
0.098161 
0.800111 
0.469684 
0.972514 
0.035688 
0.806726 
0.642288 
0.942402 
0.942408 
0.058082 
0.186591 
0.033253 
0.882203 
0.181972 
0.398746 
0.718173 
0.338689 
0.339567 
0.100569 
0.261274 
0.235253 
0.903069 
0.878862 
0.041828 
0.010686 
0.598583 
0.377775 
0.261093 
0.189363 
0.632066 
0.132755 
0.207536 
0.058928 
0.405570 
0.412903 
0.653988 
0.576251 
0.046745 
0.643731 
0.185606 
0.472632 
0.527878 
0.053391 
0.343645 
0.645507 
0.043541 
0.790523 
0.323081 
0.028635 
0.263364 
0.356594 
0.277318 
0.876559 
0.321093 
0.618443 
0.179577 
0.150937 
0.804246 
0.964822 
0.757639 
0.633125 
0.939255 
0.062355 
0.998749 
0.975171 
0.702092 
0.062007 
0.157750 
0.298511 
0.071216 
0.919600 
0.714822 
0.021693 
0.592108 
0.567513 
0.183329 
0.215516 
0.171130 
0.182462 
0.633323 
0.254270 
0.523279 
0.745071 
0.411550 
0.920843 
0.604560 
0.845840 
0.026635 
0.649836 
0.789534 
0.689785 
0.214410 
0.583761 
0.276369 
0.928085 
0.326407 
0.915744 
0.903195 
0.000513 
0.620816 
0.057480 
0.062846 
0.248165 
0.906915 
0.514373 
0.068162 
0.595413 
0.104697 
0.637115 
0.989874 
0.808580 
0.807431 
0.490895 
0.472156 
0.530260 
0.086906 
0.621395 
0.790047 
0.326207 
0.558239 
0.323619 
0.072897 
0.172871 
0.445397 
0.790870 
0.154853 
0.622243 
0.035566 
0.750496 
0.587672 
0.000496 
0.334598 
0.589030 
0.820608 
0.954190 
0.076275 
0.957970 
0.599502 
0.833852 
0.555839 
0.983217 
0.935398 
0.232437 
0.573758 
0.154241 
0.326701 
0.864490 
0.482780 
0.091027 
0.896284 
0.838739 
0.678667 
0.358756 
0.608091 
0.179822 
0.276044 
0.478545 
0.906834 
0.151873 
0.523086 
0.509267 
0.244580 
0.655987 
0.166167 
0.764299 
0.570007 
0.100306 
0.851209 
0.270088 
0.371276 
0.033325 
0.096754 
0.136700 
0.521881 
0.256196 
0.887961 
0.958816 
0.813425 
0.240091 
0.206586 
0.089511 
0.415762 
0.710361 
0.029853 
0.740699 
0.928532 
0.844996 
0.848830 
0.290490 
0.257348 
0.253850 
0.454846 
0.602483 
0.931178 
0.302295 
0.677488 
0.542952 
0.399233 
0.907608 
0.164824 
0.192659 
0.012112 
0.570830 
0.938235 
0.919030 
0.129946 
0.007932 
0.310069 
0.337447 
0.475343 
0.089611 
0.100098 
0.352360 
0.118059 
0.211541 
0.363998 
0.708363 
0.461820 
0.802801 
0.674738 
0.316064 
0.087449 
0.758165 
0.476211 
0.669918 
0.316351 
0.910661 
0.471628 
0.657357 
0.197270 
0.511122 
0.421133 
0.986575 
0.368474 
0.948369 
0.244953 
0.930942 
0.350104 
0.199080 
0.944929 
0.421014 
0.976990 
0.279075 
0.414184 
0.191929 
0.754625 
0.980871 
0.505930 
0.172714 
0.803591 
0.947407 
0.067136 
0.352912 
0.389043 
0.639233 
0.583379 
0.857588 
0.474215 
0.132619 
0.927347 
0.918966 
0.061764 
0.072917 
0.517670 
0.474192 
0.738945 
0.445065 
0.215654 
0.501478 
0.348108 
0.651638 
0.082951 
0.164822 
0.156556 
0.228296 
0.963479 
0.185177 
0.263763 
0.071220 
0.991117 
0.707131 
0.743127 
0.737014 
0.994528 
0.032374 
0.109219 
0.636913 
0.593018 
0.857006 
0.696255 
0.950087 
0.106404 
0.331496 
0.453264 
0.004927 
0.808911 
0.372660 
0.302052 
0.593900 
0.676619 
0.943455 
0.652324 
0.605057 
0.201131 
0.401576 
0.290915 
0.414673 
0.402636 
0.100468 
0.569229 
0.028532 
0.543621 
0.637641 
0.830634 
0.472520 
0.646646 
0.183717 
0.736744 
0.454647 
0.249917 
0.351946 
0.161637 
0.637776 
0.106997 
0.290504 
0.499449 
0.243788 
0.349883 
0.485664 
0.552900 
0.585765 
0.955646 
0.544104 
0.754251 
0.697651 
0.418089 
0.818712 
0.094129 
0.024497 
0.720454 
0.664810 
0.464993 
0.143624 
0.889810 
0.035223 
0.986477 
0.716696 
0.503568 
0.474888 
0.444650 
0.226347 
0.205928 
0.037543 
0.985924 
0.432649 
0.539308 
0.150224 
0.808355 
0.025432 
0.433228 
0.267469 
0.357810 
0.712633 
0.222112 
0.043797 
0.098157 
0.721675 
0.197971 
0.295975 
0.444066 
0.413473 
0.233323 
0.461258 
0.360216 
0.149503 
0.694388 
0.575432 
0.291322 
0.247273 
0.917054 
0.925667 
0.683351 
0.080440 
0.949347 
0.669622 
0.342349 
0.858633 
0.042739 
0.317914 
0.176136 
0.314006 
0.497566 
0.588958 
0.613523 
0.486512 
0.800617 
0.972173 
0.310174 
0.101667 
0.723546 
0.641341 
0.012836 
0.743018 
0.897841 
0.008928 
0.048474 
0.704167 
0.934423 
0.841109 
0.513329 
0.524385 
0.332604 
0.079937 
0.493792 
0.164077 
0.641487 
0.466654 
0.048810 
0.345719 
0.502090 
0.625954 
0.415775 
0.927034 
0.653518 
0.674044 
0.657435 
0.505964 
0.733904 
0.720689 
0.627035 
0.574845 
0.427670 
0.857498 
0.973438 
0.577902 
0.806368 
0.628319 
0.149085 
0.678306 
0.289109 
0.054950 
0.539458 
0.670033 
0.240777 
0.737387 
0.264303 
0.138296 
0.333277 
0.385448 
0.221814 
0.031806 
0.561706 
0.584552 
0.570787 
0.222670 
0.419060 
0.135338 
0.626370 
0.401553 
0.899041 
0.186082 
0.488548 
0.029713 
0.380884 
0.523114 
0.972642 
0.202403 
0.780298 
0.464528 
0.314124 
0.486551 
0.470899 
0.394501 
0.372389 
0.733566 
0.040827 
0.181895 
0.101948 
0.432829 
0.559222 
0.847308 
0.700399 
0.599936 
0.130525 
0.734943 
0.181601 
0.167743 
0.250454 
0.383396 
0.743785 
0.800667 
0.810283 
0.428831 
0.364411 
0.648874 
0.619261 
0.914182 
0.656879 
0.162641 
0.502436 
0.441315 
0.174641 
0.194875 
0.258093 
0.771501 
0.623958 
0.866908 
0.125179 
0.877157 
0.379285 
0.643018 
0.204686 
0.165031 
0.676449 
0.085437 
0.945925 
0.164709 
0.263255 
0.527352 
0.213170 
0.755813 
0.943059 
0.997578 
0.286875 
0.506879 
0.111702 
0.374478 
0.856456 
0.459558 
0.789445 
0.193939 
0.528500 
0.494135 
0.935304 
0.658766 
0.876083 
0.325291 
0.168725 
0.757762 
0.702308 
0.688911 
0.531069 
0.672528 
0.174002 
0.445529 
0.999910 
0.484784 
0.758064 
0.787202 
0.499859 
0.131768 
0.625690 
0.974122 
0.075355 
0.498644 
0.716574 
0.463790 
0.912702 
0.785131 
0.701113 
0.613609 
0.923770 
0.794645 
0.600357 
0.196351 
0.075447 
0.045401 
0.055796 
0.766036 
0.772875 
0.705330 
0.480944 
0.229290 
0.673223 
0.860516 
0.696153 
0.245934 
0.410725 
0.050615 
0.680288 
0.602817 
0.540884 
0.642703 
0.904278 
0.198011 
0.971993 
0.283592 
0.334388 
0.055768 
0.296924 
0.397853 
0.722318 
0.992037 
0.161079 
0.259595 
0.006220 
0.545024 
0.219368 
0.918542 
0.936090 
0.862946 
0.539971 
0.288579 
0.152298 
0.674689 
0.503929 
0.542711 
0.349486 
0.810671 
0.946459 
0.140545 
0.137881 
0.358824 
0.748620 
0.050151 
0.884043 
0.103620 
0.543574 
0.855137 
0.287962 
0.785591 
0.430506 
0.517019 
0.540417 
0.792784 
0.318930 
0.259402 
0.761822 
0.949563 
0.299868 
0.882304 
0.876122 
0.989132 
0.335453 
0.956796 
0.865148 
0.538756 
0.868212 
0.043920 
0.158151 
0.045968 
0.586036 
0.514498 
0.174160 
0.098824 
0.940846 
0.801114 
0.325789 
0.536029 
0.043208 
0.197557 
0.342003 
0.041629 
0.660937 
0.372955 
0.255033 
0.335429 
0.549613 
0.348644 
0.660658 
0.677799 
0.762859 
0.368564 
0.455720 
0.291412 
0.760392 
0.906862 
0.636239 
0.265257 
0.167052 
0.642595 
0.087543 
0.331249 
0.308552 
0.828469 
0.075567 
0.059846 
0.830162 
0.531127 
0.647631 
0.730102 
0.823832 
0.137146 
0.020427 
0.321007 
0.170025 
0.612663 
0.029564 
0.882981 
0.264961 
0.199984 
0.133047 
0.124969 
0.355823 
0.319190 
0.629192 
0.833530 
0.136368 
0.931826 
0.207175 
0.986135 
0.974238 
0.019199 
0.670623 
0.166053 
0.855706 
0.844225 
0.897199 
0.219487 
0.922202 
0.451384 
0.403903 
0.394845 
0.160098 
0.769427 
0.755065 
0.375554 
0.932755 
0.816547 
0.711537 
0.809538 
0.902664 
0.082185 
0.285858 
0.413916 
0.688566 
0.727487 
0.878032 
0.092170 
0.109402 
0.717145 
0.051836 
0.199267 
0.087326 
0.684482 
0.092326 
0.728144 
0.918746 
0.370669 
0.826660 
0.668800 
0.523024 
0.456135 
0.256732 
0.892621 
0.287115 
0.539298 
0.983976 
0.682659 
0.457178 
0.787126 
0.225812 
0.226774 
0.390895 
0.777797 
0.429544 
0.351661 
0.370545 
0.755395 
0.930092 
0.063294 
0.781421 
0.341816 
0.906041 
0.835344 
0.634250 
0.831578 
0.338363 
0.865366 
0.205425 
0.585033 
0.648579 
0.662258 
0.562230 
0.402750 
0.011284 
0.651742 
0.823552 
0.431980 
0.291422 
0.934936 
0.462614 
0.146134 
0.080499 
0.941981 
0.870368 
0.276574 
0.372165 
0.976995 
0.349434 
0.938899 
0.083776 
0.019311 
0.558336 
0.949016 
0.103814 
0.797395 
0.822095 
0.956270 
0.036588 
0.942228 
0.017694 
0.386653 
0.477687 
0.478953 
0.765582 
0.134041 
0.825666 
0.973480 
0.271827 
0.604354 
0.374211 
0.363032 
0.485411 
0.305365 
0.265846 
0.079579 
0.485856 
0.786395 
0.949088 
0.316932 
0.680709 
0.669457 
0.561319 
0.089456 
0.491945 
0.121386 
0.133226 
0.137777 
0.616596 
0.121601 
0.749377 
0.778175 
0.788900 
0.039106 
0.253122 
0.213340 
0.612688 
0.444941 
0.119549 
0.261831 
0.597086 
0.221406 
0.164824 
0.201784 
0.385173 
0.606636 
0.724289 
0.125628 
0.436358 
0.861954 
0.866329 
0.397056 
0.327260 
0.253034 
0.739588 
0.257954 
0.429140 
0.547807 
0.994423 
0.268545 
0.437905 
0.865450 
0.612787 
0.104710 
0.864432 
0.504930 
0.365163 
0.300513 
0.715306 
0.141723 
0.941138 
0.712607 
0.785503 
0.945210 
0.144048 
0.006766 
0.712097 
0.219847 
0.966061 
0.587513 
0.324731 
0.748672 
0.929819 
0.468354 
0.630624 
0.901102 
0.827088 
0.862587 
0.506364 
0.466953 
0.074442 
0.152535 
0.659290 
0.680318 
0.102374 
0.597901 
0.930418 
0.542199 
0.730775 
0.136856 
0.141445 
0.269266 
0.545353 
0.744472 
0.335460 
0.069347 
0.510079 
0.898894 
0.715759 
0.769561 
0.010210 
0.594594 
0.339530 
0.476111 
0.992696 
0.242201 
0.667693 
0.913757 
0.507311 
0.367803 
0.661688 
0.996850 
0.049619 
0.942103 
0.919155 
0.238754 
0.733409 
0.408530 
0.156844 
0.074696 
0.423408 
0.224893 
0.771456 
0.855315 
0.277659 
0.615275 
0.930401 
0.243364 
0.223410 
0.858839 
0.503458 
0.617839 
0.026741 
0.439891 
0.243975 
0.494683 
0.131233 
0.639069 
0.840425 
0.019750 
0.943313 
0.268983 
0.797048 
0.979178 
0.052852 
0.282408 
0.430538 
0.046794 
0.464834 
0.472649 
0.805010 
0.806469 
0.328104 
0.446679 
0.331418 
0.135311 
0.172942 
0.628259 
0.149095 
0.832039 
0.085881 
0.410294 
0.803999 
0.816877 
0.256074 
0.834783 
0.203936 
0.557595 
0.505832 
0.516756 
0.117611 
0.684100 
0.661673 
0.731449 
0.471685 
0.610022 
0.634531 
0.568966 
0.608442 
0.078549 
0.175430 
0.454278 
0.052614 
0.285943 
0.842862 
0.989463 
0.902819 
0.677769 
0.267144 
0.896601 
0.170218 
0.850706 
0.816341 
0.250960 
0.877292 
0.652955 
0.212003 
0.129259 
0.449457 
0.017659 
0.794494 
0.065560 
0.869065 
0.379300 
0.899324 
0.935710 
0.483728 
0.009620 
0.679695 
0.640318 
0.828845 
0.403868 
0.805347 
0.470820 
0.065348 
0.309828 
0.281697 
0.488923 
0.321965 
0.263333 
0.845657 
0.964356 
0.938704 
0.805881 
0.442116 
0.648057 
0.890212 
0.800070 
0.778263 
0.266620 
0.083499 
0.360821 
0.320699 
0.993085 
0.785789 
0.754670 
0.745617 
0.589361 
0.391167 
0.342581 
0.765243 
0.445069 
0.270541 
0.975987 
0.408233 
0.165013 
0.379587 
0.725595 
0.080449 
0.106555 
0.869173 
0.186456 
0.763833 
0.738237 
0.551090 
0.161342 
0.669574 
0.524470 
0.765159 
0.019754 
0.003177 
0.401524 
0.422157 
0.194038 
0.189451 
0.101224 
0.274807 
0.683013 
0.403043 
0.938610 
0.212401 
0.822299 
0.382037 
0.888752 
0.259464 
0.812090 
0.794580 
0.511685 
0.895407 
0.108314 
0.436100 
0.534770 
0.886341 
0.725625 
0.586619 
0.313003 
0.643386 
0.383738 
0.484912 
0.923613 
0.161643 
0.736905 
0.164621 
0.787515 
0.762020 
0.273617 
0.686937 
0.352773 
0.053404 
0.554042 
0.775866 
0.981417 
0.682020 
0.704725 
0.308441 
0.963782 
0.276778 
0.802596 
0.225680 
0.007443 
0.088774 
0.020977 
0.552985 
0.013381 
0.895119 
0.266531 
0.583465 
0.302194 
0.982226 
0.274200 
0.485998 
0.161182 
0.986295 
0.662267 
0.724839 
0.363374 
0.223063 
0.025533 
0.128443 
0.746995 
0.737413 
0.707158 
0.204038 
0.260433 
0.103163 
0.855943 
0.837364 
0.581314 
0.144556 
0.557912 
0.820187 
0.884114 
0.310752 
0.800480 
0.664427 
0.025660 
0.271522 
0.476446 
0.631579 
0.955482 
0.791124 
0.416507 
0.236332 
0.023634 
0.213582 
0.667624 
0.751431 
0.304242 
0.398982 
0.695996 
0.603352 
0.545020 
0.157970 
0.004594 
0.212337 
0.752661 
0.980993 
0.553763 
0.087284 
0.980986 
0.423626 
0.876943 
0.775688 
0.989232 
0.023319 
0.922338 
0.731354 
0.860807 
0.581702 
0.657880 
0.988262 
0.726267 
0.366105 
0.123209 
0.766199 
0.511290 
0.251250 
0.760759 
0.075849 
0.798525 
0.803976 
0.419188 
0.294907 
0.505941 
0.356133 
0.523194 
0.313738 
0.991628 
0.285888 
0.916533 
0.176858 
0.456884 
0.848155 
0.936924 
0.887307 
0.969443 
0.422818 
0.293747 
0.999796 
0.571401 
0.531157 
0.153637 
0.174257 
0.730333 
0.702776 
0.553395 
0.908240 
0.792642 
0.932068 
0.259387 
0.517475 
0.208279 
0.546104 
0.366535 
0.350203 
0.864375 
0.555490 
0.121470 
0.552061 
0.491852 
0.549851 
0.345367 
0.589080 
0.670105 
0.460329 
0.744762 
0.219239 
0.753753 
0.320814 
0.919617 
0.996180 
0.805177 
0.603441 
0.039755 
0.165514 
0.798264 
0.425083 
0.369033 
0.339113 
0.463880 
0.422964 
0.763647 
0.615743 
0.788216 
0.550340 
0.567790 
0.846992 
0.399630 
0.582178 
0.668224 
0.835191 
0.062771 
0.986679 
0.120071 
0.026120 
0.005298 
0.041018 
0.387208 
0.797695 
0.859350 
0.096702 
0.267692 
0.092037 
0.863641 
0.211913 
0.615842 
0.461212 
0.594085 
0.783884 
0.733793 
0.855368 
0.173684 
0.113564 
0.672528 
0.179668 
0.678887 
0.058163 
0.547479 
0.481544 
0.313653 
0.560161 
0.629823 
0.436288 
0.691779 
0.730860 
0.556098 
0.335485 
0.493998 
0.618926 
0.288071 
0.613268 
0.187096 
0.516701 
0.188425 
0.860202 
0.419795 
0.494537 
0.681423 
0.680625 
0.262471 
0.355456 
0.142659 
0.664479 
0.891280 
0.745504 
0.691897 
0.712121 
0.610242 
0.334009 
0.692194 
0.710611 
0.244009 
0.051951 
