0.000001 
0.014095 
0.899556 
0.845185 
0.028888 
0.513795 
0.345495 
0.727354 
0.635355 
0.412827 
0.381906 
0.687242 
0.468886 
0.568588 
0.264371 
0.284405 
0.990048 
0.740041 
0.864433 
0.531587 
0.382870 
0.892240 
0.877655 
0.746934 
0.716127 
0.946570 
0.998728 
0.628768 
0.708051 
0.214842 
0.844261 
0.487816 
0.718669 
0.677842 
0.483589 
0.683474 
0.149841 
0.382061 
0.295285 
0.858331 
0.974946 
0.917033 
0.573065 
0.511382 
0.793859 
0.384953 
0.907275 
0.574127 
0.357539 
0.150650 
0.976942 
0.457095 
0.394909 
0.231755 
0.107219 
0.036228 
0.879468 
0.217807 
0.678972 
0.483791 
0.076354 
0.280219 
0.645733 
0.841827 
0.578327 
0.942444 
0.652010 
0.326258 
0.409944 
0.923414 
0.822084 
0.773478 
0.840009 
0.024322 
0.785213 
0.075056 
0.466931 
0.704897 
0.201255 
0.487186 
0.138389 
0.898958 
0.783041 
0.577730 
0.907997 
0.713084 
0.807696 
0.940350 
0.467009 
0.023640 
0.318557 
0.983976 
0.685618 
0.178462 
0.405938 
0.595562 
0.612790 
0.157468 
0.560662 
0.040407 
0.125703 
0.684460 
0.719181 
0.269481 
0.168195 
0.849679 
0.550314 
0.132714 
0.529812 
0.544164 
0.762694 
0.604729 
0.675064 
0.805511 
0.218204 
0.353574 
0.513342 
0.741308 
0.165478 
0.192652 
0.899499 
0.873596 
0.533254 
0.402281 
0.142167 
0.404200 
0.385087 
0.153036 
0.079359 
0.793532 
0.888705 
0.470183 
0.357693 
0.753442 
0.104531 
0.852281 
0.293332 
0.033600 
0.706939 
0.523108 
0.881763 
0.785607 
0.691296 
0.619196 
0.820963 
0.932480 
0.188815 
0.417408 
0.382524 
0.079658 
0.814703 
0.718982 
0.932349 
0.981482 
0.762716 
0.968663 
0.313751 
0.208598 
0.907989 
0.562881 
0.334466 
0.363007 
0.053677 
0.154820 
0.053853 
0.103702 
0.913972 
0.121841 
0.779879 
0.423691 
0.973777 
0.270545 
0.052716 
0.004708 
0.119592 
0.985481 
0.975591 
0.756312 
0.331972 
0.458857 
0.008419 
0.492985 
0.592605 
0.909201 
0.945595 
0.614545 
0.662340 
0.945854 
0.968315 
0.476195 
0.408564 
0.743454 
0.226531 
0.309123 
0.428231 
0.274201 
0.503208 
0.412778 
0.562399 
0.233907 
0.279994 
0.854625 
0.674174 
0.849045 
0.901240 
0.136673 
0.058482 
0.903760 
0.496834 
0.284504 
0.665298 
0.666668 
0.694860 
0.509625 
0.275572 
0.543992 
0.871845 
0.097309 
0.470389 
0.830332 
0.385419 
0.742042 
0.502317 
0.444244 
0.414165 
0.873599 
0.586630 
0.489996 
0.370465 
0.398099 
0.857646 
0.454687 
0.923642 
0.650901 
0.690193 
0.075733 
0.841862 
0.173100 
0.288191 
0.634075 
0.901683 
0.588918 
0.945738 
0.024738 
0.776501 
0.649667 
0.945642 
0.409094 
0.641668 
0.509374 
0.047008 
0.071672 
0.583079 
0.806981 
0.930317 
0.838836 
0.320412 
0.172112 
0.692133 
0.676646 
0.392204 
0.766020 
0.503022 
0.282395 
0.209435 
0.972741 
0.858877 
0.147772 
0.597786 
0.990496 
0.270651 
0.839563 
0.528656 
0.126308 
0.855750 
0.596332 
0.547102 
0.135345 
0.741230 
0.850132 
0.162750 
0.335419 
0.380524 
0.474731 
0.807672 
0.541699 
0.326695 
0.755343 
0.056787 
0.419204 
0.561544 
0.866846 
0.073855 
0.274538 
0.160749 
0.712147 
0.048918 
0.158572 
0.126109 
0.509156 
0.380433 
0.933304 
0.045684 
0.806676 
0.807262 
0.649633 
0.388162 
0.840907 
0.118962 
0.401827 
0.503920 
0.389870 
0.548021 
0.594334 
0.968033 
0.729165 
0.083931 
0.624514 
0.199564 
0.070641 
0.266478 
0.691549 
0.861244 
0.932893 
0.129216 
0.733320 
0.915431 
0.640697 
0.202539 
0.068540 
0.956874 
0.175806 
0.777523 
0.824704 
0.805563 
0.089099 
0.484025 
0.006780 
0.952038 
0.905356 
0.314029 
0.883257 
0.902695 
0.599406 
0.223663 
0.102844 
0.499834 
0.715906 
0.233779 
0.129722 
0.241946 
0.378717 
0.101250 
0.701062 
0.757107 
0.691311 
0.859395 
0.847219 
0.215423 
0.620014 
0.576692 
0.458912 
0.925974 
0.851729 
0.004974 
0.592018 
0.043742 
0.170591 
0.126100 
0.366395 
0.999639 
0.936622 
0.808627 
0.599499 
0.772744 
0.508789 
0.216862 
0.795168 
0.385848 
0.940431 
0.829877 
0.750992 
0.918153 
0.400649 
0.706806 
0.293251 
0.661316 
0.739628 
0.930309 
0.708981 
0.845432 
0.168606 
0.769144 
0.002643 
0.421384 
0.201748 
0.779639 
0.396429 
0.784905 
0.906271 
0.702432 
0.770749 
0.977328 
0.955048 
0.485044 
0.128982 
0.800351 
0.493831 
0.809345 
0.669044 
0.614258 
0.834887 
0.938909 
0.249084 
0.360472 
0.453951 
0.557102 
0.213402 
0.653329 
0.498479 
0.936820 
0.135273 
0.525576 
0.348575 
0.499264 
0.127727 
0.711072 
0.982237 
0.461525 
0.842957 
0.574569 
0.777203 
0.446095 
0.512963 
0.376263 
0.850062 
0.985006 
0.002908 
0.869219 
0.968279 
0.862717 
0.687503 
0.864668 
0.477290 
0.816451 
0.093451 
0.634915 
0.013511 
0.084710 
0.725057 
0.040061 
0.308253 
0.805004 
0.704719 
0.205321 
0.821885 
0.421052 
0.628457 
0.484560 
0.001204 
0.228911 
0.299467 
0.143541 
0.499784 
0.871746 
0.436412 
0.784065 
0.780066 
0.571723 
0.944453 
0.421713 
0.729881 
0.101681 
0.948946 
0.929639 
0.446116 
0.866817 
0.594278 
0.033494 
0.933421 
0.008013 
0.670911 
0.996512 
0.373161 
0.715900 
0.134572 
0.756720 
0.188881 
0.529645 
0.743748 
0.174417 
0.419552 
0.402160 
0.098154 
0.680070 
0.943089 
0.498082 
0.259964 
0.222838 
0.246289 
0.372078 
0.515381 
0.009809 
0.866953 
0.878388 
0.073888 
0.835493 
0.131714 
0.723615 
0.797123 
0.250314 
0.025789 
0.432023 
0.009014 
0.503193 
0.159000 
0.318080 
0.975730 
0.090816 
0.344184 
0.703599 
0.380320 
0.033931 
0.271417 
0.706638 
0.465395 
0.901553 
0.402191 
0.630042 
0.119690 
0.636391 
0.819697 
0.654186 
0.908101 
0.445451 
0.697101 
0.178418 
0.673710 
0.051641 
0.934451 
0.309775 
0.390697 
0.437894 
0.678454 
0.780415 
0.426747 
0.336830 
0.097327 
0.773324 
0.263497 
0.600625 
0.712699 
0.323776 
0.697470 
0.370125 
0.690195 
0.112611 
0.647920 
0.585378 
0.447613 
0.033298 
0.637369 
0.263150 
0.756284 
0.869403 
0.049427 
0.711456 
0.435587 
0.917805 
0.545453 
0.420598 
0.994319 
0.527569 
0.856932 
0.461527 
0.890940 
0.032748 
0.393433 
0.430053 
0.908896 
0.815034 
0.280604 
0.104586 
0.769172 
0.471364 
0.219516 
0.404494 
0.336040 
0.826278 
0.250575 
0.408336 
0.910325 
0.832494 
0.734866 
0.894468 
0.331567 
0.643561 
0.324050 
0.311153 
0.553924 
0.805656 
0.658630 
0.598210 
0.120514 
0.484095 
0.178215 
0.265092 
0.398771 
0.148475 
0.417819 
0.275786 
0.143472 
0.336754 
0.830277 
0.463113 
0.539861 
0.437518 
0.360798 
0.926305 
0.409327 
0.566788 
0.998572 
0.006222 
0.579084 
0.671822 
0.312904 
0.981464 
0.465964 
0.450350 
0.026749 
0.571546 
0.972648 
0.287413 
0.543753 
0.849537 
0.171857 
0.404284 
0.805581 
0.393122 
0.200943 
0.251126 
0.675063 
0.781460 
0.002581 
0.378419 
0.081487 
0.547588 
0.303899 
0.624546 
0.748224 
0.395741 
0.221985 
0.900397 
0.975656 
0.847691 
0.144991 
0.865432 
0.310665 
0.351475 
0.232179 
0.233888 
0.951498 
0.819043 
0.651986 
0.927058 
0.061984 
0.762745 
0.454805 
0.914999 
0.388792 
0.419583 
0.932600 
0.203284 
0.586387 
0.414430 
0.330365 
0.437777 
0.718747 
0.981339 
0.365280 
0.261096 
0.246613 
0.830986 
0.385687 
0.233251 
0.251270 
0.092018 
0.544270 
0.549392 
0.629459 
0.325279 
0.961428 
0.716367 
0.984139 
0.422867 
0.125251 
0.100559 
0.103252 
0.355773 
0.476008 
0.274049 
0.938538 
0.005755 
0.720737 
0.420277 
0.587363 
0.805102 
0.341619 
0.596786 
0.186233 
0.013444 
0.961697 
0.236299 
0.476774 
0.142173 
0.501341 
0.032113 
0.726295 
0.844797 
0.500483 
0.610126 
0.387959 
0.426559 
0.180432 
0.512755 
0.880067 
0.289342 
0.975475 
0.815975 
0.088923 
0.520562 
0.091762 
0.241184 
0.574253 
0.466816 
0.768395 
0.411721 
0.795500 
0.960296 
0.703103 
0.054691 
0.187206 
0.374509 
0.365499 
0.940374 
0.870811 
0.715819 
0.775155 
0.037533 
0.811232 
0.377680 
0.672911 
0.620629 
0.910849 
0.637434 
0.350350 
0.328124 
0.782735 
0.432503 
0.072241 
0.150956 
0.120666 
0.037596 
0.880815 
0.857959 
0.718664 
0.582258 
0.012583 
0.475674 
0.655780 
0.695790 
0.146743 
0.302434 
0.000159 
0.670028 
0.168727 
0.800509 
0.161707 
0.805181 
0.678089 
0.647179 
0.129077 
0.403222 
0.958993 
0.801752 
0.050662 
0.475549 
0.552083 
0.864489 
0.458558 
0.981573 
0.297811 
0.316580 
0.764067 
0.680074 
0.005003 
0.093524 
0.853668 
0.604032 
0.967904 
0.558201 
0.685340 
0.508585 
0.780820 
0.233888 
0.958823 
0.938412 
0.898567 
0.223581 
0.732118 
0.708543 
0.488566 
0.332374 
0.210227 
0.292134 
0.890544 
0.377008 
0.369951 
0.773926 
0.370455 
0.237158 
0.914571 
0.186841 
0.242329 
0.825431 
0.013485 
0.650245 
0.667824 
0.121810 
0.263479 
0.297354 
0.623408 
0.617541 
0.004857 
0.639675 
0.021725 
0.133732 
0.640141 
0.849652 
0.097895 
0.327795 
0.252952 
0.355988 
0.087001 
0.231045 
0.166935 
0.672823 
0.130872 
0.561338 
0.408749 
0.839088 
0.551716 
0.682659 
0.442762 
0.494520 
0.400809 
0.393231 
0.033644 
0.454976 
0.773361 
0.882853 
0.106566 
0.051081 
0.519266 
0.298337 
0.143253 
0.659989 
0.429710 
0.127588 
0.377084 
0.651519 
0.086734 
0.741964 
0.196260 
0.549697 
0.753603 
0.798234 
0.922818 
0.799941 
0.611955 
0.133013 
0.552736 
0.838905 
0.480453 
0.966146 
0.024199 
0.716500 
0.217667 
0.334536 
0.550126 
0.968458 
0.881301 
0.023163 
0.303807 
0.081272 
0.943318 
0.337863 
0.461121 
0.061619 
0.632663 
0.166864 
0.490337 
0.086461 
0.153208 
0.960316 
0.037187 
0.008253 
0.711595 
0.772690 
0.600562 
0.651161 
0.064343 
0.413988 
0.900831 
0.273182 
0.364414 
0.704355 
0.090641 
0.400311 
0.027664 
0.949587 
0.704108 
0.940599 
0.646619 
0.727096 
0.296032 
0.417729 
0.766620 
0.580247 
0.206870 
0.866688 
0.423956 
0.421002 
0.777128 
0.198579 
0.521071 
0.643510 
0.477683 
0.420130 
0.127566 
0.004439 
0.611275 
0.694923 
0.574583 
0.017018 
0.026999 
0.771246 
0.333605 
0.903750 
0.332394 
0.544038 
0.641874 
0.968747 
0.722435 
0.958162 
0.821141 
0.917426 
0.175062 
0.264872 
0.708239 
0.372938 
0.972532 
0.347428 
0.219903 
0.913482 
0.894456 
0.127009 
0.640392 
0.067744 
0.572655 
0.616640 
0.869403 
0.053496 
0.111106 
0.350355 
0.415873 
0.584416 
0.279375 
0.457520 
0.537222 
0.091063 
0.501833 
0.312021 
0.129261 
0.495413 
0.407551 
0.708946 
0.259135 
0.278283 
0.107642 
0.145310 
0.229328 
0.312223 
0.526305 
0.603894 
0.653255 
0.257358 
0.411301 
0.732068 
0.870355 
0.054532 
0.513578 
0.698399 
0.986541 
0.799607 
0.992700 
0.316504 
0.487453 
0.630686 
0.931663 
0.459955 
0.460203 
0.638436 
0.191241 
0.182180 
0.893509 
0.207477 
0.072446 
0.593526 
0.384461 
0.639460 
0.397044 
0.117145 
0.858036 
0.003503 
0.877862 
0.227117 
0.150532 
0.987612 
0.787491 
0.367297 
0.165272 
0.732512 
0.333369 
0.937785 
0.347479 
0.080647 
0.439422 
0.367791 
0.468518 
0.381163 
0.199056 
0.539547 
0.158201 
0.888117 
0.578192 
0.669588 
0.762955 
0.984639 
0.825132 
0.989997 
0.884783 
0.546483 
0.737583 
0.555103 
0.621303 
0.236732 
0.758318 
0.058732 
0.114636 
0.693753 
0.905242 
0.406328 
0.152784 
0.838594 
0.253800 
0.611242 
0.144299 
0.233498 
0.404575 
0.696967 
0.932258 
0.460051 
0.079777 
0.805239 
0.645405 
0.323180 
0.680085 
0.183578 
0.391236 
0.500305 
0.624092 
0.117960 
0.549956 
0.102348 
0.164829 
0.286912 
0.121695 
0.325725 
0.461774 
0.034870 
0.055427 
0.566245 
0.877855 
0.104063 
0.981889 
0.605131 
0.431467 
0.668023 
0.469986 
0.050012 
0.543426 
0.360396 
0.171076 
0.277483 
0.655804 
0.099654 
0.891224 
0.803875 
0.722917 
0.057781 
0.119619 
0.443840 
0.617691 
0.537611 
0.635599 
0.504883 
0.572125 
0.707978 
0.983613 
0.582505 
0.169739 
0.797216 
0.801586 
0.262314 
0.718541 
0.510313 
0.830087 
0.278282 
0.078505 
0.430125 
0.110713 
0.757782 
0.033880 
0.418844 
0.506149 
0.844017 
0.390782 
0.870417 
0.092120 
0.267378 
0.829594 
0.986431 
0.948874 
0.725787 
0.303544 
0.656157 
0.030986 
0.777035 
0.631380 
0.605147 
0.700162 
0.623366 
0.911907 
0.426341 
0.508221 
0.667181 
0.306840 
0.060942 
0.260009 
0.976158 
0.284549 
0.406761 
0.425179 
0.987479 
0.564474 
0.110878 
0.518345 
0.831740 
0.061720 
0.332582 
0.700600 
0.988739 
0.729715 
0.328242 
0.771424 
0.316008 
0.140216 
0.608128 
0.808460 
0.785801 
0.964840 
0.061380 
0.614683 
0.981810 
0.273975 
0.695233 
0.781193 
0.503647 
0.801669 
0.651260 
0.729802 
0.786843 
0.469000 
0.479905 
0.765302 
0.438165 
0.232016 
0.490925 
0.982122 
0.532536 
0.329700 
0.263991 
0.903237 
0.706788 
0.985432 
0.148571 
0.026701 
0.761971 
0.440766 
0.961674 
0.856806 
0.340965 
0.595705 
0.015094 
0.681538 
0.614309 
0.698401 
0.029226 
0.206703 
0.064128 
0.794324 
0.199966 
0.834088 
0.513000 
0.988121 
0.342801 
0.453490 
0.811571 
0.079073 
0.978507 
0.763768 
0.652203 
0.578380 
0.833202 
0.625367 
0.546003 
0.674709 
0.826540 
0.661876 
0.156472 
0.827759 
0.144753 
0.857165 
0.364006 
0.841318 
0.025765 
0.026014 
0.223179 
0.965893 
0.766107 
0.952105 
0.030021 
0.557261 
0.879267 
0.843953 
0.316957 
0.096657 
0.508283 
0.717378 
0.968018 
0.472312 
0.145262 
0.413444 
0.760884 
0.182677 
0.244942 
0.734289 
0.200101 
0.104150 
0.443064 
0.578639 
0.189516 
0.189003 
0.580443 
0.511140 
0.726229 
0.724170 
0.130749 
0.506462 
0.110169 
0.616903 
0.290378 
0.382338 
0.956718 
0.554176 
0.038477 
0.687507 
0.936272 
0.916514 
0.849544 
0.283508 
0.922370 
0.271107 
0.495904 
0.658352 
0.922878 
0.813558 
0.465511 
0.845107 
0.707272 
0.122124 
0.541551 
0.855526 
0.830275 
0.431909 
0.098699 
0.839098 
0.722722 
0.783330 
0.419052 
0.999903 
0.364946 
0.651452 
0.958508 
0.649039 
0.399829 
0.922629 
0.626959 
0.298811 
0.112078 
0.698952 
0.279979 
0.609213 
0.043752 
0.332957 
0.009053 
0.154409 
0.155276 
0.725730 
0.335907 
0.587107 
0.500160 
0.192024 
0.355681 
0.929267 
0.197903 
0.147502 
0.062882 
0.866072 
0.078364 
0.065771 
0.413377 
0.634341 
0.370376 
0.903654 
0.717000 
0.618414 
0.680951 
0.746917 
0.433564 
0.906267 
0.624176 
0.524405 
0.679712 
0.912378 
0.345437 
0.756078 
0.401233 
0.525527 
0.524583 
0.674777 
0.976985 
0.190582 
0.116414 
0.562551 
0.797583 
0.981718 
0.734411 
0.239238 
0.880237 
0.142946 
0.494561 
0.094922 
0.348124 
0.914064 
0.676526 
0.366880 
0.154129 
0.446533 
0.883955 
0.638203 
0.276585 
0.559004 
0.178611 
0.915291 
0.293499 
0.836035 
0.231966 
0.654459 
0.486401 
0.946910 
0.720900 
0.167191 
0.983321 
0.672296 
0.282222 
0.307308 
0.919369 
0.826933 
0.257753 
0.047412 
0.858777 
0.468335 
0.298442 
0.911222 
0.914792 
0.916388 
0.733740 
0.963248 
0.312752 
0.418492 
0.602640 
0.575043 
0.740197 
0.489405 
0.437268 
0.163539 
0.605137 
0.541850 
0.876987 
0.527450 
0.851472 
0.692542 
0.560760 
0.688343 
0.985450 
0.452312 
0.008259 
0.804525 
0.652386 
0.658158 
0.662828 
0.142520 
0.335367 
0.508604 
0.112830 
0.329937 
0.247801 
0.794309 
0.950313 
0.910184 
0.458827 
0.507562 
0.600695 
0.874406 
0.135359 
0.973470 
0.102457 
0.995081 
0.319433 
0.715527 
0.869626 
0.809613 
0.173307 
0.768241 
0.832338 
0.097434 
0.580629 
0.627224 
0.759653 
0.494413 
0.598075 
0.847572 
0.148124 
0.524938 
0.635129 
0.604915 
0.802622 
0.673333 
0.705849 
0.201993 
0.891222 
0.773430 
0.040921 
0.753077 
0.970606 
0.979286 
0.866456 
0.534054 
0.851850 
0.041865 
0.616760 
0.884896 
0.453926 
0.127309 
0.684229 
0.831455 
0.267834 
0.491210 
0.772596 
0.023432 
0.813783 
0.257841 
0.532654 
0.310984 
0.712749 
0.168577 
0.280935 
0.675419 
0.761386 
0.606519 
0.759369 
0.722386 
0.141746 
0.325233 
0.192636 
0.627900 
0.117734 
0.761758 
0.866753 
0.520727 
0.863557 
0.795770 
0.510767 
0.456188 
0.145964 
0.216110 
0.163823 
0.367287 
0.997491 
0.825410 
0.666472 
0.396257 
0.883443 
0.033611 
0.896940 
0.865991 
0.712170 
0.434859 
0.681519 
0.291362 
0.923111 
0.731211 
0.467660 
0.956843 
0.662459 
0.950923 
0.160411 
0.026109 
0.820462 
0.513075 
0.256313 
0.857529 
0.495504 
0.937598 
0.214990 
0.344019 
0.920424 
0.569789 
0.447278 
0.404753 
0.685506 
0.294349 
0.130358 
0.925902 
0.638681 
0.305500 
0.545104 
0.566544 
0.912628 
0.547015 
0.686105 
0.362848 
0.390200 
0.083221 
0.694998 
0.832155 
0.034968 
0.712591 
0.509044 
0.504382 
0.141646 
0.649506 
0.242203 
0.705549 
0.162038 
0.370254 
0.858491 
0.656816 
0.102434 
0.604427 
0.610738 
0.675870 
0.348291 
0.732958 
0.825521 
0.536223 
0.299995 
0.017337 
0.384728 
0.121026 
0.091442 
0.859162 
0.931178 
0.310059 
0.162974 
0.103432 
0.380164 
0.412707 
0.372337 
0.860918 
0.445911 
0.432864 
0.153588 
0.353090 
0.390987 
0.325555 
0.605603 
0.371389 
0.937935 
0.869800 
0.736699 
0.700686 
0.425558 
0.357627 
0.642528 
0.973193 
0.454822 
0.200356 
0.388085 
0.545236 
0.775060 
0.429527 
0.057280 
0.708182 
0.416806 
0.264030 
0.556426 
0.850586 
0.805622 
0.088581 
0.780335 
0.095662 
0.784436 
0.010944 
0.934837 
0.810060 
0.679092 
0.505507 
0.049325 
0.002654 
0.606462 
0.807362 
0.334298 
0.554749 
0.664536 
0.853110 
0.213516 
0.563573 
0.978733 
0.572651 
0.542172 
0.287349 
0.468856 
0.055100 
0.070091 
0.019215 
0.954893 
0.881594 
0.952218 
0.934317 
0.068796 
0.255053 
0.676752 
0.175630 
0.807956 
0.310211 
0.722557 
0.010893 
0.078366 
0.103752 
0.766263 
0.586970 
0.199466 
0.423057 
0.325931 
0.925936 
0.211422 
0.372374 
0.498188 
0.041849 
0.351830 
0.199230 
0.458164 
0.361693 
0.980475 
0.844039 
0.760531 
0.241680 
0.909962 
0.734211 
0.884958 
0.494230 
0.524722 
0.010471 
0.982941 
0.287333 
0.203135 
0.084117 
0.758192 
0.929936 
0.441648 
0.779300 
0.693409 
0.119450 
0.597225 
0.561850 
0.014217 
0.950965 
0.872524 
0.517915 
0.593124 
0.629929 
0.214478 
0.734934 
0.038089 
0.159321 
0.715661 
0.115927 
0.390953 
0.746067 
0.153156 
0.086518 
0.106217 
0.185241 
0.341666 
0.376167 
0.245327 
0.213850 
0.176434 
0.328869 
0.308385 
0.033234 
0.565305 
0.085392 
0.183645 
0.515682 
0.060479 
0.463153 
0.217014 
0.350023 
0.844485 
0.253019 
0.496243 
0.353507 
0.392857 
0.739255 
0.662710 
0.170565 
0.679653 
0.924808 
0.249640 
0.698497 
0.634336 
0.291674 
0.159657 
0.349880 
0.432687 
0.173612 
0.893339 
0.352903 
0.242674 
0.619519 
0.252644 
0.182820 
0.661341 
0.157916 
0.098934 
0.791031 
0.860382 
0.446377 
0.261816 
0.349201 
0.025042 
0.877454 
0.376156 
0.048463 
0.512327 
0.680160 
0.443451 
0.081296 
0.333861 
0.205029 
0.922304 
0.161852 
0.250577 
0.449221 
0.063730 
0.114698 
0.723155 
0.070517 
0.174356 
0.404636 
0.713331 
0.955577 
0.389613 
0.220509 
0.089758 
0.561178 
0.725220 
0.767676 
0.332025 
0.349474 
0.614096 
0.111834 
0.601667 
0.222517 
0.844122 
0.150737 
0.430525 
0.838949 
0.215795 
0.862107 
0.433457 
0.106945 
0.428993 
0.082806 
0.721132 
0.060661 
0.533704 
0.963587 
0.008502 
0.885343 
0.954342 
0.629652 
0.555965 
0.102684 
0.815343 
0.465346 
0.074635 
0.382572 
0.882910 
0.064052 
0.515620 
0.029988 
0.014126 
0.419846 
0.345803 
0.915102 
0.115915 
0.178671 
0.915102 
0.114396 
0.660340 
0.327669 
0.136271 
0.303496 
0.849587 
0.009615 
0.603740 
0.066084 
0.679193 
0.204337 
0.299308 
0.471916 
0.497348 
0.927751 
0.710079 
0.294367 
0.434303 
0.327443 
0.326973 
0.442024 
0.093536 
0.065505 
0.937344 
0.937160 
0.841322 
0.096155 
0.076881 
0.137447 
0.065180 
0.474640 
0.271027 
0.149299 
0.266524 
0.471141 
0.471859 
0.534642 
0.727507 
0.210606 
0.658940 
0.801963 
0.595851 
0.462822 
0.650931 
0.201247 
0.361761 
0.113796 
0.568064 
0.456027 
0.449983 
0.868077 
0.776065 
0.321743 
0.536150 
0.078659 
0.019346 
0.151778 
0.933339 
0.632974 
0.402298 
0.430639 
0.755533 
0.241658 
0.538249 
0.346963 
0.410181 
0.906214 
0.744782 
0.543916 
0.598894 
0.607605 
0.020339 
0.845025 
0.327021 
0.249345 
0.742534 
0.776910 
0.533052 
0.008768 
0.357228 
0.936496 
0.687885 
0.278894 
0.376168 
0.247941 
0.147471 
0.548612 
0.518013 
0.252643 
0.165602 
0.278207 
0.826207 
0.068644 
0.703109 
0.150172 
0.948222 
0.759439 
0.897108 
0.700671 
0.172884 
0.660137 
0.924701 
0.453684 
0.064563 
0.103026 
0.552651 
0.397852 
0.690597 
0.869381 
0.692708 
0.350610 
0.700607 
0.103442 
0.547539 
0.479845 
0.747757 
0.552639 
0.206051 
0.094023 
0.249750 
0.553925 
0.823923 
0.667828 
0.181032 
0.609922 
0.962827 
0.228956 
0.067226 
0.869020 
0.626286 
0.991038 
0.369635 
0.461285 
0.809872 
0.521583 
0.242569 
0.860112 
0.900180 
0.328364 
0.818434 
0.419110 
0.979052 
0.926083 
0.677707 
0.217863 
0.625344 
0.164671 
0.627519 
0.712822 
0.392849 
0.605596 
0.260364 
0.942872 
0.852700 
0.325928 
0.864656 
0.270541 
0.982702 
0.267655 
0.474380 
0.901401 
0.839885 
0.947431 
0.470836 
0.335100 
0.022772 
0.730338 
0.783020 
0.210337 
0.129609 
0.332444 
0.394553 
0.247924 
0.865925 
0.608221 
0.372153 
0.772797 
0.397004 
0.440438 
0.443184 
0.589320 
0.694205 
0.507934 
0.844486 
0.274871 
0.749747 
0.003567 
0.944025 
0.225382 
0.996758 
0.519133 
0.069942 
0.520373 
0.912205 
0.436297 
0.844847 
0.346920 
0.684989 
0.614765 
0.355627 
0.022692 
0.386675 
0.849400 
0.866201 
0.240359 
0.722057 
0.605607 
0.440034 
0.655875 
0.284081 
0.557006 
0.602125 
0.916582 
0.985956 
0.964960 
0.081969 
0.646213 
0.897078 
0.189084 
0.942286 
0.007041 
0.341528 
0.057676 
0.359430 
0.937598 
0.202703 
0.829691 
0.620068 
0.489082 
0.002715 
0.638831 
0.825458 
0.476744 
0.635001 
0.458056 
0.540419 
0.821796 
0.929511 
0.288331 
0.977861 
0.917712 
0.981572 
0.276696 
0.427628 
0.140908 
0.242018 
0.598997 
0.341639 
0.927294 
0.027026 
0.226201 
0.756768 
0.996735 
0.123213 
0.836316 
0.958334 
0.719332 
