0.000001 
0.014612 
0.581050 
0.715137 
0.299796 
0.676432 
0.796801 
0.832298 
0.440426 
0.246390 
0.071637 
0.998379 
0.750367 
0.412301 
0.546130 
0.812873 
0.950261 
0.035900 
0.372514 
0.837020 
0.794457 
0.446314 
0.204654 
0.619392 
0.124936 
0.793585 
0.776028 
0.698451 
0.866703 
0.670799 
0.122840 
0.568991 
0.023740 
0.999739 
0.616247 
0.264879 
0.813300 
0.136206 
0.218377 
0.266799 
0.087298 
0.221599 
0.421384 
0.206968 
0.515344 
0.385179 
0.704543 
0.262019 
0.748209 
0.149508 
0.780094 
0.045750 
0.925205 
0.924868 
0.251071 
0.747716 
0.868943 
0.327954 
0.924287 
0.491526 
0.073600 
0.987323 
0.944244 
0.917096 
0.634501 
0.060823 
0.254471 
0.891795 
0.398315 
0.475855 
0.689523 
0.820146 
0.193390 
0.311721 
0.097164 
0.038384 
0.120355 
0.809574 
0.506798 
0.747127 
0.971889 
0.534900 
0.057156 
0.624998 
0.346047 
0.017395 
0.357561 
0.531168 
0.344201 
0.987860 
0.964323 
0.374838 
0.902859 
0.345468 
0.282002 
0.609059 
0.447573 
0.354799 
0.100364 
0.815347 
0.541747 
0.146522 
0.601727 
0.225498 
0.937823 
0.995197 
0.279532 
0.091492 
0.711359 
0.817853 
0.662382 
0.658539 
0.062379 
0.408045 
0.006878 
0.593627 
0.087957 
0.285965 
0.207078 
0.363510 
0.507698 
0.878959 
0.656072 
0.600255 
0.485523 
0.178035 
0.233180 
0.054258 
0.913473 
0.732662 
0.846315 
0.011566 
0.393567 
0.675556 
0.073381 
0.316052 
0.883204 
0.016508 
0.444117 
0.277425 
0.689756 
0.732775 
0.748279 
0.324841 
0.598967 
0.830616 
0.167417 
0.777513 
0.665837 
0.720001 
0.056664 
0.344997 
0.364628 
0.299515 
0.946691 
0.039141 
0.845515 
0.571601 
0.890735 
0.590726 
0.337283 
0.720563 
0.498176 
0.849555 
0.468375 
0.976464 
0.424423 
0.270670 
0.153267 
0.957818 
0.054437 
0.928988 
0.505509 
0.088167 
0.824697 
0.675676 
0.087967 
0.458098 
0.249191 
0.146966 
0.058699 
0.561578 
0.444416 
0.299544 
0.436105 
0.623185 
0.868733 
0.798950 
0.957160 
0.984484 
0.225314 
0.846767 
0.619619 
0.935110 
0.387289 
0.159875 
0.011376 
0.203030 
0.323153 
0.229708 
0.710021 
0.327365 
0.019813 
0.000648 
0.892623 
0.320471 
0.153351 
0.373859 
0.449522 
0.111144 
0.991178 
0.729967 
0.548197 
0.552177 
0.438919 
0.915399 
0.104239 
0.944850 
0.101730 
0.783581 
0.645518 
0.220096 
0.151486 
0.023545 
0.716961 
0.959473 
0.856878 
0.556815 
0.385706 
0.568713 
0.355483 
0.602943 
0.664875 
0.551489 
0.877063 
0.798664 
0.139787 
0.398211 
0.725738 
0.472414 
0.869207 
0.768190 
0.967626 
0.881836 
0.015395 
0.750099 
0.905893 
0.350793 
0.779563 
0.121600 
0.726133 
0.110944 
0.641093 
0.848214 
0.934426 
0.904557 
0.890178 
0.216732 
0.609224 
0.223930 
0.595916 
0.554781 
0.197746 
0.522616 
0.604117 
0.397061 
0.410618 
0.262015 
0.691875 
0.340509 
0.932985 
0.682101 
0.066630 
0.856644 
0.623923 
0.279484 
0.293414 
0.408489 
0.476333 
0.732480 
0.785038 
0.137272 
0.127395 
0.135104 
0.701235 
0.649279 
0.428617 
0.761369 
0.334271 
0.085871 
0.235648 
0.538257 
0.484112 
0.478380 
0.133881 
0.129693 
0.756985 
0.639675 
0.017460 
0.445638 
0.835240 
0.885330 
0.739751 
0.995039 
0.613636 
0.374717 
0.870460 
0.823416 
0.158303 
0.590900 
0.254758 
0.719538 
0.272158 
0.152483 
0.775301 
0.487147 
0.481232 
0.065501 
0.870953 
0.102103 
0.041374 
0.367086 
0.612406 
0.706669 
0.985700 
0.665247 
0.799616 
0.149463 
0.018401 
0.262057 
0.392828 
0.259428 
0.212457 
0.763866 
0.298715 
0.498250 
0.080885 
0.440121 
0.117410 
0.308328 
0.072899 
0.221011 
0.534332 
0.519207 
0.311815 
0.673520 
0.853521 
0.121930 
0.284545 
0.352688 
0.630601 
0.510308 
0.750712 
0.222034 
0.729327 
0.800487 
0.785391 
0.073714 
0.907382 
0.372885 
0.082001 
0.188666 
0.912712 
0.949571 
0.441580 
0.637033 
0.621691 
0.767070 
0.151821 
0.650783 
0.702014 
0.742184 
0.888233 
0.528186 
0.230268 
0.118217 
0.875558 
0.511704 
0.203985 
0.380225 
0.442744 
0.192172 
0.832977 
0.848424 
0.461748 
0.591060 
0.942075 
0.455239 
0.204824 
0.472331 
0.463310 
0.846079 
0.049968 
0.806738 
0.839936 
0.797703 
0.999215 
0.808514 
0.690405 
0.628544 
0.946941 
0.231532 
0.350179 
0.452567 
0.300154 
0.680627 
0.299420 
0.345353 
0.355385 
0.951751 
0.085408 
0.451823 
0.789530 
0.632449 
0.568574 
0.019171 
0.205502 
0.875304 
0.231408 
0.266885 
0.540279 
0.475044 
0.060661 
0.521260 
0.818504 
0.596039 
0.631633 
0.854435 
0.484545 
0.755025 
0.707784 
0.734057 
0.303642 
0.306331 
0.510540 
0.648009 
0.094396 
0.511621 
0.806681 
0.886606 
0.179730 
0.714919 
0.635944 
0.313215 
0.210058 
0.442240 
0.720370 
0.254984 
0.510913 
0.912095 
0.572345 
0.410610 
0.116570 
0.193620 
0.171201 
0.378934 
0.735761 
0.929112 
0.579497 
0.602025 
0.235078 
0.960636 
0.405881 
0.642475 
0.072487 
0.296936 
0.606246 
0.179002 
0.494951 
0.638142 
0.252825 
0.232475 
0.202020 
0.350184 
0.543940 
0.003830 
0.372764 
0.039710 
0.402850 
0.703885 
0.197646 
0.830977 
0.237361 
0.329090 
0.019204 
0.754718 
0.539587 
0.834893 
0.039893 
0.481165 
0.935944 
0.416603 
0.852766 
0.443784 
0.670012 
0.889921 
0.898345 
0.477709 
0.852881 
0.378024 
0.445125 
0.211669 
0.526549 
0.703832 
0.302027 
0.172653 
0.786710 
0.242593 
0.267623 
0.941271 
0.941886 
0.272153 
0.076395 
0.964925 
0.492205 
0.484649 
0.502419 
0.149743 
0.734344 
0.118596 
0.247428 
0.528072 
0.299472 
0.219731 
0.020152 
0.689558 
0.395447 
0.273121 
0.347745 
0.551062 
0.692472 
0.372224 
0.965222 
0.494405 
0.467328 
0.377284 
0.005612 
0.315834 
0.225660 
0.672748 
0.875264 
0.559373 
0.380093 
0.222473 
0.105516 
0.403518 
0.933848 
0.191399 
0.840531 
0.807857 
0.644846 
0.928156 
0.509988 
0.375445 
0.096071 
0.659964 
0.010130 
0.255228 
0.620156 
0.959297 
0.902369 
0.121026 
0.087341 
0.933361 
0.993989 
0.977390 
0.992942 
0.368818 
0.728785 
0.687596 
0.421020 
0.081840 
0.490823 
0.258686 
0.727747 
0.237305 
0.377091 
0.762654 
0.923326 
0.337540 
0.028134 
0.844468 
0.974048 
0.831784 
0.801797 
0.808904 
0.251078 
0.862514 
0.265220 
0.546820 
0.404422 
0.121364 
0.766945 
0.037754 
0.531912 
0.836777 
0.709899 
0.269296 
0.053816 
0.491492 
0.502032 
0.651118 
0.331959 
0.239312 
0.110386 
0.252486 
0.539104 
0.722657 
0.702500 
0.918971 
0.149302 
0.323077 
0.963198 
0.475917 
0.740495 
0.503565 
0.409687 
0.603337 
0.278407 
0.191679 
0.553688 
0.836943 
0.503952 
0.917352 
0.931867 
0.881839 
0.069624 
0.175433 
0.495171 
0.337557 
0.323751 
0.289802 
0.698278 
0.964567 
0.485889 
0.335290 
0.220321 
0.940599 
0.649061 
0.766886 
0.044893 
0.516570 
0.989998 
0.895513 
0.884790 
0.672480 
0.364434 
0.045185 
0.429777 
0.256487 
0.782259 
0.430009 
0.157713 
0.686590 
0.526174 
0.406273 
0.236958 
0.549701 
0.830207 
0.290105 
0.787712 
0.067432 
0.337675 
0.305529 
0.025440 
0.566754 
0.433673 
0.740212 
0.742534 
0.763950 
0.706475 
0.726354 
0.832610 
0.673951 
0.091472 
0.373010 
0.176196 
0.333093 
0.296036 
0.469171 
0.364501 
0.174030 
0.914187 
0.745739 
0.642687 
0.645264 
0.954912 
0.213855 
0.257476 
0.402666 
0.601497 
0.355350 
0.370049 
0.407766 
0.330646 
0.159825 
0.174761 
0.208091 
0.381026 
0.906556 
0.490644 
0.247224 
0.091474 
0.399009 
0.144729 
0.453973 
0.931774 
0.321934 
0.746918 
0.456245 
0.102777 
0.368400 
0.692488 
0.639166 
0.456100 
0.680735 
0.106027 
0.002217 
0.265539 
0.913604 
0.943423 
0.114558 
0.380559 
0.048232 
0.633711 
0.788498 
0.291062 
0.872967 
0.948043 
0.754591 
0.410266 
0.348872 
0.499883 
0.539772 
0.953662 
0.190779 
0.424033 
0.720265 
0.496876 
0.993722 
0.488122 
0.865360 
0.111165 
0.343913 
0.138078 
0.680069 
0.913623 
0.258309 
0.405926 
0.405092 
0.377640 
0.990742 
0.392401 
0.084150 
0.315985 
0.759635 
0.188566 
0.232852 
0.547186 
0.559619 
0.514067 
0.929086 
0.148358 
0.448352 
0.449089 
0.842168 
0.324306 
0.618818 
0.478669 
0.997413 
0.525841 
0.816751 
0.132506 
0.029038 
0.033839 
0.724050 
0.107469 
0.225934 
0.266670 
0.926148 
0.771395 
0.834529 
0.935489 
0.768707 
0.652344 
0.945356 
0.595697 
0.876591 
0.857302 
0.666923 
0.967017 
0.647426 
0.285983 
0.515555 
0.925429 
0.691472 
0.573908 
0.676734 
0.876584 
0.749071 
0.630850 
0.701016 
0.974751 
0.647857 
0.528967 
0.345432 
0.671303 
0.583912 
0.808677 
0.426354 
0.740061 
0.211079 
0.603299 
0.653800 
0.423883 
0.204134 
0.887215 
0.416268 
0.222609 
0.395136 
0.046515 
0.782067 
0.204793 
0.961371 
0.755735 
0.641409 
0.158805 
0.032109 
0.651538 
0.395844 
0.958445 
0.584066 
0.395307 
0.928411 
0.810257 
0.996980 
0.240799 
0.102800 
0.763631 
0.350789 
0.707936 
0.287763 
0.426224 
0.544937 
0.755336 
0.933741 
0.382099 
0.934668 
0.969471 
0.907348 
0.798211 
0.525293 
0.601068 
0.150825 
0.916862 
0.706446 
0.244954 
0.943261 
0.390583 
0.521858 
0.860237 
0.996645 
0.618750 
0.327301 
0.947248 
0.404472 
0.961243 
0.613141 
0.067300 
0.112169 
0.220093 
0.096020 
0.815240 
0.742042 
0.505988 
0.135467 
0.793061 
0.980511 
0.454464 
0.181855 
0.434390 
0.785652 
0.447660 
0.825655 
0.786116 
0.257179 
0.412940 
0.290053 
0.915369 
0.602490 
0.057253 
0.244525 
0.723623 
0.937927 
0.746660 
0.121140 
0.006546 
0.024383 
0.797914 
0.538691 
0.773201 
0.197367 
0.150707 
0.930060 
0.523548 
0.277862 
0.020771 
0.099693 
0.542816 
0.113964 
0.399621 
0.433164 
0.188737 
0.109857 
0.364259 
0.098479 
0.137163 
0.296628 
0.421089 
0.237451 
0.834469 
0.918140 
0.171626 
0.516512 
0.014707 
0.182506 
0.371960 
0.527640 
0.042377 
0.227222 
0.917882 
0.850930 
0.581349 
0.740088 
0.662825 
0.095969 
0.948603 
0.168148 
0.061845 
0.430409 
0.878561 
0.972932 
0.062977 
0.455162 
0.905482 
0.437205 
0.112114 
0.292527 
0.500445 
0.983664 
0.445707 
0.998544 
0.530622 
0.159237 
0.291998 
0.603037 
0.249214 
0.535170 
0.596067 
0.096770 
0.408260 
0.620054 
0.249666 
0.130238 
0.916419 
0.259273 
0.594184 
0.454532 
0.316201 
0.389865 
0.465445 
0.739131 
0.576278 
0.511624 
0.856809 
0.386139 
0.831818 
0.369014 
0.010100 
0.746804 
0.530825 
0.570751 
0.613849 
0.962982 
0.841719 
0.773958 
0.905387 
0.844978 
0.538343 
0.923358 
0.883006 
0.685816 
0.513004 
0.053643 
0.577163 
0.381248 
0.630476 
0.406385 
0.104815 
0.621295 
0.107613 
0.647890 
0.082127 
0.304760 
0.099870 
0.516586 
0.264250 
0.242685 
0.806491 
0.690402 
0.593968 
0.812993 
0.967218 
0.033896 
0.686913 
0.938468 
0.837513 
0.075100 
0.213832 
0.882170 
0.639573 
0.303876 
0.246924 
0.049946 
0.438945 
0.353120 
0.881192 
0.194916 
0.944959 
0.922402 
0.813850 
0.378436 
0.376236 
0.392227 
0.155938 
0.847165 
0.295152 
0.617657 
0.969276 
0.624499 
0.957596 
0.316845 
0.216731 
0.605420 
0.296565 
0.371729 
0.650816 
0.272869 
0.108451 
0.740434 
0.468809 
0.272565 
0.001268 
0.309865 
0.904152 
0.083827 
0.880055 
0.084276 
0.422351 
0.445323 
0.538166 
0.953408 
0.923162 
0.578150 
0.960941 
0.542390 
0.945135 
0.890287 
0.047719 
0.006298 
0.844663 
0.252929 
0.982740 
0.918347 
0.657624 
0.683493 
0.470503 
0.748317 
0.956546 
0.671537 
0.514197 
0.112815 
0.085081 
0.956561 
0.926199 
0.622286 
0.754394 
0.101724 
0.669699 
0.639163 
0.407053 
0.333416 
0.727473 
0.641840 
0.413262 
0.696383 
0.114813 
0.669378 
0.229983 
0.327853 
0.226192 
0.606095 
0.631238 
0.209550 
0.903976 
0.123479 
0.317076 
0.104340 
0.634000 
0.639470 
0.569060 
0.186191 
0.307412 
0.674753 
0.568973 
0.731073 
0.144152 
0.755224 
0.043195 
0.982457 
0.157434 
0.984954 
0.120712 
0.798202 
0.380756 
0.361197 
0.631735 
0.566226 
0.561106 
0.506701 
0.123289 
0.116991 
0.275835 
0.951834 
0.480278 
0.037190 
0.059289 
0.469511 
0.074996 
0.458073 
0.826316 
0.897197 
0.191931 
0.777650 
0.965044 
0.496788 
0.521402 
0.204803 
0.125333 
0.472397 
0.572909 
0.879069 
0.505733 
0.846491 
0.980554 
0.174263 
0.843768 
0.211477 
0.296935 
0.583252 
0.720981 
0.526514 
0.124054 
0.982682 
0.930385 
0.984938 
0.845646 
0.771100 
0.876102 
0.643660 
0.994409 
0.026663 
0.131024 
0.127362 
0.571809 
0.400471 
0.711819 
0.544022 
0.372224 
0.965794 
0.096664 
0.626516 
0.858743 
0.897620 
0.299855 
0.659917 
0.229872 
0.463901 
0.791954 
0.375745 
0.139868 
0.765986 
0.927282 
0.836548 
0.859513 
0.834436 
0.369824 
0.634189 
0.807639 
0.986465 
0.509853 
0.091366 
0.581828 
0.780313 
0.721029 
0.333593 
0.695381 
0.270322 
0.307940 
0.540761 
0.573818 
0.153058 
0.442299 
0.726919 
0.329917 
0.911400 
0.905561 
0.766749 
0.751563 
0.524661 
0.984856 
0.481956 
0.232280 
0.937947 
0.068723 
0.032660 
0.921160 
0.935961 
0.702501 
0.928167 
0.706203 
0.159331 
0.877103 
0.477421 
0.017539 
0.780989 
0.075729 
0.776613 
0.542560 
0.806620 
0.867925 
0.221225 
0.126182 
0.734773 
0.329594 
0.482365 
0.114993 
0.688822 
0.034800 
0.883577 
0.281688 
0.337357 
0.961160 
0.210664 
0.627203 
0.394037 
0.575102 
0.739843 
0.548009 
0.393861 
0.627590 
0.898837 
0.760802 
0.791727 
0.560006 
0.022797 
0.146755 
0.514113 
0.702715 
0.527178 
0.278845 
0.555980 
0.350819 
0.220916 
0.932086 
0.577067 
0.767834 
0.983912 
0.613609 
0.921469 
0.122535 
0.452392 
0.353212 
0.441880 
0.671400 
0.224679 
0.179810 
0.059731 
0.905619 
0.731333 
0.520876 
0.369411 
0.696316 
0.978432 
0.514077 
0.092806 
0.787348 
0.956087 
0.951199 
0.800008 
0.731525 
0.745145 
0.649682 
0.198927 
0.366532 
0.296710 
0.803593 
0.993113 
0.247819 
0.087993 
0.905813 
0.999899 
0.305028 
0.598146 
0.044162 
0.223629 
0.533859 
0.571099 
0.453377 
0.910538 
0.418795 
0.690140 
0.188074 
0.957468 
0.173062 
0.648879 
0.706775 
0.769729 
0.835592 
0.788416 
0.905685 
0.842936 
0.227540 
0.260139 
0.150503 
0.507464 
0.944189 
0.980781 
0.979679 
0.462497 
0.187288 
0.750580 
0.997099 
0.246149 
0.030256 
0.515337 
0.274092 
0.657179 
0.200075 
0.668237 
0.051340 
0.873404 
0.294468 
0.119414 
0.991683 
0.220106 
0.319228 
0.272958 
0.605831 
0.207750 
0.657078 
0.509055 
0.692966 
0.676189 
0.715349 
0.875782 
0.264902 
0.202592 
0.957326 
0.782709 
0.983011 
0.462454 
0.470487 
0.467639 
0.616850 
0.397867 
0.944516 
0.481380 
0.551782 
0.795490 
0.800858 
0.015283 
0.863067 
0.566719 
0.840348 
0.728955 
0.547453 
0.038799 
0.089440 
0.211479 
0.333210 
0.260900 
0.951649 
0.369876 
0.500200 
0.858510 
0.982181 
0.522900 
0.384487 
0.072673 
0.408231 
0.138545 
0.518788 
0.268396 
0.925703 
0.287758 
0.349205 
0.081564 
0.843360 
0.357793 
0.419715 
0.157316 
0.003403 
0.199669 
0.842281 
0.212504 
0.557123 
0.574308 
0.386891 
0.482307 
0.129004 
0.163659 
0.609494 
0.764007 
0.666818 
0.202186 
0.139275 
0.797039 
0.828106 
0.978927 
0.832874 
0.107041 
0.040810 
0.895661 
0.370422 
0.679380 
0.347947 
0.951134 
0.706077 
0.037188 
0.011235 
0.827492 
0.658318 
0.346263 
0.635479 
0.487793 
0.337987 
0.548289 
0.085112 
0.482407 
0.818646 
0.988279 
0.998108 
0.199638 
0.318470 
0.519882 
0.648514 
0.579628 
0.808459 
0.762925 
0.479885 
0.427023 
0.980348 
0.703175 
0.256273 
0.183820 
0.459625 
0.920253 
0.694334 
0.674688 
0.475747 
0.875136 
0.414721 
0.211546 
0.451637 
0.668515 
0.730218 
0.766978 
0.602262 
0.221032 
0.893062 
0.685264 
0.237363 
0.360967 
0.772615 
0.335195 
0.621574 
0.795851 
0.860659 
0.093887 
0.951936 
0.190864 
0.856932 
0.447745 
0.252895 
0.411775 
0.710551 
0.226948 
0.321769 
0.969465 
0.799837 
0.863615 
0.774982 
0.124206 
0.527285 
0.074520 
0.454553 
0.680338 
0.448534 
0.514271 
0.353819 
0.637534 
0.025686 
0.701667 
0.924820 
0.455693 
0.825383 
0.211259 
0.632347 
0.855483 
0.107338 
0.023343 
0.323877 
0.409112 
0.947467 
0.085370 
0.813763 
0.908276 
0.397346 
0.199268 
0.104606 
0.119918 
0.468878 
0.427635 
0.268807 
0.832552 
0.701172 
0.602095 
0.409488 
0.258049 
0.029319 
0.763971 
0.058599 
0.874518 
0.027266 
0.260686 
0.355018 
0.784721 
0.807569 
0.814434 
0.199927 
0.171946 
0.889972 
0.755442 
0.707040 
0.214136 
0.988571 
0.916363 
0.308001 
0.570649 
0.894435 
0.768616 
0.130460 
0.633225 
0.607164 
0.606537 
0.071383 
0.739386 
0.859126 
0.330042 
0.024090 
0.873781 
0.645449 
0.061425 
0.376565 
0.922410 
0.940880 
0.368275 
0.606220 
0.742518 
0.500968 
0.773718 
0.876318 
0.270877 
0.629239 
0.624893 
0.579816 
0.963980 
0.615264 
0.745346 
0.032364 
0.935567 
0.076469 
0.222129 
0.327879 
0.656791 
0.683660 
0.280459 
0.681158 
0.224611 
0.038952 
0.664816 
0.562197 
0.842953 
0.507912 
0.469861 
0.955566 
0.189790 
0.797702 
0.974672 
0.306010 
0.112114 
0.301731 
0.188884 
0.575523 
0.818262 
0.532815 
0.026625 
0.483705 
0.636905 
0.455611 
0.448059 
0.533613 
0.429720 
0.312017 
0.065062 
0.490937 
0.177093 
0.401914 
0.969486 
0.156078 
0.200656 
0.418038 
0.960911 
0.026397 
0.658763 
0.831394 
0.244521 
0.662335 
0.865509 
0.601382 
0.431957 
0.906310 
0.354994 
0.391524 
0.349093 
0.203047 
0.617299 
0.945938 
0.380451 
0.233923 
0.543664 
0.362707 
0.017479 
0.771990 
0.829468 
0.871660 
0.991602 
0.856071 
0.992746 
0.088169 
0.850289 
0.804243 
0.917370 
0.244029 
0.398057 
0.143505 
0.894594 
0.449202 
0.743663 
0.745314 
0.487899 
0.114722 
0.125415 
0.849752 
0.776706 
0.104116 
0.883800 
0.019836 
0.388797 
0.509226 
0.566425 
0.906644 
0.964999 
0.730368 
0.288885 
0.286811 
0.435214 
0.642371 
0.337710 
0.893892 
0.641739 
0.708061 
0.374640 
0.582819 
0.437284 
0.437063 
0.719295 
0.192256 
0.240448 
0.209630 
0.256075 
0.854835 
0.203750 
0.418431 
0.567470 
0.466418 
0.091046 
0.212406 
0.913077 
0.088841 
0.154884 
0.142344 
0.379277 
0.502183 
0.182189 
0.047258 
0.267325 
0.939000 
0.775367 
0.596840 
0.092675 
0.588529 
0.414508 
0.635928 
0.045444 
0.776174 
0.161746 
0.464756 
0.156723 
0.041312 
0.327595 
0.894923 
0.963380 
0.533828 
0.053541 
0.859447 
0.730582 
0.885571 
0.792730 
0.417082 
0.896998 
0.849335 
0.777561 
0.465567 
0.777345 
0.830907 
0.050077 
0.652016 
0.425011 
0.153754 
0.151370 
0.069449 
0.230479 
0.667022 
0.633290 
0.700210 
0.437105 
0.421892 
0.734111 
0.197037 
0.607923 
0.369279 
0.477869 
0.540081 
0.140658 
0.043711 
0.651766 
0.223049 
0.778376 
0.165094 
0.730920 
0.566247 
0.917800 
0.472933 
0.591453 
0.555404 
0.675447 
0.235710 
0.585707 
0.975526 
0.672281 
0.032937 
0.565680 
0.378646 
0.902931 
0.555707 
0.759409 
0.393662 
0.269373 
0.349323 
0.073101 
0.606620 
0.466105 
0.825535 
0.772384 
0.452752 
0.407934 
0.152459 
0.372415 
0.184889 
0.430456 
0.674010 
0.079105 
0.521109 
0.278620 
0.769191 
0.792026 
0.585772 
0.065755 
0.149245 
0.365529 
0.446357 
0.920352 
0.355505 
0.964834 
0.972199 
0.741587 
0.859163 
0.955722 
0.812563 
0.741264 
0.430246 
0.138220 
0.068716 
0.904253 
0.780670 
0.719440 
0.629786 
0.816103 
0.242833 
0.298313 
0.743694 
0.261291 
0.511195 
0.662403 
0.011312 
0.128180 
0.317943 
0.661574 
0.076853 
0.673280 
0.822040 
0.034191 
0.649003 
0.789982 
0.235101 
0.349043 
0.363231 
0.823405 
0.961235 
0.469394 
0.112745 
0.909216 
0.193120 
0.760171 
0.191865 
0.673576 
0.797733 
0.498381 
0.288642 
0.197854 
0.333959 
0.841343 
0.448436 
0.855801 
0.444209 
0.824918 
0.393530 
0.061922 
0.721564 
0.325160 
0.960961 
0.868491 
0.730154 
0.697247 
0.622765 
0.818779 
0.217080 
0.460953 
0.238898 
0.161689 
0.506519 
0.064556 
0.992478 
0.581393 
0.472676 
0.257484 
0.532153 
0.894202 
0.845406 
0.736481 
0.041709 
0.010383 
0.513000 
0.991502 
0.167125 
0.874989 
0.948428 
0.234519 
0.568875 
0.087042 
0.921761 
0.034427 
0.620533 
0.298265 
0.933876 
0.651738 
0.761692 
0.757303 
0.986956 
0.764293 
0.470369 
0.492726 
0.239852 
0.195259 
0.711576 
0.463924 
0.171745 
0.509990 
0.399338 
0.680938 
0.523012 
0.268983 
0.793604 
0.102552 
0.586510 
0.476350 
0.012953 
0.704752 
0.765203 
0.772173 
0.914592 
0.541595 
0.587190 
0.903475 
0.706665 
0.923582 
0.649822 
0.560174 
0.843366 
0.444837 
0.382995 
0.999709 
0.110171 
0.636884 
0.106351 
0.442726 
0.890504 
0.708933 
0.041280 
0.792413 
0.077894 
0.160238 
0.120507 
0.364312 
0.992368 
0.725636 
0.758502 
0.145906 
0.247472 
0.257935 
0.118980 
0.705263 
0.355504 
0.963817 
0.872286 
0.512895 
0.234646 
0.695981 
0.347868 
0.625464 
0.177832 
0.829688 
0.558639 
0.048983 
0.256542 
0.693945 
0.135412 
0.866090 
0.381808 
0.048893 
0.742930 
0.417256 
0.821705 
0.389227 
0.730860 
0.561216 
0.361198 
0.659878 
0.576112 
0.717845 
0.812575 
0.954275 
0.494226 
0.448274 
0.149356 
0.230154 
0.192844 
0.132760 
0.290785 
0.226381 
0.779382 
0.074356 
0.699092 
0.645116 
0.460328 
0.727724 
0.861474 
0.800966 
0.839477 
0.085341 
0.322032 
0.389047 
0.714953 
0.211480 
0.339080 
0.914241 
0.655641 
0.357475 
0.075628 
0.077900 
0.265644 
0.671438 
0.856791 
0.092345 
0.034789 
0.700824 
0.742797 
0.197479 
0.021929 
0.562903 
0.711243 
0.855203 
0.405098 
0.489471 
0.534196 
0.236850 
0.735885 
0.027040 
0.467449 
0.409087 
0.530792 
0.013529 
0.386409 
0.375253 
0.869626 
0.812188 
0.449239 
0.362392 
0.728231 
0.377856 
0.618201 
0.104903 
0.106145 
0.982930 
0.112038 
0.019756 
0.036111 
0.912537 
0.009353 
0.193793 
0.073986 
0.481480 
0.238552 
0.345742 
0.882318 
0.126316 
0.989143 
0.526393 
0.084213 
0.368193 
0.226024 
0.790503 
0.991189 
0.905653 
0.308466 
0.380450 
0.217081 
0.474344 
0.300054 
0.002395 
0.256895 
0.629299 
0.631646 
0.074731 
0.010206 
0.533634 
0.791698 
0.066256 
0.566818 
0.518189 
0.194591 
0.483241 
0.830031 
0.328098 
0.338722 
0.899168 
0.315497 
0.553022 
