0.000001 
0.012201 
0.067412 
0.988697 
0.035556 
0.584123 
0.357371 
0.342557 
0.350094 
0.023097 
0.186225 
0.879739 
0.770124 
0.474975 
0.897920 
0.346689 
0.802601 
0.321890 
0.001472 
0.745000 
0.207048 
0.860634 
0.678659 
0.214586 
0.550495 
0.174182 
0.481964 
0.373265 
0.459662 
0.542997 
0.156137 
0.190175 
0.266744 
0.164217 
0.997177 
0.551658 
0.717159 
0.283527 
0.243948 
0.027284 
0.562988 
0.133623 
0.795896 
0.627565 
0.481747 
0.717458 
0.317292 
0.718526 
0.258413 
0.154838 
0.365381 
0.965359 
0.783822 
0.690342 
0.579764 
0.094103 
0.584725 
0.480600 
0.446151 
0.455430 
0.419787 
0.354171 
0.551193 
0.899171 
0.372355 
0.175053 
0.109652 
0.919287 
0.452583 
0.564466 
0.974808 
0.602361 
0.877609 
0.970527 
0.641392 
0.876187 
0.071041 
0.987748 
0.080931 
0.200735 
0.748888 
0.567171 
0.444621 
0.737746 
0.301815 
0.597278 
0.458188 
0.774018 
0.917306 
0.154833 
0.284081 
0.550815 
0.555735 
0.232772 
0.193702 
0.546075 
0.885252 
0.433921 
0.915087 
0.865627 
0.600206 
0.656898 
0.483177 
0.764087 
0.012890 
0.649444 
0.209850 
0.950528 
0.530803 
0.207302 
0.130506 
0.407425 
0.588243 
0.596219 
0.659733 
0.140045 
0.739756 
0.077568 
0.679612 
0.232840 
0.336101 
0.853935 
0.082922 
0.676378 
0.883197 
0.900137 
0.608745 
0.181890 
0.020945 
0.016722 
0.044137 
0.818442 
0.559491 
0.372358 
0.218747 
0.485123 
0.463801 
0.096270 
0.003952 
0.423946 
0.252453 
0.979323 
0.482360 
0.031830 
0.968285 
0.972646 
0.267275 
0.097024 
0.677043 
0.065068 
0.594182 
0.423594 
0.347324 
0.482027 
0.421474 
0.710242 
0.030615 
0.544256 
0.304583 
0.127446 
0.990801 
0.385301 
0.757181 
0.940791 
0.867272 
0.236908 
0.708985 
0.909467 
0.410789 
0.131890 
0.678022 
0.522921 
0.725811 
0.698689 
0.867543 
0.788098 
0.563546 
0.516430 
0.635505 
0.935790 
0.824056 
0.908142 
0.135964 
0.144611 
0.480390 
0.916200 
0.572231 
0.484501 
0.009219 
0.945801 
0.080484 
0.697970 
0.785209 
0.013838 
0.578352 
0.360067 
0.639923 
0.181855 
0.439633 
0.915970 
0.703226 
0.121244 
0.740165 
0.959834 
0.932833 
0.129413 
0.043961 
0.846731 
0.003645 
0.253494 
0.470405 
0.101242 
0.565956 
0.020270 
0.676634 
0.182167 
0.686400 
0.322990 
0.488804 
0.335084 
0.765058 
0.322512 
0.455365 
0.320143 
0.637248 
0.225398 
0.262385 
0.911663 
0.314578 
0.105851 
0.032243 
0.911081 
0.539122 
0.015411 
0.005003 
0.091653 
0.416137 
0.014360 
0.350522 
0.226831 
0.354094 
0.264921 
0.532152 
0.882047 
0.567221 
0.281416 
0.758055 
0.622864 
0.469384 
0.931213 
0.890220 
0.927671 
0.370361 
0.655793 
0.915249 
0.597860 
0.231273 
0.008508 
0.996133 
0.003271 
0.978593 
0.207232 
0.955697 
0.401584 
0.428933 
0.083567 
0.502493 
0.395545 
0.919461 
0.373783 
0.175428 
0.416923 
0.222751 
0.781740 
0.705783 
0.091439 
0.810623 
0.133816 
0.045851 
0.614856 
0.881025 
0.395290 
0.641998 
0.053363 
0.864609 
0.480571 
0.952980 
0.733248 
0.706014 
0.974758 
0.756495 
0.405004 
0.902909 
0.193784 
0.925935 
0.181142 
0.452672 
0.061196 
0.524488 
0.075388 
0.046138 
0.442544 
0.834104 
0.782681 
0.517224 
0.990993 
0.619736 
0.905038 
0.974715 
0.041892 
0.084182 
0.847755 
0.226188 
0.547788 
0.674716 
0.949899 
0.960493 
0.007561 
0.071138 
0.621949 
0.091859 
0.881246 
0.106985 
0.095713 
0.655440 
0.982924 
0.006750 
0.441892 
0.877711 
0.692312 
0.691708 
0.535859 
0.182764 
0.714444 
0.664004 
0.922213 
0.628870 
0.417862 
0.012342 
0.427790 
0.864837 
0.311492 
0.253360 
0.226804 
0.900439 
0.677032 
0.869651 
0.227150 
0.714304 
0.312180 
0.816876 
0.229550 
0.053219 
0.457499 
0.192298 
0.957664 
0.464074 
0.683406 
0.011574 
0.526153 
0.057225 
0.783144 
0.307937 
0.492973 
0.404083 
0.426960 
0.924594 
0.650167 
0.365125 
0.656974 
0.757600 
0.982895 
0.516741 
0.860976 
0.428489 
0.607553 
0.134974 
0.501203 
0.719343 
0.994521 
0.916035 
0.799998 
0.563798 
0.758807 
0.272022 
0.867950 
0.631867 
0.782388 
0.590423 
0.243366 
0.246545 
0.684541 
0.072790 
0.387629 
0.886695 
0.683246 
0.307861 
0.218786 
0.131409 
0.591270 
0.472566 
0.414546 
0.276877 
0.464142 
0.829641 
0.772950 
0.970431 
0.038246 
0.807201 
0.632448 
0.553375 
0.572786 
0.819966 
0.176748 
0.597433 
0.048145 
0.179635 
0.119764 
0.867040 
0.347656 
0.057469 
0.889445 
0.896931 
0.715396 
0.662050 
0.077250 
0.335681 
0.784180 
0.710448 
0.498706 
0.752778 
0.935402 
0.301755 
0.603948 
0.550580 
0.590919 
0.583912 
0.804294 
0.765193 
0.601081 
0.367005 
0.253646 
0.036656 
0.078898 
0.039893 
0.481227 
0.988247 
0.461446 
0.521967 
0.705921 
0.421685 
0.266278 
0.329262 
0.912080 
0.330425 
0.446040 
0.600456 
0.859392 
0.803126 
0.131525 
0.539629 
0.541849 
0.848296 
0.309919 
0.802361 
0.281159 
0.436067 
0.983966 
0.519887 
0.734260 
0.707635 
0.220369 
0.733770 
0.477738 
0.343869 
0.401163 
0.345013 
0.627696 
0.679188 
0.108386 
0.646026 
0.750666 
0.446731 
0.201420 
0.270454 
0.527373 
0.552874 
0.153507 
0.992069 
0.706554 
0.048815 
0.430361 
0.083269 
0.497514 
0.716952 
0.804706 
0.697118 
0.461568 
0.579348 
0.096593 
0.437573 
0.295657 
0.115099 
0.465064 
0.325046 
0.045081 
0.681029 
0.058491 
0.062252 
0.268581 
0.047884 
0.789120 
0.735993 
0.837342 
0.210148 
0.964954 
0.975506 
0.337681 
0.397880 
0.171340 
0.709556 
0.505230 
0.393613 
0.460932 
0.890421 
0.310134 
0.423943 
0.208782 
0.998465 
0.204663 
0.764094 
0.127101 
0.180387 
0.758317 
0.031904 
0.203099 
0.478708 
0.652590 
0.080238 
0.560693 
0.569650 
0.105550 
0.983163 
0.017052 
0.588377 
0.845252 
0.147761 
0.419063 
0.193566 
0.267514 
0.105150 
0.256023 
0.974329 
0.544894 
0.041657 
0.134378 
0.488373 
0.087788 
0.457859 
0.238106 
0.846703 
0.530627 
0.241116 
0.440337 
0.745918 
0.646894 
0.346007 
0.347074 
0.277545 
0.690928 
0.419052 
0.006743 
0.328973 
0.050504 
0.818724 
0.287605 
0.770158 
0.039624 
0.954721 
0.003869 
0.033669 
0.879767 
0.249888 
0.872926 
0.259776 
0.058426 
0.967022 
0.738971 
0.883491 
0.831008 
0.756022 
0.469848 
0.739511 
0.957610 
0.557177 
0.479130 
0.733654 
0.524816 
0.588056 
0.449510 
0.918944 
0.686177 
0.574464 
0.018258 
0.854361 
0.239221 
0.593714 
0.544522 
0.783716 
0.913592 
0.739562 
0.818253 
0.373126 
0.129596 
0.112711 
0.339613 
0.872898 
0.804822 
0.635264 
0.874037 
0.948152 
0.591213 
0.514548 
0.005437 
0.384992 
0.560143 
0.324876 
0.197911 
0.286005 
0.887119 
0.813459 
0.809749 
0.447571 
0.334098 
0.182914 
0.239270 
0.412148 
0.977179 
0.454679 
0.792488 
0.340647 
0.256204 
0.016822 
0.728497 
0.855055 
0.914513 
0.219150 
0.252514 
0.005368 
0.217924 
0.645175 
0.459231 
0.290238 
0.035562 
0.693254 
0.520289 
0.503169 
0.767533 
0.929455 
0.353119 
0.869867 
0.859736 
0.584058 
0.255661 
0.899658 
0.544494 
0.302676 
0.074981 
0.214039 
0.346544 
0.367646 
0.022167 
0.562420 
0.598655 
0.598610 
0.840665 
0.063573 
0.466145 
0.494119 
0.651011 
0.548611 
0.512754 
0.859249 
0.398826 
0.065318 
0.806624 
0.928071 
0.089127 
0.953083 
0.461037 
0.645813 
0.183712 
0.652869 
0.764171 
0.427679 
0.998482 
0.495154 
0.052176 
0.929845 
0.897333 
0.479868 
0.140022 
0.358119 
0.900404 
0.097285 
0.076457 
0.007303 
0.747132 
0.046302 
0.196189 
0.352560 
0.470453 
0.896941 
0.881339 
0.657772 
0.176896 
0.094428 
0.047915 
0.302076 
0.985704 
0.721369 
0.057095 
0.595228 
0.998497 
0.735917 
0.549153 
0.616371 
0.351342 
0.998392 
0.981472 
0.591647 
0.815689 
0.292618 
0.034015 
0.681713 
0.552986 
0.033244 
0.738025 
0.992839 
0.637500 
0.465443 
0.700641 
0.673436 
0.444649 
0.215460 
0.236865 
0.990540 
0.003591 
0.353422 
0.967080 
0.711162 
0.507534 
0.124131 
0.275410 
0.816080 
0.849636 
0.839837 
0.132307 
0.678663 
0.285188 
0.152882 
0.489794 
0.964804 
0.466513 
0.690482 
0.932480 
0.194748 
0.123052 
0.131358 
0.736458 
0.652269 
0.690045 
0.592168 
0.560937 
0.669392 
0.465878 
0.008325 
0.926208 
0.779721 
0.768540 
0.858385 
0.875753 
0.784910 
0.990045 
0.682916 
0.770118 
0.368340 
0.695557 
0.224174 
0.694554 
0.368280 
0.682559 
0.762104 
0.675281 
0.447105 
0.487951 
0.998780 
0.502426 
0.271342 
0.436958 
0.958487 
0.294528 
0.132639 
0.268350 
0.151933 
0.541258 
0.917815 
0.718971 
0.744899 
0.519918 
0.259644 
0.839353 
0.005647 
0.917126 
0.142386 
0.074047 
0.506249 
0.533456 
0.795419 
0.613292 
0.602848 
0.067082 
0.454351 
0.272510 
0.080981 
0.044433 
0.785526 
0.332114 
0.846142 
0.111474 
0.540019 
0.100996 
0.432396 
0.285160 
0.680874 
0.445791 
0.407823 
0.277057 
0.498394 
0.503953 
0.933944 
0.791977 
0.765122 
0.407904 
0.641976 
0.688646 
0.072144 
0.516951 
0.398182 
0.247218 
0.988972 
0.648598 
0.981824 
0.513196 
0.279265 
0.613471 
0.603580 
0.365048 
0.357749 
0.695541 
0.965779 
0.842941 
0.302962 
0.889803 
0.918993 
0.518785 
0.222056 
0.090459 
0.348645 
0.681773 
0.566751 
0.386018 
0.806620 
0.861727 
0.043297 
0.686766 
0.483869 
0.377942 
0.066690 
0.855657 
0.027966 
0.032047 
0.606804 
0.548043 
0.959590 
0.836606 
0.829552 
0.285588 
0.871484 
0.024790 
0.642880 
0.882814 
0.454809 
0.978698 
0.974849 
0.291300 
0.886023 
0.395829 
0.695205 
0.310562 
0.610295 
0.231224 
0.184227 
0.304748 
0.895132 
0.488048 
0.629021 
0.955234 
0.615560 
0.718088 
0.906807 
0.711999 
0.573241 
0.467738 
0.272565 
0.006175 
0.784058 
0.668689 
0.657460 
0.925113 
0.371686 
0.919325 
0.093500 
0.457012 
0.005853 
0.378964 
0.252215 
0.976213 
0.219103 
0.465581 
0.012308 
0.858382 
0.833060 
0.246276 
0.163012 
0.746446 
0.524838 
0.945979 
0.067175 
0.017144 
0.132660 
0.618533 
0.678726 
0.345794 
0.759318 
0.856242 
0.854732 
0.484226 
0.382536 
0.277736 
0.904583 
0.334082 
0.908537 
0.787493 
0.400763 
0.620854 
0.700870 
0.521333 
0.050492 
0.616960 
0.243426 
0.264951 
0.039223 
0.215341 
0.236046 
0.223463 
0.747366 
0.988546 
0.490068 
0.576219 
0.504354 
0.680399 
0.469961 
0.642539 
0.160024 
0.524901 
0.010608 
0.284034 
0.764727 
0.768756 
0.478605 
0.915801 
0.871982 
0.405618 
0.225624 
0.064060 
0.655329 
0.111044 
0.324733 
0.783351 
0.773758 
0.555537 
0.909359 
0.592731 
0.035242 
0.317282 
0.555925 
0.429327 
0.698664 
0.450241 
0.193234 
0.687766 
0.291396 
0.486406 
0.031975 
0.405119 
0.841438 
0.051605 
0.319400 
0.149618 
0.635241 
0.499976 
0.099568 
0.434839 
0.331493 
0.395325 
0.230681 
0.062711 
0.985734 
0.226194 
0.639044 
0.405326 
0.307956 
0.821031 
0.073549 
0.135251 
0.162174 
0.654458 
0.477338 
0.626152 
0.729937 
0.050338 
0.038860 
0.117558 
0.804557 
0.181965 
0.294131 
0.452559 
0.162347 
0.563253 
0.600906 
0.433831 
0.389868 
0.518399 
0.723806 
0.001888 
0.738416 
0.559937 
0.863993 
0.135692 
0.567688 
0.129582 
0.878938 
0.305881 
0.941925 
0.925381 
0.877882 
0.563142 
0.725466 
0.902120 
0.930905 
0.728636 
0.177937 
0.593109 
0.389988 
0.528969 
0.386966 
0.742344 
0.581357 
0.864927 
0.822083 
0.756463 
0.876857 
0.338352 
0.679826 
0.839082 
0.449660 
0.429901 
0.349360 
0.696800 
0.116033 
0.165441 
0.571849 
0.059068 
0.748229 
0.487490 
0.239475 
0.861589 
0.731152 
0.478015 
0.003532 
0.369468 
0.641741 
0.743240 
0.636998 
0.028742 
0.069627 
0.225795 
0.940838 
0.657806 
0.737350 
0.646975 
0.700642 
0.696673 
0.980342 
0.607662 
0.969107 
0.776468 
0.093415 
0.028888 
0.516424 
0.542191 
0.610742 
0.741799 
0.422619 
0.952192 
0.494233 
0.567431 
0.812181 
0.321184 
0.141103 
0.513949 
0.944397 
0.480663 
0.494696 
0.362135 
0.398433 
0.464246 
0.574592 
0.175119 
0.221857 
0.754360 
0.524920 
0.334713 
0.526917 
0.892330 
0.388019 
0.435441 
0.453625 
0.083629 
0.551273 
0.248383 
0.566267 
0.243362 
0.181845 
0.261646 
0.483592 
0.726989 
0.499943 
0.547652 
0.390019 
0.044171 
0.388022 
0.485099 
0.060891 
0.399398 
0.686360 
0.656504 
0.862304 
0.741452 
0.578473 
0.397341 
0.110017 
0.047670 
0.196824 
0.022773 
0.750060 
0.258246 
0.335749 
0.927941 
0.905883 
0.171702 
0.800357 
0.605012 
0.435164 
0.798251 
0.198032 
0.326261 
0.473110 
0.564902 
0.312640 
0.538692 
0.804382 
0.243915 
0.482310 
0.192186 
0.068222 
0.611260 
0.446522 
0.696725 
0.859697 
0.930462 
0.271898 
0.787990 
0.754676 
0.845145 
0.355413 
0.424049 
0.996309 
0.966202 
0.949041 
0.536925 
0.098591 
0.020626 
0.654571 
0.375507 
0.143599 
0.466756 
0.760085 
0.740786 
0.383815 
0.770550 
0.636071 
0.447920 
0.194076 
0.838711 
0.213053 
0.781126 
0.380657 
0.707524 
0.354789 
0.939673 
0.081481 
0.453272 
0.142014 
0.824808 
0.555484 
0.017763 
0.544830 
0.965727 
0.976953 
0.646704 
0.160902 
0.281896 
0.823965 
0.388089 
0.603675 
0.967724 
0.534468 
0.797815 
0.881144 
0.385051 
0.546180 
0.639267 
0.156849 
0.157476 
0.698594 
0.262386 
0.913901 
0.934385 
0.208973 
0.206181 
0.282511 
0.161449 
0.470171 
0.160312 
0.370425 
0.738305 
0.695954 
0.903605 
0.882920 
0.241718 
0.554949 
0.026407 
0.830771 
0.768902 
0.938292 
0.874934 
0.023852 
0.886379 
0.378532 
0.995057 
0.931402 
0.071991 
0.957752 
0.936073 
0.573676 
0.771783 
0.360266 
0.984772 
0.064827 
0.553444 
0.726651 
0.830686 
0.336215 
0.762332 
0.520259 
0.989353 
0.048666 
0.928842 
0.054658 
0.635197 
0.751235 
0.010914 
0.429269 
0.732022 
0.086489 
0.624285 
0.351322 
0.677136 
0.618344 
0.504382 
0.145074 
0.263057 
0.197334 
0.594307 
0.514088 
0.274378 
0.464033 
0.999562 
0.634260 
0.999916 
0.584648 
0.180241 
0.311113 
0.875542 
0.241717 
0.544908 
0.263425 
0.389143 
0.320783 
0.397926 
0.950298 
0.665610 
0.902948 
0.841244 
0.784072 
0.898236 
0.660786 
0.829213 
0.580055 
0.982398 
0.166435 
0.275606 
0.107999 
0.142547 
0.794853 
0.092146 
0.701296 
0.679182 
0.012310 
0.888138 
0.939731 
0.057711 
0.950814 
0.327483 
0.007664 
0.809610 
0.110829 
0.702079 
0.835050 
0.693431 
0.499772 
0.676040 
0.202482 
0.117378 
0.774867 
0.194184 
0.651040 
0.024040 
0.038770 
0.615756 
0.018390 
0.076689 
0.920316 
0.747372 
0.084082 
0.171848 
0.250387 
0.246515 
0.170066 
0.304749 
0.916170 
0.061623 
0.696127 
0.806788 
0.693894 
0.280381 
0.362736 
0.500358 
0.521980 
0.922242 
0.126150 
0.197383 
0.418909 
0.598522 
0.362335 
0.759233 
0.421230 
0.612049 
0.714769 
0.128947 
0.208153 
0.424015 
0.421431 
0.989511 
0.715705 
0.850135 
0.213934 
0.592553 
0.039332 
0.046594 
0.105405 
0.534777 
0.998485 
0.530592 
0.655281 
0.310743 
0.665131 
0.849919 
0.587218 
0.376141 
0.799842 
0.951411 
0.365889 
0.504710 
0.664465 
0.657389 
0.738706 
0.426843 
0.952928 
0.861352 
0.738726 
0.763839 
0.838548 
0.470920 
0.754756 
0.188315 
0.002152 
0.165050 
0.990600 
0.012253 
0.943558 
0.381004 
0.540165 
0.549092 
0.584065 
0.385548 
0.900790 
0.570421 
0.060265 
0.880054 
0.060695 
0.098995 
0.806487 
0.625318 
0.725721 
0.199133 
0.832721 
0.541549 
0.822319 
0.715440 
0.398527 
0.046190 
0.307710 
0.678894 
0.173023 
0.996058 
0.745253 
0.462989 
0.452137 
0.074842 
0.863076 
0.710364 
0.084912 
0.109039 
0.611974 
0.448674 
0.866345 
0.668365 
0.216223 
0.067133 
0.305061 
0.167006 
0.868293 
0.396473 
0.518698 
0.757750 
0.501835 
0.348468 
0.700741 
0.349399 
0.341215 
0.805971 
0.952066 
0.365061 
0.580629 
0.628672 
0.094144 
0.281398 
0.448349 
0.409511 
0.655574 
0.228192 
0.225101 
0.274750 
0.720808 
0.621217 
0.797878 
0.930582 
0.287063 
0.663833 
0.035456 
0.915713 
0.394771 
0.911182 
0.232270 
0.768960 
0.904802 
0.002543 
0.747511 
0.425771 
0.935749 
0.140814 
0.659237 
0.791336 
0.988094 
0.900564 
0.779233 
0.577235 
0.594718 
0.432990 
0.255986 
0.349119 
0.648689 
0.510494 
0.868589 
0.377612 
0.533188 
0.298693 
0.130199 
0.253322 
0.588634 
0.177656 
0.863454 
0.079244 
0.853844 
0.563292 
0.247130 
0.508998 
0.721322 
0.259791 
0.314599 
0.461904 
0.212377 
0.419609 
0.368223 
0.728109 
0.334226 
0.339423 
0.687566 
0.925047 
0.269130 
0.270345 
0.682525 
0.202377 
0.355749 
0.065672 
0.747816 
0.551495 
0.979338 
0.734479 
0.390137 
0.038135 
0.927996 
0.831061 
0.648252 
0.172310 
0.013057 
0.448600 
0.620544 
0.483249 
0.961036 
0.139133 
0.416210 
0.243726 
0.306284 
0.710842 
0.116817 
0.342574 
0.641141 
0.650362 
0.636947 
0.160845 
0.318149 
0.129196 
0.393108 
0.967780 
0.477342 
0.681304 
0.676730 
0.801044 
0.146340 
0.528280 
0.809943 
0.705376 
0.253790 
0.454331 
0.943185 
0.102394 
0.928080 
0.246625 
0.019531 
0.262541 
0.521068 
0.591598 
0.987534 
0.490028 
0.901241 
0.159354 
0.254992 
0.647984 
0.664916 
0.243958 
0.209020 
0.001966 
0.044809 
0.110610 
0.015585 
0.933012 
0.140491 
0.234882 
0.660365 
0.762150 
0.456580 
0.732957 
0.811661 
0.582800 
0.122969 
0.747953 
0.853950 
0.344307 
0.775426 
0.589748 
0.897243 
0.968940 
0.980795 
0.217037 
0.740536 
0.185500 
0.691781 
0.761875 
0.840352 
0.799377 
0.124470 
0.975488 
0.023327 
0.051082 
0.527969 
0.568357 
0.376372 
0.678935 
0.866878 
0.610204 
0.690697 
0.549085 
0.464338 
0.120465 
0.650571 
0.140703 
0.787067 
0.242421 
0.372156 
0.826556 
0.930070 
0.693396 
0.910940 
0.167473 
0.724856 
0.657403 
0.966226 
0.361882 
0.155250 
0.279337 
0.815085 
0.126345 
0.472586 
0.747104 
0.580570 
0.645492 
0.791046 
0.118402 
0.984177 
0.058079 
0.126750 
0.295325 
0.523909 
0.343063 
0.860448 
0.556235 
0.635553 
0.739942 
0.200250 
0.599392 
0.978369 
0.445488 
0.317826 
0.703471 
0.243024 
0.510904 
0.769584 
0.400761 
0.593298 
0.556318 
0.034994 
0.143377 
0.743517 
0.288131 
0.620858 
0.756555 
0.412696 
0.182359 
0.912648 
0.882320 
0.159562 
0.761667 
0.337802 
0.429973 
0.563418 
0.364648 
0.636033 
0.808506 
0.556785 
0.883888 
0.497275 
0.697829 
0.415134 
0.162379 
0.107421 
0.423316 
0.671883 
0.333541 
0.824416 
0.956031 
0.014054 
0.202180 
0.039035 
0.061048 
0.035139 
0.588038 
0.150097 
0.677783 
0.493366 
0.996367 
0.942056 
0.132769 
0.453339 
0.266240 
0.701924 
0.237596 
0.274613 
0.427416 
0.577006 
0.747894 
0.847824 
0.372415 
0.177626 
0.363389 
0.472271 
0.451783 
0.113113 
0.084495 
0.111787 
0.805569 
0.198707 
0.670748 
0.259317 
0.347136 
0.310516 
0.837433 
0.743107 
0.403055 
0.145570 
0.597671 
0.049439 
0.926125 
0.385578 
0.416187 
0.859921 
0.693153 
0.825841 
0.914347 
0.437251 
0.882643 
0.582383 
0.111231 
0.465103 
0.978532 
0.187316 
0.214222 
0.427207 
0.061041 
0.922721 
0.179249 
0.635249 
0.627288 
0.824767 
0.866615 
0.193189 
0.919976 
0.039765 
0.337483 
0.078083 
0.340828 
0.288382 
0.833620 
0.654081 
0.134317 
0.458071 
0.795668 
0.795219 
0.241489 
0.703733 
0.648542 
0.052615 
0.294685 
0.770572 
0.000608 
0.215016 
0.778773 
0.844556 
0.445437 
0.462107 
0.624791 
0.868306 
0.622780 
0.065380 
0.841246 
0.829050 
0.845905 
0.124573 
0.691521 
0.393368 
0.340842 
0.531845 
0.711134 
0.024444 
0.822620 
0.781292 
0.178036 
0.259140 
0.365101 
0.256326 
0.075149 
0.035241 
0.299187 
0.440559 
0.469822 
0.299559 
0.692388 
0.959595 
0.920614 
0.756170 
0.953116 
0.022000 
0.748316 
0.950786 
0.859724 
0.388680 
0.546318 
0.968394 
0.802600 
0.301361 
0.977854 
0.792239 
0.167752 
0.412170 
0.348713 
0.816558 
0.888343 
0.379710 
0.782498 
0.447315 
0.030518 
0.920894 
0.473491 
0.960306 
0.863137 
0.739383 
0.804834 
0.852406 
0.389970 
0.217816 
0.839123 
0.141550 
0.028062 
0.637869 
0.661713 
0.403656 
0.252309 
0.551145 
0.094362 
0.946987 
0.012955 
0.740636 
0.865962 
0.222575 
0.825447 
0.279379 
0.515059 
0.603040 
0.301392 
0.497603 
0.216750 
0.917199 
0.367431 
0.420949 
0.896122 
0.121306 
0.785557 
0.856810 
0.402535 
0.403484 
0.362164 
0.882126 
0.894166 
0.250320 
0.129222 
0.835431 
0.088952 
0.023336 
0.210810 
0.082687 
0.717378 
0.966914 
0.925484 
0.604911 
0.743776 
0.640704 
0.309431 
0.611651 
0.014364 
0.419308 
0.312451 
0.369271 
0.340931 
0.023402 
0.314336 
0.042353 
0.823413 
0.094165 
0.638726 
0.069143 
0.081707 
0.244647 
0.781951 
0.244671 
0.190792 
0.647186 
0.257219 
0.071428 
0.484934 
0.280362 
0.048640 
0.494307 
0.813585 
0.916498 
0.578611 
0.708358 
0.377326 
0.720840 
0.159679 
0.729240 
0.332354 
0.874789 
0.582534 
0.646435 
0.632354 
0.966156 
0.183200 
0.038204 
0.095393 
0.270616 
0.249321 
0.343288 
0.639724 
0.838751 
0.889588 
0.302146 
0.171524 
0.800878 
0.353093 
0.428617 
0.759241 
0.555992 
0.561223 
0.482812 
0.625568 
0.927214 
0.682244 
0.482678 
0.361071 
0.520517 
0.327110 
0.736207 
0.423064 
0.431626 
0.343765 
0.661298 
0.442406 
0.519729 
0.085660 
0.689372 
0.267231 
0.356125 
0.389253 
0.176032 
0.562144 
0.947530 
0.138032 
0.909343 
0.335322 
0.757390 
0.458235 
0.553086 
0.714889 
0.131026 
0.152813 
0.332696 
0.628979 
0.242048 
0.103078 
0.427498 
0.954886 
0.764723 
0.698428 
0.480041 
0.046376 
0.441897 
0.959223 
0.658376 
0.321139 
0.376983 
0.953542 
0.174370 
0.633682 
0.298239 
0.500937 
0.244374 
0.186479 
0.149305 
0.368917 
0.380024 
0.056289 
0.054318 
0.921274 
0.853641 
0.143654 
0.389054 
0.830728 
0.049980 
0.008611 
0.725643 
0.881384 
0.420718 
0.006636 
0.523657 
0.097375 
0.583448 
0.003024 
0.818737 
0.505154 
0.126055 
0.600765 
0.052439 
0.334768 
0.442172 
0.578964 
0.652423 
0.275119 
0.918205 
0.265674 
0.183916 
0.082697 
0.884447 
0.904078 
0.832297 
0.409277 
0.725993 
0.762454 
0.570854 
0.336762 
0.954740 
0.308558 
0.931299 
0.350566 
0.958174 
0.034245 
0.559859 
0.552380 
0.849314 
0.427346 
0.412623 
0.950387 
0.154803 
0.781738 
0.666346 
0.272524 
0.315404 
0.995801 
