0.000001 
0.012076 
0.962807 
0.899012 
0.697154 
0.059847 
0.854025 
0.589843 
0.488258 
0.154354 
0.231138 
0.743706 
0.459462 
0.179529 
0.344767 
0.491303 
0.327398 
0.583500 
0.878301 
0.610349 
0.137572 
0.180859 
0.690295 
0.790960 
0.663511 
0.635512 
0.051104 
0.901826 
0.996959 
0.887008 
0.937087 
0.625041 
0.071575 
0.964969 
0.237745 
0.774348 
0.465411 
0.161310 
0.141380 
0.170686 
0.717569 
0.181000 
0.075092 
0.064998 
0.428053 
0.293161 
0.154317 
0.612370 
0.103099 
0.791479 
0.382799 
0.701442 
0.140113 
0.885951 
0.181255 
0.345863 
0.920610 
0.696322 
0.083650 
0.908101 
0.450757 
0.879721 
0.478827 
0.638500 
0.267828 
0.388779 
0.206025 
0.660975 
0.000857 
0.400238 
0.794823 
0.591047 
0.731334 
0.537218 
0.020313 
0.400228 
0.639908 
0.932069 
0.279587 
0.016507 
0.425616 
0.322094 
0.438775 
0.483863 
0.286530 
0.705324 
0.385494 
0.994426 
0.310714 
0.163507 
0.066926 
0.819697 
0.654585 
0.616528 
0.981323 
0.088258 
0.349547 
0.840629 
0.450917 
0.556551 
0.953892 
0.060034 
0.996500 
0.168689 
0.159647 
0.189925 
0.063373 
0.112037 
0.001943 
0.656105 
0.154824 
0.121653 
0.615560 
0.722878 
0.407934 
0.142457 
0.267122 
0.521287 
0.275587 
0.797480 
0.249265 
0.398089 
0.689512 
0.628384 
0.254505 
0.470117 
0.251632 
0.175533 
0.182372 
0.122387 
0.963505 
0.626592 
0.126552 
0.966997 
0.317208 
0.312088 
0.260195 
0.100413 
0.643424 
0.028960 
0.723243 
0.537585 
0.195819 
0.133492 
0.597860 
0.239765 
0.727008 
0.827907 
0.638664 
0.031045 
0.777950 
0.999106 
0.969802 
0.465534 
0.225359 
0.602247 
0.962308 
0.516861 
0.884523 
0.181302 
0.141633 
0.419833 
0.134272 
0.711764 
0.615266 
0.782905 
0.282209 
0.085508 
0.138453 
0.972102 
0.113014 
0.423904 
0.555437 
0.223911 
0.272366 
0.651081 
0.718121 
0.467512 
0.473755 
0.405339 
0.539139 
0.315755 
0.899161 
0.201498 
0.573600 
0.489863 
0.128257 
0.611023 
0.466469 
0.943792 
0.306727 
0.157773 
0.689915 
0.407538 
0.497368 
0.266570 
0.244003 
0.959976 
0.315814 
0.886685 
0.508068 
0.097549 
0.504859 
0.165506 
0.662195 
0.509098 
0.414901 
0.247919 
0.772690 
0.598551 
0.845950 
0.873775 
0.540904 
0.979651 
0.000671 
0.273948 
0.236123 
0.511465 
0.184237 
0.467630 
0.459579 
0.146014 
0.055567 
0.906979 
0.594146 
0.810641 
0.439295 
0.228798 
0.401792 
0.912975 
0.366101 
0.056958 
0.298823 
0.312238 
0.777883 
0.886094 
0.586337 
0.565848 
0.214147 
0.175113 
0.119543 
0.160855 
0.496543 
0.401539 
0.660822 
0.438887 
0.373751 
0.636997 
0.011712 
0.843400 
0.028614 
0.918151 
0.356297 
0.282161 
0.277890 
0.491018 
0.547694 
0.088600 
0.107141 
0.719081 
0.595875 
0.864503 
0.696370 
0.888804 
0.121132 
0.859489 
0.429343 
0.973910 
0.502712 
0.076811 
0.954256 
0.182368 
0.062030 
0.544083 
0.398347 
0.016735 
0.266062 
0.703963 
0.504008 
0.855499 
0.366531 
0.291811 
0.460938 
0.984181 
0.132836 
0.575703 
0.837362 
0.549969 
0.335715 
0.358596 
0.926409 
0.151329 
0.379210 
0.386792 
0.811236 
0.443555 
0.826474 
0.550626 
0.369009 
0.939271 
0.329821 
0.302659 
0.787057 
0.070351 
0.382346 
0.087942 
0.048270 
0.272915 
0.874269 
0.844541 
0.205191 
0.646624 
0.808216 
0.685207 
0.266893 
0.675237 
0.712663 
0.718836 
0.484135 
0.856746 
0.328248 
0.868995 
0.197612 
0.271768 
0.599323 
0.817609 
0.549977 
0.470070 
0.467805 
0.402975 
0.798143 
0.394375 
0.259144 
0.426163 
0.514149 
0.307873 
0.423570 
0.949174 
0.760130 
0.511918 
0.802080 
0.562946 
0.433570 
0.003822 
0.242705 
0.144746 
0.753606 
0.855993 
0.671694 
0.167219 
0.449929 
0.955225 
0.471531 
0.028173 
0.502063 
0.173622 
0.057771 
0.961832 
0.510493 
0.858791 
0.692302 
0.515325 
0.068728 
0.105618 
0.116421 
0.688775 
0.239030 
0.384354 
0.843738 
0.709243 
0.253994 
0.878516 
0.224715 
0.787355 
0.075149 
0.035570 
0.823774 
0.175982 
0.733128 
0.675783 
0.888673 
0.935469 
0.432932 
0.286619 
0.210218 
0.129087 
0.563804 
0.851331 
0.311753 
0.634069 
0.793726 
0.156668 
0.125924 
0.404819 
0.785228 
0.326650 
0.012206 
0.149189 
0.427046 
0.355567 
0.019352 
0.242235 
0.247095 
0.919288 
0.480523 
0.154369 
0.485808 
0.983332 
0.856646 
0.654822 
0.590672 
0.423226 
0.159210 
0.841387 
0.183347 
0.517183 
0.295174 
0.989606 
0.302658 
0.767436 
0.305116 
0.079803 
0.252062 
0.400806 
0.342234 
0.933416 
0.930696 
0.209102 
0.371534 
0.368508 
0.508362 
0.036771 
0.002956 
0.684343 
0.760452 
0.912629 
0.557393 
0.105212 
0.295505 
0.560274 
0.532578 
0.034879 
0.213316 
0.209583 
0.459625 
0.911824 
0.028136 
0.887756 
0.509555 
0.084822 
0.595677 
0.544494 
0.314337 
0.066286 
0.065969 
0.735241 
0.190829 
0.271355 
0.658898 
0.107083 
0.750255 
0.533080 
0.481668 
0.396539 
0.632484 
0.163456 
0.206448 
0.766042 
0.871831 
0.869123 
0.354638 
0.401558 
0.982173 
0.380468 
0.528281 
0.811414 
0.434480 
0.307591 
0.680556 
0.103425 
0.266721 
0.772468 
0.873191 
0.727256 
0.984805 
0.619459 
0.241876 
0.209019 
0.989585 
0.952028 
0.742990 
0.431076 
0.095243 
0.747058 
0.810299 
0.696383 
0.115236 
0.772418 
0.032671 
0.094960 
0.995623 
0.429891 
0.171647 
0.868245 
0.585982 
0.596896 
0.026189 
0.152824 
0.506129 
0.506364 
0.455988 
0.790001 
0.549479 
0.090455 
0.273418 
0.340554 
0.688394 
0.840950 
0.847934 
0.226028 
0.850446 
0.439108 
0.086816 
0.109826 
0.844721 
0.225489 
0.789060 
0.724920 
0.733568 
0.069785 
0.871711 
0.841640 
0.438317 
0.798001 
0.996297 
0.765479 
0.399389 
0.527227 
0.098658 
0.139288 
0.008319 
0.822235 
0.300205 
0.551835 
0.691382 
0.063004 
0.912120 
0.002318 
0.965152 
0.317366 
0.973218 
0.870457 
0.777671 
0.319931 
0.077792 
0.444737 
0.695035 
0.455713 
0.176701 
0.811031 
0.999655 
0.201255 
0.495858 
0.882258 
0.109655 
0.967388 
0.883829 
0.514776 
0.838519 
0.989802 
0.600768 
0.106738 
0.943942 
0.831897 
0.693580 
0.991516 
0.413953 
0.313752 
0.229080 
0.142380 
0.982009 
0.621861 
0.614867 
0.069868 
0.270580 
0.642817 
0.822396 
0.005280 
0.746778 
0.092525 
0.060002 
0.448990 
0.179644 
0.278122 
0.402646 
0.265745 
0.384239 
0.901726 
0.317107 
0.616161 
0.810731 
0.960725 
0.911737 
0.565216 
0.581320 
0.251519 
0.284862 
0.678126 
0.255467 
0.640585 
0.315679 
0.623197 
0.069746 
0.215501 
0.924255 
0.954472 
0.819039 
0.594509 
0.913542 
0.896498 
0.436176 
0.812214 
0.878735 
0.893130 
0.837102 
0.179795 
0.818656 
0.147130 
0.820594 
0.720863 
0.540197 
0.096499 
0.863119 
0.444203 
0.725617 
0.442074 
0.941594 
0.368690 
0.574452 
0.806805 
0.966401 
0.294626 
0.784449 
0.239302 
0.944420 
0.862151 
0.172642 
0.587960 
0.840464 
0.670466 
0.521171 
0.317892 
0.803616 
0.378366 
0.195440 
0.759978 
0.958557 
0.467161 
0.570975 
0.369379 
0.159849 
0.589206 
0.791662 
0.460863 
0.724292 
0.179701 
0.230936 
0.339125 
0.680091 
0.285900 
0.116278 
0.284287 
0.015917 
0.516822 
0.222358 
0.163661 
0.642138 
0.408121 
0.296616 
0.231886 
0.311422 
0.075805 
0.051200 
0.523661 
0.178182 
0.711110 
0.627975 
0.381349 
0.326880 
0.879654 
0.336427 
0.330640 
0.070158 
0.146322 
0.237914 
0.626465 
0.992317 
0.875246 
0.257056 
0.338413 
0.700087 
0.368220 
0.670672 
0.978399 
0.951964 
0.654248 
0.946292 
0.327662 
0.009906 
0.494368 
0.846055 
0.644585 
0.543925 
0.751062 
0.096820 
0.254619 
0.379540 
0.920418 
0.472805 
0.431008 
0.943600 
0.093071 
0.242743 
0.788121 
0.949018 
0.147109 
0.464439 
0.830738 
0.208800 
0.304946 
0.224446 
0.268511 
0.866267 
0.345404 
0.200053 
0.299075 
0.545411 
0.725961 
0.226395 
0.021593 
0.905823 
0.172604 
0.949399 
0.540791 
0.076623 
0.798257 
0.306224 
0.704645 
0.961084 
0.944326 
0.286930 
0.430484 
0.149156 
0.869761 
0.075825 
0.386779 
0.600941 
0.023187 
0.711467 
0.621581 
0.913340 
0.505934 
0.240983 
0.207717 
0.092632 
0.872237 
0.681524 
0.370025 
0.009420 
0.320305 
0.360136 
0.800346 
0.421241 
0.796360 
0.429680 
0.634284 
0.418760 
0.092456 
0.910269 
0.890223 
0.979787 
0.280492 
0.231634 
0.066478 
0.294894 
0.280495 
0.278608 
0.556282 
0.438038 
0.098587 
0.947566 
0.749319 
0.799824 
0.644617 
0.084594 
0.776080 
0.579293 
0.181683 
0.538602 
0.277888 
0.456027 
0.442243 
0.777205 
0.482401 
0.716763 
0.629353 
0.528024 
0.492221 
0.754573 
0.109194 
0.221700 
0.118744 
0.727847 
0.930806 
0.049840 
0.664692 
0.473472 
0.643440 
0.292708 
0.546703 
0.436943 
0.705265 
0.389393 
0.522440 
0.643331 
0.467967 
0.116784 
0.789258 
0.051057 
0.109688 
0.531270 
0.049927 
0.122635 
0.121874 
0.336490 
0.391184 
0.624292 
0.467928 
0.458641 
0.382039 
0.932697 
0.844144 
0.535974 
0.115071 
0.999723 
0.351238 
0.263834 
0.261485 
0.784089 
0.186951 
0.089791 
0.109549 
0.183422 
0.765786 
0.570819 
0.751498 
0.427404 
0.386959 
0.615784 
0.483785 
0.971261 
0.990800 
0.377467 
0.087855 
0.579863 
0.758490 
0.936903 
0.530839 
0.817806 
0.867207 
0.156188 
0.050434 
0.637341 
0.790022 
0.902378 
0.260860 
0.273001 
0.333652 
0.695896 
0.929621 
0.136724 
0.914976 
0.004681 
0.676479 
0.578992 
0.113459 
0.903143 
0.116525 
0.427645 
0.436338 
0.530445 
0.188699 
0.466819 
0.824972 
0.298392 
0.066374 
0.542100 
0.077462 
0.910649 
0.272737 
0.887547 
0.999217 
0.835319 
0.207329 
0.576773 
0.823642 
0.959320 
0.285392 
0.580378 
0.411809 
0.270817 
0.622588 
0.839969 
0.356459 
0.008062 
0.494887 
0.557923 
0.012692 
0.319089 
0.934862 
0.217775 
0.140166 
0.764766 
0.427947 
0.511887 
0.285274 
0.596644 
0.791724 
0.501011 
0.490950 
0.393836 
0.209419 
0.703279 
0.012831 
0.656528 
0.273744 
0.814512 
0.505866 
0.093426 
0.216455 
0.951055 
0.379343 
0.619804 
0.041411 
0.998478 
0.423464 
0.166037 
0.585093 
0.662125 
0.331973 
0.473876 
0.429434 
0.499598 
0.742208 
0.289530 
0.128274 
0.893164 
0.403732 
0.515657 
0.643983 
0.416682 
0.168582 
0.365953 
0.570411 
0.902001 
0.922902 
0.209869 
0.276027 
0.187412 
0.832652 
0.389492 
0.196829 
0.100802 
0.181808 
0.643308 
0.077564 
0.617298 
0.928970 
0.206526 
0.081584 
0.190178 
0.323336 
0.313963 
0.779262 
0.050762 
0.157052 
0.577404 
0.423567 
0.898052 
0.555298 
0.897953 
0.899419 
0.527351 
0.192164 
0.708389 
0.898375 
0.980624 
0.339610 
0.820423 
0.843952 
0.301578 
0.624903 
0.743825 
0.469869 
0.080396 
0.217511 
0.702591 
0.444276 
0.943447 
0.511136 
0.663359 
0.081118 
0.353196 
0.169952 
0.390951 
0.717759 
0.380976 
0.062068 
0.168690 
0.166143 
0.366289 
0.215791 
0.791646 
0.198750 
0.392230 
0.201855 
0.579368 
0.431577 
0.517981 
0.714658 
0.258045 
0.968359 
0.216139 
0.648744 
0.448641 
0.303254 
0.787584 
0.924502 
0.107441 
0.767864 
0.491468 
0.102245 
0.437824 
0.500891 
0.473273 
0.294364 
0.379330 
0.406019 
0.955190 
0.883497 
0.936461 
0.096180 
0.495960 
0.591388 
0.463367 
0.813254 
0.358289 
0.756849 
0.364589 
0.640135 
0.756502 
0.535141 
0.113250 
0.399081 
0.360328 
0.034766 
0.306022 
0.319075 
0.687000 
0.416024 
0.119612 
0.315088 
0.689539 
0.074456 
0.382278 
0.951061 
0.474551 
0.776996 
0.980156 
0.477333 
0.536908 
0.804539 
0.882849 
0.051406 
0.972750 
0.012955 
0.732207 
0.199764 
0.435643 
0.859254 
0.489064 
0.696016 
0.935989 
0.164092 
0.895374 
0.552501 
0.885462 
0.955999 
0.471272 
0.661959 
0.543125 
0.298449 
0.028923 
0.111588 
0.464829 
0.373074 
0.249732 
0.239955 
0.922476 
0.049117 
0.513690 
0.586659 
0.977149 
0.940088 
0.051379 
0.535107 
0.551380 
0.038195 
0.943037 
0.624495 
0.880514 
0.801170 
0.259913 
0.360271 
0.072044 
0.842703 
0.308391 
0.134273 
0.718150 
0.950102 
0.356848 
0.540717 
0.823574 
0.809149 
0.360509 
0.066623 
0.729771 
0.264840 
0.161606 
0.116125 
0.718803 
0.928964 
0.092206 
0.709113 
0.063237 
0.820859 
0.182926 
0.442427 
0.870053 
0.980133 
0.094804 
0.364436 
0.083206 
0.440351 
0.987143 
0.904600 
0.613248 
0.861440 
0.229336 
0.450969 
0.428213 
0.975046 
0.602794 
0.154943 
0.119756 
0.739024 
0.784056 
0.621214 
0.749237 
0.423228 
0.199985 
0.153263 
0.887076 
0.084370 
0.012481 
0.766966 
0.405108 
0.652611 
0.439390 
0.829791 
0.297885 
0.560104 
0.671688 
0.054112 
0.465815 
0.947109 
0.059825 
0.476058 
0.103902 
0.284828 
0.104883 
0.770175 
0.328761 
0.486767 
0.086893 
0.404143 
0.432586 
0.478068 
0.889227 
0.237876 
0.984843 
0.261370 
0.839722 
0.201941 
0.014755 
0.988074 
0.556493 
0.983453 
0.900456 
0.958969 
0.386931 
0.153277 
0.126657 
0.719141 
0.602604 
0.964805 
0.475780 
0.431223 
0.569182 
0.236504 
0.919461 
0.379035 
0.437284 
0.428094 
0.976990 
0.268556 
0.627397 
0.658376 
0.328848 
0.941704 
0.224784 
0.944750 
0.409411 
0.973037 
0.839884 
0.926120 
0.293439 
0.821807 
0.118463 
0.005150 
0.557155 
0.107847 
0.580985 
0.608331 
0.225797 
0.971767 
0.495144 
0.889584 
0.232296 
0.196765 
0.023377 
0.900665 
0.481023 
0.548503 
0.682793 
0.693625 
0.762390 
0.491472 
0.171172 
0.891124 
0.116963 
0.804985 
0.375424 
0.752884 
0.727954 
0.716752 
0.446943 
0.776795 
0.598976 
0.995948 
0.903192 
0.939945 
0.649874 
0.427891 
0.569475 
0.162515 
0.381772 
0.436088 
0.334118 
0.520528 
0.516375 
0.714537 
0.226570 
0.967767 
0.253868 
0.751301 
0.122360 
0.505177 
0.510642 
0.367674 
0.497971 
0.402251 
0.624218 
0.233380 
0.424864 
0.687306 
0.543587 
0.074581 
0.476004 
0.203220 
0.521555 
0.777589 
0.937043 
0.876778 
0.006726 
0.051325 
0.615932 
0.964313 
0.215524 
0.319643 
0.243529 
0.999917 
0.599174 
0.314376 
0.714591 
0.130187 
0.057710 
0.933158 
0.578233 
0.362057 
0.094912 
0.187941 
0.730154 
0.702396 
0.174630 
0.007081 
0.008867 
0.021795 
0.314043 
0.117046 
0.199503 
0.041591 
0.020404 
0.925760 
0.248648 
0.032682 
0.280602 
0.071957 
0.388133 
0.352776 
0.107116 
0.297882 
0.495192 
0.697273 
0.063570 
0.421620 
0.175642 
0.012333 
0.288011 
0.599941 
0.200438 
0.762004 
0.003944 
0.289371 
0.460186 
0.345808 
0.993342 
0.099183 
0.965076 
0.040471 
0.188469 
0.595325 
0.632697 
0.746845 
0.229665 
0.974468 
0.879884 
0.209212 
0.226649 
0.296582 
0.660303 
0.712141 
0.952309 
0.456116 
0.934012 
0.931927 
0.901654 
0.101108 
0.326941 
0.900611 
0.572428 
0.800526 
0.438518 
0.165210 
0.682730 
0.643695 
0.573497 
0.770684 
0.880024 
0.567923 
0.085240 
0.628586 
0.637062 
0.102152 
0.871884 
0.762550 
0.182381 
0.282718 
0.646633 
0.957222 
0.033155 
0.236623 
0.915099 
0.068096 
0.482785 
0.166583 
0.762090 
0.452519 
0.487041 
0.693666 
0.440075 
0.348547 
0.036021 
0.406047 
0.432051 
0.480929 
0.968742 
0.648718 
0.003735 
0.774611 
0.891833 
0.040453 
0.888296 
0.594999 
0.146170 
0.679686 
0.475041 
0.013835 
0.530674 
0.031861 
0.492300 
0.085251 
0.821623 
0.016607 
0.107424 
0.477388 
0.466461 
0.810712 
0.638177 
0.844874 
0.803072 
0.233433 
0.315364 
0.319916 
0.828357 
0.203891 
0.797811 
0.817359 
0.352077 
0.362804 
0.640692 
0.103864 
0.640107 
0.284971 
0.514943 
0.648193 
0.187283 
0.667041 
0.962749 
0.914940 
0.398748 
0.757845 
0.103737 
0.502945 
0.998088 
0.858401 
0.139369 
0.372228 
0.044112 
0.395310 
0.968975 
0.570613 
0.299365 
0.424432 
0.435392 
0.629094 
0.183035 
0.263764 
0.081034 
0.939504 
0.236205 
0.890393 
0.827130 
0.569348 
0.026323 
0.405574 
0.474606 
0.697910 
0.768611 
0.044385 
0.980631 
0.459831 
0.372386 
0.697306 
0.626255 
0.462437 
0.175886 
0.122218 
0.121312 
0.889601 
0.520165 
0.419688 
0.698338 
0.969818 
0.725549 
0.305294 
0.077866 
0.695641 
0.642790 
0.365571 
0.144586 
0.064121 
0.684324 
0.436354 
0.801284 
0.185396 
0.944599 
0.871437 
0.241409 
0.367976 
0.568089 
0.869854 
0.642069 
0.255094 
0.360440 
0.922188 
0.222087 
0.609786 
0.670115 
0.628533 
0.754905 
0.688824 
0.062388 
0.554280 
0.790449 
0.079072 
0.965672 
0.041796 
0.459475 
0.392164 
0.094933 
0.532302 
0.392833 
0.336573 
0.780435 
0.765527 
0.213065 
0.984909 
0.361585 
0.158903 
0.686924 
0.133001 
0.340775 
0.400989 
0.421512 
0.344624 
0.089108 
0.644857 
0.108326 
0.641409 
0.165567 
0.680758 
0.494536 
0.669558 
0.269338 
0.764803 
0.041856 
0.467527 
0.722352 
0.571642 
0.586594 
0.878546 
0.717690 
0.221092 
0.898789 
0.948730 
0.299292 
0.196170 
0.026458 
0.685434 
0.089981 
0.306292 
0.845291 
0.804479 
0.886404 
0.791757 
0.058734 
0.136808 
0.340307 
0.535120 
0.762152 
0.482367 
0.149969 
0.531197 
0.834985 
0.591017 
0.218472 
0.865961 
0.203550 
0.057084 
0.402840 
0.536589 
0.445886 
0.011610 
0.132141 
0.896623 
0.547637 
0.129001 
0.127399 
0.194921 
0.044549 
0.740756 
0.891575 
0.701365 
0.839332 
0.647873 
0.798679 
0.400687 
0.341916 
0.584758 
0.033212 
0.197834 
0.991625 
0.246952 
0.516037 
0.040380 
0.672478 
0.331149 
0.614972 
0.840341 
0.617476 
0.923198 
0.196589 
0.076960 
0.474950 
0.478560 
0.157387 
0.202622 
0.471871 
0.734590 
0.254919 
0.415378 
0.252510 
0.939345 
0.565143 
0.358677 
0.286718 
0.865824 
0.895866 
0.824872 
0.617538 
0.958690 
0.698263 
0.705929 
0.556604 
0.846207 
0.209412 
0.581704 
0.704830 
0.083453 
0.602595 
0.808246 
0.193866 
0.302358 
0.731943 
0.760687 
0.859898 
0.298532 
0.427488 
0.782792 
0.380299 
0.692998 
0.222290 
0.027593 
0.748349 
0.495157 
0.102117 
0.272471 
0.414894 
0.126360 
0.727764 
0.536687 
0.092100 
0.933044 
0.666822 
0.282672 
0.873888 
0.442172 
0.586063 
0.957197 
0.609146 
0.913874 
0.485558 
0.779898 
0.752164 
0.614745 
0.025918 
0.598753 
0.245662 
0.836642 
0.448023 
0.927758 
0.826465 
0.392815 
0.041049 
0.913554 
0.108561 
0.584084 
0.694024 
0.462709 
0.754195 
0.755215 
0.900716 
0.337024 
0.362543 
0.259302 
0.093154 
0.646215 
0.933518 
0.629026 
0.040667 
0.482055 
0.905785 
0.531647 
0.399163 
0.731719 
0.006769 
0.759815 
0.205741 
0.891710 
0.977367 
0.606577 
0.742831 
0.760844 
0.506533 
0.300811 
0.723689 
0.039254 
0.744208 
0.902080 
0.253111 
0.030031 
0.734614 
0.657084 
0.616159 
0.787597 
0.135024 
0.342405 
0.795426 
0.721367 
0.008165 
0.220977 
0.954022 
0.255292 
0.688385 
0.683538 
0.228401 
0.736183 
0.020342 
0.891662 
0.160701 
0.901460 
0.838671 
0.536878 
0.310844 
0.347636 
0.712076 
0.863778 
0.522852 
0.567774 
0.578329 
0.970439 
0.162678 
0.126495 
0.001466 
0.631822 
0.039094 
0.052070 
0.139101 
0.867566 
0.181702 
0.861987 
0.419294 
0.067940 
0.865694 
0.719455 
0.875980 
0.600305 
0.319454 
0.055513 
0.002681 
0.060415 
0.393688 
0.709802 
0.638351 
0.762607 
0.142794 
0.942390 
0.753746 
0.208161 
0.564694 
0.813173 
0.995178 
0.951826 
0.341227 
0.005308 
0.219530 
0.632617 
0.399489 
0.210209 
0.984620 
0.507773 
0.132688 
0.088968 
0.283633 
0.026106 
0.760098 
0.962115 
0.272463 
0.289062 
0.261802 
0.105394 
0.359866 
0.260457 
0.507246 
0.283483 
0.495755 
0.146275 
0.449791 
0.639661 
0.780767 
0.348311 
0.063481 
0.929390 
0.260190 
0.012366 
0.843307 
0.469085 
0.909258 
0.906164 
0.904973 
0.881559 
0.369796 
0.155199 
0.431929 
0.429536 
0.204479 
0.670902 
0.841706 
0.555711 
0.842627 
0.034963 
0.620764 
0.176176 
0.987136 
0.799648 
0.691509 
0.194070 
0.731067 
0.042315 
0.185524 
0.106743 
0.026941 
0.790140 
0.888021 
0.976165 
0.410506 
0.375923 
0.137235 
0.502702 
0.920393 
0.040022 
0.654399 
0.480494 
0.658076 
0.280049 
0.783035 
0.475831 
0.285996 
0.731789 
0.182978 
0.310919 
0.618403 
0.502737 
0.499943 
0.544772 
0.984113 
0.981413 
0.604773 
0.426756 
0.483911 
0.086979 
0.864144 
0.675427 
0.895318 
0.612687 
0.433248 
0.602094 
0.387480 
0.373789 
0.267153 
0.039800 
0.917127 
0.161286 
0.737805 
0.293102 
0.173525 
0.428298 
0.399727 
0.215596 
0.525374 
0.955171 
0.555854 
0.238498 
0.434972 
0.566837 
0.823761 
0.955991 
0.337441 
0.365782 
0.692115 
0.381193 
0.709163 
0.909502 
0.001891 
0.786415 
0.281192 
0.991434 
0.036951 
0.029155 
0.006271 
0.403569 
0.783190 
0.066782 
0.396912 
0.896123 
0.143752 
0.035933 
0.932874 
0.811113 
0.379921 
0.337110 
0.806085 
0.878174 
0.472412 
0.828448 
0.719389 
0.775108 
0.231949 
0.363623 
0.410656 
0.897532 
0.823348 
0.003882 
0.240998 
0.447313 
0.990479 
0.973570 
0.796662 
0.506231 
0.225950 
0.544185 
0.124578 
0.780515 
0.109557 
0.328961 
0.842495 
0.807390 
0.809351 
0.766951 
0.151988 
0.457467 
0.652060 
0.167224 
0.539893 
0.982100 
0.154710 
0.211439 
0.661457 
0.109468 
0.835635 
0.511752 
0.022678 
0.153629 
0.048682 
0.206522 
0.015381 
0.512028 
0.657916 
0.592497 
0.101200 
0.875005 
0.206644 
0.060764 
0.255270 
0.330845 
0.511225 
0.154862 
0.763556 
0.081868 
0.960194 
0.974454 
0.645735 
0.861666 
0.026620 
0.401936 
0.330094 
0.891204 
0.471481 
0.181516 
0.744142 
0.789867 
0.286500 
0.202089 
0.505716 
0.572208 
0.107231 
0.230142 
0.991245 
0.850875 
0.653291 
0.857632 
0.228114 
0.904675 
0.876823 
0.768874 
0.464210 
0.973418 
0.231460 
0.154638 
0.003126 
0.542346 
0.203775 
0.841767 
0.577968 
0.913901 
0.935332 
0.125045 
0.634425 
0.779177 
0.626285 
0.964232 
0.852711 
0.513056 
0.933170 
0.793795 
0.307356 
0.732301 
0.788525 
0.738174 
0.495265 
0.924494 
0.977978 
0.869773 
0.268228 
0.111763 
0.402182 
0.478031 
0.261231 
0.514218 
0.458185 
0.716134 
0.063824 
0.697870 
0.107705 
0.204328 
0.133593 
0.290790 
0.310256 
0.469858 
0.896594 
0.052556 
0.311599 
0.045928 
0.904876 
0.254645 
0.820548 
0.943243 
0.077105 
0.907291 
0.844661 
0.224261 
0.159822 
0.136052 
0.622191 
0.157103 
0.423004 
0.423887 
0.275088 
0.408802 
0.734119 
0.344705 
0.462910 
0.130499 
0.288558 
0.792316 
0.462586 
0.681530 
0.471243 
0.187634 
