0.000001 
0.009634 
0.923017 
0.150152 
0.598312 
0.836469 
0.538758 
0.911923 
0.682466 
0.213876 
0.606955 
0.091057 
0.401554 
0.918341 
0.558268 
0.811273 
0.060938 
0.184892 
0.476467 
0.984666 
0.282794 
0.925235 
0.417209 
0.030247 
0.367325 
0.631442 
0.649325 
0.208781 
0.974243 
0.095208 
0.165622 
0.604942 
0.265787 
0.079635 
0.428816 
0.116800 
0.056332 
0.778077 
0.141308 
0.967022 
0.731904 
0.104868 
0.519402 
0.594953 
0.381033 
0.019366 
0.476322 
0.542338 
0.074475 
0.705969 
0.222440 
0.555072 
0.087803 
0.700328 
0.410320 
0.255190 
0.970364 
0.902898 
0.014889 
0.235173 
0.554687 
0.627957 
0.067683 
0.555407 
0.729551 
0.556440 
0.085299 
0.623888 
0.692194 
0.697792 
0.785112 
0.370434 
0.878984 
0.087696 
0.909271 
0.119042 
0.732811 
0.346323 
0.653384 
0.424057 
0.121797 
0.043097 
0.324777 
0.533140 
0.488476 
0.812219 
0.967947 
0.292377 
0.982170 
0.332649 
0.832395 
0.062895 
0.082174 
0.099770 
0.839927 
0.660820 
0.403300 
0.271429 
0.899597 
0.529562 
0.350772 
0.421194 
0.006281 
0.558429 
0.521404 
0.229292 
0.707072 
0.761450 
0.689172 
0.907754 
0.629027 
0.049096 
0.148253 
0.692717 
0.497840 
0.189478 
0.550763 
0.673820 
0.897115 
0.807970 
0.555959 
0.009104 
0.018010 
0.692509 
0.995007 
0.084714 
0.787919 
0.551576 
0.330201 
0.682864 
0.891169 
0.885505 
0.684242 
0.062458 
0.737189 
0.937900 
0.289890 
0.181211 
0.613127 
0.826733 
0.903637 
0.423699 
0.108265 
0.615897 
0.374573 
0.448575 
0.191800 
0.580139 
0.390276 
0.367606 
0.361410 
0.221581 
0.108118 
0.143922 
0.901112 
0.996349 
0.630332 
0.982668 
0.693356 
0.231486 
0.582858 
0.093204 
0.487550 
0.245743 
0.201162 
0.929848 
0.960077 
0.018315 
0.827891 
0.356226 
0.095347 
0.493082 
0.233145 
0.465738 
0.666418 
0.479249 
0.732344 
0.513615 
0.319632 
0.061551 
0.483267 
0.264222 
0.781508 
0.810787 
0.891187 
0.176294 
0.970761 
0.578204 
0.882841 
0.904606 
0.718458 
0.123926 
0.831682 
0.084692 
0.418185 
0.443388 
0.023570 
0.133331 
0.901340 
0.815625 
0.202483 
0.135504 
0.416385 
0.176110 
0.884745 
0.912962 
0.148246 
0.571088 
0.269074 
0.327165 
0.669063 
0.938184 
0.052400 
0.687590 
0.319395 
0.063661 
0.955714 
0.686723 
0.745169 
0.052270 
0.502749 
0.704305 
0.259496 
0.350286 
0.253658 
0.222877 
0.889029 
0.912929 
0.602466 
0.651894 
0.376325 
0.901566 
0.612995 
0.600366 
0.349044 
0.377694 
0.905237 
0.319870 
0.054838 
0.666600 
0.545792 
0.131570 
0.302168 
0.531623 
0.986048 
0.509572 
0.379837 
0.912601 
0.087114 
0.131060 
0.727300 
0.732497 
0.082049 
0.996332 
0.349373 
0.907611 
0.217894 
0.150400 
0.771802 
0.677374 
0.632872 
0.681272 
0.139489 
0.389577 
0.618997 
0.489975 
0.002930 
0.252030 
0.876110 
0.785842 
0.641406 
0.108552 
0.427971 
0.909764 
0.403347 
0.060014 
0.647130 
0.321827 
0.938064 
0.048036 
0.333895 
0.773959 
0.930275 
0.135144 
0.363267 
0.430778 
0.082821 
0.976029 
0.114883 
0.843443 
0.739734 
0.704657 
0.167082 
0.150448 
0.574615 
0.560607 
0.115612 
0.094505 
0.337168 
0.784992 
0.361639 
0.074902 
0.869648 
0.179910 
0.752215 
0.478456 
0.404679 
0.446505 
0.415571 
0.496196 
0.564867 
0.724559 
0.657754 
0.864867 
0.814352 
0.819324 
0.379966 
0.088715 
0.037570 
0.435291 
0.937831 
0.130093 
0.464848 
0.704826 
0.005033 
0.593957 
0.642918 
0.519544 
0.974639 
0.760896 
0.373632 
0.635435 
0.748546 
0.804670 
0.091975 
0.828251 
0.420230 
0.809742 
0.342009 
0.152411 
0.578328 
0.966291 
0.447650 
0.655674 
0.916896 
0.265187 
0.990725 
0.118423 
0.340801 
0.840471 
0.794467 
0.605886 
0.128616 
0.656306 
0.542475 
0.384788 
0.134878 
0.891131 
0.239415 
0.845218 
0.576295 
0.792848 
0.404150 
0.552181 
0.507009 
0.294155 
0.870542 
0.200998 
0.176696 
0.728502 
0.933679 
0.343133 
0.030217 
0.851739 
0.185035 
0.881910 
0.255390 
0.334176 
0.501931 
0.960395 
0.355124 
0.577163 
0.381036 
0.078955 
0.005041 
0.721261 
0.236580 
0.195715 
0.377685 
0.752779 
0.963757 
0.863162 
0.162030 
0.240008 
0.806621 
0.873044 
0.246938 
0.292062 
0.691959 
0.759367 
0.681673 
0.882172 
0.666347 
0.294649 
0.172731 
0.092047 
0.035664 
0.412496 
0.820824 
0.591112 
0.817963 
0.506799 
0.774457 
0.301845 
0.108685 
0.663417 
0.048191 
0.951526 
0.297195 
0.953153 
0.634217 
0.291794 
0.177115 
0.766294 
0.105827 
0.628669 
0.033498 
0.995077 
0.262708 
0.329639 
0.242251 
0.513457 
0.676370 
0.752059 
0.852959 
0.685967 
0.040279 
0.973115 
0.136596 
0.764548 
0.761246 
0.268915 
0.658193 
0.257937 
0.144393 
0.808461 
0.805986 
0.200795 
0.767506 
0.473374 
0.988515 
0.969716 
0.023298 
0.573297 
0.409078 
0.374648 
0.703118 
0.304626 
0.846471 
0.630473 
0.357462 
0.862101 
0.332426 
0.085638 
0.319889 
0.368253 
0.228864 
0.516525 
0.234753 
0.498957 
0.971199 
0.934749 
0.326024 
0.483705 
0.624312 
0.811310 
0.679096 
0.565550 
0.207235 
0.006686 
0.370274 
0.197607 
0.189176 
0.481044 
0.914644 
0.415135 
0.177414 
0.791512 
0.941140 
0.738786 
0.779404 
0.445013 
0.328739 
0.113175 
0.130576 
0.584088 
0.768539 
0.833990 
0.872468 
0.563121 
0.377584 
0.047437 
0.274334 
0.730272 
0.674234 
0.857277 
0.256797 
0.992304 
0.661727 
0.643120 
0.914012 
0.807188 
0.412449 
0.026150 
0.507179 
0.164758 
0.089704 
0.654705 
0.623984 
0.292443 
0.097796 
0.649735 
0.104258 
0.263251 
0.453565 
0.074904 
0.908835 
0.789616 
0.068063 
0.939666 
0.970237 
0.775151 
0.967964 
0.571833 
0.801971 
0.731889 
0.852656 
0.582642 
0.457840 
0.921882 
0.062373 
0.297583 
0.482536 
0.980109 
0.699995 
0.809176 
0.817122 
0.375796 
0.011084 
0.289487 
0.400539 
0.851933 
0.442847 
0.933140 
0.282412 
0.496741 
0.724944 
0.130255 
0.194115 
0.483071 
0.982226 
0.278513 
0.963319 
0.499715 
0.702518 
0.217015 
0.371350 
0.284957 
0.277522 
0.317852 
0.144229 
0.056639 
0.935834 
0.569064 
0.253271 
0.717794 
0.967969 
0.659254 
0.079065 
0.843338 
0.974629 
0.592684 
0.231952 
0.410245 
0.981260 
0.038436 
0.002184 
0.698315 
0.580871 
0.692092 
0.987597 
0.542260 
0.762244 
0.028107 
0.389279 
0.604752 
0.070640 
0.251475 
0.533609 
0.365842 
0.700590 
0.814422 
0.988560 
0.730901 
0.257035 
0.991329 
0.262259 
0.783391 
0.454621 
0.816954 
0.549968 
0.319608 
0.653828 
0.890656 
0.249357 
0.944236 
0.768786 
0.993416 
0.339968 
0.834471 
0.952646 
0.121734 
0.980377 
0.203139 
0.153255 
0.763012 
0.947353 
0.156913 
0.245075 
0.978861 
0.711590 
0.688134 
0.466299 
0.091260 
0.808318 
0.396755 
0.265782 
0.003148 
0.910013 
0.585986 
0.668593 
0.043866 
0.253180 
0.199987 
0.187026 
0.341094 
0.765730 
0.629150 
0.124829 
0.995038 
0.603086 
0.061779 
0.314486 
0.563038 
0.988067 
0.433917 
0.838615 
0.609899 
0.580603 
0.186459 
0.814501 
0.313878 
0.339945 
0.462296 
0.804669 
0.066242 
0.332004 
0.989931 
0.768109 
0.603333 
0.214607 
0.895630 
0.859102 
0.921068 
0.385432 
0.962065 
0.424155 
0.776667 
0.445324 
0.558945 
0.186235 
0.055292 
0.294250 
0.457957 
0.879029 
0.848591 
0.276110 
0.579676 
0.615936 
0.042679 
0.303397 
0.195734 
0.707300 
0.598265 
0.037507 
0.372118 
0.187001 
0.925099 
0.137677 
0.939459 
0.494367 
0.818068 
0.265455 
0.499293 
0.618190 
0.921179 
0.256569 
0.147992 
0.300191 
0.308858 
0.969212 
0.540171 
0.660124 
0.710666 
0.158254 
0.770211 
0.939218 
0.434242 
0.302024 
0.114433 
0.277104 
0.294602 
0.369292 
0.685792 
0.104499 
0.307253 
0.001766 
0.678962 
0.311752 
0.612695 
0.564027 
0.598533 
0.552414 
0.417493 
0.807690 
0.847803 
0.032664 
0.990705 
0.780747 
0.011394 
0.493239 
0.875875 
0.830661 
0.915563 
0.869295 
0.245401 
0.462062 
0.875190 
0.310496 
0.500626 
0.014394 
0.928014 
0.137143 
0.959609 
0.140856 
0.361066 
0.442488 
0.895362 
0.351144 
0.681248 
0.742269 
0.320677 
0.626475 
0.161179 
0.934563 
0.197488 
0.173659 
0.686002 
0.631624 
0.705311 
0.163530 
0.451216 
0.588171 
0.387116 
0.255305 
0.918214 
0.422225 
0.334293 
0.455957 
0.263036 
0.847128 
0.672901 
0.442736 
0.056924 
0.728460 
0.232851 
0.528818 
0.840430 
0.108376 
0.477226 
0.743652 
0.551142 
0.035375 
0.546678 
0.015642 
0.894591 
0.399294 
0.927188 
0.250174 
0.676007 
0.658049 
0.822684 
0.846234 
0.656407 
0.230936 
0.347202 
0.427088 
0.070592 
0.443214 
0.100076 
0.981797 
0.066866 
0.810745 
0.197551 
0.245206 
0.182265 
0.334312 
0.788123 
0.989840 
0.248212 
0.701800 
0.149826 
0.122711 
0.396062 
0.609164 
0.226874 
0.076320 
0.703549 
0.546890 
0.574871 
0.860657 
0.054090 
0.082283 
0.937801 
0.621011 
0.326343 
0.845433 
0.189902 
0.683466 
0.004725 
0.408393 
0.861401 
0.567585 
0.404830 
0.975800 
0.271792 
0.001802 
0.279902 
0.309277 
0.011754 
0.555756 
0.598091 
0.114577 
0.691305 
0.756110 
0.943029 
0.491986 
0.814223 
0.647460 
0.854530 
0.078174 
0.874060 
0.330306 
0.449870 
0.966825 
0.432729 
0.876428 
0.118252 
0.466442 
0.483171 
0.650206 
0.006535 
0.836401 
0.391780 
0.654457 
0.455683 
0.661092 
0.970010 
0.965423 
0.871914 
0.257490 
0.632103 
0.763294 
0.680976 
0.157316 
0.012098 
0.338152 
0.319794 
0.772801 
0.461524 
0.837964 
0.653460 
0.701007 
0.827310 
0.607466 
0.680302 
0.835596 
0.869317 
0.611801 
0.535152 
0.293953 
0.475072 
0.531612 
0.807662 
0.368767 
0.867728 
0.900144 
0.723472 
0.394326 
0.439363 
0.369006 
0.879071 
0.541155 
0.186521 
0.850242 
0.024760 
0.148285 
0.220754 
0.220868 
0.124961 
0.216514 
0.946561 
0.854457 
0.861182 
0.879542 
0.458310 
0.813006 
0.194175 
0.498214 
0.485651 
0.333644 
0.554630 
0.672545 
0.460658 
0.280095 
0.556046 
0.463166 
0.423669 
0.605319 
0.603017 
0.909753 
0.215147 
0.970822 
0.605948 
0.162104 
0.484306 
0.736482 
0.052009 
0.114113 
0.889604 
0.575075 
0.288810 
0.025279 
0.859143 
0.620487 
0.522945 
0.142893 
0.610495 
0.586373 
0.170928 
0.795162 
0.289388 
0.737192 
0.994281 
0.888116 
0.561952 
0.728677 
0.881911 
0.285615 
0.333114 
0.649686 
0.267204 
0.902195 
0.197541 
0.067344 
0.854492 
0.447760 
0.505225 
0.321603 
0.181744 
0.565852 
0.270270 
0.432591 
0.565309 
0.140951 
0.970403 
0.557864 
0.017765 
0.577772 
0.608277 
0.319754 
0.105110 
0.578204 
0.881111 
0.834755 
0.729682 
0.762247 
0.090123 
0.694712 
0.021325 
0.414286 
0.899064 
0.566201 
0.147381 
0.024606 
0.559142 
0.495068 
0.601363 
0.112368 
0.560731 
0.211663 
0.413387 
0.798953 
0.004674 
0.550396 
0.505225 
0.311718 
0.049517 
0.236330 
0.995154 
0.547571 
0.019856 
0.723601 
0.564265 
0.606503 
0.500638 
0.214648 
0.585400 
0.810522 
0.440534 
0.056159 
0.869767 
0.173083 
0.006873 
0.508280 
0.668377 
0.409926 
0.627390 
0.536786 
0.757771 
0.857419 
0.636334 
0.872949 
0.659492 
0.087880 
0.997642 
0.377159 
0.904607 
0.733532 
0.465706 
0.127533 
0.444846 
0.527885 
0.158781 
0.631500 
0.626776 
0.226217 
0.034142 
0.827484 
0.531437 
0.855641 
0.761995 
0.851854 
0.115534 
0.781960 
0.397794 
0.727617 
0.065315 
0.747050 
0.662428 
0.421414 
0.708279 
0.036826 
0.928487 
0.080094 
0.134644 
0.959930 
0.545355 
0.780669 
0.697730 
0.743962 
0.766939 
0.947367 
0.401996 
0.350911 
0.759525 
0.340471 
0.294173 
0.173219 
0.293417 
0.456927 
0.563704 
0.173819 
0.370705 
0.433704 
0.265800 
0.294234 
0.194967 
0.814735 
0.242950 
0.255727 
0.002197 
0.930398 
0.202440 
0.412316 
0.798609 
0.221918 
0.777955 
0.089156 
0.443593 
0.460371 
0.453777 
0.622080 
0.306706 
0.812215 
0.901955 
0.165747 
0.718093 
0.994737 
0.539049 
0.799036 
0.401970 
0.912478 
0.012633 
0.330322 
0.713783 
0.552579 
0.199799 
0.017526 
0.562265 
0.989164 
0.874674 
0.647323 
0.560636 
0.615545 
0.465336 
0.893939 
0.438119 
0.467231 
0.749806 
0.985643 
0.700294 
0.848027 
0.791263 
0.750385 
0.725520 
0.819950 
0.893472 
0.587191 
0.913509 
0.338110 
0.609605 
0.639291 
0.567772 
0.549042 
0.756035 
0.687562 
0.857701 
0.386463 
0.286547 
0.998140 
0.740299 
0.211950 
0.246749 
0.116928 
0.205923 
0.946968 
0.699102 
0.812256 
0.581331 
0.434985 
0.793692 
0.578088 
0.931860 
0.770165 
0.156925 
0.443090 
0.016438 
0.281847 
0.995122 
0.010173 
0.977633 
0.084153 
0.352957 
0.144146 
0.668108 
0.896075 
0.339616 
0.922815 
0.752834 
0.886008 
0.144579 
0.937592 
0.112903 
0.565110 
0.804602 
0.937468 
0.031433 
0.301127 
0.035532 
0.182983 
0.388040 
0.791768 
0.237582 
0.038343 
0.433130 
0.607935 
0.559061 
0.137693 
0.213539 
0.947707 
0.116451 
0.193075 
0.007947 
0.568895 
0.423639 
0.098953 
0.108124 
0.245407 
0.551611 
0.930561 
0.946592 
0.375435 
0.937125 
0.259024 
0.421642 
0.529699 
0.650331 
0.117182 
0.473259 
0.057491 
0.256634 
0.255337 
0.450298 
0.150290 
0.917727 
0.243826 
0.976439 
0.006369 
0.048179 
0.739377 
0.702372 
0.759684 
0.005091 
0.570289 
0.850451 
0.527882 
0.119947 
0.940996 
0.313167 
0.404263 
0.443110 
0.352002 
0.096051 
0.328916 
0.093229 
0.905705 
0.178226 
0.437922 
0.147747 
0.180805 
0.788682 
0.374690 
0.419184 
0.223014 
0.199819 
0.365643 
0.363082 
0.313895 
0.632542 
0.134043 
0.865244 
0.160074 
0.367942 
0.998071 
0.578131 
0.639638 
0.390035 
0.324238 
0.467771 
0.821554 
0.855862 
0.474989 
0.140843 
0.148095 
0.036197 
0.363335 
0.563754 
0.019184 
0.424891 
0.142581 
0.359799 
0.147383 
0.071478 
0.338955 
0.815342 
0.457003 
0.855352 
0.907298 
0.961869 
0.134177 
0.105128 
0.880427 
0.344338 
0.289877 
0.963176 
0.101887 
0.418062 
0.369612 
0.061232 
0.124293 
0.999934 
0.882426 
0.930004 
0.582412 
0.595762 
0.969566 
0.504029 
0.216983 
0.833890 
0.190432 
0.593231 
0.437343 
0.419734 
0.472437 
0.240905 
0.892362 
0.931193 
0.552551 
0.729802 
0.778735 
0.195851 
0.672791 
0.603766 
0.491307 
0.390299 
0.752703 
0.678276 
0.781459 
0.987860 
0.955839 
0.787876 
0.826689 
0.168725 
0.762317 
0.257301 
0.451209 
0.465446 
0.743060 
0.608248 
0.825495 
0.099175 
0.835292 
0.749330 
0.985411 
0.800188 
0.753599 
0.746658 
0.088794 
0.360868 
0.107586 
0.196919 
0.611698 
0.814884 
0.761968 
0.402832 
0.398015 
0.437809 
0.263775 
0.272905 
0.719918 
0.656284 
0.157027 
0.148722 
0.572760 
0.372134 
0.452972 
0.105291 
0.628947 
0.705543 
0.056163 
0.927056 
0.029692 
0.037831 
0.827246 
0.524555 
0.191170 
0.993980 
0.826513 
0.207462 
0.809417 
0.871542 
0.000793 
0.325826 
0.155729 
0.336811 
0.782574 
0.718099 
0.084255 
0.068270 
0.412711 
0.442179 
0.704139 
0.467807 
0.426642 
0.568415 
0.344869 
0.217143 
0.514288 
0.646729 
0.570793 
0.310474 
0.141505 
0.271448 
0.222200 
0.517189 
0.402153 
0.979632 
0.671807 
0.056090 
0.700484 
0.032921 
0.304921 
0.802621 
0.644806 
0.250611 
0.020593 
0.111491 
0.836850 
0.934686 
0.275451 
0.508713 
0.943887 
0.910851 
0.668982 
0.579174 
0.173178 
0.601417 
0.017237 
0.696721 
0.787804 
0.624340 
0.281408 
0.627879 
0.754833 
0.486060 
0.203568 
0.372760 
0.979525 
0.877259 
0.098957 
0.178131 
0.850922 
0.441218 
0.555992 
0.549531 
0.965357 
0.751217 
0.703917 
0.727992 
0.357653 
0.076414 
0.296630 
0.458280 
0.305020 
0.470960 
0.423566 
0.881538 
0.010565 
0.570723 
0.147640 
0.388480 
0.188281 
0.444249 
0.493822 
0.665207 
0.137599 
0.631039 
0.875407 
0.964698 
0.677750 
0.939775 
0.802461 
0.955196 
0.974338 
0.695568 
0.407155 
0.048041 
0.420713 
0.922643 
0.860114 
0.941057 
0.350232 
0.345032 
0.948749 
0.622333 
0.549913 
0.391737 
0.928279 
0.590472 
0.065667 
0.658870 
0.624533 
0.524851 
0.175730 
0.490484 
0.566982 
0.265933 
0.533554 
0.444600 
0.387548 
0.511946 
0.281531 
0.699385 
0.571213 
0.369554 
0.096436 
0.803460 
0.753840 
0.787413 
0.048812 
0.388717 
0.170698 
0.921595 
0.239600 
0.950236 
0.615288 
0.137165 
0.340189 
0.560417 
0.936674 
0.681103 
0.300583 
0.898457 
0.366846 
0.575721 
0.146301 
0.872619 
0.100203 
0.113904 
0.380338 
0.346250 
0.418391 
0.892626 
0.357560 
0.510929 
0.187481 
0.992497 
0.895082 
0.638762 
0.674403 
0.688091 
0.737844 
0.948553 
0.331744 
0.618426 
0.889626 
0.938962 
0.138269 
0.894734 
0.797027 
0.633190 
0.030314 
0.482324 
0.425506 
0.472762 
0.717125 
0.724255 
0.553607 
0.470960 
0.424560 
0.586837 
0.972441 
0.819290 
0.809079 
0.196297 
0.162948 
0.660068 
0.764465 
0.371205 
0.842363 
0.596918 
0.408006 
0.355356 
0.467377 
0.211700 
0.038432 
0.932865 
0.668125 
0.184532 
0.427873 
0.268175 
0.220747 
0.088078 
0.323309 
0.861012 
0.029773 
0.392740 
0.780667 
0.673538 
0.160659 
0.190888 
0.259810 
0.618465 
0.548066 
0.344617 
0.969631 
0.588983 
0.037478 
0.888495 
0.940920 
0.049819 
0.311425 
0.120791 
0.130407 
0.743053 
0.499141 
0.057191 
0.205378 
0.793803 
0.441273 
0.475394 
0.951193 
0.700582 
0.675465 
0.535132 
0.958406 
0.923943 
0.709028 
0.641906 
0.506230 
0.211573 
0.909269 
0.077601 
0.240222 
0.416142 
0.100935 
0.421535 
0.732905 
0.941854 
0.736102 
0.658671 
0.289592 
0.168719 
0.658257 
0.330869 
0.922845 
0.253291 
0.069871 
0.326907 
0.320278 
0.913900 
0.910280 
0.072585 
0.941789 
0.640105 
0.238358 
0.075877 
0.262894 
0.467097 
0.505375 
0.841835 
0.717206 
0.080494 
0.868452 
0.072848 
0.364572 
0.354176 
0.628799 
0.227879 
0.954730 
0.149761 
0.029578 
0.118578 
0.946998 
0.186998 
0.877969 
0.017117 
0.684209 
0.503272 
0.493764 
0.693235 
0.196614 
0.494865 
0.198223 
0.535949 
0.698481 
0.374798 
0.235543 
0.775962 
0.594205 
0.805560 
0.049075 
0.799776 
0.841162 
0.415264 
0.333704 
0.556750 
0.297090 
0.188533 
0.677587 
0.204193 
0.873220 
0.204508 
0.159126 
0.432006 
0.726921 
0.355157 
0.120767 
0.732725 
0.913425 
0.925904 
0.668037 
0.703744 
0.820668 
0.963189 
0.322536 
0.862923 
0.150460 
0.784401 
0.431018 
0.116274 
0.211291 
0.162967 
0.985982 
0.392577 
0.043637 
0.409807 
0.622986 
0.525402 
0.434309 
0.430782 
0.151928 
0.454698 
0.109878 
0.724107 
0.074440 
0.114272 
0.571043 
0.525898 
0.761879 
0.898878 
0.438956 
0.541070 
0.761174 
0.056728 
0.427877 
0.327609 
0.118710 
0.154895 
0.312411 
0.695413 
0.805834 
0.649556 
0.079327 
0.250444 
0.218510 
0.505665 
0.707739 
0.969304 
0.088673 
0.332273 
0.512899 
0.297406 
0.497504 
0.546947 
0.540872 
0.438309 
0.663403 
0.809417 
0.865148 
0.534420 
0.996278 
0.438571 
0.065978 
0.892919 
0.282647 
0.451781 
0.083106 
0.768616 
0.120982 
0.340963 
0.569119 
0.181227 
0.890259 
0.579811 
0.888096 
0.224870 
0.396142 
0.960685 
0.224433 
0.048199 
0.077531 
0.055584 
0.198840 
0.901341 
0.844316 
0.420015 
0.184615 
0.827768 
0.300803 
0.589122 
0.378525 
0.866298 
0.871711 
0.853231 
0.245781 
0.849483 
0.257142 
0.793757 
0.677944 
0.200303 
0.497303 
0.177265 
0.288498 
0.788812 
0.555852 
0.211513 
0.892678 
0.239686 
0.398106 
0.974556 
0.366166 
0.155945 
0.966571 
0.167186 
0.888058 
0.594339 
0.054240 
0.617902 
0.076555 
0.655717 
0.630684 
0.906079 
0.462925 
0.386405 
0.311155 
0.575142 
0.404600 
0.104659 
0.998718 
0.452495 
0.082449 
0.716170 
0.667339 
0.971327 
0.100916 
0.091951 
0.413571 
0.890525 
0.061746 
0.764769 
0.480337 
0.025841 
0.307301 
0.800627 
0.135611 
0.213804 
0.407611 
0.714251 
0.419560 
0.537525 
0.175738 
0.629723 
0.755771 
0.240220 
0.378051 
0.906521 
0.890432 
0.482713 
0.963709 
0.061742 
0.692524 
0.255015 
0.033112 
0.507933 
0.826258 
0.923362 
0.944952 
0.807409 
0.129129 
0.269437 
0.429847 
0.443208 
0.988613 
0.620619 
0.735867 
0.715567 
0.526556 
0.828475 
0.172841 
0.943015 
0.248711 
0.093616 
0.411625 
0.173829 
0.541366 
0.746712 
0.995455 
0.619011 
0.717346 
0.438752 
0.097851 
0.579743 
0.739623 
0.843687 
0.848742 
0.805726 
0.828946 
0.101360 
0.562369 
0.731572 
0.527062 
0.327019 
0.215457 
0.183912 
0.005865 
0.577981 
0.126630 
0.263952 
0.233308 
0.203661 
0.925457 
0.155928 
0.683946 
0.074580 
0.468663 
0.820775 
0.763763 
0.563765 
0.201374 
0.493061 
0.878876 
0.276220 
0.435903 
0.222377 
0.490576 
0.107086 
0.798035 
0.571277 
0.452160 
0.455594 
0.176469 
0.909289 
0.413830 
0.235139 
0.976389 
0.169253 
0.634821 
0.438509 
0.025611 
0.443203 
0.911563 
0.631094 
0.801470 
0.305018 
0.433104 
0.175285 
0.018595 
0.519877 
0.575596 
0.042056 
0.833672 
0.519646 
0.687534 
0.384284 
0.665658 
0.720608 
0.251660 
0.650108 
0.370769 
0.517915 
0.590204 
0.566334 
0.373693 
0.658435 
0.315909 
0.487545 
0.168019 
0.899388 
0.013394 
0.105617 
0.106881 
0.344211 
0.156143 
0.289844 
0.400476 
0.797995 
0.906607 
0.342427 
0.162396 
0.396715 
0.586117 
0.867012 
0.877017 
0.032579 
0.563394 
0.971248 
0.757574 
0.551380 
0.049254 
0.805932 
0.294815 
0.953151 
0.601276 
0.649243 
0.834314 
0.307889 
0.688524 
0.029453 
0.022708 
0.653484 
0.104136 
0.207240 
0.082007 
0.289947 
0.143228 
0.238046 
0.832937 
0.177853 
0.172522 
0.571449 
0.340122 
0.425570 
0.562780 
0.642569 
0.655504 
0.050731 
0.627951 
0.965236 
0.725760 
0.855883 
0.826213 
0.162161 
0.448139 
0.878167 
0.358648 
0.795159 
0.240426 
0.836790 
0.927386 
0.572890 
0.570115 
0.920008 
0.570792 
0.307946 
0.654799 
0.210929 
0.078207 
0.433372 
0.678335 
0.784221 
0.398503 
0.643351 
0.794679 
0.161750 
0.533433 
0.400814 
0.478014 
0.982503 
0.927431 
0.330240 
0.350336 
0.091431 
0.685409 
0.660744 
0.116301 
0.671395 
0.137994 
0.267268 
0.975183 
0.896757 
0.801412 
0.328929 
0.303242 
0.590712 
0.091441 
0.855562 
0.423796 
0.731611 
0.183913 
0.030503 
0.658938 
0.772184 
0.094567 
0.384571 
0.487179 
0.021909 
0.222057 
0.109031 
0.487817 
0.733203 
0.943514 
0.642673 
0.396769 
0.498601 
0.989270 
0.657138 
0.510111 
0.428372 
