0.000001 
0.013281 
0.219626 
0.262232 
0.329274 
0.106002 
0.573739 
0.834714 
0.033425 
0.766001 
0.173844 
0.803026 
0.449583 
0.148192 
0.668872 
0.724395 
0.901228 
0.940505 
0.063822 
0.656359 
0.431277 
0.473699 
0.453293 
0.493363 
0.950732 
0.945213 
0.198136 
0.064420 
0.700479 
0.950909 
0.920439 
0.814449 
0.450073 
0.382730 
0.547280 
0.130958 
0.013482 
0.587650 
0.628595 
0.790443 
0.979724 
0.224989 
0.387836 
0.354700 
0.444852 
0.627021 
0.347943 
0.884117 
0.347997 
0.788814 
0.590155 
0.741638 
0.710805 
0.503214 
0.516908 
0.672670 
0.562719 
0.619999 
0.322718 
0.926148 
0.777664 
0.196298 
0.175352 
0.147462 
0.398901 
0.331664 
0.278434 
0.647229 
0.973723 
0.355932 
0.152181 
0.699940 
0.889225 
0.207815 
0.748199 
0.981327 
0.164565 
0.842982 
0.992520 
0.289703 
0.037116 
0.805959 
0.745042 
0.927489 
0.308646 
0.415383 
0.335180 
0.373001 
0.024161 
0.080021 
0.907047 
0.731709 
0.828147 
0.672876 
0.025473 
0.119750 
0.630708 
0.301068 
0.043555 
0.031411 
0.924663 
0.804847 
0.055774 
0.399394 
0.622114 
0.862801 
0.098214 
0.682519 
0.092221 
0.961380 
0.920762 
0.247210 
0.852629 
0.128790 
0.581506 
0.369247 
0.941222 
0.125486 
0.039321 
0.862815 
0.335063 
0.410601 
0.976087 
0.090323 
0.055668 
0.609065 
0.563849 
0.611717 
0.128636 
0.980357 
0.864594 
0.223154 
0.543590 
0.118596 
0.244525 
0.727552 
0.969897 
0.060532 
0.363507 
0.455700 
0.941894 
0.414311 
0.328778 
0.779997 
0.413201 
0.668750 
0.677079 
0.668152 
0.633061 
0.858512 
0.009190 
0.459807 
0.978454 
0.874278 
0.987967 
0.766697 
0.869758 
0.030534 
0.177599 
0.912942 
0.814874 
0.587464 
0.504770 
0.666146 
0.915818 
0.152683 
0.139928 
0.766110 
0.009692 
0.885066 
0.301221 
0.626938 
0.945286 
0.418650 
0.250943 
0.594870 
0.980332 
0.438346 
0.280598 
0.010927 
0.656461 
0.142474 
0.553387 
0.778964 
0.051457 
0.843356 
0.276508 
0.268248 
0.440439 
0.463133 
0.879142 
0.732172 
0.607120 
0.868174 
0.401837 
0.666474 
0.429730 
0.470563 
0.757574 
0.543554 
0.511465 
0.200610 
0.644683 
0.185913 
0.642090 
0.604627 
0.969597 
0.011483 
0.995628 
0.527376 
0.606336 
0.688138 
0.532025 
0.745605 
0.381814 
0.140563 
0.445042 
0.822395 
0.990700 
0.691878 
0.399809 
0.594806 
0.903627 
0.258680 
0.634002 
0.677678 
0.736541 
0.051374 
0.437356 
0.644406 
0.527721 
0.402889 
0.361699 
0.080277 
0.213913 
0.239599 
0.948162 
0.757774 
0.901755 
0.797904 
0.377100 
0.912490 
0.214280 
0.401433 
0.884909 
0.673228 
0.947671 
0.500962 
0.666802 
0.938594 
0.946570 
0.009787 
0.491663 
0.378371 
0.287478 
0.644367 
0.877146 
0.192712 
0.913687 
0.329411 
0.404536 
0.038277 
0.317394 
0.449319 
0.708724 
0.516236 
0.383406 
0.907145 
0.388919 
0.560173 
0.833035 
0.814957 
0.983970 
0.581535 
0.857417 
0.610758 
0.007458 
0.341299 
0.219249 
0.914311 
0.818538 
0.162801 
0.203637 
0.525052 
0.551149 
0.160057 
0.075181 
0.564030 
0.649843 
0.914153 
0.165985 
0.717955 
0.669812 
0.529090 
0.415209 
0.417831 
0.478630 
0.339865 
0.115495 
0.124396 
0.724372 
0.524052 
0.739881 
0.176529 
0.930552 
0.779804 
0.173632 
0.232104 
0.966063 
0.619045 
0.290479 
0.082515 
0.831201 
0.987554 
0.817186 
0.443861 
0.973032 
0.747807 
0.384042 
0.596823 
0.803005 
0.111915 
0.950323 
0.077245 
0.264453 
0.658770 
0.946411 
0.323855 
0.038150 
0.187847 
0.148703 
0.256160 
0.273990 
0.950874 
0.331504 
0.595892 
0.149578 
0.960303 
0.812664 
0.452187 
0.906112 
0.017705 
0.574055 
0.150024 
0.448393 
0.142991 
0.245541 
0.803383 
0.456815 
0.687473 
0.356792 
0.595604 
0.320278 
0.910440 
0.770577 
0.095033 
0.218430 
0.156986 
0.458397 
0.282157 
0.204690 
0.218086 
0.371115 
0.333917 
0.135170 
0.793811 
0.587579 
0.442806 
0.237086 
0.706148 
0.226201 
0.758161 
0.410461 
0.620960 
0.476039 
0.790902 
0.694067 
0.181233 
0.975449 
0.368635 
0.652028 
0.631556 
0.567521 
0.331428 
0.305081 
0.490642 
0.218908 
0.187756 
0.618953 
0.748551 
0.902108 
0.737438 
0.114513 
0.614373 
0.761848 
0.383879 
0.857883 
0.444053 
0.206543 
0.374205 
0.256539 
0.650728 
0.783746 
0.413501 
0.715780 
0.108208 
0.650303 
0.636885 
0.130738 
0.314474 
0.356688 
0.862744 
0.143992 
0.069237 
0.668918 
0.502696 
0.808108 
0.867376 
0.984841 
0.227051 
0.046521 
0.872603 
0.833927 
0.803738 
0.420461 
0.692811 
0.078672 
0.244229 
0.758583 
0.496667 
0.485865 
0.936098 
0.003899 
0.535535 
0.740432 
0.441174 
0.812635 
0.958875 
0.816249 
0.703037 
0.938940 
0.765515 
0.012960 
0.826742 
0.044707 
0.392330 
0.894198 
0.784525 
0.504027 
0.187908 
0.171007 
0.116660 
0.707991 
0.207056 
0.986357 
0.701687 
0.258482 
0.306214 
0.547084 
0.842333 
0.097980 
0.742474 
0.760461 
0.062817 
0.767548 
0.171345 
0.791537 
0.363560 
0.359363 
0.821064 
0.627233 
0.907611 
0.216298 
0.316691 
0.628316 
0.112748 
0.948356 
0.013598 
0.542387 
0.901175 
0.042531 
0.812624 
0.768507 
0.291091 
0.359180 
0.733131 
0.735232 
0.049712 
0.513497 
0.339334 
0.186555 
0.424197 
0.479992 
0.220193 
0.786829 
0.238991 
0.715849 
0.280488 
0.169437 
0.735676 
0.499398 
0.387897 
0.377372 
0.487629 
0.574473 
0.160682 
0.579029 
0.744875 
0.108814 
0.842709 
0.402989 
0.031518 
0.719680 
0.654246 
0.914446 
0.100402 
0.451850 
0.246981 
0.016166 
0.699656 
0.119382 
0.450529 
0.039745 
0.989225 
0.909586 
0.415201 
0.274812 
0.757090 
0.408207 
0.742984 
0.335900 
0.464201 
0.830735 
0.166045 
0.714009 
0.352571 
0.662840 
0.358849 
0.171369 
0.195315 
0.661126 
0.549146 
0.498670 
0.154546 
0.449952 
0.342138 
0.305164 
0.888486 
0.788635 
0.587538 
0.743066 
0.706524 
0.545501 
0.235206 
0.104998 
0.707530 
0.455914 
0.539433 
0.257849 
0.671627 
0.027488 
0.996455 
0.418970 
0.628770 
0.733690 
0.132636 
0.207296 
0.025648 
0.064139 
0.988136 
0.601752 
0.644287 
0.524867 
0.435988 
0.648091 
0.466366 
0.217420 
0.175267 
0.713382 
0.809215 
0.479241 
0.604211 
0.976947 
0.549297 
0.041591 
0.018056 
0.464424 
0.567052 
0.437642 
0.450430 
0.384202 
0.274748 
0.693361 
0.318194 
0.890013 
0.444569 
0.872361 
0.773966 
0.049987 
0.137151 
0.102275 
0.943196 
0.290485 
0.175743 
0.709333 
0.758152 
0.257557 
0.767193 
0.214859 
0.143275 
0.020550 
0.375609 
0.864782 
0.388662 
0.238147 
0.536448 
0.087433 
0.493767 
0.735114 
0.055319 
0.738944 
0.435079 
0.373437 
0.349087 
0.110540 
0.840643 
0.691030 
0.135891 
0.925177 
0.446082 
0.295343 
0.836526 
0.488473 
0.759438 
0.877104 
0.490084 
0.845680 
0.350400 
0.171642 
0.794004 
0.818524 
0.924809 
0.271037 
0.322810 
0.459287 
0.241134 
0.745284 
0.984295 
0.052668 
0.189748 
0.089713 
0.803281 
0.737354 
0.703880 
0.111900 
0.702971 
0.825451 
0.358245 
0.021351 
0.837872 
0.118772 
0.193055 
0.668471 
0.985797 
0.287183 
0.690831 
0.796434 
0.671741 
0.944338 
0.494603 
0.785693 
0.136381 
0.151012 
0.054469 
0.468789 
0.929833 
0.698450 
0.841596 
0.697575 
0.140966 
0.219367 
0.906442 
0.578669 
0.697118 
0.466867 
0.630430 
0.641396 
0.943713 
0.979077 
0.350468 
0.314269 
0.916459 
0.928748 
0.468120 
0.689398 
0.707136 
0.832121 
0.453203 
0.982647 
0.343024 
0.205475 
0.421821 
0.537349 
0.227701 
0.975685 
0.343006 
0.908527 
0.615063 
0.360214 
0.124396 
0.721163 
0.593559 
0.941699 
0.129975 
0.495984 
0.006538 
0.885339 
0.897570 
0.454537 
0.394958 
0.054627 
0.121803 
0.135409 
0.812989 
0.897916 
0.266782 
0.801784 
0.591550 
0.183625 
0.191506 
0.633756 
0.535103 
0.469899 
0.598283 
0.336028 
0.617971 
0.240805 
0.217081 
0.478414 
0.699704 
0.917163 
0.754963 
0.668263 
0.490423 
0.537932 
0.019859 
0.767765 
0.832004 
0.487336 
0.663332 
0.620169 
0.172088 
0.283291 
0.274131 
0.325777 
0.341779 
0.275306 
0.073460 
0.645728 
0.758797 
0.093933 
0.725581 
0.832760 
0.198636 
0.471936 
0.827081 
0.746303 
0.117908 
0.683076 
0.450782 
0.296922 
0.363699 
0.691410 
0.530411 
0.611904 
0.263371 
0.468331 
0.242319 
0.653744 
0.469027 
0.936292 
0.259880 
0.806923 
0.955809 
0.279608 
0.368114 
0.892286 
0.646799 
0.754601 
0.584771 
0.246935 
0.231752 
0.061764 
0.064754 
0.323757 
0.377841 
0.366857 
0.768837 
0.841223 
0.433944 
0.292208 
0.145487 
0.198261 
0.172155 
0.405279 
0.531440 
0.904767 
0.424691 
0.786462 
0.062412 
0.961909 
0.804607 
0.026673 
0.299143 
0.690589 
0.729735 
0.663955 
0.084846 
0.006303 
0.937625 
0.658777 
0.062757 
0.764614 
0.866870 
0.480708 
0.266455 
0.303424 
0.639255 
0.953754 
0.751874 
0.740483 
0.291462 
0.604090 
0.943500 
0.401182 
0.666778 
0.540779 
0.880799 
0.591260 
0.305457 
0.819694 
0.592037 
0.366525 
0.183588 
0.556404 
0.473786 
0.918812 
0.470344 
0.069734 
0.017016 
0.994410 
0.047896 
0.993044 
0.084601 
0.889617 
0.797986 
0.748092 
0.176065 
0.132201 
0.896943 
0.918490 
0.067652 
0.035361 
0.306604 
0.093991 
0.701333 
0.306497 
0.292180 
0.677133 
0.582405 
0.482859 
0.405435 
0.141651 
0.730180 
0.133723 
0.485210 
0.927598 
0.134937 
0.889784 
0.592720 
0.839935 
0.791779 
0.425109 
0.815285 
0.492255 
0.323746 
0.194837 
0.618757 
0.449588 
0.225188 
0.737631 
0.369554 
0.101226 
0.304586 
0.184297 
0.481294 
0.102362 
0.391739 
0.962003 
0.386801 
0.969000 
0.982288 
0.318559 
0.019985 
0.890981 
0.718549 
0.655195 
0.857621 
0.044006 
0.609747 
0.017224 
0.483171 
0.647717 
0.177519 
0.553909 
0.541039 
0.234475 
0.826662 
0.700904 
0.091030 
0.949166 
0.639573 
0.303829 
0.457697 
0.516314 
0.687044 
0.156516 
0.567437 
0.912648 
0.871770 
0.846624 
0.205693 
0.077424 
0.259737 
0.406435 
0.948505 
0.526395 
0.116951 
0.590761 
0.923087 
0.324005 
0.556543 
0.811929 
0.096095 
0.071560 
0.713946 
0.294728 
0.489244 
0.721080 
0.184937 
0.244438 
0.261665 
0.810640 
0.428080 
0.735147 
0.619365 
0.667336 
0.910650 
0.288444 
0.883888 
0.499098 
0.346134 
0.471174 
0.027860 
0.242187 
0.440806 
0.633278 
0.509020 
0.100478 
0.739476 
0.370038 
0.226195 
0.653961 
0.116350 
0.491700 
0.008183 
0.527903 
0.471460 
0.829212 
0.570608 
0.216288 
0.150811 
0.684897 
0.057944 
0.858810 
0.012001 
0.702433 
0.790534 
0.504857 
0.125302 
0.952577 
0.964558 
0.329174 
0.422620 
0.979350 
0.930357 
0.517899 
0.328138 
0.023498 
0.929479 
0.758767 
0.604965 
0.639191 
0.879045 
0.114344 
0.773244 
0.913997 
0.539816 
0.686992 
0.281528 
0.642723 
0.237626 
0.787021 
0.469481 
0.568661 
0.489331 
0.184392 
0.068262 
0.282739 
0.994131 
0.366554 
0.665066 
0.761130 
0.313207 
0.074928 
0.310789 
0.438877 
0.201806 
0.751792 
0.362783 
0.300002 
0.132408 
0.384827 
0.786079 
0.624331 
0.135853 
0.288095 
0.007051 
0.510906 
0.798487 
0.169813 
0.043753 
0.351255 
0.544402 
0.759652 
0.479285 
0.335531 
0.262485 
0.577419 
0.685868 
0.387021 
0.667672 
0.557125 
0.593380 
0.944481 
0.892477 
0.859375 
0.517416 
0.213031 
0.411737 
0.060133 
0.647527 
0.985863 
0.391601 
0.645805 
0.041476 
0.085107 
0.393046 
0.920181 
0.486710 
0.130902 
0.063321 
0.242480 
0.364454 
0.371177 
0.373266 
0.484973 
0.936204 
0.783749 
0.464701 
0.235990 
0.278226 
0.139466 
0.000152 
0.561735 
0.080353 
0.489666 
0.819831 
0.904917 
0.939828 
0.690824 
0.677990 
0.978855 
0.613392 
0.283506 
0.886322 
0.408055 
0.177790 
0.115844 
0.996983 
0.287546 
0.778009 
0.994221 
0.868027 
0.926646 
0.130983 
0.423717 
0.403891 
0.192768 
0.854408 
0.040008 
0.408659 
0.325484 
0.406564 
0.124557 
0.424548 
0.376339 
0.132091 
0.058544 
0.955131 
0.888680 
0.036672 
0.348070 
0.019041 
0.015074 
0.342234 
0.925042 
0.185263 
0.711407 
0.615893 
0.307564 
0.222032 
0.699031 
0.617709 
0.837189 
0.639053 
0.565406 
0.781875 
0.972292 
0.303347 
0.356325 
0.753371 
0.905038 
0.976257 
0.954837 
0.938431 
0.201831 
0.181334 
0.682748 
0.942505 
0.686249 
0.781885 
0.142061 
0.621048 
0.946974 
0.792033 
0.691952 
0.638927 
0.446652 
0.871869 
0.499467 
0.539633 
0.609813 
0.122448 
0.986537 
0.720107 
0.831848 
0.877641 
0.519413 
0.781088 
0.744248 
0.580743 
0.552409 
0.345545 
0.580804 
0.568077 
0.662002 
0.261492 
0.888947 
0.530237 
0.689897 
0.104016 
0.198868 
0.380965 
0.874587 
0.180975 
0.640650 
0.402379 
0.776618 
0.624338 
0.244969 
0.187937 
0.656453 
0.011045 
0.639311 
0.898789 
0.939792 
0.083138 
0.294892 
0.248008 
0.265249 
0.038590 
0.581340 
0.581784 
0.047984 
0.467117 
0.832384 
0.885237 
0.174383 
0.858957 
0.481933 
0.844531 
0.029771 
0.358640 
0.670524 
0.501150 
0.822034 
0.924035 
0.254635 
0.645073 
0.734495 
0.650176 
0.512683 
0.670431 
0.940345 
0.372482 
0.310235 
0.117475 
0.407683 
0.922924 
0.589409 
0.201063 
0.267512 
0.070800 
0.936671 
0.622570 
0.529465 
0.726252 
0.122509 
0.009553 
0.550546 
0.025934 
0.870986 
0.656084 
0.812170 
0.134212 
0.703344 
0.102802 
0.792745 
0.671361 
0.559735 
0.466253 
0.320347 
0.073110 
0.761308 
0.310488 
0.364729 
0.992241 
0.597200 
0.136252 
0.989298 
0.133544 
0.478350 
0.635544 
0.592571 
0.343699 
0.551175 
0.596385 
0.438408 
0.316348 
0.853348 
0.220406 
0.359582 
0.502354 
0.056642 
0.983012 
0.478851 
0.042153 
0.460789 
0.488876 
0.545229 
0.664011 
0.039851 
0.773364 
0.921460 
0.982475 
0.452135 
0.040366 
0.439119 
0.268920 
0.731080 
0.269358 
0.096758 
0.217140 
0.467268 
0.367698 
0.894017 
0.740482 
0.275942 
0.764656 
0.578146 
0.897970 
0.189346 
0.344713 
0.591325 
0.402526 
0.260684 
0.323681 
0.107417 
0.363859 
0.379306 
0.999908 
0.459364 
0.523328 
0.581115 
0.804231 
0.703781 
0.446253 
0.173209 
0.122755 
0.143918 
0.834048 
0.849042 
0.848326 
0.809687 
0.410898 
0.970218 
0.457542 
0.901446 
0.596648 
0.862318 
0.971860 
0.050956 
0.418026 
0.769900 
0.715140 
0.355270 
0.016275 
0.527325 
0.744434 
0.694605 
0.229102 
0.523876 
0.791492 
0.603291 
0.515548 
0.808856 
0.436118 
0.832634 
0.083019 
0.308583 
0.351990 
0.901292 
0.011058 
0.854787 
0.397172 
0.265523 
0.638570 
0.442472 
0.632326 
0.497623 
0.541975 
0.969986 
0.546595 
0.627181 
0.038673 
0.970294 
0.724584 
0.080119 
0.564679 
0.566775 
0.790994 
0.229467 
0.659124 
0.894373 
0.727466 
0.526965 
0.701608 
0.921464 
0.048177 
0.711867 
0.347046 
0.806976 
0.849878 
0.893450 
0.208911 
0.166056 
0.910467 
0.214129 
0.867638 
0.394460 
0.694562 
0.508810 
0.575082 
0.411269 
0.197050 
0.815620 
0.119101 
0.731909 
0.197282 
0.717605 
0.782598 
0.121791 
0.934905 
0.946394 
0.045166 
0.109052 
0.837929 
0.076156 
0.947603 
0.356324 
0.739135 
0.637802 
0.530176 
0.670247 
0.834826 
0.915072 
0.607177 
0.827828 
0.302343 
0.479871 
0.191606 
0.323680 
0.095083 
0.060305 
0.545318 
0.167300 
0.818197 
0.443651 
0.438800 
0.913437 
0.132645 
0.370249 
0.773935 
0.522553 
0.542533 
0.348402 
0.593505 
0.040821 
0.078258 
0.278557 
0.707153 
0.114175 
0.943550 
0.242853 
0.635128 
0.603944 
0.491937 
0.978273 
0.833233 
0.138855 
0.740283 
0.939898 
0.861696 
0.520323 
0.068687 
0.425029 
0.458826 
0.494351 
0.564908 
0.412622 
0.933936 
0.662373 
0.499350 
0.583768 
0.395791 
0.063194 
0.108018 
0.458107 
0.398471 
0.098737 
0.474615 
0.854194 
0.446702 
0.727064 
0.765115 
0.288794 
0.768378 
0.131247 
0.875786 
0.332365 
0.058325 
0.275204 
0.346846 
0.436597 
0.890641 
0.995078 
0.281499 
0.151868 
0.450630 
0.732424 
0.850507 
0.473065 
0.807083 
0.640152 
0.030950 
0.170758 
0.925084 
0.883258 
0.909042 
0.276553 
0.019579 
0.068101 
0.574064 
0.291806 
0.386963 
0.689008 
0.151331 
0.414656 
0.121434 
0.947740 
0.670002 
0.729292 
0.216781 
0.434076 
0.517574 
0.863243 
0.526785 
0.667966 
0.507100 
0.824398 
0.665031 
0.176015 
0.285090 
0.509830 
0.709627 
0.694673 
0.375118 
0.602194 
0.078821 
0.742109 
0.622122 
0.002510 
0.179270 
0.993125 
0.455726 
0.389335 
0.561197 
0.040654 
0.266689 
0.248931 
0.784391 
0.264833 
0.042880 
0.687879 
0.186066 
0.206462 
0.013215 
0.098256 
0.396409 
0.443104 
0.256450 
0.151196 
0.143537 
0.433769 
0.350503 
0.905520 
0.070202 
0.888419 
0.650986 
0.123115 
0.197826 
0.864697 
0.967104 
0.108922 
0.652541 
0.253421 
0.251065 
0.645387 
0.012363 
0.788366 
0.073812 
0.559897 
0.182238 
0.878966 
0.788071 
0.116590 
0.524887 
0.771160 
0.885406 
0.019895 
0.367970 
0.464976 
0.859496 
0.541949 
0.539606 
0.152088 
0.134909 
0.409268 
0.567141 
0.939968 
0.049629 
0.115034 
0.378122 
0.093953 
0.066724 
0.433407 
0.279025 
0.572536 
0.618192 
0.958276 
0.745684 
0.717219 
0.301816 
0.625563 
0.835755 
0.531652 
0.478882 
0.575629 
0.602580 
0.570058 
0.972821 
0.209982 
0.173828 
0.522583 
0.056021 
0.542682 
0.858694 
0.075976 
0.936704 
0.190772 
0.304422 
0.428249 
0.580737 
0.443756 
0.206433 
0.512116 
0.128295 
0.254445 
0.451108 
0.768540 
0.851373 
0.017895 
0.762542 
0.039527 
0.323471 
0.582687 
0.216364 
0.432771 
0.574594 
0.209719 
0.750419 
0.285489 
0.217153 
0.698670 
0.545480 
0.876578 
0.648932 
0.604851 
0.730918 
0.546314 
0.891054 
0.946178 
0.409567 
0.597250 
0.986399 
0.413073 
0.517273 
0.807581 
0.009475 
0.253145 
0.612180 
0.909909 
0.847765 
0.388922 
0.613017 
0.976180 
0.662093 
0.789661 
0.825922 
0.269843 
0.256007 
0.702026 
0.950632 
0.265682 
0.320338 
0.917882 
0.840818 
0.634527 
0.498012 
0.086854 
0.760698 
0.053334 
0.386504 
0.968631 
0.779452 
0.255339 
0.488248 
0.977024 
0.847935 
0.238315 
0.364773 
0.739464 
0.167523 
0.554389 
0.610644 
0.085536 
0.606665 
0.220277 
0.201414 
0.168046 
0.355415 
0.457233 
0.716531 
0.732768 
0.625601 
0.470012 
0.485541 
0.489798 
0.040971 
0.592268 
0.241478 
0.515564 
0.085502 
0.033853 
0.969563 
0.447883 
0.564891 
0.121309 
0.834386 
0.521070 
0.624140 
0.921657 
0.296958 
0.968490 
0.405527 
0.687289 
0.259498 
0.384409 
0.758414 
0.662081 
0.603604 
0.778084 
0.264519 
0.766420 
0.226491 
0.633895 
0.874021 
0.669424 
0.004426 
0.386603 
0.639639 
0.412599 
0.547681 
0.877915 
0.109884 
0.823808 
0.734323 
0.770472 
0.315074 
0.447735 
0.082954 
0.200244 
0.496585 
0.097984 
0.813976 
0.489693 
0.273041 
0.995153 
0.532826 
0.202663 
0.163174 
0.467417 
0.873028 
0.981530 
0.582591 
0.604273 
0.016093 
0.479118 
0.538245 
0.289322 
0.634371 
0.873016 
0.786560 
0.713213 
0.964486 
0.124007 
0.181700 
0.826996 
0.313843 
0.756544 
0.240954 
0.717136 
0.909458 
0.263826 
0.115304 
0.921282 
0.990743 
0.422626 
0.083088 
0.463739 
0.066445 
0.735637 
0.853230 
0.233494 
0.335155 
0.956787 
0.713050 
0.233381 
0.434381 
0.637256 
0.359659 
0.793141 
0.320965 
0.457591 
0.727808 
0.277085 
0.961472 
0.463339 
0.345253 
0.661633 
0.069793 
0.004000 
0.224873 
0.435078 
0.361181 
0.360911 
0.832605 
0.594537 
0.377536 
0.245806 
0.253308 
0.343935 
0.517172 
0.107451 
0.924219 
0.353399 
0.585372 
0.350159 
0.124760 
0.839897 
0.151707 
0.738644 
0.389614 
0.249865 
0.488001 
0.836742 
0.121865 
0.177584 
0.647933 
0.813830 
0.035649 
0.152653 
0.634720 
0.738810 
0.174933 
0.101750 
0.110512 
0.373542 
0.121220 
0.343447 
0.309353 
0.299051 
0.154226 
0.072696 
0.805576 
0.312049 
0.600996 
0.935593 
0.518346 
0.845648 
0.804370 
0.043239 
0.721885 
0.716119 
0.820190 
0.926525 
0.114025 
0.425721 
0.089492 
0.091320 
0.811353 
0.411221 
0.399480 
0.062706 
0.891927 
0.614265 
0.953652 
0.024844 
0.559849 
0.376224 
0.196779 
0.262755 
0.115453 
0.425407 
0.821438 
0.901516 
0.779298 
0.669022 
0.247702 
0.131041 
0.408039 
0.911506 
0.674141 
0.281500 
0.175457 
0.905523 
0.126865 
0.222005 
0.233519 
0.750070 
0.432625 
0.129206 
0.570125 
0.089472 
0.758519 
0.429988 
0.806106 
0.219920 
0.201469 
0.090447 
0.136050 
0.589296 
0.303779 
0.613835 
0.717383 
0.054389 
0.123342 
0.005597 
0.076300 
0.380116 
0.616257 
0.429326 
0.685305 
0.915236 
0.374949 
0.771991 
0.857721 
0.723075 
0.726815 
0.583048 
0.282473 
0.530831 
0.681353 
0.505871 
0.177395 
0.485384 
0.840557 
0.236609 
0.679494 
0.254521 
0.740166 
0.963012 
0.337175 
0.905174 
0.255914 
0.150229 
0.901074 
0.353608 
0.089480 
0.895582 
0.051272 
0.722113 
0.559681 
0.554098 
0.722677 
0.028414 
0.547083 
0.821734 
0.890521 
0.989266 
0.593313 
0.819448 
0.466969 
0.349915 
0.019602 
0.455420 
0.247661 
0.443596 
0.523342 
0.806820 
0.222503 
0.605668 
0.457407 
0.647569 
0.686730 
0.863605 
0.613618 
0.078090 
0.456752 
0.626100 
0.859653 
0.179835 
0.482637 
0.681539 
0.620524 
0.139405 
0.979852 
0.374908 
0.081314 
0.647918 
0.553392 
0.852673 
0.874346 
0.134280 
0.843450 
0.870090 
0.598056 
0.529329 
0.427045 
0.345722 
0.544814 
0.690740 
0.265229 
0.698104 
0.029867 
0.972242 
0.473995 
0.428453 
0.012983 
0.209208 
0.164876 
0.068821 
0.667495 
0.586650 
0.820504 
0.211258 
0.610856 
0.652717 
0.215123 
0.570081 
0.345044 
0.147186 
0.762951 
0.922857 
0.465832 
0.241584 
0.300642 
0.881911 
0.273766 
0.184903 
0.663228 
0.870905 
0.292598 
0.693333 
0.841795 
0.053311 
0.993002 
0.380181 
0.699458 
0.785356 
0.484318 
0.928095 
0.491676 
0.599216 
0.020784 
0.315349 
0.066569 
0.818617 
0.504006 
0.834391 
0.609117 
0.424257 
0.481532 
0.110942 
0.599911 
0.696373 
0.939221 
0.487563 
0.468974 
0.053493 
0.060453 
0.037790 
0.138228 
0.200762 
0.209815 
0.353666 
0.064466 
0.478616 
0.095495 
0.979598 
0.103816 
0.832653 
0.399831 
0.958247 
0.255433 
0.058632 
0.428829 
0.322649 
0.763236 
0.709261 
0.557078 
0.810900 
0.796422 
0.472364 
0.019185 
0.449020 
0.673582 
0.891008 
0.165740 
0.592871 
0.390126 
0.853894 
0.396925 
0.126172 
0.565496 
0.298774 
0.494852 
0.971290 
0.466244 
