0.000001 
0.015254 
0.367149 
0.674773 
0.909107 
0.363346 
0.751454 
0.689957 
0.107333 
0.948695 
0.716454 
0.445549 
0.342509 
0.551460 
0.381043 
0.196727 
0.385677 
0.070150 
0.003765 
0.277103 
0.275521 
0.680164 
0.520016 
0.915477 
0.420728 
0.179270 
0.984188 
0.239572 
0.488058 
0.782747 
0.620469 
0.215299 
0.523979 
0.520885 
0.508337 
0.623593 
0.728507 
0.012569 
0.244037 
0.531864 
0.045069 
0.478788 
0.990508 
0.465121 
0.290522 
0.809702 
0.664786 
0.056066 
0.294194 
0.511725 
0.565830 
0.898322 
0.099210 
0.422371 
0.793432 
0.207445 
0.522534 
0.222379 
0.532102 
0.046590 
0.039874 
0.168877 
0.315122 
0.253037 
0.795202 
0.965476 
0.760559 
0.715645 
0.838412 
0.192523 
0.736948 
0.878128 
0.693046 
0.032429 
0.030194 
0.477670 
0.204913 
0.969930 
0.613684 
0.191297 
0.128662 
0.415918 
0.337117 
0.926150 
0.799382 
0.213660 
0.980121 
0.901578 
0.827985 
0.943406 
0.827244 
0.496818 
0.021249 
0.128718 
0.370446 
0.080372 
0.818061 
0.145422 
0.104236 
0.899364 
0.604106 
0.205448 
0.970951 
0.776912 
0.560695 
0.600235 
0.155226 
0.888762 
0.421767 
0.642740 
0.537752 
0.998121 
0.422377 
0.883920 
0.047351 
0.831269 
0.135205 
0.386901 
0.652702 
0.969727 
0.202733 
0.340166 
0.172300 
0.846222 
0.457570 
0.381891 
0.438386 
0.961837 
0.586159 
0.566126 
0.884557 
0.744801 
0.862379 
0.003031 
0.943771 
0.952858 
0.676682 
0.995272 
0.541823 
0.426729 
0.026960 
0.121681 
0.091803 
0.928824 
0.747395 
0.461634 
0.686286 
0.406735 
0.987529 
0.394366 
0.114857 
0.395500 
0.174429 
0.634041 
0.326782 
0.217614 
0.445586 
0.961998 
0.293542 
0.564716 
0.189269 
0.043587 
0.565584 
0.773317 
0.134902 
0.303229 
0.361650 
0.243458 
0.798992 
0.651734 
0.700106 
0.686448 
0.128675 
0.646405 
0.124978 
0.502888 
0.045767 
0.208802 
0.328159 
0.365526 
0.393897 
0.222558 
0.533030 
0.633000 
0.833406 
0.058161 
0.519101 
0.525524 
0.488754 
0.494783 
0.815820 
0.490278 
0.108001 
0.167396 
0.427330 
0.139044 
0.915465 
0.215161 
0.207726 
0.254795 
0.335207 
0.823800 
0.600758 
0.946579 
0.154645 
0.124584 
0.877280 
0.442770 
0.633164 
0.592726 
0.941514 
0.020731 
0.426586 
0.635347 
0.278229 
0.195025 
0.786910 
0.603917 
0.037639 
0.604285 
0.211095 
0.874647 
0.200453 
0.016009 
0.062858 
0.460103 
0.950218 
0.306498 
0.313734 
0.932202 
0.519462 
0.605322 
0.646407 
0.155250 
0.291053 
0.727153 
0.267512 
0.071833 
0.299659 
0.362472 
0.071283 
0.051528 
0.025122 
0.219442 
0.160689 
0.693059 
0.250448 
0.278359 
0.375131 
0.821638 
0.266863 
0.159738 
0.713171 
0.263079 
0.575896 
0.077119 
0.143522 
0.181259 
0.415306 
0.055404 
0.182346 
0.686271 
0.151798 
0.275618 
0.306601 
0.045459 
0.035509 
0.797894 
0.202712 
0.987494 
0.816491 
0.759194 
0.765325 
0.824639 
0.699532 
0.037341 
0.584287 
0.111486 
0.753280 
0.374185 
0.921821 
0.042605 
0.055326 
0.864659 
0.326570 
0.661727 
0.646156 
0.950674 
0.982053 
0.368700 
0.739838 
0.463344 
0.418069 
0.489214 
0.221710 
0.284827 
0.091250 
0.631348 
0.064290 
0.518237 
0.006365 
0.977240 
0.480865 
0.895731 
0.554888 
0.002851 
0.924224 
0.438050 
0.298089 
0.977324 
0.884587 
0.250337 
0.414266 
0.573213 
0.990392 
0.519791 
0.126364 
0.795212 
0.129345 
0.898767 
0.579881 
0.054874 
0.272940 
0.304391 
0.898302 
0.762488 
0.140574 
0.630050 
0.244169 
0.744911 
0.722347 
0.484534 
0.571012 
0.991310 
0.941722 
0.521740 
0.883045 
0.342151 
0.534993 
0.627173 
0.894527 
0.307312 
0.985760 
0.661990 
0.057701 
0.776481 
0.323252 
0.899112 
0.377921 
0.720616 
0.386203 
0.916224 
0.981863 
0.172332 
0.391783 
0.693706 
0.117690 
0.021783 
0.100422 
0.793119 
0.952233 
0.186240 
0.138659 
0.434769 
0.165849 
0.420235 
0.885204 
0.629363 
0.698928 
0.882900 
0.907994 
0.652125 
0.259864 
0.530496 
0.041132 
0.299628 
0.845454 
0.553460 
0.008338 
0.138757 
0.082971 
0.497881 
0.878668 
0.768387 
0.278493 
0.627732 
0.290897 
0.101907 
0.758008 
0.844977 
0.534007 
0.051424 
0.277658 
0.593643 
0.359954 
0.750254 
0.514446 
0.290195 
0.300267 
0.586520 
0.644664 
0.864625 
0.752811 
0.494940 
0.464381 
0.850853 
0.283111 
0.251791 
0.851979 
0.212085 
0.519261 
0.218320 
0.300907 
0.351175 
0.190761 
0.115353 
0.738363 
0.667363 
0.373869 
0.615511 
0.896092 
0.624457 
0.240615 
0.008536 
0.457560 
0.208185 
0.957179 
0.301710 
0.846480 
0.797292 
0.085416 
0.589544 
0.459988 
0.019304 
0.434945 
0.124248 
0.230304 
0.719415 
0.213830 
0.845739 
0.331169 
0.961101 
0.230560 
0.018456 
0.183933 
0.360431 
0.765935 
0.070146 
0.949528 
0.720231 
0.930638 
0.234750 
0.443061 
0.528316 
0.401538 
0.646782 
0.460095 
0.817803 
0.818661 
0.227288 
0.030620 
0.630573 
0.034848 
0.698545 
0.443106 
0.275163 
0.658047 
0.795863 
0.066234 
0.196968 
0.436934 
0.553880 
0.053957 
0.848692 
0.973829 
0.151293 
0.789243 
0.805246 
0.770838 
0.479310 
0.766584 
0.969242 
0.051750 
0.759184 
0.608156 
0.282777 
0.633452 
0.425391 
0.552625 
0.973107 
0.003297 
0.412941 
0.291399 
0.539868 
0.566606 
0.945075 
0.880489 
0.384603 
0.029601 
0.511392 
0.960122 
0.773724 
0.986740 
0.137530 
0.464730 
0.719604 
0.392768 
0.259140 
0.367754 
0.847636 
0.225354 
0.517636 
0.907281 
0.667723 
0.417947 
0.434698 
0.973869 
0.820487 
0.927818 
0.838320 
0.650368 
0.741945 
0.871811 
0.519152 
0.379366 
0.998365 
0.524224 
0.627913 
0.330346 
0.117311 
0.640936 
0.210211 
0.018328 
0.041026 
0.524811 
0.495086 
0.912125 
0.083321 
0.381260 
0.832451 
0.002083 
0.011365 
0.005250 
0.231709 
0.327611 
0.162537 
0.766508 
0.702216 
0.136152 
0.302363 
0.820999 
0.529178 
0.892859 
0.278383 
0.785882 
0.319373 
0.700987 
0.494612 
0.936092 
0.898055 
0.618488 
0.934055 
0.656790 
0.668516 
0.754839 
0.584860 
0.736606 
0.134348 
0.978790 
0.530865 
0.239726 
0.069366 
0.839107 
0.879046 
0.119110 
0.879757 
0.077638 
0.857746 
0.142240 
0.627673 
0.292894 
0.666239 
0.478533 
0.697455 
0.121426 
0.813901 
0.242287 
0.122678 
0.840875 
0.581549 
0.096528 
0.353261 
0.261261 
0.020130 
0.323886 
0.555371 
0.125652 
0.837631 
0.067428 
0.262409 
0.306620 
0.369056 
0.728435 
0.811151 
0.009717 
0.314460 
0.121968 
0.912940 
0.784774 
0.693131 
0.446701 
0.697739 
0.893023 
0.035652 
0.206334 
0.852409 
0.435715 
0.056188 
0.352231 
0.951571 
0.052565 
0.454313 
0.637494 
0.367926 
0.739801 
0.831122 
0.664005 
0.935682 
0.005403 
0.814622 
0.349219 
0.320205 
0.693596 
0.275277 
0.579538 
0.295919 
0.506913 
0.684107 
0.785227 
0.318511 
0.212907 
0.319654 
0.430908 
0.277640 
0.301798 
0.315834 
0.227789 
0.451026 
0.399911 
0.312209 
0.292782 
0.779372 
0.901651 
0.054721 
0.702471 
0.427867 
0.153096 
0.089110 
0.667420 
0.331770 
0.051553 
0.453897 
0.648703 
0.753870 
0.299187 
0.436317 
0.176341 
0.761475 
0.104016 
0.199753 
0.244735 
0.257988 
0.008440 
0.843348 
0.144767 
0.092660 
0.336051 
0.005462 
0.808234 
0.992188 
0.705095 
0.538395 
0.805437 
0.980957 
0.939260 
0.134772 
0.117903 
0.591217 
0.591763 
0.757255 
0.187101 
0.602345 
0.606441 
0.449243 
0.428189 
0.566416 
0.751799 
0.489860 
0.079068 
0.896025 
0.487019 
0.327713 
0.864640 
0.999287 
0.014502 
0.742793 
0.119457 
0.721719 
0.933446 
0.428078 
0.698614 
0.600970 
0.501692 
0.931834 
0.330980 
0.782406 
0.894830 
0.405635 
0.515552 
0.881422 
0.054490 
0.805182 
0.687043 
0.126408 
0.541566 
0.098973 
0.444713 
0.291061 
0.869703 
0.096785 
0.667172 
0.153161 
0.184934 
0.193903 
0.922167 
0.867075 
0.924178 
0.657095 
0.799899 
0.900249 
0.481173 
0.071552 
0.571859 
0.226184 
0.474619 
0.927935 
0.795742 
0.040410 
0.166658 
0.021705 
0.801832 
0.385621 
0.139148 
0.663101 
0.734791 
0.631778 
0.287903 
0.792088 
0.629066 
0.710604 
0.116720 
0.721365 
0.982940 
0.274685 
0.638069 
0.025917 
0.579579 
0.978081 
0.603603 
0.755200 
0.648026 
0.376458 
0.133505 
0.822493 
0.637360 
0.110966 
0.003994 
0.123913 
0.597611 
0.052524 
0.774209 
0.135243 
0.021033 
0.501987 
0.890958 
0.329672 
0.805577 
0.340372 
0.636251 
0.471254 
0.373174 
0.930280 
0.217665 
0.297705 
0.533295 
0.089812 
0.473780 
0.820544 
0.881876 
0.689308 
0.205960 
0.568977 
0.796353 
0.300842 
0.259216 
0.643946 
0.793984 
0.496007 
0.384098 
0.531315 
0.809523 
0.654201 
0.152025 
0.083694 
0.648178 
0.927080 
0.430199 
0.352602 
0.174004 
0.486406 
0.021777 
0.011381 
0.287703 
0.430483 
0.123689 
0.845799 
0.336106 
0.939250 
0.976351 
0.529995 
0.628286 
0.595792 
0.482835 
0.015251 
0.325223 
0.026842 
0.131396 
0.374589 
0.717363 
0.725596 
0.089324 
0.270407 
0.725608 
0.295705 
0.921880 
0.037954 
0.899684 
0.993931 
0.991698 
0.466214 
0.656514 
0.037920 
0.317880 
0.606298 
0.047651 
0.874057 
0.272852 
0.830967 
0.068155 
0.482111 
0.832138 
0.738865 
0.111914 
0.937284 
0.935290 
0.425986 
0.547650 
0.356193 
0.537851 
0.661819 
0.199229 
0.440891 
0.057795 
0.359529 
0.603198 
0.943238 
0.998755 
0.082494 
0.479781 
0.677791 
0.627009 
0.135637 
0.658538 
0.042422 
0.986685 
0.213306 
0.035791 
0.531501 
0.940039 
0.243307 
0.258482 
0.301863 
0.412074 
0.725774 
0.088506 
0.523890 
0.019153 
0.906011 
0.318765 
0.482543 
0.102287 
0.136405 
0.563861 
0.804332 
0.405140 
0.182942 
0.702990 
0.157634 
0.348125 
0.933646 
0.784072 
0.891396 
0.696759 
0.430161 
0.719840 
0.343833 
0.796106 
0.158611 
0.780237 
0.437489 
0.873262 
0.911330 
0.731387 
0.415470 
0.796285 
0.162669 
0.981762 
0.473149 
0.222599 
0.222204 
0.587548 
0.926868 
0.871478 
0.936493 
0.633554 
0.143569 
0.964021 
0.298725 
0.677309 
0.533940 
0.934288 
0.573778 
0.489953 
0.640123 
0.554786 
0.280189 
0.141676 
0.150581 
0.817551 
0.580697 
0.778084 
0.259862 
0.501436 
0.641324 
0.737067 
0.877515 
0.388708 
0.012879 
0.462097 
0.458278 
0.270326 
0.363945 
0.825173 
0.685503 
0.253402 
0.924650 
0.598856 
0.981190 
0.867314 
0.950641 
0.429112 
0.092430 
0.468220 
0.372873 
0.879979 
0.803741 
0.472530 
0.813716 
0.120881 
0.643557 
0.259013 
0.232134 
0.473697 
0.423060 
0.362887 
0.047372 
0.179754 
0.118297 
0.225083 
0.967127 
0.496507 
0.798423 
0.095792 
0.981548 
0.877285 
0.528148 
0.578895 
0.491186 
0.355803 
0.978524 
0.052350 
0.845065 
0.013425 
0.639516 
0.351712 
0.228081 
0.350842 
0.605245 
0.358249 
0.087624 
0.699862 
0.584640 
0.042372 
0.141437 
0.132187 
0.660993 
0.317253 
0.078399 
0.651183 
0.439931 
0.912441 
0.400244 
0.893013 
0.864137 
0.555707 
0.761773 
0.118074 
0.462180 
0.861663 
0.968807 
0.732294 
0.673579 
0.842680 
0.919898 
0.730007 
0.225562 
0.016203 
0.323950 
0.625666 
0.575870 
0.643468 
0.766219 
0.845961 
0.070147 
0.955547 
0.872791 
0.991131 
0.936701 
0.141067 
0.907930 
0.578848 
0.693749 
0.839031 
0.596640 
0.731758 
0.658478 
0.042971 
0.216526 
0.146846 
0.037994 
0.556982 
0.195068 
0.504682 
0.197543 
0.112948 
0.325184 
0.359973 
0.059544 
0.756295 
0.056922 
0.694830 
0.014975 
0.692748 
0.020813 
0.807557 
0.609603 
0.592936 
0.469453 
0.098719 
0.171304 
0.107215 
0.962441 
0.741201 
0.370829 
0.525528 
0.554277 
0.729145 
0.743578 
0.309183 
0.435312 
0.293704 
0.284857 
0.594454 
0.984974 
0.464086 
0.887119 
0.808662 
0.177085 
0.261509 
0.181567 
0.596598 
0.017289 
0.573799 
0.833108 
0.045982 
0.825742 
0.253874 
0.853968 
0.635065 
0.535794 
0.083073 
0.208294 
0.804577 
0.533526 
0.971574 
0.243632 
0.726273 
0.467558 
0.247556 
0.677991 
0.992950 
0.512949 
0.128691 
0.915209 
0.921849 
0.523285 
0.843198 
0.632338 
0.700372 
0.159914 
0.681462 
0.336913 
0.495234 
0.395354 
0.708121 
0.393939 
0.932809 
0.718842 
0.571595 
0.791528 
0.217724 
0.284219 
0.871490 
0.140675 
0.322909 
0.130820 
0.687313 
0.663182 
0.103521 
0.880933 
0.835886 
0.737710 
0.692915 
0.825823 
0.608516 
0.335104 
0.093468 
0.911178 
0.165895 
0.196978 
0.616064 
0.190775 
0.348571 
0.432912 
0.950359 
0.689150 
0.546419 
0.660886 
0.506975 
0.730312 
0.362133 
0.371166 
0.186592 
0.045650 
0.238059 
0.060802 
0.900555 
0.621477 
0.170040 
0.858239 
0.422280 
0.266781 
0.788801 
0.370360 
0.634396 
0.290937 
0.772909 
0.281813 
0.422881 
0.361717 
0.383290 
0.962457 
0.010859 
0.505320 
0.906905 
0.344572 
0.224310 
0.982343 
0.231434 
0.719132 
0.451367 
0.128587 
0.158534 
0.476074 
0.375086 
0.069187 
0.829297 
0.997246 
0.713537 
0.422573 
0.182844 
0.066583 
0.053049 
0.586912 
0.236212 
0.015168 
0.934086 
0.184999 
0.285376 
0.313640 
0.340913 
0.730226 
0.908792 
0.066983 
0.789471 
0.633452 
0.427606 
0.777819 
0.809413 
0.801284 
0.186069 
0.256849 
0.853495 
0.685321 
0.185958 
0.398579 
0.915691 
0.024435 
0.674585 
0.744029 
0.903367 
0.891895 
0.072806 
0.643317 
0.226234 
0.309122 
0.407671 
0.724432 
0.528026 
0.538882 
0.982866 
0.028125 
0.693787 
0.477013 
0.162516 
0.410807 
0.441282 
0.629863 
0.112518 
0.082826 
0.053118 
0.762096 
0.555866 
0.443533 
0.461945 
0.915068 
0.539917 
0.392077 
0.630204 
0.840637 
0.589968 
0.588433 
0.793651 
0.896928 
0.672007 
0.416553 
0.001343 
0.579349 
0.122616 
0.800719 
0.683354 
0.126787 
0.916128 
0.364340 
0.468430 
0.906213 
0.719041 
0.916131 
0.412989 
0.107321 
0.748896 
0.688261 
0.597279 
0.463291 
0.536656 
0.571976 
0.194719 
0.648320 
0.312205 
0.228824 
0.852567 
0.094958 
0.965843 
0.928607 
0.093396 
0.704493 
0.406643 
0.457192 
0.021424 
0.072576 
0.783305 
0.999895 
0.230583 
0.410705 
0.726337 
0.543574 
0.851897 
0.831318 
0.964988 
0.549352 
0.951383 
0.891314 
0.316313 
0.268937 
0.030690 
0.798964 
0.179703 
0.261490 
0.862650 
0.563269 
0.856015 
0.039573 
0.100951 
0.678099 
0.804676 
0.195526 
0.204726 
0.834248 
0.209638 
0.385328 
0.201406 
0.025646 
0.025360 
0.218396 
0.577380 
0.032883 
0.663205 
0.493220 
0.542018 
0.691694 
0.303729 
0.771968 
0.460588 
0.101092 
0.045951 
0.299403 
0.074545 
0.884839 
0.496393 
0.873543 
0.639874 
0.363765 
0.794639 
0.491641 
0.004936 
0.961917 
0.936419 
0.386101 
0.203979 
0.276111 
0.595548 
0.374571 
0.410272 
0.445865 
0.647692 
0.756530 
0.004747 
0.775152 
0.985229 
0.744194 
0.667312 
0.514080 
0.137181 
0.606607 
0.238264 
0.497447 
0.590244 
0.230112 
0.488119 
0.812626 
0.809548 
0.075252 
0.753489 
0.894423 
0.566625 
0.271685 
0.215464 
0.305909 
0.416907 
0.953743 
0.564886 
0.039648 
0.369104 
0.535138 
0.068664 
0.028302 
0.676808 
0.104964 
0.131071 
0.908590 
0.673822 
0.923732 
0.167988 
0.369660 
0.878203 
0.959384 
0.372701 
0.993747 
0.903616 
0.074995 
0.442115 
0.620766 
0.217945 
0.004312 
0.465253 
0.507263 
0.572816 
0.316244 
0.119432 
0.286518 
0.511661 
0.482926 
0.540728 
0.013199 
0.838218 
0.921860 
0.700669 
0.147166 
0.426965 
0.005613 
0.329350 
0.391420 
0.603139 
0.964042 
0.648392 
0.522608 
0.468525 
0.504882 
0.548411 
0.148480 
0.499487 
0.872606 
0.885009 
0.350881 
0.256399 
0.302222 
0.450431 
0.390838 
0.818793 
0.446674 
0.253506 
0.676630 
0.121959 
0.766196 
0.451246 
0.093339 
0.756727 
0.312037 
0.408279 
0.949098 
0.492893 
0.044799 
0.943916 
0.392235 
0.295255 
0.351331 
0.825492 
0.048656 
0.758869 
0.316975 
0.398809 
0.787670 
0.372052 
0.073661 
0.017047 
0.502568 
0.664943 
0.691008 
0.779017 
0.933575 
0.598995 
0.307978 
0.183267 
0.168535 
0.571983 
0.324880 
0.253274 
0.784318 
0.039168 
0.304492 
0.605186 
0.364856 
0.127713 
0.471921 
0.582045 
0.429694 
0.870876 
0.806095 
0.041346 
0.903757 
0.443810 
0.115990 
0.439240 
0.312025 
0.196826 
0.061138 
0.548297 
0.235535 
0.638695 
0.552939 
0.243814 
0.784411 
0.595199 
0.515993 
0.299740 
0.725434 
0.377088 
0.718388 
0.945596 
0.633837 
0.902988 
0.512973 
0.540891 
0.747435 
0.142959 
0.708433 
0.628058 
0.774763 
0.446219 
0.606822 
0.864565 
0.742356 
0.782651 
0.016838 
0.990970 
0.237856 
0.650203 
0.968624 
0.667355 
0.239600 
0.953218 
0.731185 
0.022793 
0.085889 
0.544735 
0.360124 
0.605102 
0.948040 
0.710388 
0.484839 
0.690013 
0.043938 
0.470415 
0.272177 
0.482787 
0.196112 
0.054165 
0.351400 
0.973988 
0.824452 
0.573085 
0.847884 
0.392598 
0.391386 
0.028347 
0.434267 
0.726714 
0.880969 
0.444308 
0.485360 
0.450663 
0.287079 
0.933553 
0.222249 
0.341932 
0.854267 
0.668485 
0.222709 
0.067568 
0.619539 
0.594578 
0.068784 
0.057868 
0.582180 
0.699537 
0.117882 
0.239665 
0.045857 
0.721787 
0.081825 
0.230807 
0.178750 
0.252127 
0.503972 
0.251162 
0.281606 
0.960041 
0.415051 
0.763643 
0.542386 
0.884528 
0.261655 
0.640104 
0.219676 
0.095177 
0.632990 
0.669232 
0.789980 
0.186257 
0.421707 
0.630415 
0.387931 
0.960906 
0.945113 
0.507295 
0.114518 
0.704251 
0.341807 
0.755399 
0.995998 
0.743008 
0.733839 
0.634577 
0.338948 
0.690653 
0.796963 
0.551359 
0.693396 
0.914243 
0.676420 
0.590302 
0.207758 
0.794000 
0.762659 
0.008078 
0.760247 
0.478168 
0.566747 
0.310462 
0.940813 
0.247946 
0.234923 
0.351856 
0.651884 
0.209217 
0.306713 
0.928155 
0.502749 
0.702990 
0.161148 
0.408592 
0.200435 
0.717981 
0.103886 
0.009434 
0.553194 
0.530097 
0.347919 
0.473217 
0.351044 
0.998188 
0.540929 
0.396139 
0.915605 
0.566773 
0.761543 
0.252771 
0.316296 
0.993927 
0.924352 
0.583547 
0.672717 
0.353535 
0.855802 
0.462499 
0.228729 
0.243168 
0.927280 
0.798598 
0.032778 
0.904229 
0.375334 
0.245854 
0.074544 
0.867121 
0.694840 
0.183094 
0.255975 
0.178739 
0.071041 
0.982630 
0.055217 
0.034854 
0.791702 
0.137398 
0.245313 
0.970567 
0.324290 
0.337429 
0.169035 
0.963659 
0.218998 
0.703497 
0.673921 
0.586906 
0.131808 
0.301074 
0.159088 
0.792240 
0.170429 
0.398094 
0.765733 
0.674903 
0.094738 
0.263752 
0.871757 
0.619049 
0.349889 
0.585865 
0.631201 
0.600705 
0.053285 
0.563044 
0.088714 
0.009872 
0.923059 
0.850596 
0.967276 
0.001595 
0.808265 
0.514136 
0.091724 
0.612938 
0.641385 
0.760787 
0.546355 
0.587272 
0.284735 
0.547819 
0.195686 
0.894305 
0.584370 
0.512242 
0.255064 
0.859146 
0.663782 
0.189989 
0.151536 
0.863025 
0.854730 
0.453147 
0.045979 
0.769001 
0.604910 
0.715382 
0.421608 
0.973322 
0.628972 
0.134827 
0.035380 
0.634584 
0.448078 
0.853570 
0.957575 
0.968799 
0.599755 
0.081137 
0.666548 
0.679914 
0.316841 
0.151741 
0.315627 
0.749970 
0.741034 
0.551677 
0.035786 
0.449958 
0.447825 
0.591455 
0.582757 
0.400016 
0.076312 
0.567918 
0.997021 
0.934638 
0.453870 
0.197865 
0.519584 
0.654602 
0.895467 
0.119630 
0.617546 
0.098899 
0.197738 
0.375277 
0.273718 
0.371266 
0.863235 
0.386004 
0.566233 
0.678564 
0.625825 
0.247964 
0.538171 
0.046534 
0.091303 
0.525878 
0.438861 
0.939748 
0.340493 
0.674175 
0.858985 
0.954231 
0.755432 
0.544149 
0.518152 
0.575000 
0.031167 
0.823489 
0.373104 
0.754838 
0.557264 
0.934365 
0.869981 
0.778425 
0.993585 
0.189635 
0.190050 
0.162116 
0.679919 
0.391959 
0.651432 
0.615510 
0.873936 
0.240978 
0.121947 
0.570012 
0.193511 
0.334728 
0.773870 
0.435697 
0.758356 
0.681704 
0.391035 
0.121794 
0.997093 
0.145659 
0.085056 
0.543000 
0.206398 
0.925850 
0.764123 
0.615364 
0.428376 
0.707553 
0.837684 
0.952739 
0.685466 
0.625062 
0.413329 
0.825564 
0.255349 
0.649659 
0.812367 
0.452100 
0.438636 
0.156277 
0.553723 
0.415688 
0.460309 
0.419717 
0.191822 
0.953511 
0.663535 
0.030712 
0.183254 
0.948176 
0.994020 
0.501428 
0.500160 
0.189982 
0.024318 
0.716278 
0.490218 
0.095253 
0.914535 
0.587428 
0.894673 
0.769409 
0.458532 
0.540299 
0.802703 
0.021699 
0.693679 
0.664927 
0.429201 
0.576928 
0.424337 
0.834782 
0.178352 
0.560566 
0.432034 
0.189475 
0.501512 
0.906519 
0.872822 
0.522690 
0.851734 
0.098945 
0.966240 
0.596846 
0.182725 
0.062320 
0.409345 
0.864346 
0.065278 
0.120572 
0.457100 
0.482188 
0.141168 
0.617773 
0.902499 
0.299700 
0.050653 
0.320532 
0.183114 
0.589872 
0.975395 
0.460902 
0.373208 
0.503867 
0.490620 
0.856164 
0.542814 
0.067875 
0.773587 
0.673422 
0.198111 
0.643596 
0.913611 
0.052734 
0.302845 
0.920094 
0.014624 
0.793716 
0.991454 
0.363216 
0.576467 
0.680943 
0.610269 
0.783783 
0.037341 
0.592873 
0.408440 
0.652318 
0.513379 
0.367480 
0.240832 
0.663270 
0.579254 
0.514727 
0.019834 
0.347935 
0.750434 
0.551038 
0.294305 
0.387252 
0.544456 
0.668944 
0.934124 
0.828679 
0.610762 
0.073364 
0.021013 
0.171667 
0.207072 
0.251444 
0.018109 
0.366350 
0.244833 
0.906182 
0.208934 
0.546175 
0.569299 
0.209023 
0.045896 
0.366414 
0.323283 
0.418775 
0.355516 
0.158404 
0.296313 
0.128021 
0.652876 
0.887804 
0.330118 
0.295757 
0.791288 
0.176226 
0.828111 
0.061136 
0.505800 
0.985345 
0.701796 
0.082723 
0.317715 
0.836029 
0.142933 
0.280581 
0.720256 
0.343010 
0.960807 
0.287488 
0.803767 
0.907277 
0.606309 
0.240923 
0.199735 
0.946284 
0.195975 
0.755083 
0.679217 
0.598935 
0.303049 
0.336656 
0.178349 
0.519094 
0.413294 
0.236872 
0.114463 
0.772928 
0.608094 
0.233269 
0.547600 
0.507290 
0.028584 
0.419337 
0.795370 
0.776951 
0.211731 
0.571142 
0.183953 
0.699986 
0.664411 
0.762655 
0.944152 
0.359594 
0.693896 
0.312469 
0.667667 
0.482179 
0.987521 
0.267916 
0.858814 
0.080310 
0.764248 
0.713786 
0.603208 
0.117750 
0.028355 
0.569968 
0.460423 
0.321650 
0.978945 
0.136490 
0.983994 
0.993679 
0.768879 
0.542630 
0.982055 
0.396789 
0.828960 
0.330845 
0.513393 
0.590829 
0.066230 
0.127955 
0.536718 
0.626148 
0.677093 
0.907193 
0.191724 
0.311868 
0.560170 
0.769539 
0.648882 
0.757991 
0.553015 
0.516820 
0.194879 
