0.000001 
0.011325 
0.335179 
0.360901 
0.666741 
0.914193 
0.833943 
0.073560 
0.317245 
0.941899 
0.500620 
0.927506 
0.595490 
0.406856 
0.025844 
0.358986 
0.476180 
0.153159 
0.139275 
0.802447 
0.720718 
0.102205 
0.760115 
0.249202 
0.341608 
0.403491 
0.465941 
0.073197 
0.220738 
0.951069 
0.622790 
0.234242 
0.900563 
0.769482 
0.681151 
0.110487 
0.954925 
0.428008 
0.525973 
0.031097 
0.645057 
0.465267 
0.750264 
0.689600 
0.105893 
0.747378 
0.176473 
0.975437 
0.171215 
0.611322 
0.487304 
0.117944 
0.277864 
0.059606 
0.790198 
0.856425 
0.935919 
0.990653 
0.908647 
0.624123 
0.636582 
0.033025 
0.044629 
0.074471 
0.640666 
0.671136 
0.784263 
0.111102 
0.290499 
0.414870 
0.714912 
0.523166 
0.853688 
0.937365 
0.293839 
0.544479 
0.053109 
0.597993 
0.471524 
0.911137 
0.485979 
0.851633 
0.403698 
0.960564 
0.194821 
0.353600 
0.949326 
0.316872 
0.671162 
0.215551 
0.763993 
0.432989 
0.247690 
0.919064 
0.707047 
0.341354 
0.135317 
0.280875 
0.665895 
0.702093 
0.076009 
0.478853 
0.076432 
0.596302 
0.040188 
0.432807 
0.184511 
0.081087 
0.828783 
0.348920 
0.300732 
0.407020 
0.779466 
0.482828 
0.897136 
0.156925 
0.431319 
0.183605 
0.851442 
0.185323 
0.728248 
0.663017 
0.329050 
0.340423 
0.482352 
0.889993 
0.108951 
0.137392 
0.150935 
0.756380 
0.479709 
0.475488 
0.528919 
0.534831 
0.907971 
0.273876 
0.038563 
0.125274 
0.480256 
0.659044 
0.547979 
0.887159 
0.476572 
0.743463 
0.375310 
0.842475 
0.485406 
0.213209 
0.408391 
0.826910 
0.880553 
0.452175 
0.704669 
0.366576 
0.048667 
0.954278 
0.552469 
0.352494 
0.364164 
0.504435 
0.046625 
0.627024 
0.396819 
0.337604 
0.103234 
0.058887 
0.721553 
0.141757 
0.504433 
0.013371 
0.722962 
0.829805 
0.533193 
0.375243 
0.701305 
0.828979 
0.645575 
0.174005 
0.503256 
0.222635 
0.829640 
0.761437 
0.478345 
0.542817 
0.132857 
0.931842 
0.464412 
0.370156 
0.209968 
0.931735 
0.664183 
0.916589 
0.118151 
0.769739 
0.011466 
0.705591 
0.868485 
0.628701 
0.572899 
0.710974 
0.337119 
0.955381 
0.093021 
0.399538 
0.038364 
0.787210 
0.640546 
0.655048 
0.386962 
0.668894 
0.099215 
0.508978 
0.390595 
0.735940 
0.944893 
0.824629 
0.534458 
0.642313 
0.356831 
0.262904 
0.626708 
0.087027 
0.656776 
0.427996 
0.335534 
0.322098 
0.500752 
0.131607 
0.925076 
0.755719 
0.369247 
0.932222 
0.857029 
0.093200 
0.415163 
0.652740 
0.607537 
0.874778 
0.395898 
0.864801 
0.712235 
0.536460 
0.282889 
0.518488 
0.222430 
0.383713 
0.067931 
0.721798 
0.265682 
0.316526 
0.858979 
0.861026 
0.271913 
0.040367 
0.453731 
0.849970 
0.446217 
0.569154 
0.773191 
0.013941 
0.299566 
0.808124 
0.140407 
0.812118 
0.274321 
0.515023 
0.990447 
0.444101 
0.002219 
0.294974 
0.627225 
0.775040 
0.097704 
0.118138 
0.553732 
0.568513 
0.998698 
0.124844 
0.252948 
0.299356 
0.279566 
0.670933 
0.374580 
0.569093 
0.742199 
0.146495 
0.143657 
0.450295 
0.113920 
0.661626 
0.945893 
0.629276 
0.237017 
0.544840 
0.123045 
0.018032 
0.069286 
0.487204 
0.436135 
0.122570 
0.031919 
0.463349 
0.504778 
0.796369 
0.573075 
0.669639 
0.619473 
0.480173 
0.271593 
0.660435 
0.931245 
0.439835 
0.300381 
0.509717 
0.819958 
0.027264 
0.225679 
0.986491 
0.962115 
0.265529 
0.746582 
0.795486 
0.741377 
0.328093 
0.262618 
0.825716 
0.809344 
0.639139 
0.008370 
0.666950 
0.436755 
0.545470 
0.717421 
0.696473 
0.615019 
0.621836 
0.191773 
0.137041 
0.246862 
0.016685 
0.425541 
0.071667 
0.514825 
0.665931 
0.296302 
0.951036 
0.057335 
0.629048 
0.416035 
0.297450 
0.248248 
0.309275 
0.981404 
0.452214 
0.360651 
0.469365 
0.619958 
0.632386 
0.504008 
0.854614 
0.502761 
0.908409 
0.633473 
0.781483 
0.390448 
0.259661 
0.125649 
0.789476 
0.715418 
0.022861 
0.232359 
0.252244 
0.472562 
0.345627 
0.955114 
0.603674 
0.956579 
0.224657 
0.815836 
0.763356 
0.724505 
0.748298 
0.647733 
0.453492 
0.839394 
0.695910 
0.155427 
0.264987 
0.639732 
0.978287 
0.076813 
0.989436 
0.444726 
0.507954 
0.176426 
0.187079 
0.238278 
0.731612 
0.200865 
0.941352 
0.300066 
0.208370 
0.068403 
0.650169 
0.385818 
0.442886 
0.578072 
0.653844 
0.153316 
0.789065 
0.814454 
0.525864 
0.194671 
0.829220 
0.698836 
0.331409 
0.988410 
0.208658 
0.916361 
0.286118 
0.790993 
0.221954 
0.382847 
0.513264 
0.423340 
0.070417 
0.500789 
0.758633 
0.338049 
0.587317 
0.041866 
0.644982 
0.210160 
0.166717 
0.019685 
0.842887 
0.398281 
0.910720 
0.477379 
0.315436 
0.526014 
0.722275 
0.273279 
0.993692 
0.978015 
0.495405 
0.267475 
0.445614 
0.435078 
0.358222 
0.639627 
0.213793 
0.224787 
0.991520 
0.479233 
0.470443 
0.733072 
0.743130 
0.793536 
0.960434 
0.014011 
0.480471 
0.281901 
0.916262 
0.613224 
0.457240 
0.828730 
0.458498 
0.983500 
0.678303 
0.236657 
0.488694 
0.472589 
0.796849 
0.634752 
0.272920 
0.971285 
0.386963 
0.688765 
0.073659 
0.990891 
0.903280 
0.431956 
0.882268 
0.270909 
0.171975 
0.375888 
0.542094 
0.974679 
0.424877 
0.908040 
0.435364 
0.167088 
0.244325 
0.370384 
0.046446 
0.623945 
0.637517 
0.752608 
0.085164 
0.343918 
0.235290 
0.510935 
0.287330 
0.151598 
0.907782 
0.097145 
0.718818 
0.169390 
0.933058 
0.904611 
0.795289 
0.430393 
0.609130 
0.653037 
0.594155 
0.965720 
0.860567 
0.548257 
0.554156 
0.695784 
0.042378 
0.246029 
0.003187 
0.570519 
0.717616 
0.979760 
0.821750 
0.144182 
0.260517 
0.517411 
0.128874 
0.985901 
0.036103 
0.782658 
0.139759 
0.923471 
0.775047 
0.209175 
0.610855 
0.640336 
0.122342 
0.202461 
0.760535 
0.309417 
0.369519 
0.498275 
0.501850 
0.594670 
0.616480 
0.181624 
0.557065 
0.597725 
0.970149 
0.294598 
0.306892 
0.935007 
0.663265 
0.489751 
0.248582 
0.917369 
0.225027 
0.024307 
0.533783 
0.292074 
0.890350 
0.110759 
0.520986 
0.204366 
0.783048 
0.691064 
0.706708 
0.633755 
0.520256 
0.942715 
0.214986 
0.276727 
0.958522 
0.875229 
0.973444 
0.672046 
0.074422 
0.804739 
0.251522 
0.335405 
0.149161 
0.954638 
0.603137 
0.926499 
0.661622 
0.883877 
0.323842 
0.820444 
0.201194 
0.475456 
0.985440 
0.287747 
0.163187 
0.691415 
0.616062 
0.161457 
0.608017 
0.935375 
0.846965 
0.943079 
0.325307 
0.431753 
0.479746 
0.085976 
0.002545 
0.772384 
0.452862 
0.249463 
0.730933 
0.793517 
0.643630 
0.495885 
0.332634 
0.583211 
0.031259 
0.364321 
0.138220 
0.063855 
0.219287 
0.549765 
0.897708 
0.781332 
0.842448 
0.028127 
0.723324 
0.900626 
0.817002 
0.356405 
0.104836 
0.981833 
0.658899 
0.118267 
0.717754 
0.293086 
0.892707 
0.720921 
0.525162 
0.390213 
0.304128 
0.480606 
0.547980 
0.893592 
0.600634 
0.851037 
0.385719 
0.777145 
0.469857 
0.883884 
0.435188 
0.208556 
0.198113 
0.690883 
0.664927 
0.420091 
0.466942 
0.899742 
0.966028 
0.037288 
0.692073 
0.672100 
0.990944 
0.800495 
0.923989 
0.476404 
0.922033 
0.608071 
0.857008 
0.736897 
0.025820 
0.964842 
0.101631 
0.113528 
0.059982 
0.111603 
0.717135 
0.888288 
0.454109 
0.202908 
0.272675 
0.855366 
0.138027 
0.827401 
0.134680 
0.569667 
0.391354 
0.480110 
0.212208 
0.573894 
0.439228 
0.099327 
0.394358 
0.975297 
0.813662 
0.220324 
0.984889 
0.021404 
0.737404 
0.545990 
0.446366 
0.080033 
0.120996 
0.580223 
0.810840 
0.791532 
0.283442 
0.807026 
0.689381 
0.425833 
0.969402 
0.731107 
0.720955 
0.090210 
0.155441 
0.497180 
0.102831 
0.276986 
0.308927 
0.127835 
0.525866 
0.227627 
0.734846 
0.552847 
0.707114 
0.471247 
0.245792 
0.021240 
0.985441 
0.308158 
0.213739 
0.310096 
0.775606 
0.618412 
0.653575 
0.627734 
0.326147 
0.548105 
0.004379 
0.605172 
0.117644 
0.243599 
0.166609 
0.200328 
0.910966 
0.607057 
0.807803 
0.741534 
0.968186 
0.299306 
0.435868 
0.634296 
0.609637 
0.167571 
0.368472 
0.908291 
0.639940 
0.476088 
0.602778 
0.898058 
0.654936 
0.505534 
0.510775 
0.602181 
0.851864 
0.277790 
0.823384 
0.607334 
0.462152 
0.395681 
0.208901 
0.991411 
0.644724 
0.881364 
0.089944 
0.693557 
0.620319 
0.708199 
0.708926 
0.911973 
0.525077 
0.966760 
0.342758 
0.740211 
0.720636 
0.721219 
0.522784 
0.423285 
0.149880 
0.026147 
0.460636 
0.909532 
0.504853 
0.062370 
0.257223 
0.142162 
0.323463 
0.441264 
0.328532 
0.644598 
0.766711 
0.105739 
0.157922 
0.189274 
0.131720 
0.812616 
0.644850 
0.994038 
0.795089 
0.061047 
0.012881 
0.494568 
0.208561 
0.276807 
0.303342 
0.276441 
0.147167 
0.441515 
0.534361 
0.999644 
0.022016 
0.017434 
0.009169 
0.104333 
0.532116 
0.280544 
0.098975 
0.478773 
0.743515 
0.264065 
0.142159 
0.270189 
0.063540 
0.923104 
0.613150 
0.220126 
0.650558 
0.925219 
0.157146 
0.161085 
0.358074 
0.146209 
0.326793 
0.413978 
0.728690 
0.099531 
0.825352 
0.694703 
0.875254 
0.393008 
0.281330 
0.320139 
0.579661 
0.370353 
0.518425 
0.163992 
0.213245 
0.004158 
0.877957 
0.824494 
0.276167 
0.545082 
0.196717 
0.225988 
0.173120 
0.632771 
0.979812 
0.692809 
0.036926 
0.621667 
0.359794 
0.056864 
0.705421 
0.007798 
0.067916 
0.471135 
0.373403 
0.789267 
0.212554 
0.391947 
0.447093 
0.295399 
0.774579 
0.344684 
0.102146 
0.764616 
0.905626 
0.855835 
0.024010 
0.538877 
0.902614 
0.239645 
0.716813 
0.478561 
0.167264 
0.203311 
0.045788 
0.551057 
0.607172 
0.741871 
0.622816 
0.666617 
0.837207 
0.941112 
0.266340 
0.369285 
0.574133 
0.454875 
0.086121 
0.440334 
0.688786 
0.421040 
0.427155 
0.201111 
0.076711 
0.288867 
0.993354 
0.294310 
0.465210 
0.792364 
0.253558 
0.548088 
0.723131 
0.663217 
0.684786 
0.192458 
0.643166 
0.683008 
0.315638 
0.924592 
0.612163 
0.617626 
0.437529 
0.552559 
0.865190 
0.250932 
0.412320 
0.861423 
0.944206 
0.266271 
0.215115 
0.433440 
0.826800 
0.033866 
0.190298 
0.339660 
0.657398 
0.889629 
0.001550 
0.045961 
0.470496 
0.622132 
0.172788 
0.046927 
0.698120 
0.306646 
0.806120 
0.456214 
0.590369 
0.326334 
0.700833 
0.897728 
0.119533 
0.984887 
0.000915 
0.371474 
0.371256 
0.700321 
0.295406 
0.885846 
0.417418 
0.543011 
0.393542 
0.257440 
0.798587 
0.857319 
0.958557 
0.459616 
0.768547 
0.965849 
0.021122 
0.001590 
0.715006 
0.109853 
0.298705 
0.337966 
0.186984 
0.643123 
0.962708 
0.235306 
0.788763 
0.747271 
0.384931 
0.528815 
0.801306 
0.550973 
0.206221 
0.951642 
0.247722 
0.458402 
0.370641 
0.370922 
0.091859 
0.869507 
0.800303 
0.687730 
0.680242 
0.832068 
0.567970 
0.874968 
0.580636 
0.747703 
0.652364 
0.282743 
0.058206 
0.266425 
0.805839 
0.729760 
0.078580 
0.693786 
0.465062 
0.304314 
0.601480 
0.082531 
0.094292 
0.761840 
0.245697 
0.426696 
0.476485 
0.279814 
0.835861 
0.313145 
0.030984 
0.748305 
0.756160 
0.778009 
0.995528 
0.834837 
0.112734 
0.725555 
0.395845 
0.970075 
0.049219 
0.224816 
0.482507 
0.502372 
0.370331 
0.149098 
0.895770 
0.198090 
0.304432 
0.592024 
0.140492 
0.240728 
0.919093 
0.199326 
0.068228 
0.710084 
0.374173 
0.725129 
0.234913 
0.182369 
0.069544 
0.820359 
0.779456 
0.320862 
0.722610 
0.904782 
0.666839 
0.565627 
0.491081 
0.596991 
0.622932 
0.623898 
0.859568 
0.764929 
0.160532 
0.062155 
0.639124 
0.748855 
0.005433 
0.319877 
0.165746 
0.688596 
0.228813 
0.662590 
0.146689 
0.402252 
0.655304 
0.701475 
0.689204 
0.445630 
0.695054 
0.780469 
0.337220 
0.653876 
0.686879 
0.377772 
0.207294 
0.998608 
0.601081 
0.371748 
0.965546 
0.933481 
0.020878 
0.896839 
0.170494 
0.497284 
0.853464 
0.175589 
0.129816 
0.823944 
0.032599 
0.894262 
0.862779 
0.728175 
0.444358 
0.316982 
0.524493 
0.153010 
0.637921 
0.536129 
0.726112 
0.768142 
0.154434 
0.579497 
0.599998 
0.166791 
0.258857 
0.615497 
0.655760 
0.362058 
0.112381 
0.780284 
0.241233 
0.409491 
0.311104 
0.723985 
0.012450 
0.247843 
0.503621 
0.351590 
0.176140 
0.378933 
0.735056 
0.090711 
0.575018 
0.323513 
0.286027 
0.254309 
0.171866 
0.544650 
0.935811 
0.174576 
0.091059 
0.431529 
0.708070 
0.526652 
0.441278 
0.559457 
0.798575 
0.657347 
0.036532 
0.988029 
0.799026 
0.230166 
0.394952 
0.964601 
0.042626 
0.407387 
0.960521 
0.476384 
0.579261 
0.647564 
0.610712 
0.237069 
0.419124 
0.209359 
0.688575 
0.875523 
0.915295 
0.366840 
0.476647 
0.009440 
0.664845 
0.048183 
0.813445 
0.575999 
0.808453 
0.669940 
0.679424 
0.080190 
0.758130 
0.895627 
0.802180 
0.246735 
0.867924 
0.199655 
0.608038 
0.286505 
0.289830 
0.175859 
0.663476 
0.033860 
0.083640 
0.742683 
0.268067 
0.405632 
0.449638 
0.070170 
0.346466 
0.053771 
0.721369 
0.052141 
0.331808 
0.700328 
0.410383 
0.307492 
0.015206 
0.572100 
0.277027 
0.986847 
0.931044 
0.058874 
0.502055 
0.032950 
0.797567 
0.711771 
0.733022 
0.900465 
0.119887 
0.935393 
0.154307 
0.432019 
0.946309 
0.622434 
0.249159 
0.613223 
0.444624 
0.789815 
0.422719 
0.639487 
0.857516 
0.274448 
0.652772 
0.142665 
0.771042 
0.909804 
0.067571 
0.672093 
0.870825 
0.958523 
0.893504 
0.114179 
0.010473 
0.022480 
0.816239 
0.521222 
0.184584 
0.298275 
0.111746 
0.111049 
0.403850 
0.498851 
0.187960 
0.049721 
0.653362 
0.051146 
0.609268 
0.960705 
0.563291 
0.239812 
0.521166 
0.230346 
0.421918 
0.177232 
0.735064 
0.225661 
0.681099 
0.226084 
0.790252 
0.759784 
0.685115 
0.734968 
0.600124 
0.282501 
0.000664 
0.157851 
0.004573 
0.862115 
0.568180 
0.398430 
0.419009 
0.286177 
0.776357 
0.224095 
0.359728 
0.940823 
0.416832 
0.688853 
0.559104 
0.863080 
0.793433 
0.226995 
0.103928 
0.724474 
0.240132 
0.899149 
0.999922 
0.686328 
0.119185 
0.135459 
0.658056 
0.953666 
0.262656 
0.467079 
0.199544 
0.739688 
0.928031 
0.409289 
0.923116 
0.804724 
0.002104 
0.357635 
0.763148 
0.233584 
0.844048 
0.916189 
0.396748 
0.144215 
0.826685 
0.092543 
0.373487 
0.195094 
0.950825 
0.509157 
0.394340 
0.675954 
0.756341 
0.827961 
0.534643 
0.740107 
0.986445 
0.183509 
0.228676 
0.351103 
0.987112 
0.392763 
0.173441 
0.028974 
0.969358 
0.006409 
0.716386 
0.304190 
0.529175 
0.849297 
0.139054 
0.086659 
0.472739 
0.318544 
0.767780 
0.085758 
0.337041 
0.654693 
0.433396 
0.084227 
0.596989 
0.601723 
0.156492 
0.169145 
0.823071 
0.361319 
0.682760 
0.148214 
0.025472 
0.112174 
0.302129 
0.875116 
0.070227 
0.312725 
0.972170 
0.265658 
0.914728 
0.840474 
0.839390 
0.632790 
0.303166 
0.308064 
0.626418 
0.210518 
0.170975 
0.574606 
0.400784 
0.982441 
0.878220 
0.242824 
0.145237 
0.996095 
0.376794 
0.773265 
0.268007 
0.388587 
0.982531 
0.402945 
0.303172 
0.418502 
0.756147 
0.557219 
0.182986 
0.453093 
0.133863 
0.829020 
0.338240 
0.794407 
0.596691 
0.593911 
0.861220 
0.525264 
0.115058 
0.785719 
0.581959 
0.991904 
0.932278 
0.796749 
0.966960 
0.701805 
0.232731 
0.502500 
0.523240 
0.090012 
0.830220 
0.510980 
0.047168 
0.760835 
0.361698 
0.062503 
0.491596 
0.259913 
0.353712 
0.843377 
0.645443 
0.959581 
0.675328 
0.230352 
0.526713 
0.468215 
0.290328 
0.550927 
0.434408 
0.089589 
0.717663 
0.758343 
0.463990 
0.272844 
0.692941 
0.267723 
0.626648 
0.078411 
0.855866 
0.547704 
0.258433 
0.477144 
0.354573 
0.303737 
0.913555 
0.110713 
0.756975 
0.485488 
0.591496 
0.265185 
0.968991 
0.837986 
0.024821 
0.169055 
0.299849 
0.556226 
0.485717 
0.448988 
0.136356 
0.742616 
0.149609 
0.471866 
0.648649 
0.838467 
0.113335 
0.815412 
0.622311 
0.174318 
0.761746 
0.673262 
0.511991 
0.033176 
0.588559 
0.906356 
0.128224 
0.061917 
0.643715 
0.918781 
0.954821 
0.675629 
0.294443 
0.710220 
0.669968 
0.151440 
0.255731 
0.070717 
0.543733 
0.527036 
0.894221 
0.175773 
0.209594 
0.653570 
0.549752 
0.683626 
0.696675 
0.014465 
0.112418 
0.408311 
0.491043 
0.958570 
0.690940 
0.630951 
0.392357 
0.343072 
0.002826 
0.491677 
0.607574 
0.503142 
0.301833 
0.904910 
0.814027 
0.352417 
0.078041 
0.636634 
0.912818 
0.733545 
0.691161 
0.336596 
0.167363 
0.862235 
0.584589 
0.188781 
0.841035 
0.282116 
0.525705 
0.525738 
0.075783 
0.683071 
0.380721 
0.770642 
0.184855 
0.855429 
0.198101 
0.489268 
0.119966 
0.271386 
0.180894 
0.282939 
0.358429 
0.120929 
0.458102 
0.317390 
0.367252 
0.403477 
0.238828 
0.978123 
0.309894 
0.382891 
0.250328 
0.257614 
0.712845 
0.794263 
0.178750 
0.257340 
0.108139 
0.484307 
0.742594 
0.783021 
0.241869 
0.095357 
0.666288 
0.295934 
0.767124 
0.052487 
0.150980 
0.518097 
0.658016 
0.274681 
0.570308 
0.171747 
0.548699 
0.985239 
0.904861 
0.006565 
0.335739 
0.765740 
0.785224 
0.251400 
0.276373 
0.004017 
0.506027 
0.798580 
0.726775 
0.908250 
0.962842 
0.484346 
0.408329 
0.781894 
0.297391 
0.251529 
0.445804 
0.621201 
0.523313 
0.321898 
0.141150 
0.299905 
0.495234 
0.389539 
0.975545 
0.979185 
0.155761 
0.872784 
0.884919 
0.837379 
0.821239 
0.566990 
0.394669 
0.198631 
0.396545 
0.723568 
0.000234 
0.941187 
0.536278 
0.216940 
0.116134 
0.859882 
0.029133 
0.633744 
0.336391 
0.725458 
0.779152 
0.209178 
0.657813 
0.867065 
0.754275 
0.103252 
0.363959 
0.064535 
0.637216 
0.686576 
0.280285 
0.752046 
0.628945 
0.679857 
0.349142 
0.030389 
0.739959 
0.495758 
0.203197 
0.124124 
0.157169 
0.543176 
0.164429 
0.553643 
0.084884 
0.643276 
0.535126 
0.864740 
0.679694 
0.624532 
0.517127 
0.347933 
0.708031 
0.879302 
0.424670 
0.420837 
0.011564 
0.348072 
0.046394 
0.739643 
0.182835 
0.907253 
0.206758 
0.973763 
0.036826 
0.939749 
0.362971 
0.450703 
0.957470 
0.197410 
0.862938 
0.394932 
0.630289 
0.274467 
0.970445 
0.261486 
0.791070 
0.518658 
0.089738 
0.225466 
0.411797 
0.077381 
0.534616 
0.298825 
0.359798 
0.133022 
0.699637 
0.803189 
0.192350 
0.829123 
0.065245 
0.580428 
0.245114 
0.625272 
0.943664 
0.154115 
0.215295 
0.468467 
0.523353 
0.999787 
0.418207 
0.810492 
0.935060 
0.556574 
0.344428 
0.795663 
0.702077 
0.810272 
0.244794 
0.253322 
0.589722 
0.461408 
0.892594 
0.831612 
0.908490 
0.998619 
0.786331 
0.871193 
0.143522 
0.182104 
0.621388 
0.660779 
0.716560 
0.225132 
0.799391 
0.356436 
0.623991 
0.409471 
0.982342 
0.216118 
0.299681 
0.731752 
0.550279 
0.533050 
0.972946 
0.308772 
0.530936 
0.446231 
0.803249 
0.199972 
0.924733 
0.983662 
0.408962 
0.428629 
0.963634 
0.796867 
0.949818 
0.589658 
0.374741 
0.265324 
0.299442 
0.713623 
0.866006 
0.960187 
0.867366 
0.814179 
0.914043 
0.316865 
0.547826 
0.311548 
0.179721 
0.565560 
0.368795 
0.341247 
0.330940 
0.112281 
0.103258 
0.455528 
0.056656 
0.219486 
0.893119 
0.656963 
0.574526 
0.050955 
0.397044 
0.117090 
0.937271 
0.714266 
0.667311 
0.497746 
0.617817 
0.658299 
0.035438 
0.612222 
0.622422 
0.047998 
0.697455 
0.121027 
0.105474 
0.706416 
0.731521 
0.669746 
0.414631 
0.697253 
0.731161 
0.617145 
0.350792 
0.765280 
0.065136 
0.746420 
0.074454 
0.340885 
0.247699 
0.078002 
0.976449 
0.174237 
0.402197 
0.717932 
0.289051 
0.084159 
0.460679 
0.630262 
0.819763 
0.756491 
0.347872 
0.677056 
0.274932 
0.779971 
0.980309 
0.050612 
0.635498 
0.812055 
0.211625 
0.787998 
0.877378 
0.094588 
0.735654 
0.140818 
0.721057 
0.808325 
0.514534 
0.777956 
0.107642 
0.135848 
0.200142 
0.785388 
0.018295 
0.488304 
0.931599 
0.380417 
0.663858 
0.462714 
0.826644 
0.400520 
0.539184 
0.061295 
0.188860 
0.164490 
0.585167 
0.896899 
0.180346 
0.081164 
0.119398 
0.719412 
0.151994 
0.565675 
0.293519 
0.166409 
0.836617 
0.021924 
0.484420 
0.650303 
0.645033 
0.061576 
0.899614 
0.811476 
0.473438 
0.080505 
0.042683 
0.367088 
0.650254 
0.823412 
0.093038 
0.697285 
0.261976 
0.036088 
0.526165 
0.251828 
0.470247 
0.434273 
0.828504 
0.661441 
0.847129 
0.688976 
0.621352 
0.070256 
0.795831 
0.536757 
0.270986 
0.470072 
0.496505 
0.752044 
0.602860 
0.264409 
0.916603 
0.349499 
0.026757 
0.704790 
0.403491 
0.468023 
0.062249 
0.211754 
0.952004 
0.338875 
0.477385 
0.414431 
0.347497 
0.373995 
0.738797 
0.966478 
0.592763 
0.562755 
0.227278 
0.865851 
0.365519 
0.276000 
0.737317 
0.094456 
0.527413 
0.227742 
0.656979 
0.839002 
0.107430 
0.567697 
0.280998 
0.740525 
0.002050 
0.446027 
0.373123 
0.081260 
0.735332 
0.721143 
0.249684 
0.434363 
0.343329 
0.326488 
0.279661 
0.256610 
0.851223 
0.496607 
0.469478 
0.518165 
0.807522 
0.018853 
0.857611 
0.868523 
0.269461 
0.834690 
0.629913 
0.940720 
0.674643 
0.719524 
0.036357 
0.050464 
0.142549 
0.817322 
0.737136 
0.044176 
0.463711 
0.587048 
0.519962 
0.004824 
0.078313 
0.210795 
0.830787 
0.042129 
0.054014 
0.812338 
0.958608 
0.323405 
0.462686 
0.369654 
0.777533 
0.988815 
0.021442 
0.377100 
0.918641 
0.602981 
0.307216 
0.383913 
0.428277 
0.049591 
0.478030 
0.254469 
0.865569 
0.615187 
0.442420 
0.752931 
0.517133 
0.461157 
0.665212 
0.221498 
0.716128 
0.964461 
0.694112 
0.942535 
0.182253 
0.120746 
0.384961 
0.031808 
0.603412 
0.549425 
0.191549 
0.369223 
0.535668 
0.968842 
0.327130 
0.071629 
0.869588 
0.164525 
0.171119 
0.999559 
0.595214 
0.757891 
0.869696 
0.974733 
0.335366 
0.488162 
0.536127 
0.688835 
0.253657 
0.206285 
0.028918 
0.029646 
0.264187 
0.185350 
0.182850 
0.166979 
0.419795 
0.491985 
0.800104 
0.353290 
0.742528 
0.673336 
0.761964 
0.327934 
0.581382 
0.294876 
0.982013 
0.690443 
0.280505 
0.439306 
0.421686 
0.282118 
0.561746 
0.257252 
0.638292 
0.766929 
0.773849 
0.077695 
0.825313 
0.027450 
0.358050 
0.750053 
0.147033 
0.183779 
0.776313 
0.487508 
0.549259 
0.390320 
0.101016 
0.767537 
0.996324 
0.211981 
0.761740 
0.566463 
0.547334 
0.042949 
0.848858 
0.764634 
0.211167 
0.091084 
0.855789 
0.240027 
0.135563 
0.406279 
0.338630 
