0.000001 
0.014659 
0.370277 
0.248768 
0.051697 
0.873036 
0.110556 
0.114566 
0.513615 
0.322168 
0.679794 
0.299391 
0.866865 
0.398093 
0.753563 
0.133642 
0.128462 
0.062796 
0.418703 
0.137514 
0.195511 
0.951230 
0.325290 
0.153252 
0.707555 
0.870586 
0.937600 
0.250240 
0.790216 
0.166795 
0.329983 
0.030916 
0.596928 
0.574457 
0.901034 
0.681370 
0.782706 
0.932038 
0.756840 
0.213023 
0.279330 
0.703833 
0.316686 
0.542931 
0.035479 
0.294291 
0.140659 
0.051827 
0.056452 
0.785768 
0.398563 
0.644719 
0.791596 
0.351514 
0.900512 
0.903306 
0.867986 
0.247058 
0.310225 
0.946774 
0.436985 
0.415242 
0.971382 
0.014848 
0.548699 
0.980676 
0.218331 
0.488662 
0.942712 
0.162440 
0.132018 
0.824389 
0.498243 
0.974212 
0.580069 
0.216868 
0.907030 
0.455454 
0.807301 
0.316213 
0.593116 
0.501803 
0.809348 
0.720204 
0.476779 
0.226878 
0.134822 
0.948515 
0.696673 
0.984607 
0.295756 
0.774007 
0.740790 
0.451560 
0.361644 
0.155740 
0.523462 
0.827283 
0.149428 
0.431251 
0.034115 
0.370346 
0.409231 
0.948772 
0.007789 
0.917517 
0.709461 
0.905927 
0.909682 
0.024552 
0.653263 
0.390703 
0.552135 
0.735548 
0.351303 
0.342723 
0.140194 
0.244570 
0.483587 
0.651770 
0.290261 
0.424901 
0.303601 
0.618253 
0.971282 
0.339293 
0.492097 
0.681642 
0.352937 
0.818037 
0.751552 
0.333510 
0.305919 
0.577567 
0.161458 
0.630940 
0.209556 
0.014954 
0.329315 
0.800545 
0.763210 
0.273427 
0.480732 
0.661718 
0.487876 
0.730447 
0.620017 
0.628432 
0.055229 
0.232759 
0.987751 
0.129180 
0.131199 
0.055700 
0.145234 
0.954639 
0.621130 
0.331874 
0.798258 
0.320530 
0.155721 
0.207613 
0.356767 
0.185440 
0.687877 
0.146715 
0.834464 
0.829655 
0.005393 
0.642739 
0.516316 
0.716119 
0.819399 
0.641209 
0.797888 
0.102057 
0.280001 
0.976442 
0.059847 
0.845885 
0.790543 
0.658723 
0.158217 
0.153212 
0.026152 
0.533061 
0.160224 
0.876504 
0.410691 
0.485238 
0.390473 
0.674341 
0.655354 
0.537472 
0.292658 
0.694936 
0.784846 
0.911235 
0.119585 
0.865690 
0.658206 
0.461250 
0.233053 
0.923521 
0.619113 
0.428089 
0.889248 
0.598414 
0.536130 
0.731747 
0.475349 
0.190266 
0.807592 
0.192409 
0.817405 
0.130981 
0.398093 
0.749172 
0.340943 
0.233876 
0.760072 
0.536283 
0.301410 
0.803481 
0.108124 
0.240007 
0.790537 
0.562889 
0.478001 
0.766041 
0.855286 
0.798239 
0.004987 
0.815179 
0.712233 
0.500748 
0.075962 
0.691403 
0.401878 
0.366809 
0.957164 
0.057215 
0.605979 
0.687027 
0.855295 
0.941047 
0.175007 
0.345493 
0.701190 
0.904529 
0.424235 
0.114515 
0.646367 
0.488326 
0.298436 
0.819623 
0.396520 
0.311697 
0.692596 
0.455502 
0.614435 
0.808304 
0.169994 
0.089909 
0.094543 
0.981091 
0.188049 
0.545128 
0.973156 
0.826874 
0.265925 
0.395059 
0.751901 
0.195766 
0.239212 
0.432498 
0.997624 
0.069684 
0.179524 
0.267239 
0.477974 
0.301077 
0.195293 
0.286048 
0.600649 
0.113604 
0.346973 
0.580099 
0.723133 
0.691932 
0.296930 
0.508385 
0.430500 
0.406002 
0.676892 
0.531289 
0.366809 
0.956139 
0.825764 
0.621682 
0.603859 
0.062787 
0.257393 
0.012162 
0.414215 
0.713361 
0.459760 
0.185463 
0.070970 
0.789907 
0.959380 
0.294962 
0.428897 
0.475951 
0.303235 
0.465145 
0.699168 
0.923772 
0.841079 
0.014054 
0.202728 
0.246680 
0.953421 
0.140649 
0.881744 
0.477240 
0.970906 
0.013896 
0.547116 
0.370559 
0.977915 
0.812485 
0.433815 
0.121972 
0.979910 
0.353627 
0.407873 
0.115880 
0.586989 
0.526780 
0.596433 
0.251716 
0.591754 
0.602825 
0.683465 
0.998127 
0.522038 
0.886114 
0.925524 
0.282049 
0.393206 
0.613180 
0.718845 
0.633032 
0.363165 
0.719503 
0.687755 
0.094304 
0.970288 
0.623146 
0.218847 
0.164098 
0.002415 
0.594830 
0.299453 
0.913853 
0.128778 
0.366750 
0.972341 
0.131181 
0.765866 
0.906326 
0.622742 
0.430794 
0.362770 
0.082711 
0.117258 
0.758661 
0.823816 
0.874752 
0.953004 
0.141370 
0.007052 
0.525494 
0.984924 
0.618133 
0.967599 
0.429386 
0.684325 
0.450817 
0.883117 
0.544031 
0.530043 
0.425292 
0.877986 
0.306426 
0.110086 
0.209612 
0.954541 
0.966933 
0.241896 
0.546148 
0.111347 
0.406887 
0.556073 
0.912595 
0.981153 
0.240946 
0.586843 
0.068361 
0.946422 
0.507908 
0.412314 
0.758209 
0.223856 
0.343282 
0.537175 
0.299113 
0.193051 
0.609468 
0.322412 
0.778659 
0.927486 
0.264231 
0.938435 
0.274977 
0.533502 
0.570089 
0.486638 
0.928850 
0.174440 
0.821044 
0.290691 
0.651183 
0.431838 
0.902368 
0.104340 
0.648776 
0.982814 
0.151908 
0.117640 
0.171956 
0.069697 
0.389209 
0.427658 
0.655766 
0.455411 
0.095118 
0.640568 
0.020007 
0.257099 
0.056278 
0.872167 
0.510793 
0.895372 
0.520483 
0.764370 
0.774626 
0.133582 
0.111191 
0.781094 
0.838924 
0.793366 
0.109992 
0.636191 
0.466075 
0.317354 
0.760724 
0.487972 
0.337568 
0.510199 
0.914529 
0.483869 
0.386660 
0.599786 
0.599986 
0.964213 
0.534749 
0.527337 
0.955746 
0.214885 
0.572802 
0.077438 
0.506902 
0.501322 
0.720185 
0.156211 
0.439075 
0.540825 
0.639112 
0.550629 
0.416335 
0.348276 
0.475204 
0.760007 
0.430542 
0.116550 
0.861140 
0.182885 
0.753636 
0.360856 
0.911332 
0.755343 
0.052639 
0.704176 
0.090723 
0.782276 
0.707219 
0.226169 
0.227103 
0.913847 
0.021823 
0.771338 
0.870008 
0.218479 
0.968799 
0.610086 
0.711017 
0.065574 
0.098088 
0.569595 
0.177867 
0.414521 
0.851396 
0.412289 
0.346300 
0.258528 
0.079569 
0.322082 
0.226641 
0.152115 
0.604272 
0.993499 
0.729524 
0.105680 
0.166391 
0.535357 
0.737845 
0.968753 
0.830775 
0.835763 
0.665616 
0.011202 
0.271929 
0.316889 
0.946861 
0.897214 
0.472678 
0.301186 
0.039162 
0.194321 
0.947743 
0.708735 
0.709806 
0.707520 
0.293579 
0.182632 
0.492256 
0.350590 
0.369450 
0.345012 
0.619540 
0.616812 
0.767640 
0.732588 
0.607205 
0.291258 
0.180930 
0.893419 
0.700518 
0.602876 
0.544342 
0.760209 
0.840663 
0.024676 
0.723338 
0.135667 
0.159856 
0.695442 
0.285598 
0.047506 
0.441183 
0.962181 
0.382931 
0.922746 
0.589758 
0.055313 
0.637647 
0.941487 
0.573751 
0.040430 
0.504186 
0.851895 
0.792562 
0.589861 
0.791796 
0.715930 
0.627954 
0.030422 
0.303998 
0.292612 
0.923162 
0.580482 
0.159202 
0.712776 
0.622875 
0.654923 
0.297556 
0.025593 
0.146349 
0.683258 
0.521223 
0.201966 
0.443703 
0.311166 
0.772992 
0.679884 
0.807204 
0.674053 
0.808257 
0.370679 
0.004068 
0.367382 
0.584467 
0.137325 
0.024470 
0.259457 
0.694475 
0.044700 
0.274903 
0.301225 
0.682270 
0.917448 
0.548278 
0.907375 
0.259239 
0.021779 
0.043783 
0.854146 
0.636517 
0.935235 
0.502161 
0.827138 
0.703961 
0.476279 
0.817115 
0.256875 
0.294393 
0.866616 
0.211784 
0.453761 
0.358011 
0.090197 
0.933039 
0.587854 
0.066390 
0.816187 
0.662341 
0.964637 
0.659007 
0.928968 
0.168881 
0.384824 
0.728578 
0.216202 
0.703551 
0.585575 
0.766158 
0.817764 
0.161692 
0.550738 
0.253059 
0.162549 
0.954638 
0.607567 
0.376887 
0.334235 
0.479852 
0.870099 
0.751343 
0.828447 
0.712886 
0.467206 
0.323926 
0.225363 
0.681082 
0.942448 
0.729272 
0.867302 
0.745684 
0.717517 
0.300252 
0.338565 
0.264460 
0.776807 
0.799331 
0.363325 
0.399440 
0.383322 
0.491151 
0.783061 
0.911650 
0.099266 
0.369761 
0.574224 
0.987302 
0.579653 
0.229235 
0.760567 
0.844427 
0.292716 
0.678100 
0.824868 
0.563019 
0.666458 
0.151589 
0.749110 
0.300028 
0.576516 
0.496615 
0.610087 
0.726067 
0.012740 
0.127123 
0.553798 
0.689265 
0.473036 
0.318193 
0.869140 
0.633288 
0.672967 
0.554064 
0.159765 
0.173001 
0.634284 
0.410996 
0.606970 
0.349789 
0.909292 
0.474688 
0.072979 
0.563374 
0.632679 
0.432859 
0.065142 
0.844547 
0.295241 
0.120414 
0.803053 
0.913624 
0.286727 
0.019635 
0.008017 
0.736269 
0.468581 
0.433207 
0.903152 
0.273772 
0.284885 
0.058471 
0.728896 
0.548033 
0.794791 
0.045401 
0.048283 
0.489760 
0.391765 
0.401203 
0.024396 
0.028471 
0.510392 
0.150388 
0.571604 
0.940754 
0.248730 
0.410897 
0.953556 
0.413591 
0.217715 
0.130517 
0.600869 
0.807752 
0.892968 
0.115044 
0.547852 
0.753964 
0.879347 
0.178818 
0.402103 
0.140410 
0.874784 
0.497391 
0.646838 
0.402053 
0.311371 
0.208424 
0.981216 
0.297013 
0.901362 
0.183722 
0.819273 
0.520623 
0.108039 
0.817587 
0.192156 
0.562396 
0.192475 
0.918943 
0.680049 
0.580376 
0.379290 
0.731307 
0.082474 
0.148671 
0.708588 
0.232643 
0.024506 
0.875024 
0.536126 
0.670107 
0.483730 
0.042749 
0.479153 
0.117647 
0.294854 
0.607584 
0.659583 
0.610680 
0.699695 
0.771514 
0.836726 
0.853217 
0.011468 
0.739644 
0.189401 
0.267458 
0.159623 
0.781224 
0.028538 
0.646506 
0.833404 
0.018200 
0.887154 
0.404749 
0.621181 
0.185269 
0.810215 
0.280468 
0.824756 
0.679948 
0.885404 
0.977437 
0.775469 
0.306104 
0.682530 
0.279686 
0.686020 
0.935045 
0.293820 
0.226266 
0.858181 
0.441198 
0.215811 
0.128031 
0.824422 
0.064583 
0.443175 
0.447999 
0.516365 
0.542631 
0.999054 
0.096865 
0.003720 
0.518932 
0.683832 
0.170182 
0.247136 
0.622120 
0.968512 
0.779118 
0.643606 
0.079553 
0.048456 
0.402492 
0.678841 
0.278359 
0.385344 
0.478451 
0.331808 
0.698160 
0.974416 
0.004818 
0.969120 
0.995575 
0.625332 
0.955488 
0.885518 
0.893770 
0.592123 
0.802875 
0.919232 
0.534370 
0.156547 
0.091592 
0.392933 
0.027014 
0.021909 
0.225884 
0.431010 
0.978819 
0.013118 
0.466693 
0.713715 
0.401586 
0.463448 
0.165212 
0.721964 
0.042626 
0.422978 
0.983795 
0.642185 
0.210324 
0.919901 
0.777411 
0.949945 
0.717640 
0.367799 
0.596823 
0.811661 
0.592708 
0.649809 
0.344291 
0.505017 
0.827630 
0.977756 
0.148232 
0.339975 
0.958190 
0.302001 
0.730667 
0.321663 
0.187628 
0.460073 
0.444305 
0.440797 
0.474497 
0.870374 
0.379702 
0.645599 
0.588325 
0.982222 
0.212787 
0.308974 
0.926219 
0.958710 
0.037755 
0.552104 
0.204270 
0.171630 
0.586636 
0.593289 
0.406192 
0.877142 
0.122087 
0.916686 
0.746983 
0.545746 
0.346726 
0.429697 
0.918703 
0.633519 
0.545470 
0.714713 
0.184398 
0.175577 
0.928890 
0.854309 
0.377162 
0.969425 
0.129493 
0.388985 
0.667925 
0.823106 
0.947866 
0.782292 
0.989085 
0.559609 
0.352781 
0.198348 
0.633878 
0.586433 
0.181861 
0.531257 
0.828856 
0.574733 
0.538338 
0.846214 
0.315029 
0.684155 
0.598653 
0.566984 
0.296464 
0.662466 
0.060962 
0.581712 
0.836939 
0.441317 
0.220433 
0.822473 
0.304833 
0.333423 
0.845064 
0.997107 
0.383228 
0.914615 
0.942556 
0.531152 
0.075342 
0.270224 
0.654690 
0.366856 
0.749952 
0.440540 
0.158301 
0.569440 
0.578143 
0.849744 
0.653496 
0.304718 
0.389212 
0.490809 
0.034178 
0.434756 
0.943032 
0.539406 
0.801681 
0.860107 
0.815679 
0.114866 
0.547770 
0.373635 
0.691190 
0.823748 
0.736986 
0.515515 
0.262051 
0.285474 
0.955588 
0.574252 
0.460007 
0.330519 
0.035091 
0.769885 
0.452800 
0.208611 
0.125875 
0.574903 
0.386635 
0.182679 
0.293567 
0.978567 
0.775968 
0.697419 
0.525910 
0.972064 
0.477716 
0.975489 
0.049013 
0.758102 
0.424636 
0.858090 
0.918445 
0.302985 
0.267308 
0.644204 
0.141501 
0.211169 
0.118156 
0.844998 
0.878837 
0.606369 
0.248154 
0.718456 
0.084435 
0.092003 
0.300236 
0.069620 
0.099908 
0.155515 
0.746198 
0.349978 
0.085961 
0.742130 
0.984021 
0.441371 
0.124974 
0.433876 
0.145551 
0.281070 
0.951296 
0.424026 
0.611792 
0.383132 
0.303957 
0.597293 
0.711450 
0.336842 
0.305532 
0.073102 
0.631884 
0.070085 
0.919515 
0.295010 
0.225395 
0.208188 
0.012480 
0.747721 
0.953687 
0.619124 
0.618716 
0.755154 
0.877246 
0.877393 
0.343349 
0.664250 
0.055984 
0.915500 
0.814966 
0.132272 
0.091082 
0.822667 
0.572108 
0.413839 
0.398921 
0.667681 
0.721831 
0.806132 
0.658487 
0.184503 
0.945886 
0.513492 
0.266979 
0.119703 
0.852993 
0.259522 
0.787083 
0.509152 
0.311514 
0.611542 
0.185216 
0.933615 
0.258969 
0.495039 
0.113272 
0.758210 
0.234813 
0.496185 
0.384626 
0.409298 
0.067183 
0.152328 
0.184875 
0.189263 
0.942455 
0.834286 
0.841343 
0.457898 
0.884987 
0.971044 
0.332927 
0.509120 
0.783578 
0.598505 
0.072603 
0.230315 
0.912202 
0.384166 
0.671640 
0.259869 
0.616461 
0.852197 
0.868487 
0.658504 
0.468796 
0.056041 
0.876821 
0.733021 
0.889602 
0.545437 
0.155206 
0.547924 
0.951094 
0.030959 
0.324507 
0.984932 
0.749812 
0.090884 
0.488932 
0.472795 
0.259587 
0.871427 
0.069699 
0.428904 
0.587320 
0.085960 
0.728880 
0.290546 
0.201561 
0.630300 
0.458943 
0.447649 
0.634535 
0.633330 
0.375211 
0.176719 
0.114115 
0.932039 
0.772963 
0.180867 
0.826294 
0.523104 
0.817195 
0.598854 
0.947388 
0.755607 
0.491255 
0.519193 
0.070731 
0.783494 
0.187176 
0.863267 
0.922564 
0.533913 
0.468243 
0.761570 
0.704227 
0.942068 
0.331332 
0.698562 
0.728870 
0.114421 
0.075176 
0.488130 
0.996374 
0.053738 
0.177006 
0.941287 
0.203623 
0.290402 
0.785185 
0.601287 
0.826925 
0.136718 
0.815519 
0.422469 
0.444044 
0.053115 
0.707406 
0.369803 
0.273542 
0.414823 
0.937612 
0.453123 
0.644298 
0.723563 
0.917353 
0.956011 
0.675916 
0.112043 
0.111090 
0.082098 
0.826647 
0.456392 
0.587453 
0.327690 
0.492151 
0.589798 
0.734798 
0.748414 
0.595560 
0.578205 
0.891982 
0.540743 
0.265474 
0.827281 
0.103816 
0.829022 
0.366297 
0.357377 
0.441772 
0.854634 
0.831766 
0.493947 
0.770007 
0.515729 
0.859574 
0.865936 
0.787226 
0.904443 
0.977726 
0.642821 
0.892692 
0.477693 
0.593782 
0.688009 
0.375328 
0.140402 
0.734387 
0.841009 
0.842963 
0.677337 
0.999899 
0.299580 
0.047846 
0.142857 
0.003137 
0.727862 
0.175505 
0.710324 
0.420695 
0.628497 
0.143885 
0.270628 
0.443674 
0.821181 
0.586690 
0.497477 
0.098394 
0.715620 
0.430478 
0.048392 
0.320739 
0.657302 
0.266331 
0.222760 
0.923663 
0.012033 
0.238351 
0.972115 
0.334899 
0.651736 
0.721926 
0.413801 
0.756314 
0.362973 
0.480036 
0.961100 
0.206157 
0.883632 
0.206538 
0.289320 
0.597689 
0.355403 
0.264415 
0.020044 
0.884445 
0.862300 
0.683584 
0.988068 
0.451589 
0.850941 
0.766717 
0.212600 
0.174881 
0.224343 
0.540621 
0.216476 
0.313580 
0.341228 
0.013933 
0.174172 
0.309682 
0.831934 
0.319705 
0.277643 
0.350940 
0.241606 
0.673607 
0.315205 
0.645395 
0.156940 
0.685927 
0.370929 
0.203784 
0.991415 
0.712015 
0.843267 
0.784505 
0.167392 
0.353027 
0.319284 
0.198536 
0.790808 
0.115574 
0.456280 
0.693621 
0.682178 
0.360681 
0.972225 
0.185922 
0.785547 
0.692284 
0.215153 
0.068401 
0.619090 
0.049261 
0.934151 
0.278398 
0.035144 
0.666388 
0.974894 
0.042663 
0.039836 
0.529181 
0.942470 
0.096422 
0.568019 
0.702559 
0.912505 
0.476894 
0.151914 
0.221496 
0.678405 
0.952322 
0.676459 
0.248899 
0.244168 
0.737468 
0.629910 
0.903873 
0.394736 
0.329667 
0.711536 
0.782310 
0.282700 
0.331269 
0.642049 
0.916697 
0.929557 
0.059267 
0.107683 
0.819975 
0.312817 
0.513417 
0.002277 
0.270828 
0.810953 
0.691454 
0.265354 
0.799437 
0.136757 
0.467620 
0.282515 
0.235095 
0.240757 
0.406394 
0.268167 
0.078009 
0.101898 
0.593443 
0.999906 
0.420897 
0.015100 
0.780957 
0.538832 
0.152809 
0.261852 
0.948920 
0.502672 
0.402084 
0.818465 
0.936331 
0.916857 
0.615011 
0.488975 
0.206282 
0.981091 
0.202223 
0.760063 
0.374394 
0.442263 
0.107392 
0.930145 
0.949701 
0.619768 
0.445003 
0.161333 
0.519887 
0.732734 
0.057766 
0.877331 
0.296995 
0.588127 
0.646827 
0.227463 
0.966393 
0.164896 
0.414073 
0.325481 
0.359833 
0.712424 
0.705169 
0.776401 
0.978917 
0.653243 
0.051728 
0.387455 
0.957833 
0.296789 
0.128136 
0.579916 
0.648152 
0.494970 
0.965840 
0.871553 
0.182920 
0.341694 
0.847182 
0.584031 
0.808956 
0.117324 
0.859519 
0.929096 
0.319372 
0.680561 
0.180984 
0.806201 
0.821211 
0.095999 
0.450578 
0.870342 
0.831605 
0.791220 
0.036401 
0.796184 
0.457616 
0.159237 
0.297656 
0.704858 
0.551862 
0.139215 
0.786780 
0.404261 
0.421517 
0.439244 
0.380967 
0.913202 
0.188421 
0.797310 
0.382129 
0.450168 
0.968963 
0.363105 
0.706450 
0.304920 
0.785794 
0.838561 
0.699168 
0.922810 
0.661931 
0.074599 
0.788762 
0.716310 
0.021441 
0.354161 
0.381384 
0.923782 
0.003680 
0.843140 
0.658902 
0.161821 
0.725545 
0.236704 
0.280691 
0.570598 
0.033033 
0.193502 
0.186277 
0.765105 
0.113946 
0.082653 
0.152744 
0.173189 
0.779514 
0.291144 
0.251433 
0.830206 
0.275594 
0.916652 
0.175165 
0.000331 
0.555071 
0.075108 
0.346035 
0.818488 
0.324676 
0.821905 
0.751098 
0.708521 
0.116602 
0.735917 
0.556079 
0.027314 
0.062052 
0.903759 
0.480477 
0.370527 
0.450175 
0.087893 
0.211334 
0.884926 
0.952324 
0.716734 
0.142357 
0.589156 
0.951047 
0.250114 
0.667846 
0.486331 
0.767500 
0.370840 
0.711952 
0.784390 
0.247920 
0.789720 
0.824778 
0.043131 
0.896462 
0.842413 
0.434841 
0.369756 
0.483571 
0.385102 
0.403206 
0.684757 
0.717656 
0.640172 
0.374926 
0.388084 
0.534600 
0.015206 
0.561894 
0.751751 
0.677506 
0.851272 
0.330397 
0.979276 
0.686771 
0.557976 
0.909258 
0.893486 
0.813756 
0.800938 
0.356582 
0.072275 
0.718047 
0.217257 
0.443637 
0.210724 
0.639215 
0.282346 
0.388104 
0.871102 
0.613945 
0.568327 
0.872823 
0.537646 
0.220447 
0.060716 
0.446642 
0.715036 
0.613730 
0.964581 
0.719819 
0.999778 
0.263402 
0.993042 
0.061787 
0.456965 
0.208472 
0.782957 
0.159568 
0.866173 
0.761887 
0.027841 
0.918629 
0.405569 
0.398048 
0.995266 
0.437349 
0.528795 
0.451514 
0.601070 
0.181951 
0.042646 
0.748813 
0.296529 
0.758564 
0.191267 
0.618296 
0.705216 
0.558451 
0.892397 
0.515063 
0.666160 
0.153654 
0.454527 
0.230064 
0.684969 
0.273269 
0.835779 
0.940063 
0.646819 
0.083763 
0.801065 
0.495576 
0.139001 
0.186235 
0.050213 
0.926225 
0.070103 
0.215094 
0.082654 
0.171598 
0.047720 
0.032735 
0.179311 
0.687708 
0.302886 
0.606075 
0.301755 
0.600207 
0.675517 
0.411575 
0.349149 
0.141554 
0.102702 
0.113754 
0.869670 
0.549965 
0.253452 
0.764905 
0.758867 
0.279792 
0.462778 
0.906784 
0.325275 
0.896516 
0.741952 
0.993597 
0.378673 
0.353784 
0.053068 
0.915205 
0.851811 
0.391618 
0.931170 
0.172307 
0.966365 
0.694156 
0.679192 
0.176562 
0.471698 
0.828628 
0.748030 
0.136825 
0.623927 
0.333025 
0.143423 
0.504498 
0.101886 
0.393151 
0.684832 
0.969491 
0.240924 
0.201817 
0.935336 
0.186991 
0.756018 
0.395302 
0.842079 
0.816916 
0.914671 
0.871193 
0.147404 
0.424847 
0.401627 
0.151245 
0.969110 
0.828889 
0.133520 
0.073336 
0.555008 
0.017148 
0.199372 
0.846639 
0.458492 
0.879518 
0.067250 
0.264346 
0.863041 
0.127072 
0.705099 
0.599981 
0.876292 
0.839237 
0.057148 
0.480163 
0.107740 
0.785302 
0.578220 
0.140673 
0.285499 
0.380192 
0.893873 
0.315552 
0.476126 
0.256022 
0.962621 
0.764363 
0.656095 
0.993780 
0.468586 
0.524846 
0.079113 
0.656490 
0.619279 
0.230054 
0.522008 
0.393445 
0.621760 
0.927017 
0.367401 
0.915585 
0.238066 
0.174441 
0.829238 
0.010756 
0.769955 
0.638526 
0.709666 
0.354608 
0.904489 
0.754172 
0.375245 
0.741102 
0.698631 
0.898638 
0.409926 
0.624658 
0.630098 
0.051514 
0.788523 
0.700569 
0.456193 
0.240921 
0.164094 
0.923197 
0.169338 
0.062382 
0.457218 
0.458801 
0.061866 
0.786735 
0.662517 
0.927646 
0.944833 
0.814714 
0.898276 
0.331537 
0.143808 
0.978588 
0.133305 
0.449750 
0.953711 
0.019787 
0.564242 
0.214019 
0.012100 
0.363345 
0.739934 
0.066333 
0.856299 
0.815701 
0.483081 
0.137627 
0.092834 
0.262596 
0.456734 
0.328784 
0.870619 
0.489250 
0.822775 
0.386957 
0.579994 
0.961480 
0.588123 
0.583747 
0.032890 
0.787496 
0.444833 
0.310139 
0.514439 
0.180226 
0.062806 
0.576138 
0.151660 
0.952172 
0.157284 
0.471038 
0.736244 
0.057054 
0.913230 
0.664100 
0.532535 
0.318007 
0.746536 
0.028886 
0.483491 
0.031179 
0.023546 
0.742044 
0.538084 
0.571936 
0.530488 
0.904702 
0.332905 
0.133478 
0.364361 
0.809856 
0.242221 
0.001221 
0.528136 
0.383721 
0.201825 
0.070278 
0.161534 
0.902983 
0.440877 
0.814786 
0.111207 
0.057944 
0.856642 
0.576034 
0.399759 
0.744447 
0.928332 
0.473607 
0.921218 
0.919032 
0.164069 
0.512688 
0.749274 
0.052022 
0.340498 
0.751664 
0.214625 
0.202526 
0.850388 
0.472567 
0.433055 
0.363746 
0.470729 
0.537203 
0.767466 
0.808907 
0.298764 
0.322257 
0.168448 
0.102074 
0.555200 
0.239686 
0.409791 
0.360474 
0.484912 
0.920592 
0.388057 
0.073251 
0.125670 
0.139361 
0.243774 
0.114395 
0.645156 
0.144360 
0.261946 
0.522240 
0.281146 
0.228794 
0.337185 
0.068534 
0.844166 
0.900119 
0.305278 
0.804154 
0.424577 
0.857857 
0.994507 
0.675992 
0.404498 
0.392961 
0.500611 
0.768083 
0.170746 
0.726443 
0.322657 
0.890360 
0.277554 
0.854326 
0.664993 
0.534660 
0.026427 
0.164887 
0.248616 
0.485102 
0.107716 
0.389985 
0.473003 
0.760243 
0.408685 
0.774263 
0.046412 
0.044942 
0.340413 
0.315267 
0.689754 
0.690927 
0.415726 
0.103183 
0.196711 
0.124198 
0.392648 
0.229950 
0.776196 
0.522119 
0.253749 
0.759389 
0.045286 
0.127809 
0.089616 
0.179779 
0.538581 
0.935844 
0.728534 
0.467242 
0.931839 
0.423057 
0.324483 
0.591445 
0.424438 
0.522100 
0.936249 
0.534399 
0.648576 
0.609257 
0.788329 
0.443508 
0.032591 
0.752010 
0.031942 
0.845839 
0.019560 
0.739675 
0.722322 
0.070066 
0.592827 
0.644657 
0.748036 
0.234381 
0.242456 
0.953366 
0.217317 
0.448113 
0.428143 
0.804292 
0.733528 
0.399190 
0.187871 
0.555213 
0.460414 
0.170030 
0.697376 
0.794583 
0.554989 
0.693989 
0.872562 
0.147280 
0.335895 
0.387519 
0.023487 
0.745098 
0.860017 
0.299179 
0.300733 
0.415699 
0.654873 
0.449131 
0.540132 
0.995791 
0.257057 
0.356085 
