0.000001 
0.013907 
0.742650 
0.710658 
0.021284 
0.727381 
0.090474 
0.598283 
0.342602 
0.109713 
0.949276 
0.483192 
0.002893 
0.625420 
0.434640 
0.001325 
0.277244 
0.632456 
0.679677 
0.329611 
0.778656 
0.872577 
0.395110 
0.611494 
0.385651 
0.638564 
0.352438 
0.421611 
0.013996 
0.230857 
0.015686 
0.640116 
0.425917 
0.378970 
0.344441 
0.017509 
0.272220 
0.198735 
0.141434 
0.073434 
0.206818 
0.988100 
0.991859 
0.167532 
0.713319 
0.748507 
0.162814 
0.414894 
0.124567 
0.605611 
0.503068 
0.061220 
0.929346 
0.525169 
0.509455 
0.413868 
0.883295 
0.541390 
0.135221 
0.662797 
0.622810 
0.568545 
0.537184 
0.450819 
0.921536 
0.263033 
0.796569 
0.938789 
0.232354 
0.177072 
0.052107 
0.756507 
0.620597 
0.374359 
0.853594 
0.361119 
0.320231 
0.121378 
0.999239 
0.210844 
0.653480 
0.031343 
0.774272 
0.196905 
0.385070 
0.875153 
0.698654 
0.270962 
0.057121 
0.036651 
0.992824 
0.387299 
0.333894 
0.754096 
0.087369 
0.408836 
0.309232 
0.267529 
0.364406 
0.576793 
0.156232 
0.789165 
0.489164 
0.376384 
0.888330 
0.160399 
0.830599 
0.874977 
0.736522 
0.717368 
0.799172 
0.676070 
0.716041 
0.495498 
0.840504 
0.357191 
0.304391 
0.906888 
0.059442 
0.039613 
0.769244 
0.689828 
0.943139 
0.330291 
0.199129 
0.759169 
0.349417 
0.643501 
0.321500 
0.452030 
0.267756 
0.182407 
0.708285 
0.145401 
0.752222 
0.592729 
0.987924 
0.039815 
0.166147 
0.430629 
0.587947 
0.623000 
0.761485 
0.271688 
0.265326 
0.333158 
0.378415 
0.013734 
0.824956 
0.028624 
0.090354 
0.582249 
0.866065 
0.956742 
0.968543 
0.306671 
0.211291 
0.167506 
0.277899 
0.643664 
0.060714 
0.414805 
0.619314 
0.811280 
0.175845 
0.422697 
0.273808 
0.885903 
0.371374 
0.684008 
0.126264 
0.122020 
0.797156 
0.792540 
0.226827 
0.279955 
0.207454 
0.682935 
0.089347 
0.663181 
0.081044 
0.104405 
0.737401 
0.494531 
0.585409 
0.975040 
0.496379 
0.635637 
0.154190 
0.473181 
0.747928 
0.433158 
0.083590 
0.899673 
0.806755 
0.133957 
0.409328 
0.579959 
0.376670 
0.689980 
0.487256 
0.319083 
0.821215 
0.157553 
0.995282 
0.706201 
0.114893 
0.005542 
0.150402 
0.802090 
0.728615 
0.825469 
0.657283 
0.948698 
0.761628 
0.681662 
0.696429 
0.880021 
0.513538 
0.029150 
0.927202 
0.477295 
0.902619 
0.324499 
0.849512 
0.751464 
0.851994 
0.465699 
0.001286 
0.608786 
0.858432 
0.673503 
0.563194 
0.596141 
0.349513 
0.267394 
0.097162 
0.000332 
0.583629 
0.056497 
0.549856 
0.432819 
0.392325 
0.803976 
0.416903 
0.885873 
0.869187 
0.430294 
0.955160 
0.377655 
0.254600 
0.057390 
0.561983 
0.246533 
0.474277 
0.178574 
0.295043 
0.792251 
0.358645 
0.750361 
0.318126 
0.751926 
0.614031 
0.013224 
0.247732 
0.636625 
0.749153 
0.015319 
0.472663 
0.045037 
0.938894 
0.987731 
0.787575 
0.769822 
0.394597 
0.984276 
0.730261 
0.490565 
0.928465 
0.711096 
0.391009 
0.680199 
0.108935 
0.870959 
0.210013 
0.684397 
0.653268 
0.480425 
0.501338 
0.994961 
0.316415 
0.986332 
0.288306 
0.564050 
0.988701 
0.105766 
0.609621 
0.892717 
0.892890 
0.804980 
0.305957 
0.223477 
0.975114 
0.738181 
0.604944 
0.295057 
0.030963 
0.392721 
0.468293 
0.605800 
0.685434 
0.088173 
0.921063 
0.300461 
0.856299 
0.817172 
0.212185 
0.191427 
0.319059 
0.422837 
0.621061 
0.173172 
0.497186 
0.196974 
0.545040 
0.485347 
0.230272 
0.182965 
0.087680 
0.634534 
0.616527 
0.963580 
0.892092 
0.392282 
0.080780 
0.667589 
0.176076 
0.303747 
0.073721 
0.031548 
0.219894 
0.760437 
0.673009 
0.264933 
0.737062 
0.804416 
0.825767 
0.659170 
0.669864 
0.412280 
0.191525 
0.967230 
0.228718 
0.057073 
0.221754 
0.015247 
0.249941 
0.764858 
0.963802 
0.618970 
0.029307 
0.557183 
0.567161 
0.270695 
0.573480 
0.484739 
0.015397 
0.771871 
0.844020 
0.444799 
0.744230 
0.280054 
0.870589 
0.989067 
0.242735 
0.650815 
0.250063 
0.807337 
0.906525 
0.962325 
0.788835 
0.954199 
0.221854 
0.692367 
0.614100 
0.184956 
0.559222 
0.843042 
0.012304 
0.795036 
0.166203 
0.376798 
0.848844 
0.528427 
0.269183 
0.166855 
0.336157 
0.792035 
0.728360 
0.552717 
0.522610 
0.512283 
0.932655 
0.137768 
0.461367 
0.201111 
0.073417 
0.911459 
0.883513 
0.202604 
0.170204 
0.610546 
0.447775 
0.746043 
0.739344 
0.157508 
0.230411 
0.518165 
0.806755 
0.128149 
0.808289 
0.920810 
0.058272 
0.376689 
0.019540 
0.411977 
0.103595 
0.119620 
0.453153 
0.147659 
0.707945 
0.429256 
0.497896 
0.133557 
0.691071 
0.832626 
0.945228 
0.454285 
0.164688 
0.907069 
0.111076 
0.859352 
0.129659 
0.173317 
0.946049 
0.239346 
0.694749 
0.652976 
0.566091 
0.293408 
0.301049 
0.725578 
0.782617 
0.436027 
0.308637 
0.255686 
0.306613 
0.246401 
0.268219 
0.964541 
0.044850 
0.786315 
0.593600 
0.629715 
0.616931 
0.759858 
0.939635 
0.453180 
0.599640 
0.146748 
0.392218 
0.001664 
0.974285 
0.803041 
0.706257 
0.061492 
0.501018 
0.614121 
0.535546 
0.925980 
0.939055 
0.703614 
0.636203 
0.661914 
0.787426 
0.272701 
0.290223 
0.772150 
0.525918 
0.111960 
0.715679 
0.420624 
0.420121 
0.972471 
0.320092 
0.780605 
0.625259 
0.726239 
0.902823 
0.743839 
0.709152 
0.716731 
0.094632 
0.471724 
0.269792 
0.401610 
0.853232 
0.273213 
0.889430 
0.653797 
0.362470 
0.027111 
0.652251 
0.388683 
0.598097 
0.222401 
0.887412 
0.730634 
0.765897 
0.426216 
0.414933 
0.781137 
0.573734 
0.744757 
0.138088 
0.838427 
0.449228 
0.176399 
0.732696 
0.417374 
0.797816 
0.891506 
0.541082 
0.967626 
0.892041 
0.540671 
0.059439 
0.985665 
0.079271 
0.302342 
0.467779 
0.965723 
0.913458 
0.480629 
0.934923 
0.253376 
0.483368 
0.972210 
0.930704 
0.338276 
0.402727 
0.634350 
0.528789 
0.360024 
0.924327 
0.155734 
0.422604 
0.699807 
0.663641 
0.807001 
0.262726 
0.643312 
0.145262 
0.419166 
0.915007 
0.530167 
0.518188 
0.187140 
0.259267 
0.493764 
0.693172 
0.144312 
0.450023 
0.529022 
0.273811 
0.946808 
0.998441 
0.804626 
0.341591 
0.116662 
0.737544 
0.893744 
0.152054 
0.564585 
0.987570 
0.096102 
0.187555 
0.235504 
0.121208 
0.142849 
0.864305 
0.379038 
0.492694 
0.715634 
0.662671 
0.511490 
0.619438 
0.889415 
0.404730 
0.303900 
0.643337 
0.570453 
0.604120 
0.440952 
0.074534 
0.696662 
0.801815 
0.099176 
0.856102 
0.508308 
0.139963 
0.350888 
0.381684 
0.959135 
0.180429 
0.462150 
0.356729 
0.545329 
0.343722 
0.943018 
0.298824 
0.330074 
0.552503 
0.910624 
0.849988 
0.742382 
0.222133 
0.389793 
0.252233 
0.277364 
0.661653 
0.402773 
0.410734 
0.208911 
0.163591 
0.476063 
0.198453 
0.392847 
0.572781 
0.722419 
0.689756 
0.732697 
0.432901 
0.768788 
0.012465 
0.502944 
0.977825 
0.307067 
0.877190 
0.927037 
0.709735 
0.509976 
0.170464 
0.989861 
0.600970 
0.504525 
0.548513 
0.860107 
0.813754 
0.756570 
0.668861 
0.545703 
0.630449 
0.959788 
0.164010 
0.514795 
0.155135 
0.351021 
0.614077 
0.797825 
0.042531 
0.825780 
0.883529 
0.463637 
0.350051 
0.314857 
0.805625 
0.131712 
0.685086 
0.236592 
0.405313 
0.091189 
0.618913 
0.072940 
0.902547 
0.107999 
0.141874 
0.482603 
0.110088 
0.257384 
0.861200 
0.181820 
0.842301 
0.557365 
0.638220 
0.567225 
0.346304 
0.337856 
0.346590 
0.137627 
0.104378 
0.280834 
0.974584 
0.837728 
0.702294 
0.454050 
0.213584 
0.712414 
0.542193 
0.633501 
0.253687 
0.722896 
0.706776 
0.781359 
0.300745 
0.617925 
0.459781 
0.535051 
0.600891 
0.168438 
0.943472 
0.941923 
0.897832 
0.864868 
0.832408 
0.277001 
0.561444 
0.194570 
0.131586 
0.574134 
0.469761 
0.270994 
0.601657 
0.041337 
0.744326 
0.887528 
0.679971 
0.277403 
0.310631 
0.779242 
0.715261 
0.395150 
0.288452 
0.009712 
0.232118 
0.212899 
0.189345 
0.326736 
0.449026 
0.777101 
0.741331 
0.557337 
0.158166 
0.302376 
0.027052 
0.656064 
0.469782 
0.619056 
0.481709 
0.076831 
0.291643 
0.644877 
0.451865 
0.492620 
0.461185 
0.128298 
0.312422 
0.883042 
0.292767 
0.531550 
0.757590 
0.812194 
0.546044 
0.353294 
0.810461 
0.421337 
0.416161 
0.411079 
0.001003 
0.860613 
0.329282 
0.236186 
0.573307 
0.573643 
0.219719 
0.816228 
0.340950 
0.343172 
0.685284 
0.564607 
0.350503 
0.897952 
0.873161 
0.218072 
0.136309 
0.937197 
0.464293 
0.372553 
0.504922 
0.229298 
0.804510 
0.406912 
0.975433 
0.101897 
0.581132 
0.090965 
0.853725 
0.558442 
0.738092 
0.116032 
0.151628 
0.407653 
0.415674 
0.230746 
0.153316 
0.776511 
0.827842 
0.534927 
0.519859 
0.270571 
0.488301 
0.871844 
0.089404 
0.617223 
0.668956 
0.148786 
0.647132 
0.353539 
0.929182 
0.760801 
0.784230 
0.546805 
0.152898 
0.759929 
0.123100 
0.939814 
0.458436 
0.926447 
0.790023 
0.915025 
0.825926 
0.331202 
0.512266 
0.647752 
0.767666 
0.160823 
0.960359 
0.747673 
0.140199 
0.318349 
0.490316 
0.743142 
0.985055 
0.821648 
0.431850 
0.107850 
0.628968 
0.066511 
0.842027 
0.955726 
0.891077 
0.328355 
0.662838 
0.316344 
0.789641 
0.502810 
0.732260 
0.090280 
0.331330 
0.655235 
0.535675 
0.083357 
0.988046 
0.088703 
0.838318 
0.614743 
0.981934 
0.356384 
0.743751 
0.222901 
0.296149 
0.377131 
0.435722 
0.173106 
0.395248 
0.939479 
0.826885 
0.464073 
0.668779 
0.167448 
0.299806 
0.840129 
0.041178 
0.073218 
0.566586 
0.605927 
0.821978 
0.983571 
0.884785 
0.575926 
0.582742 
0.142325 
0.063099 
0.507079 
0.482777 
0.040579 
0.003701 
0.206832 
0.219917 
0.141143 
0.197176 
0.930226 
0.314079 
0.733913 
0.876426 
0.097481 
0.365152 
0.106646 
0.392756 
0.042287 
0.718720 
0.535369 
0.947498 
0.603022 
0.986146 
0.155497 
0.434372 
0.489885 
0.503109 
0.744924 
0.938981 
0.450510 
0.726330 
0.426961 
0.938854 
0.312017 
0.078022 
0.317514 
0.459507 
0.926533 
0.232031 
0.752490 
0.106540 
0.618009 
0.875759 
0.877833 
0.738203 
0.984906 
0.323134 
0.913750 
0.397976 
0.784902 
0.855337 
0.654507 
0.291312 
0.082270 
0.705867 
0.498659 
0.962620 
0.748773 
0.632821 
0.827979 
0.837523 
0.252509 
0.912414 
0.943614 
0.320763 
0.071614 
0.613760 
0.457306 
0.944347 
0.644047 
0.499757 
0.420008 
0.075281 
0.244868 
0.494452 
0.246779 
0.620218 
0.006465 
0.658423 
0.113136 
0.474992 
0.189726 
0.733120 
0.547039 
0.092059 
0.227919 
0.638262 
0.265564 
0.331603 
0.245150 
0.239211 
0.425454 
0.613615 
0.024894 
0.394406 
0.776725 
0.414706 
0.960922 
0.217048 
0.919282 
0.377043 
0.961735 
0.872238 
0.711287 
0.608233 
0.576460 
0.566756 
0.473940 
0.502132 
0.331916 
0.518879 
0.793912 
0.271368 
0.877160 
0.432919 
0.071480 
0.367959 
0.294385 
0.730327 
0.612741 
0.342680 
0.424614 
0.481524 
0.977768 
0.352907 
0.316210 
0.548576 
0.920251 
0.659460 
0.542304 
0.498431 
0.130148 
0.403911 
0.529412 
0.820827 
0.647337 
0.785433 
0.775434 
0.717005 
0.701679 
0.111479 
0.631940 
0.012317 
0.016906 
0.130959 
0.032077 
0.121434 
0.946840 
0.543157 
0.834680 
0.472016 
0.165844 
0.337267 
0.453112 
0.457342 
0.548879 
0.017417 
0.721660 
0.932148 
0.615000 
0.309297 
0.361742 
0.794104 
0.512494 
0.489826 
0.509394 
0.391964 
0.731222 
0.643260 
0.270196 
0.179073 
0.683933 
0.858917 
0.813373 
0.360516 
0.200728 
0.629771 
0.562036 
0.131617 
0.082738 
0.584461 
0.038462 
0.439130 
0.453027 
0.026009 
0.128957 
0.382462 
0.033633 
0.263167 
0.045249 
0.507616 
0.509133 
0.991627 
0.267527 
0.328882 
0.526772 
0.463674 
0.976216 
0.258673 
0.520637 
0.352817 
0.793449 
0.504213 
0.303922 
0.020592 
0.086455 
0.047466 
0.753261 
0.053679 
0.186321 
0.493450 
0.415124 
0.980753 
0.509971 
0.090604 
0.778271 
0.404262 
0.438579 
0.191623 
0.600569 
0.770490 
0.620999 
0.128336 
0.939393 
0.375250 
0.835128 
0.993618 
0.740979 
0.632611 
0.290248 
0.205762 
0.245533 
0.669231 
0.767588 
0.856645 
0.634880 
0.432388 
0.140865 
0.518674 
0.350466 
0.275340 
0.647501 
0.547875 
0.142364 
0.705159 
0.604143 
0.832200 
0.780101 
0.162324 
0.180560 
0.666142 
0.844786 
0.315718 
0.266024 
0.057513 
0.614245 
0.611491 
0.324285 
0.250768 
0.651106 
0.145926 
0.586087 
0.371877 
0.138851 
0.661871 
0.062798 
0.451973 
0.304651 
0.273736 
0.672941 
0.118816 
0.948753 
0.694218 
0.724497 
0.626622 
0.629741 
0.057548 
0.205793 
0.763670 
0.996957 
0.862339 
0.329979 
0.957066 
0.406359 
0.682637 
0.078389 
0.489718 
0.683823 
0.019039 
0.989372 
0.372138 
0.517164 
0.978230 
0.103799 
0.553925 
0.813044 
0.830302 
0.889634 
0.086239 
0.416367 
0.875687 
0.675210 
0.247064 
0.404282 
0.767912 
0.301748 
0.472527 
0.768041 
0.466349 
0.930896 
0.576843 
0.002536 
0.627885 
0.870679 
0.508400 
0.673547 
0.312013 
0.000173 
0.911135 
0.453367 
0.733670 
0.796321 
0.765464 
0.153743 
0.950670 
0.914410 
0.487597 
0.043039 
0.350254 
0.710836 
0.024967 
0.615092 
0.857079 
0.932414 
0.080648 
0.455834 
0.202533 
0.972879 
0.170489 
0.411953 
0.696960 
0.810761 
0.467428 
0.062755 
0.720591 
0.966811 
0.200771 
0.359463 
0.487713 
0.993832 
0.327788 
0.137841 
0.698200 
0.643922 
0.404904 
0.226407 
0.221110 
0.198656 
0.819082 
0.317212 
0.375974 
0.003160 
0.106658 
0.604451 
0.007919 
0.087081 
0.562787 
0.768503 
0.230053 
0.495970 
0.767223 
0.722853 
0.998028 
0.850803 
0.438372 
0.720628 
0.591528 
0.810096 
0.287491 
0.858543 
0.540256 
0.087959 
0.333197 
0.037630 
0.441629 
0.461244 
0.129236 
0.074761 
0.514514 
0.434089 
0.731844 
0.104807 
0.489296 
0.591278 
0.608526 
0.489002 
0.652534 
0.134233 
0.062089 
0.531935 
0.229504 
0.276108 
0.544364 
0.117436 
0.751465 
0.874002 
0.349959 
0.763452 
0.332957 
0.999904 
0.386735 
0.852654 
0.563725 
0.531006 
0.623818 
0.505004 
0.599170 
0.258182 
0.273272 
0.883974 
0.949763 
0.664393 
0.451275 
0.581713 
0.846245 
0.839747 
0.635161 
0.157480 
0.765079 
0.675896 
0.781113 
0.167256 
0.066655 
0.264469 
0.926526 
0.117219 
0.093138 
0.376463 
0.220574 
0.180386 
0.746570 
0.593684 
0.039510 
0.044860 
0.968967 
0.422499 
0.946724 
0.593710 
0.481645 
0.009126 
0.380433 
0.944402 
0.566267 
0.255023 
0.173149 
0.113576 
0.872288 
0.550172 
0.749131 
0.644130 
0.898447 
0.195816 
0.080437 
0.903195 
0.991286 
0.537764 
0.198805 
0.314340 
0.115592 
0.754034 
0.048771 
0.686661 
0.704950 
0.101772 
0.488166 
0.597971 
0.100437 
0.046913 
0.459627 
0.955628 
0.245137 
0.010744 
0.574343 
0.983049 
0.110243 
0.853211 
0.920158 
0.088269 
0.542107 
0.196368 
0.364264 
0.184397 
0.159001 
0.331855 
0.482237 
0.956183 
0.568416 
0.373936 
0.748488 
0.832455 
0.073319 
0.268312 
0.524892 
0.865209 
0.575006 
0.129051 
0.966605 
0.728868 
0.092038 
0.877102 
0.456908 
0.256996 
0.339439 
0.953733 
0.393684 
0.650533 
0.502681 
0.563502 
0.785345 
0.296101 
0.575828 
0.939283 
0.522193 
0.501491 
0.565877 
0.690593 
0.801042 
0.104742 
0.404936 
0.767655 
0.979925 
0.595923 
0.686256 
0.901049 
0.936423 
0.467683 
0.353883 
0.705989 
0.564523 
0.940254 
0.840831 
0.838944 
0.133500 
0.742265 
0.243494 
0.400808 
0.381491 
0.726962 
0.046992 
0.798163 
0.731997 
0.667786 
0.484157 
0.222190 
0.353728 
0.103909 
0.406872 
0.305151 
0.679569 
0.518918 
0.459067 
0.536444 
0.017888 
0.648981 
0.426221 
0.490246 
0.569273 
0.763749 
0.334977 
0.957213 
0.882677 
0.159570 
0.891569 
0.602009 
0.967111 
0.238308 
0.235254 
0.920608 
0.655046 
0.353355 
0.845632 
0.529962 
0.065311 
0.688078 
0.525194 
0.935311 
0.779534 
0.635692 
0.071018 
0.598911 
0.889002 
0.461512 
0.634384 
0.092515 
0.895366 
0.420079 
0.266086 
0.113947 
0.111039 
0.240302 
0.753692 
0.303542 
0.637914 
0.416402 
0.461029 
0.517923 
0.724716 
0.306299 
0.962366 
0.478252 
0.986419 
0.739080 
0.723838 
0.547277 
0.080721 
0.672420 
0.357087 
0.553398 
0.957546 
0.480707 
0.245597 
0.755218 
0.951071 
0.651153 
0.927186 
0.214251 
0.917560 
0.429620 
0.618578 
0.444614 
0.633742 
0.296148 
0.358152 
0.456585 
0.830200 
0.168678 
0.978928 
0.850859 
0.380878 
0.421841 
0.873664 
0.669533 
0.847591 
0.456475 
0.982253 
0.729218 
0.961462 
0.299009 
0.446315 
0.216683 
0.792973 
0.490316 
0.738837 
0.639272 
0.238720 
0.174278 
0.085869 
0.201416 
0.191972 
0.466433 
0.342703 
0.809984 
0.402212 
0.983833 
0.285403 
0.774981 
0.098911 
0.397153 
0.958118 
0.097327 
0.776627 
0.772444 
0.466071 
0.263054 
0.151550 
0.098246 
0.222953 
0.171106 
0.775694 
0.088322 
0.423255 
0.641322 
0.700674 
0.226800 
0.823960 
0.289766 
0.094443 
0.298061 
0.512860 
0.643012 
0.096886 
0.363537 
0.968742 
0.638520 
0.609997 
0.220876 
0.270711 
0.844742 
0.584476 
0.295864 
0.585444 
0.556469 
0.570198 
0.310628 
0.731141 
0.284015 
0.444840 
0.424741 
0.622271 
0.508959 
0.076687 
0.886795 
0.371026 
0.826487 
0.773333 
0.408309 
0.444320 
0.677975 
0.727167 
0.489663 
0.771950 
0.156729 
0.146467 
0.669317 
0.208032 
0.386553 
0.794430 
0.989168 
0.950911 
0.956917 
0.912080 
0.326480 
0.150995 
0.775373 
0.699726 
0.288438 
0.776095 
0.829142 
0.394031 
0.482907 
0.224699 
0.517314 
0.495307 
0.629533 
0.559622 
0.575223 
0.765363 
0.448345 
0.340483 
0.492282 
0.789250 
0.930938 
0.267716 
0.500785 
0.687702 
0.211075 
0.536282 
0.295721 
0.175509 
0.783055 
0.801361 
0.468756 
0.379561 
0.276565 
0.231392 
0.006799 
0.276504 
0.198977 
0.199476 
0.600426 
0.366824 
0.209353 
0.599362 
0.476276 
0.770228 
0.213986 
0.462908 
0.093675 
0.403265 
0.669276 
0.513715 
0.011678 
0.268272 
0.842715 
0.505444 
0.992702 
0.348952 
0.843123 
0.370351 
0.495110 
0.312921 
0.264990 
0.685415 
0.764357 
0.545078 
0.130256 
0.207091 
0.572724 
0.775851 
0.720431 
0.291398 
0.534045 
0.702492 
0.774716 
0.644791 
0.005779 
0.123967 
0.510197 
0.884773 
0.377199 
0.575225 
0.811984 
0.018949 
0.481387 
0.671118 
0.483684 
0.270811 
0.512495 
0.497903 
0.256392 
0.176656 
0.058158 
0.459049 
0.236076 
0.729117 
0.272321 
0.892808 
0.416442 
0.134660 
0.238424 
0.186008 
0.240454 
0.304024 
0.733338 
0.210626 
0.982991 
0.124081 
0.434216 
0.871534 
0.878396 
0.206357 
0.244095 
0.507398 
0.835748 
0.415384 
0.353502 
0.302963 
0.896221 
0.779979 
0.115149 
0.315164 
0.959594 
0.895178 
0.258359 
0.235819 
0.409071 
0.254795 
0.333430 
0.964722 
0.078350 
0.832999 
0.216482 
0.420848 
0.198152 
0.340479 
0.432880 
0.417438 
0.886542 
0.113215 
0.797453 
0.787478 
0.142438 
0.953081 
0.436000 
0.856429 
0.002287 
0.431097 
0.441779 
0.977242 
0.502755 
0.806925 
0.982974 
0.847270 
0.074187 
0.866894 
0.881880 
0.761937 
0.876634 
0.586367 
0.069577 
0.380806 
0.200465 
0.217984 
0.658557 
0.366653 
0.334172 
0.430594 
0.993456 
0.012613 
0.981211 
0.207667 
0.265972 
0.193364 
0.869367 
0.449841 
0.469968 
0.756249 
0.272548 
0.714627 
0.738374 
0.859227 
0.022745 
0.279985 
0.704076 
0.413282 
0.025067 
0.307302 
0.826094 
0.159574 
0.953523 
0.855140 
0.338842 
0.912752 
0.620706 
0.201527 
0.060228 
0.246454 
0.155980 
0.558926 
0.867757 
0.388079 
0.446874 
0.608138 
0.981837 
0.742422 
0.889542 
0.537753 
0.007294 
0.584664 
0.453358 
0.585306 
0.234471 
0.755371 
0.523192 
0.282151 
0.105115 
0.662807 
0.804601 
0.928288 
0.737608 
0.976084 
0.038927 
0.247013 
0.548915 
0.608433 
0.929269 
0.223659 
0.038363 
0.759998 
0.283657 
0.415342 
0.660453 
0.237209 
0.778124 
0.934847 
0.977975 
0.822337 
0.017694 
0.387905 
0.523733 
0.375805 
0.149603 
0.376799 
0.859136 
0.500618 
0.890182 
0.291779 
0.925074 
0.723365 
0.592031 
0.259820 
0.797384 
0.633441 
0.237887 
0.170297 
0.180797 
0.663436 
0.375467 
0.467213 
0.444953 
0.325719 
0.361784 
0.508088 
0.441831 
0.852159 
0.243630 
0.681498 
0.939872 
0.429508 
0.740586 
0.031585 
0.847444 
0.986442 
0.130164 
0.667112 
0.145227 
0.827813 
0.051273 
0.747627 
0.372870 
0.827448 
0.922107 
0.849608 
0.354030 
0.187183 
0.989498 
0.495549 
0.692154 
0.036221 
0.764342 
0.296943 
0.724683 
0.740350 
0.070292 
0.390588 
0.619429 
0.741841 
0.128197 
0.609944 
0.336450 
0.711424 
0.909702 
0.367668 
0.401433 
0.883634 
0.232569 
0.784003 
0.740990 
0.825742 
0.248246 
0.278298 
0.354838 
0.766349 
0.023429 
0.776639 
0.979498 
0.429795 
0.557458 
0.199440 
0.988279 
0.007186 
0.783472 
0.820643 
0.554035 
0.658510 
0.572284 
0.380213 
0.245997 
0.463716 
0.670783 
0.842758 
0.226166 
0.176075 
0.287468 
0.475122 
0.372477 
0.227620 
0.604584 
0.237902 
0.412132 
0.698451 
0.867892 
0.664543 
0.974849 
0.283811 
0.004360 
0.281535 
0.767029 
0.452315 
0.066354 
0.209526 
0.510693 
0.218087 
0.394031 
0.476560 
0.547553 
0.721398 
0.530050 
0.555303 
0.983722 
0.422039 
0.206077 
0.538960 
0.304544 
0.472097 
0.542573 
0.018042 
0.229734 
0.143399 
0.100845 
0.908924 
0.293053 
0.345628 
0.966455 
0.201929 
0.828691 
0.808698 
0.795563 
0.035217 
0.892153 
0.423273 
0.948225 
0.823498 
0.533904 
0.330233 
0.224214 
0.359975 
0.105641 
0.513868 
0.572270 
0.144107 
0.014004 
0.362356 
0.113603 
0.320739 
0.665433 
0.934093 
0.296690 
0.461151 
0.557193 
0.736946 
0.851471 
0.675340 
0.440701 
0.867845 
0.872460 
0.429924 
0.735967 
0.400459 
0.507739 
0.564658 
0.207842 
0.204954 
0.658181 
0.046774 
0.123331 
0.821263 
0.966776 
0.607963 
0.029700 
0.162583 
0.539589 
0.873391 
0.074273 
0.303745 
0.035943 
0.098644 
0.913004 
0.856251 
0.005554 
0.348941 
0.652700 
0.924428 
0.862016 
0.896561 
0.505336 
0.189452 
0.121800 
0.087652 
0.169405 
0.194240 
0.583677 
0.856102 
0.502595 
0.117377 
0.759003 
0.567087 
0.039052 
0.340223 
0.119580 
0.785486 
0.658953 
0.017908 
0.986501 
0.124872 
0.725371 
0.314862 
0.883630 
0.168847 
0.803332 
0.602457 
0.496368 
0.457399 
0.512603 
0.317573 
0.449824 
0.192093 
0.507081 
