0.000001 
0.011607 
0.070540 
0.562693 
0.178146 
0.093813 
0.716473 
0.767166 
0.756375 
0.396570 
0.149565 
0.733581 
0.294480 
0.321608 
0.270440 
0.283605 
0.545387 
0.314537 
0.416410 
0.605410 
0.127038 
0.131700 
0.483932 
0.452361 
0.837322 
0.865499 
0.435377 
0.383933 
0.761821 
0.927046 
0.865652 
0.005792 
0.339693 
0.217790 
0.389874 
0.609435 
0.771357 
0.202996 
0.756751 
0.708443 
0.797249 
0.358667 
0.122074 
0.705374 
0.226703 
0.202046 
0.793164 
0.714287 
0.020672 
0.428881 
0.198115 
0.711756 
0.476208 
0.619485 
0.686844 
0.789964 
0.930178 
0.505279 
0.224273 
0.355615 
0.816898 
0.600536 
0.207453 
0.660982 
0.125852 
0.190252 
0.567424 
0.692304 
0.556883 
0.534383 
0.369879 
0.548622 
0.682806 
0.912310 
0.191266 
0.615385 
0.773158 
0.473272 
0.274548 
0.325651 
0.213343 
0.653056 
0.916852 
0.531801 
0.979212 
0.610496 
0.612889 
0.820955 
0.785994 
0.196035 
0.752593 
0.828005 
0.275276 
0.555613 
0.184900 
0.621443 
0.590654 
0.115783 
0.960278 
0.397515 
0.030215 
0.821796 
0.921457 
0.935947 
0.459985 
0.966726 
0.764084 
0.967693 
0.018718 
0.589114 
0.246017 
0.800007 
0.718001 
0.447847 
0.963685 
0.651499 
0.744745 
0.935236 
0.510497 
0.914882 
0.423629 
0.938669 
0.214223 
0.448408 
0.396909 
0.857539 
0.662456 
0.901695 
0.787723 
0.268633 
0.911133 
0.407152 
0.003031 
0.946893 
0.436435 
0.163206 
0.996675 
0.115951 
0.791444 
0.797762 
0.988703 
0.131069 
0.871290 
0.764724 
0.708767 
0.241459 
0.201007 
0.318721 
0.744743 
0.903461 
0.467077 
0.157274 
0.304094 
0.903685 
0.239927 
0.447266 
0.206159 
0.914132 
0.809299 
0.883260 
0.957253 
0.549328 
0.548364 
0.352914 
0.420246 
0.080394 
0.181799 
0.495664 
0.617191 
0.122895 
0.494232 
0.552592 
0.416534 
0.693493 
0.540453 
0.387267 
0.797780 
0.284070 
0.367193 
0.416149 
0.220702 
0.344307 
0.761151 
0.664823 
0.673136 
0.391100 
0.213354 
0.835481 
0.931156 
0.936256 
0.655137 
0.882033 
0.332563 
0.383914 
0.443679 
0.915958 
0.509304 
0.877929 
0.351492 
0.526865 
0.026225 
0.758694 
0.372460 
0.936776 
0.397301 
0.432918 
0.055929 
0.002374 
0.906610 
0.392515 
0.004241 
0.270777 
0.946961 
0.577332 
0.215810 
0.118123 
0.297582 
0.468245 
0.792108 
0.964676 
0.314035 
0.984147 
0.556322 
0.107615 
0.682514 
0.005302 
0.102705 
0.168054 
0.478845 
0.939690 
0.368067 
0.103998 
0.897702 
0.675339 
0.426183 
0.865248 
0.224587 
0.633929 
0.452742 
0.231168 
0.239976 
0.270608 
0.113009 
0.349632 
0.261827 
0.529403 
0.682614 
0.689998 
0.795443 
0.014104 
0.047592 
0.882448 
0.303557 
0.881040 
0.637790 
0.340363 
0.484271 
0.138946 
0.273422 
0.403368 
0.410682 
0.329266 
0.973893 
0.215875 
0.216875 
0.019198 
0.655033 
0.142779 
0.689904 
0.213163 
0.624862 
0.052788 
0.209327 
0.152868 
0.245462 
0.486596 
0.223960 
0.092014 
0.472095 
0.507910 
0.437178 
0.653762 
0.781964 
0.474751 
0.138688 
0.932448 
0.653797 
0.362673 
0.447093 
0.297990 
0.313587 
0.450046 
0.915339 
0.110572 
0.381117 
0.427603 
0.728231 
0.385987 
0.285963 
0.178833 
0.643632 
0.528090 
0.610632 
0.899112 
0.376552 
0.701503 
0.155272 
0.652451 
0.747597 
0.854475 
0.158975 
0.892381 
0.240819 
0.450526 
0.987558 
0.895254 
0.533298 
0.136121 
0.782872 
0.737235 
0.714707 
0.073052 
0.787465 
0.931971 
0.638882 
0.697676 
0.837081 
0.825738 
0.180658 
0.317960 
0.947276 
0.863809 
0.045567 
0.845106 
0.702193 
0.754100 
0.153697 
0.191591 
0.064338 
0.327397 
0.566743 
0.255897 
0.859354 
0.167640 
0.526203 
0.898677 
0.068437 
0.214153 
0.261907 
0.873614 
0.823879 
0.926506 
0.790202 
0.918199 
0.163681 
0.983461 
0.034138 
0.755928 
0.881440 
0.356180 
0.323839 
0.761003 
0.171694 
0.653034 
0.537688 
0.920579 
0.168167 
0.387555 
0.638538 
0.905255 
0.615472 
0.237096 
0.879619 
0.761275 
0.750127 
0.390635 
0.406777 
0.706404 
0.534821 
0.730516 
0.786068 
0.443487 
0.692183 
0.515915 
0.978453 
0.858351 
0.308568 
0.109866 
0.516740 
0.849205 
0.595655 
0.177148 
0.325175 
0.219278 
0.404727 
0.239418 
0.903501 
0.138203 
0.785683 
0.971683 
0.069798 
0.096069 
0.635412 
0.376089 
0.921332 
0.834692 
0.668473 
0.027402 
0.542065 
0.488724 
0.980536 
0.862375 
0.931373 
0.583782 
0.630528 
0.276074 
0.978447 
0.751513 
0.686223 
0.341613 
0.483789 
0.043648 
0.583803 
0.971092 
0.142925 
0.144042 
0.912004 
0.052558 
0.350606 
0.630264 
0.841802 
0.166903 
0.132459 
0.235827 
0.547472 
0.369040 
0.457948 
0.733655 
0.534177 
0.907250 
0.153476 
0.464501 
0.875793 
0.449651 
0.283619 
0.776562 
0.677723 
0.486417 
0.213007 
0.005697 
0.748146 
0.087806 
0.758368 
0.894557 
0.824259 
0.319742 
0.904731 
0.816215 
0.118047 
0.015428 
0.290102 
0.750200 
0.606814 
0.721366 
0.995447 
0.472071 
0.095374 
0.948827 
0.941624 
0.874861 
0.780900 
0.581018 
0.163683 
0.015706 
0.969825 
0.849855 
0.519983 
0.357199 
0.435687 
0.584821 
0.094327 
0.354226 
0.472419 
0.949138 
0.163620 
0.964781 
0.075633 
0.167191 
0.980268 
0.372559 
0.596146 
0.433756 
0.140146 
0.432850 
0.910352 
0.290173 
0.933179 
0.938105 
0.732632 
0.338837 
0.838307 
0.433265 
0.883702 
0.380173 
0.564492 
0.416200 
0.070536 
0.506570 
0.920667 
0.648048 
0.736377 
0.293306 
0.600050 
0.039627 
0.010680 
0.499055 
0.611723 
0.228211 
0.535636 
0.431108 
0.628782 
0.941152 
0.936324 
0.793177 
0.923345 
0.658069 
0.158247 
0.660439 
0.990201 
0.313993 
0.275273 
0.521161 
0.155557 
0.446815 
0.612773 
0.874404 
0.101940 
0.307114 
0.667731 
0.559017 
0.403330 
0.759802 
0.989115 
0.057272 
0.577654 
0.629576 
0.278467 
0.189526 
0.358601 
0.004312 
0.478472 
0.674587 
0.790205 
0.976317 
0.963296 
0.108584 
0.970018 
0.085433 
0.872357 
0.709500 
0.573226 
0.216112 
0.201139 
0.539461 
0.723667 
0.669239 
0.900660 
0.393657 
0.192174 
0.860581 
0.782203 
0.481719 
0.250075 
0.012121 
0.724289 
0.131185 
0.828187 
0.341733 
0.507923 
0.661795 
0.788282 
0.654711 
0.733537 
0.558402 
0.061096 
0.834282 
0.780047 
0.253941 
0.984103 
0.823211 
0.699924 
0.620773 
0.330144 
0.730042 
0.823152 
0.715554 
0.323931 
0.315140 
0.551050 
0.491099 
0.904935 
0.240282 
0.426511 
0.366309 
0.557419 
0.547637 
0.126669 
0.929138 
0.024535 
0.366810 
0.976120 
0.641737 
0.682069 
0.537646 
0.217544 
0.260196 
0.117068 
0.555837 
0.957085 
0.730723 
0.266266 
0.140968 
0.244435 
0.221978 
0.782516 
0.753491 
0.920328 
0.956704 
0.325302 
0.347401 
0.765465 
0.171814 
0.671423 
0.607099 
0.510752 
0.202590 
0.927015 
0.336855 
0.523598 
0.110493 
0.062976 
0.438711 
0.413051 
0.154818 
0.029536 
0.415794 
0.248236 
0.095881 
0.472072 
0.117499 
0.806154 
0.037870 
0.478783 
0.913880 
0.578637 
0.158813 
0.166261 
0.340764 
0.226672 
0.680356 
0.747282 
0.574720 
0.320178 
0.230369 
0.816672 
0.811728 
0.711910 
0.079665 
0.927787 
0.308483 
0.673649 
0.017238 
0.716529 
0.709946 
0.061410 
0.124892 
0.061756 
0.940534 
0.555983 
0.410167 
0.671963 
0.687245 
0.521018 
0.741795 
0.351422 
0.352933 
0.752617 
0.227181 
0.228622 
0.449466 
0.176229 
0.881620 
0.384993 
0.579388 
0.776297 
0.231398 
0.106679 
0.961756 
0.234098 
0.492460 
0.775910 
0.723960 
0.592745 
0.270879 
0.657007 
0.320966 
0.467499 
0.254648 
0.873423 
0.612539 
0.946662 
0.547583 
0.220117 
0.512524 
0.993250 
0.546079 
0.948708 
0.942308 
0.363039 
0.600897 
0.276967 
0.977981 
0.920926 
0.999212 
0.748149 
0.139445 
0.644694 
0.378473 
0.997829 
0.517975 
0.597443 
0.216592 
0.267449 
0.013113 
0.393830 
0.096907 
0.716037 
0.430719 
0.102232 
0.211939 
0.057250 
0.192464 
0.734257 
0.651324 
0.805983 
0.153477 
0.490039 
0.083596 
0.989817 
0.858999 
0.196058 
0.141548 
0.993000 
0.348578 
0.549869 
0.651065 
0.455085 
0.613990 
0.334482 
0.633056 
0.765057 
0.316462 
0.776655 
0.237229 
0.100696 
0.396323 
0.006934 
0.546174 
0.552151 
0.009729 
0.514635 
0.463975 
0.030266 
0.679198 
0.280762 
0.765809 
0.957888 
0.215886 
0.399824 
0.846533 
0.685045 
0.548263 
0.656846 
0.603102 
0.339810 
0.194410 
0.442109 
0.534003 
0.990026 
0.363710 
0.869891 
0.249669 
0.191276 
0.779629 
0.225180 
0.606563 
0.506216 
0.978895 
0.290827 
0.931372 
0.571800 
0.246174 
0.444326 
0.785095 
0.084873 
0.459708 
0.316305 
0.141908 
0.040850 
0.568979 
0.829411 
0.916460 
0.936097 
0.982103 
0.202795 
0.379610 
0.100557 
0.055879 
0.157541 
0.796993 
0.064800 
0.098450 
0.645800 
0.959675 
0.252145 
0.806218 
0.109002 
0.003544 
0.569486 
0.352993 
0.748459 
0.358420 
0.961029 
0.009552 
0.545052 
0.686407 
0.436049 
0.683692 
0.809569 
0.424863 
0.678023 
0.539771 
0.926668 
0.516948 
0.341277 
0.835960 
0.982674 
0.803489 
0.231241 
0.460952 
0.217861 
0.588114 
0.439413 
0.213001 
0.914144 
0.019100 
0.016747 
0.469125 
0.583414 
0.439697 
0.991822 
0.545273 
0.406859 
0.080550 
0.808125 
0.157382 
0.117581 
0.182265 
0.327159 
0.562585 
0.366576 
0.041992 
0.752545 
0.021130 
0.123931 
0.913710 
0.732250 
0.917567 
0.555421 
0.956985 
0.044563 
0.975962 
0.996722 
0.908113 
0.651746 
0.901659 
0.179106 
0.232538 
0.263252 
0.479643 
0.358814 
0.585769 
0.011855 
0.248498 
0.511675 
0.722898 
0.752388 
0.383588 
0.968563 
0.630894 
0.427240 
0.629189 
0.776914 
0.592008 
0.882926 
0.332120 
0.947940 
0.023484 
0.698445 
0.763261 
0.135853 
0.287296 
0.590197 
0.439163 
0.016173 
0.827555 
0.709916 
0.552704 
0.300201 
0.471419 
0.140609 
0.218319 
0.282015 
0.818954 
0.159513 
0.933935 
0.638252 
0.099887 
0.808165 
0.836085 
0.074569 
0.275806 
0.466599 
0.137413 
0.507214 
0.751110 
0.900792 
0.605444 
0.691867 
0.213870 
0.520035 
0.232382 
0.648846 
0.149976 
0.645329 
0.050549 
0.583430 
0.713346 
0.210584 
0.285364 
0.108722 
0.287006 
0.716075 
0.072388 
0.622406 
0.781095 
0.864266 
0.712724 
0.760025 
0.745318 
0.566389 
0.307199 
0.091191 
0.651925 
0.899330 
0.045796 
0.694256 
0.354082 
0.052451 
0.544280 
0.708760 
0.133439 
0.716455 
0.454064 
0.455623 
0.650050 
0.392387 
0.847481 
0.613272 
0.254692 
0.608577 
0.351593 
0.221392 
0.930425 
0.645029 
0.005773 
0.035184 
0.345529 
0.297998 
0.450102 
0.863684 
0.938975 
0.344823 
0.440039 
0.732690 
0.327472 
0.823243 
0.253170 
0.027017 
0.070370 
0.707868 
0.139165 
0.940436 
0.907852 
0.261975 
0.013978 
0.931913 
0.666793 
0.783624 
0.366827 
0.268802 
0.760401 
0.054303 
0.676630 
0.113921 
0.676887 
0.444580 
0.059654 
0.604774 
0.440953 
0.093458 
0.755034 
0.855484 
0.115195 
0.087282 
0.951621 
0.893845 
0.845774 
0.920393 
0.046557 
0.488452 
0.410938 
0.630936 
0.140692 
0.613956 
0.758085 
0.138034 
0.944288 
0.651546 
0.535154 
0.331074 
0.358801 
0.367655 
0.185237 
0.283774 
0.391148 
0.032759 
0.578824 
0.297179 
0.687768 
0.319359 
0.470923 
0.809791 
0.162041 
0.418777 
0.392777 
0.409813 
0.733252 
0.761299 
0.157693 
0.352491 
0.309536 
0.370674 
0.921476 
0.249103 
0.681502 
0.002483 
0.731813 
0.583164 
0.232640 
0.985343 
0.659933 
0.487094 
0.584847 
0.516474 
0.370980 
0.067893 
0.078604 
0.095639 
0.404332 
0.615187 
0.451154 
0.549103 
0.772673 
0.314704 
0.233449 
0.579950 
0.217920 
0.577485 
0.788901 
0.059807 
0.170571 
0.789418 
0.742287 
0.614284 
0.266597 
0.694841 
0.194262 
0.960399 
0.427534 
0.564779 
0.241477 
0.509976 
0.167521 
0.531653 
0.493369 
0.052075 
0.228032 
0.531453 
0.124978 
0.503436 
0.253412 
0.101174 
0.433668 
0.659233 
0.721040 
0.515681 
0.053560 
0.183749 
0.261909 
0.903307 
0.878247 
0.693099 
0.908802 
0.237097 
0.894834 
0.470735 
0.646874 
0.006492 
0.106287 
0.363062 
0.989555 
0.443526 
0.338281 
0.486477 
0.220221 
0.261342 
0.375086 
0.066534 
0.237987 
0.847042 
0.231143 
0.814479 
0.955680 
0.118458 
0.917910 
0.305431 
0.375320 
0.007964 
0.851936 
0.487747 
0.565430 
0.190145 
0.772548 
0.210585 
0.299107 
0.089078 
0.129952 
0.105707 
0.611657 
0.114737 
0.391441 
0.950708 
0.557213 
0.080751 
0.174966 
0.661539 
0.482347 
0.799817 
0.530556 
0.052870 
0.584114 
0.212271 
0.631965 
0.427420 
0.649651 
0.681643 
0.376424 
0.562939 
0.323124 
0.742556 
0.140398 
0.674085 
0.342352 
0.903955 
0.778070 
0.028335 
0.219050 
0.569078 
0.490214 
0.024330 
0.919099 
0.291998 
0.607178 
0.832704 
0.250385 
0.221987 
0.930638 
0.237669 
0.506656 
0.369101 
0.478037 
0.368961 
0.131872 
0.365445 
0.035200 
0.604847 
0.671070 
0.676848 
0.777155 
0.648619 
0.338503 
0.216352 
0.236219 
0.134583 
0.937658 
0.211005 
0.369089 
0.276148 
0.220178 
0.536980 
0.026642 
0.771544 
0.333677 
0.108150 
0.682611 
0.647070 
0.310675 
0.518912 
0.351619 
0.654151 
0.312420 
0.841320 
0.064818 
0.399577 
0.693737 
0.630051 
0.274621 
0.558445 
0.782656 
0.092198 
0.568332 
0.961504 
0.992324 
0.984353 
0.025360 
0.232209 
0.741577 
0.676277 
0.180688 
0.827394 
0.004982 
0.725442 
0.499954 
0.730124 
0.193549 
0.982258 
0.815848 
0.953239 
0.094320 
0.244625 
0.417234 
0.452206 
0.227173 
0.092388 
0.771188 
0.354386 
0.158773 
0.505691 
0.156832 
0.870663 
0.233272 
0.594143 
0.762516 
0.613436 
0.011671 
0.162130 
0.927232 
0.986064 
0.779613 
0.959679 
0.318638 
0.351266 
0.731820 
0.695065 
0.959935 
0.630240 
0.439519 
0.993054 
0.263293 
0.160396 
0.778702 
0.647904 
0.317630 
0.408343 
0.019620 
0.757706 
0.763191 
0.943561 
0.426037 
0.408598 
0.302116 
0.656924 
0.928232 
0.791948 
0.265142 
0.247846 
0.551573 
0.283618 
0.769949 
0.528292 
0.999920 
0.653645 
0.817381 
0.727633 
0.335105 
0.117682 
0.889094 
0.008762 
0.260487 
0.997897 
0.650497 
0.904614 
0.840346 
0.693439 
0.628970 
0.101847 
0.735141 
0.513756 
0.696422 
0.772432 
0.263564 
0.722786 
0.863838 
0.526083 
0.870685 
0.602160 
0.496249 
0.463773 
0.628754 
0.462640 
0.584419 
0.328173 
0.595629 
0.736406 
0.774636 
0.305559 
0.522547 
0.452443 
0.216923 
0.820641 
0.519152 
0.394588 
0.839363 
0.176575 
0.702419 
0.562622 
0.992928 
0.142714 
0.602085 
0.249837 
0.018709 
0.436352 
0.759930 
0.139723 
0.326076 
0.364140 
0.099327 
0.387635 
0.984337 
0.748690 
0.239861 
0.337832 
0.935463 
0.326078 
0.401198 
0.930754 
0.178836 
0.692711 
0.401560 
0.011608 
0.094089 
0.359897 
0.794560 
0.172060 
0.813091 
0.615358 
0.313625 
0.100503 
0.152450 
0.224505 
0.252231 
0.245472 
0.645166 
0.311085 
0.411447 
0.182418 
0.904907 
0.769252 
0.824731 
0.259993 
0.699230 
0.951453 
0.068040 
0.548911 
0.551551 
0.912625 
0.484177 
0.569204 
0.607716 
0.888290 
0.495072 
0.671691 
0.110932 
0.430157 
0.641748 
0.859783 
0.366201 
0.747595 
0.828742 
0.662728 
0.462081 
0.199186 
0.711849 
0.049754 
0.212556 
0.426109 
0.609538 
0.512631 
0.782405 
0.873675 
0.858994 
0.114366 
0.150115 
0.984647 
0.958501 
0.525445 
0.155078 
0.403381 
0.624076 
0.838598 
0.308608 
0.770372 
0.648370 
0.160372 
0.373539 
0.068149 
0.385705 
0.549663 
0.192507 
0.459589 
0.310454 
0.796033 
0.930404 
0.292068 
0.783066 
0.990759 
0.683229 
0.028358 
0.609758 
0.198537 
0.819108 
0.756216 
0.725125 
0.172498 
0.168508 
0.117099 
0.085557 
0.960738 
0.121351 
0.541796 
0.958665 
0.278003 
0.389782 
0.062013 
0.251423 
0.674297 
0.911317 
0.503029 
0.405887 
0.744194 
0.669120 
0.899309 
0.682011 
0.554787 
0.307496 
0.077019 
0.457550 
0.047861 
0.405589 
0.726685 
0.398528 
0.060434 
0.706484 
0.880580 
0.916263 
0.632430 
0.250972 
0.084190 
0.985922 
0.394300 
0.004146 
0.684145 
0.422709 
0.465969 
0.533215 
0.748850 
0.920697 
0.160244 
0.226922 
0.883617 
0.957934 
0.991479 
0.794629 
0.333963 
0.913118 
0.781491 
0.512211 
0.724569 
0.833252 
0.468228 
0.508097 
0.589882 
0.152498 
0.029509 
0.966044 
0.297702 
0.480436 
0.683591 
0.115434 
0.097553 
0.571954 
0.838964 
0.466622 
0.516679 
0.828428 
0.385023 
0.086185 
0.505769 
0.454037 
0.995972 
0.304215 
0.936209 
0.866583 
0.660651 
0.562720 
0.631222 
0.947906 
0.464181 
0.481953 
0.184516 
0.162826 
0.609442 
0.890905 
0.442710 
0.628047 
0.589208 
0.816800 
0.960239 
0.728587 
0.363925 
0.479302 
0.636032 
0.787398 
0.799370 
0.016334 
0.517869 
0.824590 
0.882209 
0.283049 
0.209280 
0.360909 
0.805142 
0.028438 
0.958460 
0.842493 
0.773072 
0.016150 
0.437614 
0.971159 
0.273131 
0.516028 
0.876582 
0.718110 
0.267360 
0.526361 
0.554830 
0.020666 
0.326426 
0.236930 
0.082483 
0.287330 
0.163580 
0.292136 
0.928893 
0.912170 
0.836030 
0.159572 
0.929918 
0.137171 
0.433190 
0.623954 
0.794718 
0.820621 
0.173665 
0.790468 
0.398020 
0.525152 
0.225491 
0.828301 
0.255390 
0.338653 
0.741546 
0.166639 
0.703000 
0.320023 
0.625691 
0.988476 
0.315659 
0.278805 
0.880916 
0.558903 
0.483850 
0.064957 
0.739004 
0.443217 
0.150541 
0.137455 
0.209983 
0.186796 
0.480698 
0.094040 
0.525951 
0.654007 
0.891348 
0.889633 
0.069608 
0.898567 
0.214378 
0.043679 
0.116684 
0.116011 
0.798103 
0.714224 
0.967665 
0.545637 
0.524435 
0.171106 
0.775483 
0.536801 
0.021911 
0.257769 
0.315959 
0.314902 
0.553755 
0.960418 
0.753440 
0.061353 
0.158304 
0.618770 
0.660822 
0.430090 
0.525277 
0.336615 
0.488964 
0.013025 
0.918489 
0.040002 
0.312355 
0.753001 
0.683075 
0.434683 
0.723692 
0.083551 
0.248089 
0.628203 
0.212857 
0.492595 
0.043609 
0.929612 
0.990457 
0.605254 
0.496815 
0.964163 
0.692092 
0.985226 
0.686310 
0.813831 
0.057117 
0.960806 
0.260119 
0.816122 
0.555465 
0.706798 
0.153894 
0.499460 
0.431261 
0.206060 
0.255552 
0.058160 
0.492170 
0.903995 
0.450841 
0.279679 
0.563756 
0.051718 
0.227476 
0.193905 
0.968398 
0.860789 
0.284816 
0.903425 
0.855970 
0.292162 
0.373721 
0.125434 
0.175728 
0.457120 
0.821391 
0.120444 
0.308042 
0.257867 
0.964536 
0.960747 
0.281243 
0.858807 
0.975397 
0.500198 
0.824442 
0.398190 
0.372933 
0.880463 
0.936888 
0.278893 
0.353330 
0.420675 
0.291141 
0.207527 
0.903215 
0.329737 
0.889412 
0.350963 
0.639295 
0.634774 
0.644047 
0.493199 
0.191342 
0.878021 
0.896057 
0.035507 
0.758981 
0.196830 
0.117832 
0.408035 
0.840489 
0.100251 
0.918807 
0.384160 
0.575611 
0.291208 
0.339157 
0.215078 
0.814484 
0.029287 
0.231355 
0.385965 
0.909922 
0.051188 
0.319111 
0.306551 
0.210409 
0.348127 
0.976832 
0.609587 
0.321564 
0.528187 
0.239777 
0.936630 
0.936025 
0.771614 
0.516179 
0.415636 
0.601952 
0.012803 
0.178110 
0.500293 
0.416772 
0.681952 
0.564971 
0.460353 
0.160710 
0.058066 
0.909811 
0.199375 
0.899983 
0.020056 
0.085395 
0.226549 
0.605836 
0.288855 
0.783176 
0.847009 
0.684283 
0.743071 
0.789397 
0.399140 
0.339963 
0.751245 
0.179807 
0.014738 
0.694875 
0.756336 
0.741268 
0.490563 
0.899954 
0.518934 
0.720820 
0.817769 
0.237889 
0.202643 
0.826476 
0.580233 
0.976462 
0.394205 
0.403270 
0.761118 
0.109659 
0.040134 
0.527570 
0.866246 
0.991495 
0.061274 
0.826405 
0.386446 
0.991485 
0.891989 
0.664047 
0.643327 
0.389132 
0.136644 
0.576847 
0.068278 
0.545306 
0.955386 
0.169508 
0.918342 
0.569178 
0.174949 
0.374757 
0.543176 
0.153996 
0.213772 
0.862989 
0.262650 
0.356399 
0.992144 
0.969221 
0.697865 
0.015018 
0.402303 
0.499762 
0.497278 
0.747863 
0.336214 
0.747204 
0.257714 
0.404265 
0.477961 
0.089773 
0.806551 
0.697954 
0.505738 
0.930961 
0.667902 
0.422506 
0.054642 
0.368271 
0.523433 
0.335795 
0.707870 
0.172622 
0.264480 
0.120604 
0.991289 
0.593918 
0.982435 
0.782527 
0.930289 
0.358962 
0.080932 
0.231782 
0.559294 
0.053484 
0.909694 
0.225377 
0.912907 
0.223271 
0.514520 
0.542860 
0.844024 
0.507575 
0.808829 
0.990344 
0.703297 
0.315078 
0.514369 
0.995682 
0.423957 
0.443808 
0.078243 
0.032488 
0.027556 
0.127240 
0.524752 
0.508142 
0.339351 
0.474166 
0.306374 
0.219977 
0.153891 
0.450037 
0.770129 
0.558451 
0.879969 
0.633056 
0.764909 
0.817244 
0.420154 
0.522876 
0.978118 
0.236099 
0.113087 
0.647745 
0.645520 
0.250564 
0.228095 
0.595064 
0.241924 
0.022328 
0.264991 
0.701506 
0.206049 
0.069621 
0.114927 
0.576531 
0.752811 
0.499582 
0.466289 
0.924809 
0.262640 
0.182763 
0.694777 
0.109543 
0.086038 
0.041088 
0.573795 
0.767907 
0.204669 
0.877803 
0.239625 
0.370113 
0.486084 
0.607096 
0.461117 
0.989937 
0.878061 
0.577718 
0.713778 
0.471334 
0.706020 
0.078676 
0.315246 
0.332472 
0.859361 
0.277162 
0.266011 
0.839556 
0.418383 
0.758873 
0.376761 
0.215973 
0.856726 
0.000410 
0.882587 
0.646271 
0.876392 
0.512515 
0.836253 
0.898049 
0.505945 
0.420661 
0.052257 
0.279619 
0.561965 
0.951760 
0.235025 
0.059719 
0.696475 
0.647021 
0.479851 
0.861936 
0.557430 
0.732096 
0.340798 
0.790977 
0.949495 
0.157829 
0.625182 
0.436297 
0.844581 
0.874635 
0.994408 
0.020661 
0.241541 
0.578080 
0.787158 
0.768000 
0.770123 
0.460801 
0.682986 
0.945451 
0.187212 
0.480423 
0.466386 
0.547200 
0.783046 
0.654843 
0.949824 
0.692324 
0.887445 
0.295940 
0.871872 
0.554244 
0.172612 
0.091463 
0.214722 
0.824431 
0.215452 
0.097117 
0.251795 
0.914958 
0.696667 
0.875289 
0.975931 
0.478867 
0.315747 
0.758787 
0.939730 
0.036541 
0.141097 
0.415087 
0.359057 
0.674233 
0.826230 
0.446392 
0.505991 
0.196654 
0.155489 
0.302920 
0.181196 
0.356117 
0.257308 
0.580461 
0.812017 
0.564956 
0.215177 
0.476421 
0.210137 
0.777129 
0.200129 
0.565553 
0.253364 
0.290409 
0.908043 
0.481485 
0.319273 
0.026489 
0.195612 
0.643776 
0.950430 
0.871441 
0.302385 
0.178883 
0.489154 
0.213032 
0.431616 
0.166114 
0.885045 
0.957198 
0.620384 
0.802138 
0.534801 
0.401488 
0.805917 
0.040137 
0.581987 
0.448487 
0.715301 
0.055641 
0.157007 
