0.000001 
0.008789 
0.716936 
0.544777 
0.064098 
0.297608 
0.891166 
0.831104 
0.365077 
0.849864 
0.660122 
0.672833 
0.304586 
0.174084 
0.824480 
0.037416 
0.853317 
0.700758 
0.645063 
0.575776 
0.063833 
0.836749 
0.245756 
0.420770 
0.880184 
0.245418 
0.741017 
0.276572 
0.350995 
0.167278 
0.437038 
0.290293 
0.948399 
0.734712 
0.302649 
0.619956 
0.607036 
0.453112 
0.448976 
0.934984 
0.275327 
0.424669 
0.403971 
0.547630 
0.018603 
0.655359 
0.626247 
0.325788 
0.526105 
0.253293 
0.090009 
0.773636 
0.492772 
0.020689 
0.720382 
0.454572 
0.987586 
0.359021 
0.068010 
0.040698 
0.013740 
0.925423 
0.579211 
0.795875 
0.273993 
0.999092 
0.735817 
0.880282 
0.893041 
0.339253 
0.820211 
0.294067 
0.391632 
0.162862 
0.216987 
0.906323 
0.572661 
0.720488 
0.244314 
0.180516 
0.939706 
0.638828 
0.785317 
0.819429 
0.135303 
0.041529 
0.977258 
0.780130 
0.637674 
0.391198 
0.866596 
0.877848 
0.999416 
0.190124 
0.406368 
0.820553 
0.037292 
0.766705 
0.016448 
0.443297 
0.488153 
0.392365 
0.471205 
0.539493 
0.262012 
0.627534 
0.968353 
0.101631 
0.119366 
0.187172 
0.793174 
0.870133 
0.332647 
0.797662 
0.298192 
0.705754 
0.610485 
0.418928 
0.919951 
0.619294 
0.469815 
0.182148 
0.362490 
0.368552 
0.251335 
0.182075 
0.127403 
0.258667 
0.419834 
0.146106 
0.596900 
0.090514 
0.261904 
0.826272 
0.151798 
0.269912 
0.415554 
0.209179 
0.679563 
0.410578 
0.581466 
0.691969 
0.924112 
0.552114 
0.374204 
0.251624 
0.044997 
0.263603 
0.381218 
0.137955 
0.601839 
0.106284 
0.309843 
0.532595 
0.327335 
0.517384 
0.669263 
0.297754 
0.357952 
0.095011 
0.850974 
0.326295 
0.032915 
0.199813 
0.250126 
0.865329 
0.579339 
0.956595 
0.489619 
0.027654 
0.781539 
0.324721 
0.583121 
0.510986 
0.148974 
0.804384 
0.275729 
0.183419 
0.727821 
0.481009 
0.310080 
0.515615 
0.933090 
0.444771 
0.270352 
0.798520 
0.723935 
0.182229 
0.719277 
0.891042 
0.745596 
0.227595 
0.188448 
0.242168 
0.121545 
0.812287 
0.101112 
0.385647 
0.565560 
0.367950 
0.135165 
0.725565 
0.578067 
0.564396 
0.807936 
0.975838 
0.902096 
0.529108 
0.710130 
0.156301 
0.953987 
0.652787 
0.383302 
0.163414 
0.506645 
0.183178 
0.666342 
0.208927 
0.439338 
0.946953 
0.440769 
0.012945 
0.560856 
0.311431 
0.212719 
0.173266 
0.083168 
0.803590 
0.941161 
0.099981 
0.379865 
0.386237 
0.490977 
0.853949 
0.315984 
0.740171 
0.054087 
0.042416 
0.884308 
0.567499 
0.962571 
0.929125 
0.811807 
0.038191 
0.867857 
0.072502 
0.535789 
0.008002 
0.497831 
0.038327 
0.161461 
0.668233 
0.987117 
0.474314 
0.797194 
0.436431 
0.103733 
0.441023 
0.271108 
0.509091 
0.299525 
0.117846 
0.639030 
0.178306 
0.791336 
0.977450 
0.009172 
0.155995 
0.813056 
0.031276 
0.648496 
0.275307 
0.093104 
0.805577 
0.328155 
0.305764 
0.971346 
0.420318 
0.280623 
0.422375 
0.861059 
0.825472 
0.708123 
0.418169 
0.173801 
0.072919 
0.552403 
0.238895 
0.115365 
0.934351 
0.636654 
0.242347 
0.132115 
0.453252 
0.800401 
0.331894 
0.138775 
0.398155 
0.787685 
0.616203 
0.526500 
0.880678 
0.552084 
0.871681 
0.341785 
0.382864 
0.797283 
0.929671 
0.987560 
0.914076 
0.881678 
0.366921 
0.836440 
0.042441 
0.311550 
0.215354 
0.457110 
0.639827 
0.575297 
0.020172 
0.033456 
0.297396 
0.326584 
0.893192 
0.876241 
0.978078 
0.559705 
0.959746 
0.457774 
0.807868 
0.842071 
0.680417 
0.764108 
0.358769 
0.830453 
0.431459 
0.534459 
0.646093 
0.889583 
0.220275 
0.154722 
0.413602 
0.414063 
0.150546 
0.227192 
0.422262 
0.957420 
0.363111 
0.803184 
0.111981 
0.067576 
0.754192 
0.702223 
0.258353 
0.133387 
0.842500 
0.892338 
0.520504 
0.107118 
0.340520 
0.113062 
0.235068 
0.789489 
0.937530 
0.065289 
0.311403 
0.742988 
0.406760 
0.407335 
0.081322 
0.784339 
0.388577 
0.809044 
0.604796 
0.799995 
0.521027 
0.904795 
0.888936 
0.344979 
0.058914 
0.170434 
0.491596 
0.247688 
0.891687 
0.587864 
0.233937 
0.777156 
0.661079 
0.746662 
0.140025 
0.407229 
0.300025 
0.520682 
0.106034 
0.121718 
0.716026 
0.251269 
0.072288 
0.937506 
0.668375 
0.372477 
0.219073 
0.965319 
0.116890 
0.566188 
0.916628 
0.764461 
0.291822 
0.654578 
0.492135 
0.319718 
0.497267 
0.564350 
0.038158 
0.313609 
0.829421 
0.078082 
0.322960 
0.987612 
0.786670 
0.555830 
0.826714 
0.574248 
0.392809 
0.947070 
0.407794 
0.799852 
0.113300 
0.225037 
0.200800 
0.842443 
0.947695 
0.909475 
0.544730 
0.269596 
0.107506 
0.861278 
0.504312 
0.966204 
0.989104 
0.878863 
0.042235 
0.850651 
0.890059 
0.227582 
0.964989 
0.575241 
0.078386 
0.433720 
0.530949 
0.662959 
0.347678 
0.422554 
0.864186 
0.374001 
0.826750 
0.188141 
0.085374 
0.872938 
0.465492 
0.529187 
0.052916 
0.357688 
0.670326 
0.173221 
0.323760 
0.428931 
0.045538 
0.360380 
0.909284 
0.338470 
0.657777 
0.252742 
0.827133 
0.619092 
0.080504 
0.033001 
0.654844 
0.966471 
0.473199 
0.059966 
0.844771 
0.067786 
0.280433 
0.236511 
0.036716 
0.078177 
0.916221 
0.924371 
0.895741 
0.715086 
0.449837 
0.409564 
0.547600 
0.510671 
0.852909 
0.840836 
0.932227 
0.932397 
0.802100 
0.894416 
0.453511 
0.156033 
0.451742 
0.435553 
0.332025 
0.336623 
0.629048 
0.407895 
0.498151 
0.418713 
0.313138 
0.903477 
0.734660 
0.434251 
0.450060 
0.151696 
0.551774 
0.661847 
0.661587 
0.298801 
0.953414 
0.033373 
0.893282 
0.395089 
0.253548 
0.373373 
0.273549 
0.530004 
0.779241 
0.696650 
0.598290 
0.458996 
0.339698 
0.311628 
0.527954 
0.317248 
0.986439 
0.082173 
0.077395 
0.773391 
0.385204 
0.122573 
0.089897 
0.895283 
0.029004 
0.476546 
0.312770 
0.719291 
0.125990 
0.509996 
0.499367 
0.865408 
0.914635 
0.276319 
0.091665 
0.619912 
0.863750 
0.046296 
0.100316 
0.014655 
0.305256 
0.432825 
0.482680 
0.407740 
0.880348 
0.001646 
0.666943 
0.314100 
0.085254 
0.870812 
0.731605 
0.086874 
0.093468 
0.908548 
0.969198 
0.313590 
0.509620 
0.180983 
0.778284 
0.625921 
0.851814 
0.445558 
0.489606 
0.804188 
0.983074 
0.525956 
0.745904 
0.408057 
0.207327 
0.539457 
0.651469 
0.233143 
0.441563 
0.346190 
0.414408 
0.962087 
0.795618 
0.954706 
0.740731 
0.470156 
0.917625 
0.515153 
0.172869 
0.414013 
0.324340 
0.177511 
0.435214 
0.638944 
0.724159 
0.938761 
0.752981 
0.356011 
0.470517 
0.977277 
0.094538 
0.905237 
0.323807 
0.218346 
0.736077 
0.246809 
0.113491 
0.438638 
0.195065 
0.455001 
0.195664 
0.530363 
0.814146 
0.353550 
0.106629 
0.117072 
0.623700 
0.521246 
0.584472 
0.221560 
0.765683 
0.839540 
0.145845 
0.218476 
0.932626 
0.642429 
0.303218 
0.184664 
0.647917 
0.540235 
0.737651 
0.701799 
0.143408 
0.261724 
0.799698 
0.516056 
0.357740 
0.529787 
0.126964 
0.877822 
0.551818 
0.412482 
0.582386 
0.160858 
0.546217 
0.271880 
0.487802 
0.491274 
0.847407 
0.370953 
0.603891 
0.597758 
0.522902 
0.413961 
0.443983 
0.017874 
0.414941 
0.920204 
0.868691 
0.095728 
0.892282 
0.579469 
0.135010 
0.112184 
0.479850 
0.835209 
0.355884 
0.339921 
0.050597 
0.390861 
0.203873 
0.500464 
0.302174 
0.639071 
0.868341 
0.215041 
0.187498 
0.274004 
0.177783 
0.006596 
0.860998 
0.792853 
0.480817 
0.096354 
0.416745 
0.230848 
0.858400 
0.125187 
0.025756 
0.887268 
0.321271 
0.594741 
0.816568 
0.054520 
0.321565 
0.550304 
0.965567 
0.277270 
0.081298 
0.371827 
0.294839 
0.363722 
0.073642 
0.704446 
0.620234 
0.277164 
0.287439 
0.990020 
0.265755 
0.542934 
0.093457 
0.726225 
0.664886 
0.732004 
0.796147 
0.835420 
0.905080 
0.674542 
0.019370 
0.556487 
0.883902 
0.739791 
0.659270 
0.357253 
0.354017 
0.965807 
0.311623 
0.443405 
0.314523 
0.182143 
0.284798 
0.592929 
0.357301 
0.162215 
0.347037 
0.650825 
0.407929 
0.056061 
0.221479 
0.394136 
0.236781 
0.579946 
0.158807 
0.072571 
0.701903 
0.875360 
0.179627 
0.990683 
0.414301 
0.149077 
0.540844 
0.959398 
0.603071 
0.808541 
0.146275 
0.441628 
0.445748 
0.684416 
0.976223 
0.387253 
0.554959 
0.192655 
0.956467 
0.337156 
0.584394 
0.916592 
0.154888 
0.208117 
0.822848 
0.609310 
0.677897 
0.423121 
0.400327 
0.301955 
0.954448 
0.403835 
0.251772 
0.539989 
0.589699 
0.068697 
0.589461 
0.067755 
0.762171 
0.804180 
0.852280 
0.266441 
0.069759 
0.447052 
0.601255 
0.293535 
0.441842 
0.045995 
0.040028 
0.758513 
0.327689 
0.475677 
0.702754 
0.185595 
0.289886 
0.120525 
0.669118 
0.863065 
0.530514 
0.346540 
0.298735 
0.831942 
0.457558 
0.184244 
0.583085 
0.905030 
0.835727 
0.062313 
0.289265 
0.680063 
0.812819 
0.051598 
0.209377 
0.991393 
0.335622 
0.796422 
0.457744 
0.306597 
0.978278 
0.915135 
0.681808 
0.149980 
0.713528 
0.270835 
0.928208 
0.390596 
0.744291 
0.295713 
0.055507 
0.914149 
0.104955 
0.986283 
0.459509 
0.975361 
0.896292 
0.974096 
0.624713 
0.552803 
0.962122 
0.389194 
0.175172 
0.115182 
0.872112 
0.583212 
0.036721 
0.177697 
0.550735 
0.201648 
0.090818 
0.383277 
0.734850 
0.628904 
0.991340 
0.443768 
0.407774 
0.453253 
0.830814 
0.487739 
0.421057 
0.712567 
0.121169 
0.491601 
0.341878 
0.948968 
0.297917 
0.088275 
0.630858 
0.834886 
0.928618 
0.276893 
0.739473 
0.329028 
0.968185 
0.282072 
0.789659 
0.791376 
0.662046 
0.014114 
0.220344 
0.316046 
0.779834 
0.665402 
0.409022 
0.426483 
0.900084 
0.719842 
0.382988 
0.879660 
0.452038 
0.406847 
0.871978 
0.326071 
0.275545 
0.091565 
0.935388 
0.064843 
0.823563 
0.621871 
0.792776 
0.186868 
0.690764 
0.677616 
0.687237 
0.385504 
0.164993 
0.045268 
0.825899 
0.887901 
0.948870 
0.651092 
0.906893 
0.158962 
0.674127 
0.046521 
0.884906 
0.611330 
0.615304 
0.418469 
0.202908 
0.282513 
0.198366 
0.933917 
0.350617 
0.823098 
0.801364 
0.526436 
0.813059 
0.087790 
0.482864 
0.501339 
0.005707 
0.917798 
0.432440 
0.014937 
0.053467 
0.619664 
0.698024 
0.690877 
0.566682 
0.226236 
0.353333 
0.464636 
0.138897 
0.442622 
0.141006 
0.883310 
0.783162 
0.600573 
0.822410 
0.242685 
0.814043 
0.624368 
0.753103 
0.410370 
0.087602 
0.329511 
0.084967 
0.042920 
0.358544 
0.053745 
0.293337 
0.118970 
0.521132 
0.665963 
0.837402 
0.210632 
0.098101 
0.781869 
0.877295 
0.697675 
0.818924 
0.658070 
0.176310 
0.249654 
0.927285 
0.878497 
0.902057 
0.878963 
0.734531 
0.266581 
0.428878 
0.145607 
0.224735 
0.120101 
0.535750 
0.351448 
0.792783 
0.307848 
0.001894 
0.824686 
0.500976 
0.901460 
0.836096 
0.260946 
0.716693 
0.451742 
0.431655 
0.826206 
0.045173 
0.221282 
0.089811 
0.456476 
0.990494 
0.238509 
0.613867 
0.257598 
0.450216 
0.780706 
0.330953 
0.334863 
0.037953 
0.870891 
0.066408 
0.119718 
0.092379 
0.605848 
0.487073 
0.240737 
0.063004 
0.916174 
0.138893 
0.368709 
0.898135 
0.946647 
0.291316 
0.146782 
0.971854 
0.953330 
0.615657 
0.349111 
0.513394 
0.616750 
0.719384 
0.692782 
0.585955 
0.151239 
0.869918 
0.718962 
0.591667 
0.141564 
0.263041 
0.928420 
0.955906 
0.915217 
0.055845 
0.581755 
0.561920 
0.181246 
0.208244 
0.960144 
0.132337 
0.179730 
0.728998 
0.272425 
0.647190 
0.321645 
0.890500 
0.627946 
0.888248 
0.788538 
0.966329 
0.084865 
0.330847 
0.546623 
0.100278 
0.366428 
0.556415 
0.666408 
0.326854 
0.428534 
0.366781 
0.484264 
0.017904 
0.909991 
0.211455 
0.927741 
0.551172 
0.551117 
0.623841 
0.895164 
0.020985 
0.694705 
0.899649 
0.396293 
0.503120 
0.932600 
0.215140 
0.866137 
0.156493 
0.185314 
0.580142 
0.441914 
0.253933 
0.845326 
0.395151 
0.306351 
0.836634 
0.301490 
0.145750 
0.628017 
0.086395 
0.040063 
0.340709 
0.292212 
0.199990 
0.227418 
0.207619 
0.444798 
0.722481 
0.736541 
0.043399 
0.400350 
0.682582 
0.163236 
0.513074 
0.242288 
0.141813 
0.450767 
0.036562 
0.496101 
0.969157 
0.616472 
0.044217 
0.148119 
0.435084 
0.449783 
0.500211 
0.040458 
0.972680 
0.835431 
0.082754 
0.845408 
0.771395 
0.831782 
0.765726 
0.551239 
0.666148 
0.944056 
0.741022 
0.363930 
0.575786 
0.233884 
0.889810 
0.038197 
0.970836 
0.846718 
0.790619 
0.926438 
0.649140 
0.103301 
0.174521 
0.170177 
0.169225 
0.163439 
0.917529 
0.917055 
0.945757 
0.340853 
0.719302 
0.304235 
0.283121 
0.410580 
0.622163 
0.688467 
0.071788 
0.532800 
0.763839 
0.839393 
0.677001 
0.360131 
0.722529 
0.541013 
0.812642 
0.071418 
0.329643 
0.307570 
0.327837 
0.958389 
0.646060 
0.328323 
0.119336 
0.674646 
0.778042 
0.544399 
0.711458 
0.469585 
0.317957 
0.894972 
0.796771 
0.335199 
0.686275 
0.218745 
0.449857 
0.754527 
0.338688 
0.326458 
0.774774 
0.622360 
0.996282 
0.517946 
0.122225 
0.242096 
0.912285 
0.777103 
0.767174 
0.895113 
0.166940 
0.765111 
0.224470 
0.659297 
0.811104 
0.230352 
0.518441 
0.432773 
0.615503 
0.757738 
0.299438 
0.649729 
0.991503 
0.198337 
0.447689 
0.302453 
0.331246 
0.244618 
0.296277 
0.535690 
0.346918 
0.654599 
0.853534 
0.340161 
0.084230 
0.651492 
0.630880 
0.191956 
0.208664 
0.014113 
0.193092 
0.301467 
0.762102 
0.645643 
0.313501 
0.010596 
0.090731 
0.912898 
0.072903 
0.278997 
0.097804 
0.799039 
0.450642 
0.945982 
0.122132 
0.675492 
0.993233 
0.259759 
0.770267 
0.877200 
0.106613 
0.844284 
0.874094 
0.897741 
0.334124 
0.619500 
0.943244 
0.099442 
0.316139 
0.342251 
0.211738 
0.677518 
0.045570 
0.887525 
0.637005 
0.134946 
0.037412 
0.790017 
0.823128 
0.309217 
0.013509 
0.042417 
0.894850 
0.748900 
0.762940 
0.730853 
0.449276 
0.976214 
0.236955 
0.503275 
0.548048 
0.039333 
0.075129 
0.692180 
0.471782 
0.236866 
0.999939 
0.980475 
0.835414 
0.805888 
0.564615 
0.477517 
0.624715 
0.591935 
0.651063 
0.415804 
0.425832 
0.951370 
0.668043 
0.806293 
0.360306 
0.659726 
0.015215 
0.712035 
0.172679 
0.210007 
0.595403 
0.937079 
0.492306 
0.190688 
0.898705 
0.531507 
0.042001 
0.917611 
0.284619 
0.595782 
0.303643 
0.326054 
0.985766 
0.773421 
0.892728 
0.085059 
0.583830 
0.439038 
0.918816 
0.541861 
0.062042 
0.738451 
0.139315 
0.474912 
0.842088 
0.978304 
0.355400 
0.208542 
0.971775 
0.618050 
0.559009 
0.258276 
0.838436 
0.600074 
0.435727 
0.269676 
0.440016 
0.353550 
0.110863 
0.279015 
0.406179 
0.650968 
0.811547 
0.678480 
0.216821 
0.105352 
0.645201 
0.887333 
0.407250 
0.646686 
0.855470 
0.888176 
0.570662 
0.108040 
0.829468 
0.866518 
0.571275 
0.423375 
0.659610 
0.060094 
0.994103 
0.895930 
0.903251 
0.946291 
0.304824 
0.182640 
0.638038 
0.504970 
0.029786 
0.621020 
0.474872 
0.169576 
0.067707 
0.945669 
0.861356 
0.815831 
0.674128 
0.062182 
0.092020 
0.577579 
0.374218 
0.485711 
0.340240 
0.418790 
0.606664 
0.206026 
0.671102 
0.210755 
0.153525 
0.288094 
0.991852 
0.064522 
0.412951 
0.471257 
0.409778 
0.132515 
0.183757 
0.404372 
0.285664 
0.161927 
0.501450 
0.870825 
0.951166 
0.247983 
0.845176 
0.879349 
0.221277 
0.994603 
0.299283 
0.051750 
0.759654 
0.500424 
0.619096 
0.152460 
0.391426 
0.690176 
0.795784 
0.735180 
0.170725 
0.372973 
0.549993 
0.731588 
0.802996 
0.954816 
0.592302 
0.811613 
0.780355 
0.422013 
0.778663 
0.997274 
0.186688 
0.671093 
0.058203 
0.218958 
0.029154 
0.983481 
0.365530 
0.460491 
0.477597 
0.978716 
0.286973 
0.149829 
0.181878 
0.821740 
0.985400 
0.621872 
0.796634 
0.034998 
0.204188 
0.792131 
0.341485 
0.332383 
0.357989 
0.725574 
0.719027 
0.691499 
0.015394 
0.723364 
0.572809 
0.203012 
0.030713 
0.188717 
0.761552 
0.406535 
0.639220 
0.371692 
0.023494 
0.861460 
0.563851 
0.639109 
0.510894 
0.598985 
0.140055 
0.908485 
0.900742 
0.774753 
0.271034 
0.264973 
0.395033 
0.317803 
0.320809 
0.834411 
0.944281 
0.530034 
0.279455 
0.802841 
0.356853 
0.623527 
0.624910 
0.869063 
0.337554 
0.276762 
0.536922 
0.043924 
0.229175 
0.751396 
0.704335 
0.764446 
0.036839 
0.153440 
0.870738 
0.498420 
0.940672 
0.874060 
0.324561 
0.901134 
0.352519 
0.783532 
0.825275 
0.402210 
0.935693 
0.196469 
0.046644 
0.941950 
0.345876 
0.140163 
0.725893 
0.079754 
0.420252 
0.170069 
0.341776 
0.221445 
0.830402 
0.569901 
0.328589 
0.589805 
0.848460 
0.071711 
0.251654 
0.554071 
0.270571 
0.485006 
0.494436 
0.979564 
0.525518 
0.373949 
0.966969 
0.841349 
0.551493 
0.945395 
0.255092 
0.329855 
0.872512 
0.316487 
0.205070 
0.615752 
0.936033 
0.904545 
0.685510 
0.372034 
0.774443 
0.064330 
0.199890 
0.553099 
0.933988 
0.531405 
0.323808 
0.243140 
0.447790 
0.004469 
0.117109 
0.245246 
0.857767 
0.492345 
0.839087 
0.541377 
0.921240 
0.288131 
0.617696 
0.615288 
0.148146 
0.887706 
0.674685 
0.422809 
0.153537 
0.500321 
0.902054 
0.814043 
0.628579 
0.520434 
0.926033 
0.841373 
0.958284 
0.885009 
0.352924 
0.587762 
0.515211 
0.158115 
0.443087 
0.967140 
0.725319 
0.437197 
0.972992 
0.076805 
0.860238 
0.018919 
0.975295 
0.780048 
0.265524 
0.660030 
0.119087 
0.502119 
0.116284 
0.389740 
0.356074 
0.542933 
0.074235 
0.669417 
0.898214 
0.287280 
0.319811 
0.071658 
0.363502 
0.382797 
0.667398 
0.950735 
0.002800 
0.053181 
0.808380 
0.448150 
0.052241 
0.022132 
0.968735 
0.536660 
0.645684 
0.017608 
0.939244 
0.879147 
0.830666 
0.010184 
0.161154 
0.513747 
0.542157 
0.031090 
0.527058 
0.270036 
0.488821 
0.621561 
0.574255 
0.499725 
0.884794 
0.732101 
0.419304 
0.246530 
0.426482 
0.877302 
0.813341 
0.815895 
0.749126 
0.566610 
0.016655 
0.925100 
0.150880 
0.843708 
0.200545 
0.560840 
0.043784 
0.883440 
0.982458 
0.165956 
0.229605 
0.974907 
0.268196 
0.564277 
0.807751 
0.863322 
0.849903 
0.314892 
0.387265 
0.757051 
0.761421 
0.197096 
0.600863 
0.699999 
0.880701 
0.940968 
0.852836 
0.614640 
0.249269 
0.468542 
0.792681 
0.587495 
0.022993 
0.440788 
0.322227 
0.671168 
0.322553 
0.148633 
0.068954 
0.912293 
0.912734 
0.317043 
0.535347 
0.573727 
0.621336 
0.787169 
0.942496 
0.536648 
0.437065 
0.746327 
0.523776 
0.101231 
0.387186 
0.434113 
0.139864 
0.695854 
0.217163 
0.857256 
0.895681 
0.707222 
0.276555 
0.067383 
0.500911 
0.811372 
0.726812 
0.529249 
0.091718 
0.499847 
0.920347 
0.263881 
0.051949 
0.100692 
0.324493 
0.753115 
0.600527 
0.061241 
0.272024 
0.907222 
0.688488 
0.409894 
0.096785 
0.669363 
0.983742 
0.754425 
0.615940 
0.096994 
0.175647 
0.096670 
0.739216 
0.002893 
0.614260 
0.861755 
0.508136 
0.242155 
0.906375 
0.443877 
0.243989 
0.717570 
0.195902 
0.523040 
0.737532 
0.697905 
0.681981 
0.052608 
0.185319 
0.661520 
0.171835 
0.038073 
0.889398 
0.108886 
0.043970 
0.006553 
0.136816 
0.469778 
0.564749 
0.740997 
0.931500 
0.718378 
0.773017 
0.094071 
0.050028 
0.818914 
0.490538 
0.478417 
0.762127 
0.062561 
0.463013 
0.861715 
0.841909 
0.956402 
0.247718 
0.392747 
0.900137 
0.597874 
0.475902 
0.485152 
0.951689 
0.030445 
0.684132 
0.214520 
0.429266 
0.676040 
0.196691 
0.779415 
0.626929 
0.793086 
0.403284 
0.994242 
0.225754 
0.255866 
0.339049 
0.403946 
0.128778 
0.379257 
0.169726 
0.588486 
0.688777 
0.268371 
0.519522 
0.608091 
0.188588 
0.598367 
0.756506 
0.594981 
0.851179 
0.757375 
0.199237 
0.573063 
0.467961 
0.022210 
0.286626 
0.316343 
0.781494 
0.571973 
0.147119 
0.635492 
0.720635 
0.718722 
0.562229 
0.385187 
0.840487 
0.073399 
0.612656 
0.902299 
0.947008 
0.366817 
0.090189 
0.805000 
0.629640 
0.363319 
0.300029 
0.590337 
0.792349 
0.009086 
0.702200 
0.879682 
0.809046 
0.634591 
0.564355 
0.110489 
0.985847 
0.133809 
0.922601 
0.157768 
0.608412 
0.573013 
0.623543 
0.884096 
0.005993 
0.719010 
0.393181 
0.189523 
0.315298 
0.205731 
0.714224 
0.963407 
0.989080 
0.475139 
0.665434 
0.950105 
0.423004 
0.429640 
0.955363 
0.778714 
0.841966 
0.928625 
0.397912 
0.708291 
0.254125 
0.075175 
0.461864 
0.555557 
0.242277 
0.947163 
0.974438 
0.376594 
0.408670 
0.515195 
0.882549 
0.997567 
0.103746 
0.654174 
0.702768 
0.420041 
0.635868 
0.033557 
0.992470 
0.438429 
0.671900 
0.615063 
0.370193 
0.835076 
0.117949 
0.372477 
0.219926 
0.302938 
0.477870 
0.559052 
0.988257 
0.631012 
0.419685 
0.650832 
0.535444 
0.201243 
0.298993 
0.180735 
0.613380 
0.081969 
0.656739 
0.815403 
0.478243 
0.826714 
0.578976 
0.841633 
0.332685 
0.432474 
0.591263 
0.364648 
0.639985 
0.235089 
0.137473 
0.502204 
0.544730 
0.272218 
0.172666 
0.989061 
0.152106 
0.443228 
0.340432 
0.638809 
0.461916 
0.414947 
0.012179 
0.700778 
0.969474 
0.948632 
0.660043 
0.343368 
0.980514 
0.498002 
0.926570 
0.866797 
0.256336 
0.231802 
0.895609 
0.495316 
0.781599 
0.338846 
0.986633 
0.337426 
0.115768 
0.717473 
0.569175 
0.130699 
0.660103 
0.350684 
0.946150 
0.947811 
0.867750 
0.272390 
0.055289 
0.250266 
0.215587 
0.377119 
0.234850 
0.124236 
0.029049 
0.225193 
0.822970 
0.657596 
0.221659 
0.425625 
0.478254 
0.012261 
0.076857 
0.732612 
0.010012 
0.278139 
0.675653 
0.698409 
0.164693 
0.994278 
0.836650 
0.569457 
0.868079 
0.798644 
0.808262 
0.457505 
0.284289 
0.052826 
0.849031 
0.657057 
0.157683 
0.172429 
0.019644 
0.159026 
0.757891 
0.873272 
0.087502 
0.646998 
0.091272 
0.010755 
0.753183 
0.753046 
0.447460 
0.467376 
0.184300 
0.524636 
0.558632 
0.934014 
0.966434 
0.851762 
0.564974 
0.515373 
0.871361 
0.963481 
0.220239 
0.553054 
0.183063 
0.743708 
0.504354 
0.680282 
0.496895 
0.308460 
0.280272 
0.533392 
0.726220 
0.578365 
0.581756 
0.579310 
0.458212 
0.163270 
0.080737 
0.941138 
0.707042 
0.262135 
0.709826 
0.043804 
0.209260 
0.032116 
0.771125 
0.293247 
0.607768 
0.758082 
0.078695 
0.624778 
0.651993 
0.049854 
0.889880 
0.210250 
0.675375 
0.032954 
0.858425 
0.549611 
0.320007 
0.363891 
0.917925 
0.562026 
0.973242 
