0.000001 
0.012687 
0.222755 
0.836227 
0.471864 
0.615692 
0.932841 
0.259323 
0.439706 
0.139474 
0.137184 
0.656868 
0.973939 
0.994826 
0.041391 
0.661310 
0.644013 
0.933152 
0.478760 
0.516770 
0.351267 
0.744765 
0.258567 
0.731138 
0.237558 
0.636530 
0.151548 
0.075088 
0.002638 
0.334957 
0.629954 
0.630066 
0.523022 
0.436303 
0.939977 
0.188735 
0.067681 
0.507119 
0.141398 
0.471602 
0.213985 
0.450034 
0.714014 
0.432510 
0.189809 
0.111610 
0.823816 
0.879878 
0.110255 
0.062856 
0.422889 
0.488035 
0.403191 
0.432357 
0.623988 
0.368531 
0.908172 
0.644678 
0.100841 
0.826333 
0.174775 
0.442663 
0.831612 
0.909273 
0.152398 
0.346864 
0.736206 
0.420246 
0.078023 
0.325849 
0.547251 
0.646201 
0.694422 
0.149598 
0.298073 
0.720525 
0.866682 
0.328505 
0.186138 
0.414619 
0.501570 
0.891844 
0.217274 
0.721544 
0.986043 
0.428601 
0.489880 
0.419938 
0.892849 
0.121222 
0.375558 
0.008898 
0.547688 
0.995717 
0.016671 
0.195117 
0.336109 
0.982929 
0.088747 
0.563298 
0.354672 
0.969744 
0.494054 
0.571254 
0.069208 
0.180083 
0.652448 
0.699683 
0.580136 
0.343192 
0.036273 
0.639792 
0.982387 
0.980418 
0.885457 
0.880701 
0.946212 
0.983154 
0.870206 
0.544858 
0.422591 
0.495336 
0.107388 
0.862353 
0.569380 
0.566467 
0.617560 
0.331522 
0.895415 
0.232268 
0.731589 
0.811863 
0.987130 
0.693132 
0.462213 
0.405635 
0.502771 
0.080214 
0.150998 
0.829516 
0.678144 
0.566057 
0.717708 
0.512891 
0.153682 
0.937562 
0.610810 
0.889850 
0.700761 
0.696905 
0.882084 
0.193487 
0.935223 
0.295937 
0.806420 
0.503721 
0.045303 
0.400409 
0.682315 
0.668756 
0.781326 
0.751490 
0.295953 
0.078269 
0.468793 
0.996169 
0.612742 
0.352307 
0.216093 
0.876071 
0.117431 
0.656610 
0.636010 
0.413454 
0.923853 
0.194039 
0.214566 
0.205986 
0.012286 
0.491287 
0.053108 
0.578639 
0.178574 
0.299176 
0.244203 
0.318255 
0.917631 
0.619228 
0.362376 
0.453588 
0.453794 
0.916235 
0.154474 
0.238250 
0.267164 
0.222366 
0.299111 
0.166637 
0.669433 
0.154450 
0.834464 
0.838060 
0.276978 
0.162855 
0.106557 
0.908132 
0.981565 
0.167127 
0.898594 
0.666397 
0.140171 
0.857673 
0.913030 
0.302667 
0.920990 
0.076519 
0.056225 
0.967650 
0.294004 
0.321470 
0.948787 
0.256441 
0.004584 
0.046152 
0.679268 
0.457582 
0.576861 
0.307765 
0.601623 
0.478245 
0.863545 
0.595807 
0.720280 
0.740206 
0.635093 
0.013194 
0.756612 
0.377343 
0.003975 
0.802241 
0.262981 
0.918177 
0.795137 
0.869018 
0.579516 
0.921216 
0.872230 
0.568096 
0.992861 
0.021485 
0.103943 
0.964564 
0.424859 
0.603618 
0.010019 
0.386870 
0.130144 
0.323151 
0.190976 
0.729508 
0.836625 
0.160310 
0.335590 
0.263610 
0.496665 
0.451867 
0.535947 
0.654380 
0.159362 
0.399553 
0.282469 
0.450822 
0.970545 
0.952662 
0.397097 
0.005915 
0.420795 
0.299497 
0.645493 
0.807364 
0.374690 
0.421273 
0.343604 
0.946440 
0.825228 
0.611934 
0.775998 
0.193455 
0.390923 
0.237385 
0.723077 
0.762997 
0.682242 
0.445878 
0.870391 
0.664292 
0.754190 
0.664656 
0.876970 
0.227841 
0.321866 
0.609598 
0.516409 
0.292961 
0.789879 
0.490314 
0.709168 
0.979517 
0.738944 
0.431628 
0.365272 
0.127140 
0.845832 
0.890292 
0.130029 
0.389216 
0.545837 
0.876367 
0.095776 
0.712110 
0.425853 
0.303721 
0.630803 
0.913503 
0.247895 
0.373522 
0.776742 
0.707702 
0.341097 
0.813495 
0.404271 
0.584110 
0.136793 
0.081536 
0.369693 
0.427779 
0.674406 
0.734031 
0.864661 
0.351794 
0.608018 
0.962110 
0.180049 
0.090859 
0.074157 
0.364636 
0.444326 
0.790385 
0.004418 
0.248906 
0.363794 
0.292560 
0.057260 
0.371140 
0.741960 
0.120830 
0.788495 
0.229507 
0.328263 
0.112184 
0.471303 
0.195944 
0.234872 
0.493977 
0.268774 
0.287430 
0.831153 
0.180193 
0.510499 
0.954429 
0.084073 
0.012362 
0.773340 
0.521259 
0.797678 
0.573985 
0.965871 
0.386434 
0.790927 
0.104630 
0.522061 
0.275046 
0.695906 
0.088535 
0.011512 
0.481043 
0.895610 
0.515234 
0.545270 
0.354391 
0.251219 
0.230045 
0.366897 
0.446021 
0.279880 
0.940052 
0.453523 
0.363471 
0.860817 
0.754617 
0.853771 
0.332251 
0.142282 
0.325448 
0.807471 
0.169950 
0.348345 
0.626041 
0.865602 
0.170749 
0.783849 
0.152333 
0.255398 
0.476272 
0.702013 
0.730625 
0.606920 
0.499126 
0.804023 
0.221007 
0.472840 
0.026806 
0.520798 
0.059434 
0.901336 
0.759603 
0.654996 
0.512608 
0.398740 
0.628225 
0.574889 
0.167599 
0.834603 
0.167415 
0.737325 
0.219295 
0.686672 
0.888236 
0.585233 
0.009206 
0.725411 
0.976370 
0.852097 
0.197494 
0.288433 
0.687665 
0.583674 
0.809496 
0.195067 
0.487684 
0.497468 
0.938189 
0.137097 
0.189533 
0.480191 
0.575389 
0.562757 
0.263037 
0.862005 
0.726236 
0.848453 
0.950825 
0.518979 
0.474264 
0.960633 
0.362257 
0.450844 
0.328422 
0.781101 
0.961665 
0.700498 
0.268260 
0.646210 
0.854659 
0.254273 
0.561440 
0.123326 
0.743101 
0.298886 
0.377610 
0.490832 
0.416183 
0.794195 
0.038808 
0.252345 
0.170540 
0.257992 
0.063396 
0.501696 
0.005339 
0.733886 
0.427592 
0.536869 
0.155529 
0.980230 
0.724457 
0.951910 
0.757025 
0.322721 
0.977920 
0.900132 
0.525504 
0.145975 
0.402738 
0.813919 
0.531800 
0.968536 
0.192953 
0.967229 
0.222175 
0.091482 
0.535704 
0.583736 
0.856531 
0.714978 
0.634503 
0.088067 
0.137511 
0.153922 
0.959424 
0.038608 
0.886451 
0.582455 
0.321470 
0.942510 
0.763135 
0.009116 
0.208746 
0.399944 
0.852314 
0.847079 
0.858262 
0.805906 
0.854542 
0.294879 
0.023876 
0.286072 
0.013373 
0.758862 
0.193639 
0.494806 
0.203398 
0.504623 
0.194766 
0.439229 
0.126461 
0.435870 
0.658949 
0.953670 
0.324336 
0.116388 
0.125088 
0.361377 
0.666629 
0.026637 
0.681736 
0.937558 
0.537078 
0.672347 
0.143021 
0.754012 
0.681941 
0.378993 
0.727894 
0.711439 
0.154981 
0.761949 
0.072231 
0.978768 
0.157789 
0.964903 
0.119263 
0.445969 
0.397605 
0.553657 
0.309947 
0.275449 
0.477376 
0.266583 
0.467141 
0.233854 
0.379155 
0.460596 
0.234774 
0.842910 
0.793912 
0.277449 
0.082022 
0.538254 
0.442633 
0.328103 
0.425673 
0.283994 
0.090626 
0.155987 
0.680994 
0.462638 
0.564289 
0.012981 
0.178740 
0.088267 
0.497301 
0.142531 
0.523794 
0.412392 
0.066567 
0.790513 
0.151809 
0.455679 
0.596493 
0.257107 
0.199094 
0.173725 
0.796712 
0.342980 
0.457032 
0.331603 
0.244782 
0.056935 
0.912004 
0.057059 
0.984834 
0.103324 
0.565628 
0.508064 
0.033991 
0.286482 
0.894685 
0.964474 
0.906363 
0.247349 
0.198591 
0.712324 
0.032439 
0.204942 
0.453404 
0.360547 
0.710076 
0.240561 
0.112009 
0.540852 
0.107316 
0.667267 
0.749130 
0.633768 
0.742415 
0.774369 
0.827662 
0.519372 
0.089323 
0.250692 
0.381920 
0.925899 
0.582198 
0.997283 
0.341494 
0.488542 
0.931476 
0.318568 
0.165110 
0.996187 
0.908039 
0.404591 
0.960505 
0.204198 
0.958065 
0.205669 
0.676424 
0.658086 
0.456541 
0.091696 
0.131451 
0.305121 
0.165760 
0.931589 
0.214059 
0.696633 
0.315985 
0.759440 
0.900122 
0.342719 
0.080933 
0.240438 
0.040088 
0.752971 
0.176740 
0.465942 
0.081767 
0.254616 
0.338897 
0.844685 
0.614367 
0.660872 
0.283337 
0.038016 
0.940051 
0.443646 
0.362783 
0.286901 
0.938151 
0.501518 
0.005758 
0.771976 
0.598175 
0.535407 
0.587515 
0.368723 
0.122579 
0.187335 
0.540746 
0.315266 
0.670689 
0.264875 
0.761161 
0.831462 
0.375721 
0.739620 
0.791963 
0.515500 
0.010151 
0.610224 
0.042688 
0.461106 
0.813703 
0.910148 
0.857073 
0.830108 
0.618682 
0.183062 
0.728009 
0.639551 
0.936006 
0.444730 
0.577381 
0.048144 
0.161892 
0.923598 
0.909775 
0.587807 
0.274142 
0.508969 
0.246786 
0.729083 
0.697098 
0.128455 
0.936471 
0.267264 
0.912008 
0.123731 
0.555251 
0.105064 
0.806102 
0.152160 
0.347299 
0.059567 
0.143208 
0.890555 
0.555144 
0.301547 
0.106664 
0.706108 
0.552249 
0.644611 
0.969351 
0.882150 
0.290924 
0.558490 
0.541031 
0.103869 
0.724053 
0.159287 
0.137629 
0.129508 
0.648672 
0.223274 
0.563302 
0.417893 
0.531997 
0.273847 
0.547020 
0.762952 
0.932390 
0.678858 
0.568866 
0.936502 
0.792406 
0.966055 
0.485245 
0.520453 
0.253927 
0.748545 
0.798863 
0.490936 
0.169102 
0.101832 
0.496452 
0.874293 
0.245306 
0.860709 
0.928358 
0.905521 
0.097133 
0.509948 
0.688900 
0.338219 
0.449890 
0.303257 
0.847628 
0.082413 
0.111473 
0.531676 
0.881713 
0.957123 
0.364119 
0.750999 
0.035298 
0.258262 
0.607269 
0.368425 
0.121326 
0.120729 
0.094125 
0.956063 
0.554034 
0.651873 
0.028240 
0.626900 
0.310685 
0.677098 
0.993393 
0.948923 
0.548886 
0.132723 
0.667892 
0.265360 
0.907394 
0.569006 
0.287434 
0.902435 
0.226368 
0.563773 
0.339830 
0.528071 
0.292631 
0.255704 
0.621100 
0.829342 
0.756881 
0.902792 
0.230750 
0.223299 
0.987413 
0.450633 
0.784407 
0.524496 
0.203615 
0.161259 
0.280143 
0.357865 
0.641099 
0.944533 
0.769985 
0.139257 
0.497351 
0.983123 
0.339930 
0.202022 
0.383986 
0.655647 
0.463217 
0.282683 
0.061408 
0.087576 
0.889583 
0.214358 
0.712154 
0.175979 
0.674563 
0.378515 
0.694048 
0.856532 
0.735694 
0.815028 
0.175355 
0.184411 
0.388799 
0.544390 
0.565707 
0.841357 
0.680041 
0.453565 
0.072509 
0.658272 
0.574387 
0.721123 
0.912892 
0.968726 
0.379499 
0.235361 
0.707133 
0.785945 
0.380253 
0.911246 
0.307246 
0.878774 
0.562621 
0.974114 
0.925872 
0.126891 
0.654920 
0.246270 
0.058468 
0.664672 
0.148944 
0.297517 
0.362418 
0.160333 
0.710677 
0.343645 
0.637337 
0.718090 
0.938567 
0.492344 
0.819639 
0.669973 
0.242015 
0.542553 
0.691111 
0.501710 
0.242275 
0.908885 
0.623116 
0.710963 
0.150875 
0.750637 
0.953168 
0.902349 
0.776416 
0.215453 
0.119814 
0.711380 
0.170392 
0.782049 
0.900277 
0.957572 
0.908254 
0.023426 
0.718364 
0.549128 
0.192566 
0.448576 
0.214590 
0.618178 
0.712974 
0.956791 
0.779606 
0.830731 
0.102041 
0.997978 
0.012246 
0.822062 
0.388381 
0.523143 
0.464444 
0.905472 
0.263139 
0.580167 
0.874556 
0.662861 
0.707537 
0.574444 
0.679235 
0.900454 
0.927875 
0.787299 
0.133332 
0.909683 
0.034907 
0.677757 
0.056545 
0.346260 
0.586603 
0.034306 
0.582750 
0.278215 
0.953715 
0.082289 
0.025018 
0.478122 
0.792053 
0.042503 
0.347996 
0.764638 
0.269928 
0.676798 
0.940548 
0.785218 
0.151981 
0.351850 
0.549609 
0.273401 
0.056363 
0.288231 
0.300491 
0.344344 
0.382103 
0.004472 
0.155004 
0.151217 
0.498737 
0.276284 
0.498051 
0.741757 
0.711272 
0.351090 
0.770893 
0.398290 
0.065205 
0.901780 
0.208890 
0.820968 
0.014774 
0.308658 
0.607371 
0.088661 
0.127160 
0.170548 
0.393122 
0.194846 
0.783189 
0.058517 
0.493007 
0.976903 
0.809212 
0.433731 
0.711973 
0.131998 
0.498780 
0.000105 
0.770387 
0.899980 
0.968723 
0.329042 
0.211241 
0.319621 
0.868545 
0.629873 
0.281371 
0.010605 
0.237945 
0.138693 
0.009013 
0.487978 
0.449540 
0.421334 
0.359873 
0.391306 
0.687526 
0.248865 
0.667310 
0.481718 
0.228427 
0.178599 
0.719968 
0.504920 
0.194008 
0.700624 
0.382515 
0.921988 
0.854423 
0.294161 
0.966791 
0.852717 
0.610948 
0.207824 
0.905165 
0.103206 
0.584907 
0.530028 
0.172234 
0.735144 
0.563939 
0.116720 
0.713758 
0.128210 
0.826312 
0.830141 
0.176162 
0.751250 
0.250714 
0.747098 
0.479094 
0.126531 
0.612439 
0.260792 
0.124176 
0.033269 
0.146257 
0.135406 
0.766711 
0.114974 
0.372512 
0.803554 
0.338875 
0.477957 
0.016690 
0.506685 
0.855455 
0.630806 
0.950498 
0.027020 
0.119880 
0.815916 
0.098433 
0.361171 
0.193395 
0.397788 
0.618220 
0.430112 
0.895856 
0.650884 
0.400970 
0.096772 
0.447180 
0.757475 
0.874933 
0.997344 
0.367891 
0.143306 
0.547061 
0.448769 
0.457227 
0.617637 
0.621277 
0.796749 
0.966945 
0.438729 
0.721520 
0.585200 
0.457705 
0.652094 
0.736131 
0.153251 
0.688576 
0.891450 
0.594694 
0.023670 
0.829666 
0.190769 
0.246789 
0.783977 
0.303144 
0.944184 
0.908496 
0.096668 
0.691741 
0.094670 
0.112375 
0.690054 
0.742074 
0.035731 
0.533733 
0.450505 
0.631991 
0.870463 
0.872300 
0.743327 
0.101742 
0.983482 
0.383703 
0.891235 
0.993155 
0.964323 
0.372498 
0.573060 
0.419477 
0.145613 
0.311655 
0.978776 
0.288458 
0.119814 
0.705722 
0.068571 
0.479401 
0.296232 
0.766859 
0.600762 
0.010168 
0.899174 
0.417826 
0.409602 
0.176574 
0.676553 
0.830232 
0.717338 
0.304028 
0.806366 
0.589727 
0.536252 
0.788462 
0.685308 
0.979702 
0.851710 
0.693030 
0.758858 
0.126810 
0.293633 
0.089551 
0.091146 
0.895326 
0.746737 
0.412483 
0.610052 
0.146939 
0.611031 
0.600096 
0.819986 
0.511998 
0.150125 
0.157727 
0.916686 
0.737145 
0.202746 
0.550836 
0.906481 
0.230285 
0.401821 
0.410387 
0.381764 
0.308816 
0.266607 
0.866779 
0.947930 
0.853722 
0.512282 
0.928218 
0.555842 
0.033150 
0.146486 
0.994393 
0.761600 
0.209216 
0.286310 
0.009141 
0.639674 
0.002097 
0.236960 
0.581993 
0.555121 
0.917664 
0.178156 
0.265054 
0.763278 
0.411615 
0.021262 
0.343724 
0.976562 
0.069784 
0.854485 
0.326968 
0.351003 
0.309060 
0.375608 
0.836310 
0.854188 
0.345985 
0.967268 
0.880224 
0.920247 
0.586800 
0.345479 
0.458620 
0.022324 
0.192879 
0.712326 
0.058611 
0.067305 
0.197601 
0.086588 
0.283718 
0.440080 
0.429206 
0.664466 
0.674498 
0.280311 
0.180077 
0.562116 
0.490533 
0.383507 
0.603370 
0.836819 
0.412863 
0.993427 
0.523856 
0.446341 
0.655296 
0.565233 
0.879388 
0.868181 
0.513558 
0.368400 
0.695704 
0.701197 
0.009888 
0.185939 
0.073362 
0.994443 
0.600876 
0.927003 
0.134246 
0.273338 
0.999912 
0.528361 
0.160469 
0.997636 
0.263794 
0.579746 
0.790440 
0.918545 
0.994099 
0.821032 
0.086619 
0.803357 
0.023062 
0.600178 
0.198625 
0.287993 
0.294446 
0.754416 
0.463858 
0.054695 
0.253026 
0.607307 
0.006259 
0.187984 
0.443277 
0.162576 
0.420378 
0.289802 
0.694005 
0.144935 
0.925383 
0.912318 
0.329410 
0.388883 
0.962700 
0.106750 
0.149055 
0.174249 
0.597864 
0.294174 
0.177711 
0.796107 
0.174381 
0.828880 
0.982213 
0.053278 
0.437314 
0.934147 
0.210371 
0.708690 
0.944927 
0.387947 
0.229836 
0.846589 
0.617377 
0.250351 
0.652063 
0.217368 
0.302502 
0.145399 
0.726105 
0.651129 
0.532964 
0.524325 
0.321876 
0.763825 
0.600063 
0.251440 
0.949378 
0.201495 
0.518893 
0.040724 
0.447055 
0.646601 
0.423479 
0.419079 
0.464859 
0.893402 
0.408039 
0.904196 
0.817847 
0.546129 
0.796234 
0.300923 
0.618985 
0.282333 
0.173873 
0.287227 
0.429460 
0.938266 
0.435233 
0.967839 
0.468168 
0.496821 
0.066125 
0.366396 
0.011363 
0.980229 
0.705400 
0.657396 
0.858066 
0.509650 
0.689697 
0.734514 
0.971864 
0.110389 
0.315990 
0.836717 
0.704242 
0.189671 
0.792336 
0.784140 
0.043093 
0.271511 
0.286954 
0.838653 
0.239421 
0.954130 
0.056155 
0.796512 
0.979386 
0.541057 
0.543046 
0.967035 
0.951942 
0.289782 
0.363036 
0.543412 
0.131913 
0.056889 
0.135707 
0.823853 
0.492925 
0.596738 
0.383349 
0.946372 
0.678509 
0.695215 
0.484190 
0.776125 
0.335297 
0.337404 
0.745910 
0.504681 
0.172859 
0.242765 
0.145997 
0.777457 
0.711677 
0.159022 
0.678203 
0.555513 
0.514111 
0.671355 
0.455261 
0.568319 
0.744901 
0.552499 
0.851456 
0.424309 
0.366147 
0.827136 
0.669478 
0.920784 
0.620066 
0.444394 
0.921945 
0.132441 
0.933205 
0.375818 
0.378047 
0.833297 
0.222886 
0.039319 
0.833075 
0.491468 
0.110377 
0.105585 
0.574821 
0.010760 
0.839524 
0.877925 
0.285375 
0.295631 
0.672463 
0.082380 
0.554838 
0.169570 
0.964383 
0.383790 
0.359893 
0.716789 
0.081059 
0.363004 
0.008997 
0.205587 
0.303068 
0.670099 
0.345813 
0.083846 
0.202165 
0.785022 
0.870596 
0.108802 
0.639356 
0.656639 
0.138431 
0.613302 
0.763116 
0.697908 
0.740139 
0.509912 
0.088469 
0.890651 
0.165177 
0.123786 
0.477941 
0.752597 
0.895562 
0.709463 
0.940754 
0.252839 
0.468236 
0.646350 
0.204910 
0.920514 
0.084090 
0.299293 
0.211729 
0.523581 
0.828815 
0.886443 
0.447560 
0.136153 
0.329177 
0.469461 
0.233012 
0.228211 
0.538939 
0.940054 
0.494228 
0.491507 
0.764098 
0.193953 
0.776173 
0.138979 
0.821330 
0.100841 
0.828078 
0.507702 
0.942650 
0.110592 
0.716367 
0.980296 
0.837813 
0.123038 
0.903345 
0.514538 
0.846812 
0.377102 
0.951473 
0.404003 
0.071543 
0.421217 
0.386838 
0.583378 
0.830195 
0.091957 
0.513991 
0.651885 
0.233635 
0.704612 
0.416760 
0.491161 
0.936771 
0.313809 
0.187794 
0.258352 
0.122767 
0.345721 
0.535916 
0.132275 
0.141977 
0.212904 
0.273518 
0.015647 
0.984266 
0.559270 
0.652970 
0.463386 
0.123014 
0.492406 
0.859896 
0.278160 
0.034625 
0.942138 
0.514006 
0.899879 
0.271528 
0.570457 
0.663491 
0.286613 
0.096508 
0.016563 
0.374078 
0.123564 
0.736561 
0.376051 
0.282497 
0.931197 
0.628444 
0.251733 
0.883544 
0.726181 
0.916693 
0.850996 
0.682950 
0.341458 
0.889950 
0.395288 
0.601105 
0.768420 
0.826800 
0.033631 
0.244164 
0.671500 
0.897894 
0.906612 
0.432774 
0.634623 
0.104554 
0.243240 
0.132001 
0.541864 
0.115629 
0.377686 
0.768957 
0.852365 
0.699363 
0.191853 
0.469887 
0.395259 
0.114266 
0.460308 
0.397733 
0.702175 
0.458161 
0.315314 
0.487543 
0.126899 
0.799849 
0.063031 
0.357824 
0.947815 
0.932646 
0.983729 
0.534621 
0.377160 
0.921520 
0.986692 
0.328808 
0.270468 
0.754846 
0.698686 
0.822197 
0.658154 
0.586309 
0.097565 
0.782132 
0.286265 
0.247550 
0.565972 
0.292588 
0.533972 
0.469353 
0.417740 
0.959016 
0.173693 
0.252506 
0.862881 
0.440953 
0.094679 
0.274929 
0.729914 
0.664616 
0.198971 
0.109254 
0.232805 
0.748670 
0.890632 
0.858649 
0.314776 
0.439892 
0.261530 
0.533941 
0.953971 
0.391315 
0.837338 
0.145205 
0.464388 
0.962543 
0.458886 
0.495344 
0.248012 
0.333331 
0.285809 
0.592038 
0.379282 
0.590182 
0.193079 
0.073501 
0.329409 
0.373818 
0.752458 
0.566505 
0.247551 
0.597317 
0.101430 
0.733288 
0.363131 
0.150526 
0.890557 
0.587381 
0.105697 
0.444986 
0.886001 
0.020500 
0.537499 
0.746125 
0.125919 
0.312820 
0.558528 
0.186088 
0.579905 
0.470314 
0.561810 
0.346104 
0.964605 
0.112985 
0.932103 
0.852368 
0.741070 
0.156726 
0.090649 
0.541812 
0.230874 
0.293812 
0.098493 
0.372251 
0.428708 
0.293757 
0.170113 
0.096746 
0.014178 
0.297808 
0.254877 
0.720146 
0.487714 
0.007363 
0.756624 
0.579443 
0.704278 
0.798476 
0.985337 
0.566548 
0.978206 
0.702142 
0.903099 
0.392304 
0.446882 
0.742243 
0.881837 
0.039618 
0.859553 
0.504366 
0.872951 
0.694163 
0.800281 
0.329220 
0.197243 
0.063469 
0.722727 
0.873356 
0.498229 
0.727924 
0.217414 
0.072984 
0.646029 
0.803259 
0.380667 
0.869185 
0.399341 
0.723208 
0.958606 
0.293328 
0.962967 
0.578401 
0.185076 
0.564322 
0.561289 
0.584640 
0.041534 
0.066894 
0.282417 
0.585429 
0.311159 
0.649766 
0.617409 
0.801406 
0.227726 
0.388104 
0.858290 
0.286585 
0.642415 
0.062557 
0.397679 
0.784259 
0.048679 
0.145101 
0.706820 
0.521460 
0.171681 
0.435218 
0.709506 
0.668857 
0.476346 
0.942571 
0.785423 
0.606541 
0.131537 
0.738826 
0.441632 
0.514956 
0.873076 
0.794088 
0.230369 
0.815639 
0.448740 
0.972008 
0.537847 
0.602511 
0.405870 
0.463760 
0.407095 
0.049404 
0.330484 
0.439136 
0.561931 
0.374331 
0.377015 
0.499047 
0.489741 
0.080245 
0.671084 
0.910152 
0.918620 
0.243274 
0.698935 
0.007700 
0.409564 
0.534592 
0.894867 
0.036863 
0.564317 
0.473078 
0.022230 
0.613948 
0.621257 
0.462884 
0.696440 
0.071290 
0.165542 
0.267619 
0.877776 
0.775810 
0.046174 
0.047874 
0.624328 
0.076326 
0.811678 
0.872971 
0.018003 
0.570879 
0.766242 
0.222402 
0.906219 
0.815939 
0.485486 
0.562483 
0.654605 
0.940062 
0.621947 
0.056672 
0.487351 
0.905456 
0.004720 
0.333941 
0.542422 
0.494155 
0.266125 
0.761071 
0.313052 
0.466368 
0.239850 
0.162568 
0.278235 
0.300493 
0.390143 
0.141239 
0.806817 
0.175576 
0.905090 
0.847896 
0.581378 
0.214374 
0.984324 
0.534099 
0.605248 
0.395502 
0.207496 
0.381196 
0.759268 
0.014422 
0.387164 
0.064560 
0.057046 
0.768145 
0.216584 
0.121072 
0.861862 
0.307489 
0.963490 
0.370395 
0.237058 
0.226775 
0.405139 
0.176571 
0.631231 
0.094901 
0.006917 
0.261114 
0.551294 
0.597079 
0.100880 
0.482887 
0.879822 
0.173142 
0.991179 
0.752820 
0.638539 
0.919718 
0.697304 
0.595732 
0.465063 
0.315130 
0.386704 
0.329086 
0.948774 
0.046162 
0.847292 
0.442355 
0.667523 
0.067447 
0.581443 
0.313016 
0.864410 
0.142413 
0.534817 
0.661989 
0.041195 
0.363286 
0.751628 
0.605984 
0.771817 
0.935692 
0.169108 
0.190536 
0.345743 
0.905015 
0.585901 
0.244577 
0.611775 
0.109202 
0.349834 
0.655411 
0.498182 
0.950765 
0.515051 
0.464490 
0.687929 
0.016584 
0.733465 
0.338795 
0.132956 
0.590109 
0.954039 
0.537033 
0.917220 
0.719532 
0.174500 
0.823962 
0.332091 
0.450801 
0.611644 
0.892774 
0.848232 
0.228166 
0.780822 
0.269130 
0.273483 
0.429178 
0.200112 
0.274451 
0.705334 
0.550450 
0.416386 
0.204090 
0.132338 
0.201989 
0.822468 
0.213961 
0.048165 
0.511668 
0.610426 
0.422835 
0.579503 
0.707517 
0.232925 
0.764774 
0.551009 
0.812068 
0.423360 
0.411318 
0.023765 
0.415257 
0.220495 
0.862644 
0.466104 
0.814375 
0.199498 
0.959563 
0.372846 
0.426378 
0.136616 
0.099266 
0.369370 
0.997335 
0.207036 
0.647146 
0.590874 
0.812607 
0.492197 
0.349480 
0.713280 
0.090224 
0.387915 
0.695639 
0.603321 
0.020505 
0.626947 
0.091506 
0.939146 
0.225177 
0.555285 
0.670628 
0.252824 
0.215163 
0.240433 
0.951211 
0.009848 
0.522701 
0.035044 
0.977019 
0.754097 
0.100235 
0.656960 
0.524382 
0.288346 
0.233745 
0.545695 
0.497581 
0.842759 
0.252455 
0.011505 
0.365745 
0.080915 
0.937628 
0.711527 
0.627450 
