0.000001 
0.013767 
0.374969 
0.109762 
0.765582 
0.137571 
0.149209 
0.751480 
0.123037 
0.882378 
0.124804 
0.580154 
0.653398 
0.668044 
0.812342 
0.039016 
0.742640 
0.551767 
0.541110 
0.428130 
0.575496 
0.357829 
0.033201 
0.009915 
0.637794 
0.407560 
0.867720 
0.766243 
0.243455 
0.742869 
0.394256 
0.254341 
0.706352 
0.654816 
0.490080 
0.768035 
0.364004 
0.811241 
0.526045 
0.234761 
0.630722 
0.541400 
0.305953 
0.159645 
0.152914 
0.021173 
0.854468 
0.045469 
0.199839 
0.696832 
0.647663 
0.264314 
0.330175 
0.245229 
0.561132 
0.947099 
0.886166 
0.784077 
0.977408 
0.297051 
0.532652 
0.284789 
0.455772 
0.157564 
0.178944 
0.503475 
0.904989 
0.148188 
0.599162 
0.117316 
0.724623 
0.743780 
0.706038 
0.386887 
0.404880 
0.825666 
0.960206 
0.183739 
0.097727 
0.503587 
0.789798 
0.130631 
0.517696 
0.911287 
0.992875 
0.246705 
0.366872 
0.018921 
0.999705 
0.046409 
0.998524 
0.189791 
0.820101 
0.435821 
0.848442 
0.768792 
0.081564 
0.850075 
0.217215 
0.729082 
0.679129 
0.117693 
0.066651 
0.206561 
0.678431 
0.393440 
0.540812 
0.431674 
0.141554 
0.097271 
0.826529 
0.479577 
0.246773 
0.512989 
0.807230 
0.109903 
0.147678 
0.031072 
0.229915 
0.174833 
0.421554 
0.052002 
0.000552 
0.276298 
0.741850 
0.275396 
0.572664 
0.761350 
0.003106 
0.195904 
0.552045 
0.216575 
0.971229 
0.439370 
0.487990 
0.648064 
0.008868 
0.044476 
0.510553 
0.861270 
0.367585 
0.001045 
0.564126 
0.261058 
0.598598 
0.633666 
0.020614 
0.460978 
0.656779 
0.490349 
0.297092 
0.229700 
0.566353 
0.688188 
0.372914 
0.560176 
0.884446 
0.886687 
0.555331 
0.454252 
0.605400 
0.953653 
0.043542 
0.803625 
0.517339 
0.911944 
0.043685 
0.208950 
0.814995 
0.629246 
0.740630 
0.760627 
0.855485 
0.133415 
0.307253 
0.000811 
0.631352 
0.127903 
0.657379 
0.566424 
0.885513 
0.812971 
0.595998 
0.933529 
0.815270 
0.245411 
0.621908 
0.402975 
0.793596 
0.970920 
0.252451 
0.950436 
0.976384 
0.092586 
0.090648 
0.528773 
0.088919 
0.455345 
0.987373 
0.782034 
0.642703 
0.917426 
0.181495 
0.388934 
0.815814 
0.383347 
0.907201 
0.331879 
0.890578 
0.940279 
0.276102 
0.444569 
0.879100 
0.028002 
0.626170 
0.034915 
0.814867 
0.467055 
0.795899 
0.678264 
0.583538 
0.528735 
0.452846 
0.984689 
0.676022 
0.909862 
0.051017 
0.447476 
0.724402 
0.016800 
0.359022 
0.087615 
0.542857 
0.805072 
0.844003 
0.161141 
0.288637 
0.120757 
0.555208 
0.373314 
0.285986 
0.565745 
0.477265 
0.388403 
0.897204 
0.313028 
0.061846 
0.446194 
0.190280 
0.028867 
0.160293 
0.046680 
0.546161 
0.326196 
0.382247 
0.433378 
0.776016 
0.507355 
0.108530 
0.055647 
0.262569 
0.991355 
0.697288 
0.311345 
0.776455 
0.884537 
0.416860 
0.165980 
0.628820 
0.585943 
0.940075 
0.848857 
0.731764 
0.752457 
0.548731 
0.525235 
0.617630 
0.506980 
0.818891 
0.106819 
0.312203 
0.188785 
0.905243 
0.418130 
0.511768 
0.291420 
0.898199 
0.024236 
0.334752 
0.176779 
0.132568 
0.075947 
0.449145 
0.781184 
0.359666 
0.900981 
0.780148 
0.943325 
0.467976 
0.276849 
0.000101 
0.691106 
0.422186 
0.686809 
0.203206 
0.279126 
0.263063 
0.306582 
0.730291 
0.008780 
0.571569 
0.361900 
0.450844 
0.330057 
0.272499 
0.883177 
0.558375 
0.616613 
0.408680 
0.686984 
0.136999 
0.534389 
0.474141 
0.895035 
0.856908 
0.049367 
0.716403 
0.589665 
0.501536 
0.309030 
0.861266 
0.304411 
0.228019 
0.317965 
0.037193 
0.101457 
0.195114 
0.276472 
0.664983 
0.376191 
0.649293 
0.668323 
0.500745 
0.014079 
0.622112 
0.830596 
0.820216 
0.366618 
0.746928 
0.624198 
0.903710 
0.658614 
0.324319 
0.824080 
0.320239 
0.258199 
0.542851 
0.703087 
0.775086 
0.868187 
0.618768 
0.630886 
0.298051 
0.334920 
0.999860 
0.654281 
0.494138 
0.972832 
0.382460 
0.003603 
0.552674 
0.787628 
0.667060 
0.281243 
0.845229 
0.757335 
0.524964 
0.066463 
0.047033 
0.478744 
0.258054 
0.106604 
0.699629 
0.661156 
0.044571 
0.103736 
0.482651 
0.920603 
0.573800 
0.859577 
0.906782 
0.282942 
0.408620 
0.672765 
0.155033 
0.640686 
0.003545 
0.588739 
0.935952 
0.537552 
0.637744 
0.568433 
0.649151 
0.274808 
0.693610 
0.505208 
0.028216 
0.224680 
0.189139 
0.852775 
0.587163 
0.442291 
0.579423 
0.368761 
0.773498 
0.185175 
0.235393 
0.246738 
0.921824 
0.100402 
0.461891 
0.009964 
0.457794 
0.147775 
0.659747 
0.375165 
0.397987 
0.972657 
0.446875 
0.626186 
0.307977 
0.168295 
0.536747 
0.099002 
0.927177 
0.069549 
0.915395 
0.042818 
0.636289 
0.111162 
0.297346 
0.488239 
0.828402 
0.945338 
0.293247 
0.598768 
0.489625 
0.132574 
0.177127 
0.969670 
0.246789 
0.788571 
0.515826 
0.484509 
0.136124 
0.831036 
0.220784 
0.709859 
0.605964 
0.437044 
0.406804 
0.151451 
0.431143 
0.227163 
0.925820 
0.252443 
0.806313 
0.708016 
0.620578 
0.048469 
0.620096 
0.955502 
0.128738 
0.693612 
0.538720 
0.273025 
0.726669 
0.129004 
0.162085 
0.170398 
0.887337 
0.478141 
0.115971 
0.128479 
0.341071 
0.376298 
0.440350 
0.959602 
0.023124 
0.638119 
0.871626 
0.421428 
0.933592 
0.878208 
0.050108 
0.158742 
0.970642 
0.575945 
0.912811 
0.617003 
0.961957 
0.617743 
0.408248 
0.425303 
0.063345 
0.647401 
0.866537 
0.879337 
0.013792 
0.796302 
0.446586 
0.778102 
0.567423 
0.673435 
0.419276 
0.769951 
0.564410 
0.046812 
0.772207 
0.487740 
0.448434 
0.831750 
0.228586 
0.849763 
0.961675 
0.868201 
0.859984 
0.757054 
0.809686 
0.390636 
0.418885 
0.195362 
0.456254 
0.262270 
0.976984 
0.173349 
0.470204 
0.719632 
0.849993 
0.828261 
0.586282 
0.646994 
0.020130 
0.332260 
0.300805 
0.623347 
0.593272 
0.128372 
0.548738 
0.644360 
0.754303 
0.575589 
0.932549 
0.356940 
0.089978 
0.254888 
0.905098 
0.988723 
0.472338 
0.576542 
0.934798 
0.147769 
0.556846 
0.916326 
0.699211 
0.640723 
0.623237 
0.750804 
0.765363 
0.454998 
0.147603 
0.756806 
0.641863 
0.783089 
0.383024 
0.488708 
0.722712 
0.613020 
0.025244 
0.272486 
0.679425 
0.103599 
0.187655 
0.911146 
0.624725 
0.753542 
0.774850 
0.910102 
0.092406 
0.062055 
0.956282 
0.230573 
0.237844 
0.451210 
0.488823 
0.646433 
0.601345 
0.813439 
0.474913 
0.866381 
0.271598 
0.754320 
0.858552 
0.681280 
0.267364 
0.585497 
0.454357 
0.374480 
0.886823 
0.826176 
0.538095 
0.756451 
0.665381 
0.055778 
0.468415 
0.653867 
0.546138 
0.933727 
0.156785 
0.093285 
0.847851 
0.828700 
0.962213 
0.909278 
0.233612 
0.314491 
0.652635 
0.832665 
0.603645 
0.465326 
0.729233 
0.225368 
0.753225 
0.457779 
0.899132 
0.704218 
0.794079 
0.083296 
0.957524 
0.113525 
0.018729 
0.775922 
0.921482 
0.343442 
0.238000 
0.069037 
0.300503 
0.559443 
0.566672 
0.061147 
0.695230 
0.725970 
0.373014 
0.250516 
0.415929 
0.524175 
0.810824 
0.522188 
0.410463 
0.649863 
0.245091 
0.241357 
0.489004 
0.690640 
0.591724 
0.104403 
0.699427 
0.273183 
0.388386 
0.604600 
0.509743 
0.245665 
0.893712 
0.621574 
0.801767 
0.303227 
0.331510 
0.691436 
0.962896 
0.390076 
0.013475 
0.474621 
0.959858 
0.338380 
0.154519 
0.000546 
0.179267 
0.936353 
0.280611 
0.228328 
0.513140 
0.347114 
0.936752 
0.987285 
0.299735 
0.648705 
0.780613 
0.763809 
0.339703 
0.383842 
0.227125 
0.287556 
0.951206 
0.925472 
0.413807 
0.854065 
0.269946 
0.990510 
0.501248 
0.468952 
0.683869 
0.793795 
0.309633 
0.009798 
0.669674 
0.205363 
0.530531 
0.641618 
0.667961 
0.419405 
0.943482 
0.107396 
0.001287 
0.628195 
0.072147 
0.574702 
0.015521 
0.858890 
0.368295 
0.938043 
0.681660 
0.655419 
0.622011 
0.141649 
0.702459 
0.226878 
0.131159 
0.388830 
0.073382 
0.336346 
0.960689 
0.301108 
0.723909 
0.742872 
0.450926 
0.719465 
0.044490 
0.740421 
0.257646 
0.251503 
0.014070 
0.470656 
0.311319 
0.346021 
0.569265 
0.635350 
0.326025 
0.496297 
0.268613 
0.580273 
0.647158 
0.788035 
0.512566 
0.701473 
0.663604 
0.185524 
0.110046 
0.535887 
0.655586 
0.438377 
0.803940 
0.811283 
0.228751 
0.618145 
0.165786 
0.360795 
0.877899 
0.848108 
0.147870 
0.247506 
0.840859 
0.316517 
0.700871 
0.534630 
0.533194 
0.390402 
0.490000 
0.436488 
0.050880 
0.144144 
0.627200 
0.348057 
0.790597 
0.558576 
0.978484 
0.386342 
0.242370 
0.511717 
0.430590 
0.925343 
0.239242 
0.948092 
0.575569 
0.592705 
0.591565 
0.440072 
0.290210 
0.553348 
0.123975 
0.653968 
0.233941 
0.846967 
0.978149 
0.746135 
0.299202 
0.690987 
0.415967 
0.158659 
0.579309 
0.445658 
0.176658 
0.089800 
0.266326 
0.148394 
0.051601 
0.250261 
0.144798 
0.617825 
0.784711 
0.633792 
0.149387 
0.739353 
0.304416 
0.326232 
0.985668 
0.128381 
0.701963 
0.891176 
0.995301 
0.027872 
0.449523 
0.139890 
0.129474 
0.068315 
0.170132 
0.406240 
0.676011 
0.710274 
0.574344 
0.000549 
0.228737 
0.386712 
0.461853 
0.355812 
0.134848 
0.388130 
0.305771 
0.091160 
0.132316 
0.842500 
0.897245 
0.994697 
0.871656 
0.914152 
0.158120 
0.522478 
0.286463 
0.585707 
0.984135 
0.363848 
0.198791 
0.080825 
0.422607 
0.758036 
0.304784 
0.510598 
0.619708 
0.431558 
0.201608 
0.431110 
0.668501 
0.495427 
0.633334 
0.442596 
0.717075 
0.875939 
0.909674 
0.898877 
0.419461 
0.880440 
0.548317 
0.559249 
0.304689 
0.900276 
0.930571 
0.102885 
0.185064 
0.375409 
0.502159 
0.783373 
0.144650 
0.131317 
0.045578 
0.022483 
0.874623 
0.793122 
0.000287 
0.828259 
0.555337 
0.546579 
0.356686 
0.829639 
0.739148 
0.858724 
0.578860 
0.897282 
0.610750 
0.868649 
0.387089 
0.803254 
0.295571 
0.658815 
0.702673 
0.820324 
0.180434 
0.550095 
0.446854 
0.282334 
0.195255 
0.648465 
0.743200 
0.970426 
0.955326 
0.164336 
0.994059 
0.155227 
0.903906 
0.947387 
0.739039 
0.025757 
0.902726 
0.108402 
0.915253 
0.650578 
0.269814 
0.765958 
0.463421 
0.723382 
0.887672 
0.099767 
0.788430 
0.142174 
0.520280 
0.353560 
0.291175 
0.778116 
0.797197 
0.491357 
0.235930 
0.279174 
0.077734 
0.469564 
0.955095 
0.276963 
0.911613 
0.480482 
0.466079 
0.395030 
0.273271 
0.870794 
0.440128 
0.225030 
0.084453 
0.401685 
0.118975 
0.616614 
0.426978 
0.222332 
0.742242 
0.858397 
0.083943 
0.821613 
0.847221 
0.235075 
0.911400 
0.901656 
0.129393 
0.704508 
0.658246 
0.134005 
0.221322 
0.757017 
0.184453 
0.099817 
0.620905 
0.553623 
0.747192 
0.050793 
0.676684 
0.028847 
0.838935 
0.973561 
0.636026 
0.693129 
0.426712 
0.750228 
0.077030 
0.643215 
0.518809 
0.630647 
0.283765 
0.235701 
0.429211 
0.745915 
0.588259 
0.864899 
0.352000 
0.070756 
0.198785 
0.976828 
0.548478 
0.274514 
0.761831 
0.099547 
0.090040 
0.302698 
0.447251 
0.940469 
0.469300 
0.519821 
0.628582 
0.575077 
0.322870 
0.477733 
0.253505 
0.665861 
0.125963 
0.053272 
0.348665 
0.005621 
0.468887 
0.578645 
0.290429 
0.237244 
0.355468 
0.345941 
0.226988 
0.983919 
0.724031 
0.788121 
0.958026 
0.547103 
0.166165 
0.737040 
0.423890 
0.326969 
0.372800 
0.641800 
0.736430 
0.176927 
0.610945 
0.147319 
0.986525 
0.518460 
0.760737 
0.706515 
0.398764 
0.033216 
0.260813 
0.476207 
0.602979 
0.273649 
0.218340 
0.637050 
0.899175 
0.439349 
0.138519 
0.091210 
0.964416 
0.940135 
0.855101 
0.676723 
0.684337 
0.654843 
0.941716 
0.419175 
0.080332 
0.134404 
0.925014 
0.712527 
0.434390 
0.787616 
0.463645 
0.482591 
0.907299 
0.981756 
0.371696 
0.098251 
0.310413 
0.105888 
0.665169 
0.503546 
0.097133 
0.510229 
0.424260 
0.540011 
0.961295 
0.482878 
0.730159 
0.776019 
0.550603 
0.986347 
0.530658 
0.763198 
0.063109 
0.665751 
0.279894 
0.182881 
0.676476 
0.529803 
0.398460 
0.923693 
0.500445 
0.985558 
0.277852 
0.855032 
0.523954 
0.088908 
0.280121 
0.987835 
0.534475 
0.924900 
0.791748 
0.904272 
0.107022 
0.713668 
0.616116 
0.067954 
0.103866 
0.677424 
0.457145 
0.241119 
0.492022 
0.421471 
0.664442 
0.271479 
0.741910 
0.284011 
0.373573 
0.641642 
0.080207 
0.040858 
0.698224 
0.044445 
0.982750 
0.084376 
0.100261 
0.094798 
0.274402 
0.872491 
0.956725 
0.676025 
0.950301 
0.706769 
0.660176 
0.569633 
0.825116 
0.721138 
0.167147 
0.236850 
0.729601 
0.402196 
0.716375 
0.113031 
0.718700 
0.189303 
0.609582 
0.246885 
0.394613 
0.253793 
0.497071 
0.271046 
0.463058 
0.616451 
0.688508 
0.755648 
0.173190 
0.801287 
0.229270 
0.345439 
0.794873 
0.434049 
0.061109 
0.053287 
0.601973 
0.357672 
0.390745 
0.248815 
0.834835 
0.070268 
0.001516 
0.481367 
0.334459 
0.254189 
0.152271 
0.218420 
0.982419 
0.508033 
0.505445 
0.013497 
0.844856 
0.486464 
0.003752 
0.057660 
0.087479 
0.262535 
0.428967 
0.654907 
0.024103 
0.095276 
0.296391 
0.447649 
0.633948 
0.767996 
0.704812 
0.777959 
0.156572 
0.510100 
0.244616 
0.266013 
0.879064 
0.421137 
0.054539 
0.642627 
0.624987 
0.162699 
0.481632 
0.791678 
0.734528 
0.206130 
0.431002 
0.850099 
0.611116 
0.025959 
0.294995 
0.978833 
0.241710 
0.422409 
0.433965 
0.654640 
0.528918 
0.525127 
0.801114 
0.323277 
0.312399 
0.493900 
0.970865 
0.323720 
0.755730 
0.559615 
0.457381 
0.200886 
0.299009 
0.445446 
0.615989 
0.920782 
0.580151 
0.601674 
0.334802 
0.016768 
0.820294 
0.683968 
0.450504 
0.623241 
0.811216 
0.105550 
0.972480 
0.467971 
0.187112 
0.787822 
0.920482 
0.539774 
0.977665 
0.617175 
0.865556 
0.400220 
0.493993 
0.541547 
0.773960 
0.943447 
0.513241 
0.047024 
0.338950 
0.730082 
0.484339 
0.290972 
0.372761 
0.995585 
0.792801 
0.601079 
0.328202 
0.089293 
0.745469 
0.091544 
0.579930 
0.881582 
0.741039 
0.650180 
0.570387 
0.498543 
0.018385 
0.999905 
0.403076 
0.503556 
0.267638 
0.192482 
0.041809 
0.691785 
0.828329 
0.727711 
0.644167 
0.522741 
0.702101 
0.205778 
0.506918 
0.768280 
0.474139 
0.853751 
0.995075 
0.231293 
0.336957 
0.242488 
0.491828 
0.148679 
0.849885 
0.015870 
0.722993 
0.344506 
0.115830 
0.759257 
0.827231 
0.266347 
0.496464 
0.063190 
0.041361 
0.150765 
0.907942 
0.775564 
0.896054 
0.978805 
0.767706 
0.836270 
0.197627 
0.509400 
0.481184 
0.262007 
0.543933 
0.881700 
0.725580 
0.818657 
0.167542 
0.871145 
0.339543 
0.699741 
0.553454 
0.908677 
0.136562 
0.204798 
0.047101 
0.620667 
0.542108 
0.212350 
0.964427 
0.130465 
0.722571 
0.242554 
0.596895 
0.021289 
0.810168 
0.497197 
0.391381 
0.943697 
0.721551 
0.099549 
0.121142 
0.033868 
0.222801 
0.616094 
0.686301 
0.663627 
0.583887 
0.383462 
0.846787 
0.947301 
0.290761 
0.826524 
0.382248 
0.442840 
0.805202 
0.034189 
0.616539 
0.171237 
0.984225 
0.868296 
0.444730 
0.580700 
0.820167 
0.538549 
0.391254 
0.803084 
0.426502 
0.221060 
0.347609 
0.268462 
0.038871 
0.301979 
0.360996 
0.265778 
0.925839 
0.579742 
0.716613 
0.122590 
0.369095 
0.374338 
0.493268 
0.361352 
0.251197 
0.869304 
0.395629 
0.329905 
0.719349 
0.099778 
0.967748 
0.935976 
0.949423 
0.945383 
0.054119 
0.570993 
0.683444 
0.639750 
0.275181 
0.962806 
0.877333 
0.337480 
0.033105 
0.393159 
0.824595 
0.971312 
0.840767 
0.775873 
0.092661 
0.360140 
0.878774 
0.561416 
0.717294 
0.562652 
0.494771 
0.608766 
0.526555 
0.813597 
0.119506 
0.537297 
0.354811 
0.303098 
0.170211 
0.742013 
0.019540 
0.404245 
0.144260 
0.581562 
0.306823 
0.773629 
0.376269 
0.949175 
0.779555 
0.988708 
0.214490 
0.932573 
0.761853 
0.460523 
0.007443 
0.086974 
0.767285 
0.763761 
0.523851 
0.358654 
0.905918 
0.763204 
0.163310 
0.744053 
0.294834 
0.280520 
0.695416 
0.864266 
0.710682 
0.428663 
0.532329 
0.858705 
0.254950 
0.942844 
0.373280 
0.715639 
0.749434 
0.739410 
0.260040 
0.484778 
0.662324 
0.685439 
0.179953 
0.464704 
0.284075 
0.446396 
0.578565 
0.946563 
0.883642 
0.365594 
0.531788 
0.764652 
0.502034 
0.692981 
0.927588 
0.972180 
0.429941 
0.024439 
0.751792 
0.364310 
0.949871 
0.475446 
0.821603 
0.675690 
0.321373 
0.309554 
0.666714 
0.469850 
0.776021 
0.581392 
0.456005 
0.081995 
0.092817 
0.969421 
0.051190 
0.353414 
0.836677 
0.028536 
0.611656 
0.095633 
0.307700 
0.518117 
0.992241 
0.595924 
0.695593 
0.825631 
0.373573 
0.637291 
0.945197 
0.924299 
0.688750 
0.825861 
0.241443 
0.927569 
0.651479 
0.405997 
0.585152 
0.645336 
0.161222 
0.659292 
0.728207 
0.982100 
0.146868 
0.410576 
0.544924 
0.542036 
0.002863 
0.114648 
0.883973 
0.931183 
0.393684 
0.644240 
0.746300 
0.056823 
0.030639 
0.951242 
0.532642 
0.115411 
0.714961 
0.347181 
0.072788 
0.354923 
0.190278 
0.008604 
0.608960 
0.784501 
0.100969 
0.991819 
0.496914 
0.634866 
0.195264 
0.808960 
0.188622 
0.168769 
0.493581 
0.622074 
0.190093 
0.899172 
0.382655 
0.278782 
0.486256 
0.502860 
0.574268 
0.714755 
0.885523 
0.988328 
0.831679 
0.026378 
0.330126 
0.428132 
0.621437 
0.484645 
0.436442 
0.286189 
0.981478 
0.697984 
0.019617 
0.702131 
0.713357 
0.390168 
0.551450 
0.228445 
0.472933 
0.593105 
0.309877 
0.108170 
0.010888 
0.999594 
0.175915 
0.598695 
0.273392 
0.897221 
0.598847 
0.821869 
0.152561 
0.093097 
0.688377 
0.549778 
0.116064 
0.685621 
0.230938 
0.366807 
0.929247 
0.861924 
0.361795 
0.682006 
0.474559 
0.913629 
0.366861 
0.835048 
0.650911 
0.854969 
0.472324 
0.356315 
0.592977 
0.169608 
0.600784 
0.379033 
0.406667 
0.852267 
0.048969 
0.029240 
0.441964 
0.090039 
0.290309 
0.222932 
0.817244 
0.426141 
0.149284 
0.016190 
0.103450 
0.680023 
0.151522 
0.634651 
0.582072 
0.889846 
0.635129 
0.621014 
0.375853 
0.953481 
0.149170 
0.104200 
0.290269 
0.544206 
0.465643 
0.065784 
0.633893 
0.843060 
0.305934 
0.829771 
0.966681 
0.012448 
0.210058 
0.439179 
0.289095 
0.813303 
0.178711 
0.600105 
0.959304 
0.016165 
0.680466 
0.588725 
0.706279 
0.429621 
0.643959 
0.021661 
0.061802 
0.698526 
0.122303 
0.541227 
0.395890 
0.726955 
0.937173 
0.059920 
0.078116 
0.889135 
0.694281 
0.786888 
0.223673 
0.274202 
0.519706 
0.694436 
0.378418 
0.068385 
0.353330 
0.420589 
0.844225 
0.895868 
0.858063 
0.469297 
0.480861 
0.833472 
0.171783 
0.162513 
0.362425 
0.274676 
0.477761 
0.737402 
0.515764 
0.447429 
0.932279 
0.814187 
0.033152 
0.190463 
0.105224 
0.507905 
0.364307 
0.905417 
0.340809 
0.983373 
0.542941 
0.203464 
0.621375 
0.453294 
0.518259 
0.372436 
0.525743 
0.164205 
0.797002 
0.209651 
0.599833 
0.389103 
0.656316 
0.708175 
0.302839 
0.810759 
0.431724 
0.987365 
0.649111 
0.604910 
0.716634 
0.467655 
0.870174 
0.012993 
0.377585 
0.068850 
0.161722 
0.066433 
0.540995 
0.508439 
0.329131 
0.706374 
0.035592 
0.198086 
0.233776 
0.068872 
0.535643 
0.547337 
0.096474 
0.435792 
0.349433 
0.919420 
0.686221 
0.317664 
0.978157 
0.891362 
0.114399 
0.703345 
0.127815 
0.187516 
0.585970 
0.405557 
0.190344 
0.113907 
0.427704 
0.412944 
0.341801 
0.643224 
0.664881 
0.651925 
0.901498 
0.481763 
0.996930 
0.400168 
0.628976 
0.195974 
0.740119 
0.178966 
0.881559 
0.363996 
0.685698 
0.528385 
0.569788 
0.423956 
0.422144 
0.981646 
0.516956 
0.483990 
0.427527 
0.445724 
0.288644 
0.241815 
0.181715 
0.076438 
0.686227 
0.409373 
0.337959 
0.074527 
0.576645 
0.669833 
0.891560 
0.456329 
0.522723 
0.400840 
0.921699 
0.991251 
0.948751 
0.664869 
0.457792 
0.106663 
0.691746 
0.180407 
0.108844 
0.346359 
0.254269 
0.500817 
0.231619 
0.824275 
0.594964 
0.562589 
0.432975 
0.008586 
0.308098 
0.208849 
0.121174 
0.563447 
0.858773 
0.405825 
0.706128 
0.891514 
0.676189 
0.704463 
0.906719 
0.217899 
0.220258 
0.878099 
0.210480 
0.543950 
0.161633 
0.569186 
0.309821 
0.165460 
0.889693 
0.071720 
0.391574 
0.186647 
0.982521 
0.232064 
0.307106 
0.531897 
0.589166 
0.117358 
0.428112 
0.280943 
0.801635 
0.071295 
0.253550 
0.410047 
0.659624 
0.296544 
0.013759 
0.243925 
0.641037 
0.910067 
0.499762 
0.494586 
0.498864 
0.407983 
0.971559 
0.985785 
0.082305 
0.294613 
0.560310 
0.128587 
0.163597 
0.581023 
0.251729 
0.815823 
0.529700 
0.663840 
0.151404 
0.648045 
0.687619 
0.812886 
0.178893 
0.649305 
0.870791 
0.383324 
0.523764 
0.901025 
0.519027 
0.294366 
0.410839 
0.977154 
0.022217 
0.408928 
0.857359 
0.625864 
0.897584 
0.700738 
0.310697 
0.886853 
0.337653 
0.927163 
0.831072 
0.827452 
0.993045 
0.108119 
0.160671 
0.391979 
0.991738 
0.141614 
0.104556 
0.266015 
0.906965 
0.353352 
0.787513 
0.730347 
0.940189 
0.752198 
0.195689 
0.944394 
0.426214 
0.386304 
0.615908 
0.569465 
0.002575 
0.275533 
0.885724 
0.360022 
0.889264 
0.866443 
0.310760 
0.947216 
0.866417 
0.869846 
0.502846 
0.329380 
0.897364 
0.994992 
0.825700 
0.544820 
0.793438 
0.304085 
0.751142 
0.436898 
0.943931 
0.656438 
0.747907 
0.075798 
0.936646 
0.205056 
0.383081 
0.449129 
0.513921 
0.475738 
0.734833 
0.336793 
0.474935 
0.230722 
0.750250 
0.448884 
0.398143 
0.594483 
0.474365 
0.653516 
0.643521 
0.660061 
0.645207 
0.998389 
0.928464 
0.686208 
0.100842 
0.855275 
0.601516 
0.671144 
0.919800 
0.082517 
0.863469 
0.317854 
0.177929 
0.458355 
0.572352 
0.516532 
0.348995 
0.556051 
0.542087 
0.850725 
0.129388 
0.630947 
0.334575 
0.199582 
0.368732 
0.277753 
0.187061 
0.927469 
0.971431 
0.846705 
0.568663 
0.514767 
0.682203 
0.785559 
0.895668 
0.487653 
0.983909 
0.560069 
0.071460 
0.026526 
0.826840 
0.692541 
0.542086 
0.839181 
0.111151 
0.113097 
0.825630 
0.367906 
0.403932 
0.886944 
0.861603 
0.965270 
0.299410 
0.181141 
0.429514 
0.840881 
0.688340 
0.929648 
0.587883 
0.542311 
0.629084 
0.021984 
0.479160 
0.234714 
0.837089 
0.951993 
0.148256 
0.743017 
0.891204 
0.464883 
0.295161 
0.768855 
0.147805 
0.163719 
0.619495 
0.847105 
0.289252 
0.460361 
0.284030 
0.698993 
0.982873 
0.149504 
0.713343 
0.159955 
0.367412 
0.097893 
