0.000001 
0.008836 
0.506163 
0.078409 
0.815999 
0.494211 
0.204921 
0.113372 
0.438265 
0.925642 
0.268280 
0.973845 
0.421084 
0.159876 
0.031913 
0.358186 
0.031518 
0.727655 
0.691252 
0.876270 
0.464886 
0.341665 
0.366392 
0.954630 
0.462803 
0.322419 
0.902590 
0.828362 
0.274508 
0.663274 
0.644181 
0.752218 
0.521587 
0.309430 
0.587436 
0.036448 
0.576441 
0.248943 
0.987439 
0.881208 
0.467359 
0.906902 
0.299273 
0.883592 
0.538738 
0.564471 
0.062362 
0.115597 
0.834348 
0.889552 
0.708477 
0.372604 
0.359163 
0.447336 
0.369823 
0.610162 
0.986629 
0.278125 
0.453948 
0.495947 
0.377126 
0.353341 
0.606348 
0.893627 
0.188191 
0.918944 
0.699677 
0.477149 
0.437438 
0.025838 
0.262706 
0.298310 
0.696485 
0.825353 
0.699892 
0.084807 
0.359336 
0.366368 
0.544818 
0.749602 
0.560933 
0.605732 
0.537509 
0.914635 
0.266035 
0.251012 
0.754519 
0.197477 
0.990146 
0.387945 
0.198029 
0.277018 
0.837347 
0.296215 
0.486010 
0.367235 
0.113181 
0.239190 
0.065512 
0.059200 
0.980521 
0.616188 
0.278709 
0.262767 
0.331978 
0.549854 
0.398281 
0.916066 
0.317689 
0.393871 
0.784054 
0.602298 
0.822403 
0.125165 
0.642616 
0.454850 
0.662723 
0.377533 
0.196460 
0.907554 
0.252379 
0.728090 
0.010019 
0.386549 
0.737094 
0.343332 
0.386320 
0.886051 
0.859299 
0.231481 
0.502137 
0.412458 
0.174256 
0.728282 
0.239875 
0.584800 
0.741906 
0.207626 
0.564761 
0.933698 
0.654920 
0.232621 
0.656565 
0.888990 
0.263114 
0.151455 
0.497597 
0.114522 
0.770611 
0.650713 
0.532926 
0.890467 
0.076414 
0.288780 
0.525878 
0.432882 
0.444878 
0.058027 
0.265474 
0.824815 
0.669412 
0.813345 
0.891506 
0.535698 
0.469628 
0.035580 
0.989380 
0.515579 
0.341745 
0.712575 
0.243417 
0.111852 
0.897011 
0.064028 
0.122165 
0.230765 
0.467764 
0.701763 
0.538477 
0.179928 
0.041924 
0.612759 
0.646891 
0.298439 
0.860398 
0.708396 
0.015426 
0.259783 
0.172808 
0.391796 
0.910755 
0.055169 
0.224183 
0.844531 
0.026914 
0.347348 
0.874582 
0.093851 
0.361992 
0.003932 
0.083350 
0.859451 
0.791306 
0.487269 
0.534425 
0.083456 
0.637993 
0.753662 
0.796738 
0.776905 
0.438157 
0.113086 
0.642697 
0.803646 
0.885131 
0.398760 
0.960196 
0.013249 
0.678550 
0.397248 
0.555324 
0.329131 
0.710781 
0.091367 
0.603883 
0.453800 
0.016827 
0.809665 
0.033456 
0.297309 
0.879668 
0.581533 
0.831089 
0.117639 
0.151154 
0.442256 
0.990262 
0.335608 
0.560449 
0.461894 
0.050528 
0.218150 
0.450160 
0.843381 
0.707756 
0.263450 
0.804903 
0.002702 
0.419457 
0.821257 
0.859563 
0.671803 
0.992391 
0.114426 
0.161204 
0.351497 
0.610075 
0.535988 
0.354480 
0.740663 
0.318044 
0.371370 
0.611278 
0.745599 
0.281761 
0.561480 
0.786603 
0.439108 
0.094337 
0.517640 
0.981436 
0.988266 
0.778375 
0.144698 
0.943444 
0.458778 
0.675557 
0.081513 
0.983814 
0.957134 
0.553995 
0.989277 
0.776020 
0.569112 
0.073216 
0.537245 
0.470760 
0.057625 
0.504227 
0.540412 
0.697936 
0.212476 
0.078502 
0.380874 
0.343412 
0.733489 
0.748600 
0.714619 
0.595989 
0.792247 
0.295119 
0.058135 
0.069726 
0.888805 
0.142365 
0.721508 
0.386582 
0.291718 
0.900227 
0.113083 
0.586300 
0.942345 
0.993179 
0.365909 
0.839483 
0.193352 
0.675046 
0.498099 
0.545423 
0.932123 
0.194810 
0.176990 
0.667598 
0.327172 
0.772285 
0.790071 
0.730994 
0.824180 
0.986489 
0.916370 
0.427157 
0.233473 
0.985465 
0.716875 
0.511649 
0.286837 
0.861446 
0.321852 
0.359162 
0.438727 
0.678256 
0.444307 
0.471484 
0.234164 
0.598843 
0.746869 
0.625937 
0.127295 
0.444163 
0.041342 
0.830181 
0.857064 
0.670356 
0.669350 
0.767226 
0.761516 
0.794701 
0.541094 
0.170024 
0.590781 
0.249908 
0.210500 
0.879192 
0.582788 
0.923162 
0.588222 
0.250075 
0.006439 
0.227855 
0.561721 
0.848191 
0.552719 
0.543554 
0.507404 
0.932498 
0.485521 
0.146495 
0.135894 
0.964810 
0.553441 
0.680695 
0.440794 
0.421763 
0.568758 
0.111041 
0.261010 
0.802680 
0.635225 
0.226163 
0.118512 
0.827036 
0.997977 
0.000757 
0.724589 
0.159768 
0.224749 
0.362139 
0.473386 
0.201643 
0.006763 
0.667432 
0.533690 
0.726487 
0.071210 
0.822107 
0.148596 
0.446194 
0.187415 
0.886036 
0.608745 
0.180731 
0.553352 
0.187134 
0.163918 
0.968891 
0.153532 
0.409755 
0.746769 
0.949255 
0.129252 
0.337962 
0.130329 
0.441074 
0.135781 
0.067001 
0.086732 
0.701721 
0.828954 
0.227130 
0.374624 
0.309099 
0.034682 
0.896525 
0.889581 
0.190894 
0.361865 
0.871223 
0.641467 
0.142337 
0.254407 
0.816773 
0.499273 
0.284403 
0.966053 
0.445182 
0.178516 
0.310283 
0.918520 
0.563375 
0.638862 
0.347712 
0.993347 
0.178151 
0.181359 
0.098171 
0.968300 
0.216751 
0.930888 
0.427023 
0.974658 
0.075203 
0.931204 
0.745174 
0.137844 
0.736925 
0.492898 
0.140039 
0.627260 
0.353401 
0.608710 
0.595843 
0.339831 
0.534591 
0.863609 
0.674938 
0.676660 
0.624451 
0.149883 
0.090958 
0.725060 
0.077205 
0.586595 
0.907863 
0.458245 
0.718629 
0.002183 
0.694801 
0.520404 
0.425302 
0.053688 
0.329770 
0.449569 
0.905074 
0.579021 
0.600666 
0.393530 
0.059042 
0.315658 
0.262401 
0.177712 
0.810148 
0.153173 
0.384828 
0.800550 
0.837702 
0.250094 
0.332189 
0.093673 
0.366442 
0.783982 
0.390674 
0.062807 
0.598420 
0.639743 
0.160524 
0.934210 
0.259363 
0.113048 
0.993077 
0.641079 
0.620968 
0.603210 
0.148422 
0.524947 
0.787226 
0.910290 
0.236454 
0.079997 
0.504341 
0.454820 
0.156294 
0.830338 
0.487272 
0.574817 
0.949980 
0.317061 
0.846993 
0.408450 
0.825265 
0.235422 
0.733890 
0.491447 
0.753682 
0.139353 
0.106656 
0.572347 
0.439912 
0.594049 
0.179946 
0.357295 
0.059470 
0.518954 
0.064155 
0.248997 
0.887769 
0.725281 
0.792414 
0.100778 
0.776731 
0.510469 
0.457298 
0.803770 
0.962296 
0.316960 
0.146338 
0.510162 
0.299963 
0.479055 
0.478735 
0.098177 
0.052668 
0.194107 
0.356261 
0.675445 
0.205477 
0.455231 
0.072167 
0.906822 
0.953098 
0.726343 
0.645294 
0.448529 
0.433691 
0.040752 
0.925136 
0.763928 
0.330191 
0.521038 
0.084324 
0.234258 
0.175465 
0.034290 
0.318093 
0.196371 
0.404139 
0.369428 
0.968118 
0.154277 
0.931312 
0.553237 
0.260736 
0.189669 
0.763675 
0.092760 
0.016404 
0.694728 
0.293331 
0.010113 
0.962037 
0.951536 
0.472717 
0.951127 
0.594778 
0.438302 
0.547948 
0.363966 
0.175435 
0.527674 
0.613991 
0.352654 
0.063800 
0.280615 
0.302068 
0.862180 
0.660459 
0.338295 
0.720196 
0.333189 
0.903079 
0.043975 
0.094545 
0.016168 
0.740416 
0.168182 
0.643047 
0.689632 
0.640998 
0.249029 
0.423562 
0.802257 
0.532771 
0.288810 
0.021804 
0.456365 
0.131724 
0.882287 
0.594240 
0.392616 
0.698563 
0.754994 
0.187558 
0.285742 
0.462270 
0.373412 
0.939502 
0.211935 
0.991711 
0.695026 
0.295289 
0.915119 
0.413137 
0.589251 
0.538423 
0.270456 
0.561715 
0.740688 
0.749661 
0.548848 
0.489192 
0.841724 
0.862137 
0.941646 
0.250143 
0.149379 
0.611822 
0.896159 
0.737507 
0.281769 
0.686248 
0.762022 
0.299155 
0.894740 
0.892939 
0.628784 
0.973537 
0.239691 
0.488000 
0.817591 
0.248897 
0.211360 
0.331060 
0.132400 
0.242520 
0.034477 
0.452758 
0.500505 
0.981417 
0.672166 
0.098649 
0.001340 
0.523265 
0.522826 
0.132980 
0.996508 
0.316764 
0.854599 
0.242621 
0.723869 
0.068169 
0.709748 
0.740244 
0.275267 
0.409651 
0.005152 
0.582184 
0.765693 
0.006805 
0.371453 
0.015422 
0.203245 
0.943827 
0.898948 
0.622202 
0.344646 
0.463021 
0.994223 
0.908200 
0.110112 
0.653101 
0.674844 
0.098120 
0.110272 
0.334423 
0.652599 
0.237110 
0.104119 
0.922728 
0.288795 
0.769669 
0.834982 
0.550664 
0.009637 
0.964920 
0.403469 
0.109207 
0.449276 
0.974547 
0.219406 
0.559342 
0.855570 
0.559912 
0.436822 
0.671677 
0.873597 
0.546731 
0.910353 
0.294532 
0.199727 
0.810270 
0.200755 
0.090189 
0.798574 
0.637116 
0.011349 
0.748271 
0.188435 
0.026857 
0.385456 
0.354268 
0.177332 
0.426178 
0.779385 
0.123513 
0.887940 
0.602144 
0.241806 
0.038742 
0.144124 
0.288201 
0.788763 
0.746066 
0.128111 
0.165596 
0.169186 
0.504819 
0.486506 
0.706771 
0.702555 
0.846756 
0.427935 
0.311602 
0.101737 
0.900843 
0.476198 
0.454638 
0.106413 
0.475063 
0.382450 
0.828957 
0.286931 
0.454863 
0.889366 
0.580340 
0.770986 
0.956724 
0.658807 
0.567167 
0.375060 
0.629885 
0.481711 
0.114906 
0.222982 
0.664770 
0.784757 
0.405230 
0.697626 
0.000356 
0.989270 
0.660057 
0.573706 
0.269157 
0.718240 
0.458603 
0.739361 
0.444148 
0.801902 
0.563091 
0.867837 
0.728220 
0.188489 
0.929879 
0.478527 
0.607553 
0.146854 
0.175565 
0.728222 
0.225421 
0.656701 
0.180043 
0.977526 
0.275447 
0.443966 
0.731766 
0.788020 
0.256441 
0.995819 
0.723829 
0.401307 
0.769434 
0.877555 
0.073476 
0.911653 
0.149762 
0.051570 
0.739763 
0.197953 
0.993869 
0.953906 
0.292431 
0.879581 
0.113126 
0.316665 
0.180272 
0.837452 
0.054871 
0.210846 
0.683580 
0.925676 
0.832342 
0.165313 
0.407865 
0.992184 
0.632248 
0.184663 
0.631098 
0.865529 
0.941814 
0.062666 
0.226615 
0.718433 
0.700817 
0.635780 
0.549763 
0.874753 
0.980999 
0.652038 
0.807290 
0.117016 
0.693332 
0.835143 
0.246191 
0.728478 
0.527569 
0.847306 
0.670048 
0.496394 
0.893086 
0.089731 
0.110254 
0.044018 
0.811432 
0.746024 
0.432324 
0.061617 
0.589227 
0.132140 
0.880798 
0.578229 
0.295040 
0.736832 
0.939567 
0.309075 
0.616542 
0.227118 
0.164032 
0.890296 
0.206672 
0.538775 
0.188757 
0.437109 
0.485332 
0.979421 
0.133779 
0.425893 
0.980506 
0.361033 
0.883740 
0.018053 
0.420377 
0.272380 
0.890889 
0.167488 
0.970189 
0.972448 
0.926261 
0.667568 
0.809841 
0.992951 
0.522669 
0.498624 
0.377019 
0.565313 
0.220193 
0.790508 
0.061751 
0.850351 
0.846050 
0.570039 
0.646493 
0.610368 
0.454313 
0.646683 
0.793290 
0.820449 
0.286377 
0.132742 
0.993767 
0.235783 
0.801799 
0.843199 
0.649665 
0.925035 
0.070098 
0.132854 
0.883577 
0.270872 
0.552134 
0.714604 
0.356182 
0.342880 
0.792441 
0.559442 
0.548805 
0.760377 
0.648279 
0.627719 
0.065411 
0.366693 
0.013071 
0.676026 
0.977130 
0.618306 
0.875220 
0.822285 
0.151206 
0.313229 
0.436091 
0.385099 
0.357680 
0.529444 
0.361497 
0.672355 
0.267906 
0.702498 
0.876067 
0.059148 
0.094701 
0.643175 
0.845922 
0.406236 
0.604978 
0.873309 
0.700440 
0.291952 
0.833290 
0.113136 
0.484916 
0.979642 
0.840668 
0.115407 
0.640916 
0.868167 
0.290835 
0.066025 
0.679445 
0.435742 
0.519846 
0.045414 
0.277674 
0.862330 
0.183759 
0.436570 
0.432125 
0.722222 
0.388093 
0.675239 
0.749259 
0.789534 
0.694622 
0.504763 
0.547850 
0.722150 
0.178238 
0.643184 
0.989316 
0.441590 
0.805692 
0.261026 
0.061764 
0.062164 
0.784749 
0.272479 
0.553664 
0.422881 
0.365732 
0.862176 
0.587987 
0.298377 
0.814912 
0.232967 
0.478460 
0.481910 
0.461399 
0.728890 
0.455698 
0.911966 
0.413809 
0.894026 
0.901893 
0.111285 
0.368821 
0.778467 
0.689475 
0.003605 
0.592878 
0.497246 
0.211600 
0.366970 
0.670527 
0.550675 
0.193157 
0.394514 
0.592669 
0.996151 
0.308226 
0.348508 
0.368612 
0.258088 
0.676990 
0.173629 
0.177037 
0.466186 
0.179998 
0.228151 
0.532233 
0.234366 
0.981634 
0.325038 
0.914350 
0.473816 
0.427189 
0.770448 
0.924648 
0.553636 
0.955851 
0.979763 
0.870179 
0.100015 
0.946251 
0.644427 
0.892539 
0.905346 
0.148188 
0.597526 
0.625918 
0.803111 
0.885902 
0.357686 
0.624417 
0.572556 
0.942940 
0.987257 
0.832924 
0.945793 
0.945565 
0.118040 
0.905060 
0.344214 
0.203946 
0.722654 
0.637784 
0.233001 
0.048893 
0.745137 
0.510912 
0.902405 
0.728564 
0.971221 
0.307707 
0.627780 
0.099729 
0.137699 
0.301241 
0.960161 
0.429692 
0.826453 
0.197610 
0.225537 
0.605608 
0.456971 
0.303648 
0.413999 
0.075892 
0.510427 
0.744261 
0.790506 
0.028207 
0.079391 
0.321640 
0.795574 
0.206114 
0.151295 
0.821088 
0.032506 
0.328894 
0.726697 
0.596473 
0.914171 
0.476293 
0.059717 
0.665232 
0.548171 
0.103405 
0.930609 
0.750619 
0.647024 
0.538690 
0.763027 
0.198243 
0.863788 
0.684889 
0.926140 
0.630919 
0.862770 
0.575561 
0.457489 
0.013200 
0.846920 
0.191880 
0.933787 
0.166113 
0.864133 
0.488228 
0.642964 
0.288986 
0.980743 
0.342542 
0.102702 
0.113613 
0.501990 
0.949069 
0.997749 
0.175095 
0.817602 
0.432989 
0.243213 
0.679449 
0.500803 
0.993478 
0.392458 
0.036220 
0.756375 
0.391475 
0.518465 
0.834516 
0.713244 
0.490137 
0.728010 
0.657560 
0.604456 
0.092576 
0.931335 
0.945558 
0.986980 
0.173260 
0.977488 
0.648837 
0.002496 
0.947250 
0.423858 
0.780344 
0.247524 
0.143677 
0.776616 
0.581997 
0.625535 
0.363144 
0.359240 
0.740291 
0.070113 
0.387415 
0.281674 
0.089582 
0.606325 
0.501768 
0.222676 
0.516067 
0.546222 
0.354339 
0.369938 
0.548949 
0.185197 
0.606566 
0.557878 
0.259835 
0.041559 
0.480893 
0.368334 
0.595763 
0.985838 
0.971091 
0.120448 
0.367514 
0.813519 
0.809380 
0.243100 
0.779481 
0.729664 
0.467436 
0.193181 
0.797830 
0.129506 
0.605220 
0.925474 
0.442553 
0.992361 
0.608295 
0.612445 
0.355311 
0.706044 
0.478745 
0.263900 
0.365332 
0.136804 
0.272804 
0.021697 
0.666248 
0.624980 
0.032546 
0.008215 
0.075170 
0.382834 
0.286972 
0.139733 
0.498131 
0.090874 
0.326730 
0.352135 
0.339284 
0.347443 
0.468704 
0.499767 
0.587649 
0.614703 
0.310869 
0.780277 
0.121005 
0.725989 
0.702144 
0.940658 
0.642149 
0.596823 
0.804226 
0.631810 
0.824753 
0.626666 
0.376142 
0.816403 
0.285371 
0.226751 
0.008389 
0.999939 
0.975027 
0.285114 
0.904584 
0.344123 
0.671520 
0.229122 
0.848882 
0.161220 
0.625506 
0.879576 
0.033924 
0.154248 
0.454412 
0.298117 
0.450428 
0.343880 
0.592064 
0.814741 
0.352715 
0.073206 
0.366841 
0.498498 
0.262945 
0.314904 
0.599351 
0.299572 
0.910047 
0.157021 
0.060229 
0.274989 
0.742756 
0.495931 
0.106138 
0.857427 
0.772067 
0.132809 
0.122595 
0.457118 
0.779841 
0.786327 
0.799386 
0.284316 
0.503273 
0.506427 
0.521376 
0.766026 
0.590779 
0.215613 
0.811913 
0.816670 
0.777910 
0.337128 
0.109068 
0.100567 
0.221250 
0.551005 
0.737451 
0.342088 
0.470176 
0.253407 
0.012415 
0.663613 
0.339274 
0.169894 
0.402442 
0.837428 
0.650756 
0.257155 
0.002768 
0.526114 
0.396038 
0.207726 
0.259107 
0.812528 
0.162332 
0.316981 
0.501327 
0.801157 
0.046167 
0.931739 
0.735089 
0.648950 
0.902370 
0.139935 
0.882637 
0.475819 
0.092708 
0.143036 
0.998336 
0.028611 
0.865941 
0.867712 
0.639057 
0.622860 
0.400778 
0.870962 
0.253966 
0.400615 
0.132758 
0.259566 
0.522144 
0.669752 
0.518980 
0.490582 
0.216921 
0.799354 
0.736369 
0.148112 
0.311004 
0.049690 
0.133433 
0.601266 
0.480898 
0.456491 
0.237408 
0.124187 
0.206177 
0.210610 
0.723789 
0.724076 
0.541550 
0.837815 
0.160260 
0.497065 
0.173451 
0.186840 
0.218083 
0.321363 
0.148197 
0.752136 
0.154923 
0.786251 
0.519258 
0.174461 
0.163143 
0.938949 
0.915421 
0.487755 
0.691083 
0.029334 
0.015996 
0.838453 
0.877104 
0.478814 
0.431265 
0.278736 
0.715452 
0.609182 
0.517295 
0.180562 
0.705845 
0.135985 
0.501517 
0.998143 
0.785708 
0.394197 
0.268829 
0.204993 
0.321434 
0.348168 
0.651966 
0.585343 
0.859078 
0.523167 
0.872745 
0.231879 
0.192798 
0.357550 
0.341332 
0.763612 
0.025165 
0.946723 
0.572727 
0.828835 
0.231257 
0.739430 
0.595439 
0.536689 
0.128407 
0.136843 
0.919912 
0.960634 
0.381103 
0.193837 
0.826037 
0.210619 
0.865173 
0.954219 
0.551696 
0.352448 
0.600404 
0.994766 
0.034443 
0.877950 
0.707654 
0.548528 
0.113227 
0.008898 
0.543900 
0.331428 
0.303695 
0.208453 
0.476766 
0.006683 
0.319152 
0.992775 
0.575211 
0.578383 
0.879049 
0.173730 
0.881981 
0.447181 
0.777017 
0.324790 
0.743834 
0.617270 
0.463098 
0.288149 
0.919175 
0.582425 
0.820762 
0.549438 
0.401437 
0.949626 
0.359198 
0.048080 
0.078903 
0.119088 
0.512106 
0.958502 
0.542131 
0.593643 
0.353928 
0.466157 
0.698348 
0.129593 
0.069494 
0.987947 
0.420309 
0.138793 
0.694579 
0.781411 
0.167781 
0.900246 
0.439795 
0.631266 
0.686520 
0.342937 
0.734235 
0.290716 
0.070856 
0.882652 
0.726560 
0.300365 
0.226348 
0.231262 
0.825363 
0.880352 
0.083126 
0.106856 
0.921110 
0.091778 
0.510520 
0.315694 
0.868374 
0.754035 
0.063429 
0.056938 
0.953719 
0.153469 
0.361201 
0.708527 
0.215003 
0.560527 
0.781795 
0.635422 
0.544528 
0.877609 
0.972436 
0.736612 
0.243885 
0.981673 
0.982954 
0.506972 
0.679621 
0.391879 
0.315494 
0.509687 
0.312253 
0.039409 
0.352823 
0.893783 
0.818657 
0.164153 
0.915283 
0.162439 
0.104234 
0.865241 
0.099349 
0.766244 
0.256376 
0.911757 
0.898643 
0.485709 
0.305061 
0.156432 
0.160741 
0.573683 
0.882370 
0.989212 
0.687975 
0.791191 
0.554508 
0.619954 
0.571113 
0.694664 
0.220547 
0.730878 
0.873708 
0.402003 
0.469183 
0.558580 
0.048100 
0.414967 
0.351711 
0.204641 
0.395167 
0.567305 
0.701104 
0.449748 
0.917099 
0.686014 
0.842545 
0.648702 
0.726963 
0.072271 
0.665219 
0.337187 
0.107712 
0.322334 
0.460362 
0.307838 
0.836945 
0.534263 
0.363205 
0.391279 
0.233800 
0.477135 
0.204361 
0.698970 
0.580606 
0.238731 
0.355388 
0.001824 
0.664177 
0.814674 
0.233074 
0.277234 
0.469448 
0.010625 
0.581961 
0.013708 
0.396556 
0.913177 
0.766228 
0.991328 
0.253024 
0.568801 
0.840341 
0.609799 
0.884628 
0.947768 
0.141181 
0.830290 
0.679598 
0.006618 
0.236335 
0.082097 
0.800859 
0.039380 
0.867917 
0.075506 
0.024104 
0.119279 
0.722787 
0.889172 
0.313903 
0.765113 
0.252637 
0.063797 
0.234659 
0.912176 
0.947728 
0.466885 
0.929077 
0.991854 
0.087202 
0.609461 
0.215480 
0.577860 
0.091969 
0.727479 
0.739670 
0.635614 
0.762911 
0.241462 
0.259845 
0.219812 
0.385556 
0.035153 
0.811168 
0.292437 
0.985518 
0.608627 
0.190306 
0.468458 
0.374778 
0.886417 
0.006771 
0.796387 
0.881825 
0.835381 
0.249433 
0.227878 
0.939109 
0.600336 
0.841355 
0.652915 
0.543592 
0.144462 
0.976915 
0.003142 
0.808583 
0.856252 
0.023617 
0.938156 
0.589783 
0.488933 
0.488800 
0.254363 
0.084311 
0.009219 
0.937904 
0.358856 
0.292200 
0.007226 
0.451696 
0.648533 
0.892049 
0.665423 
0.771782 
0.334501 
0.962374 
0.612107 
0.677209 
0.856906 
0.017044 
0.465338 
0.939684 
0.276491 
0.980339 
0.559827 
0.010146 
0.516738 
0.823809 
0.755533 
0.237877 
0.005497 
0.389593 
0.882167 
0.579639 
0.987495 
0.821367 
0.707236 
0.507441 
0.563671 
0.613521 
0.448914 
0.893083 
0.044205 
0.954941 
0.687859 
0.843615 
0.639004 
0.746737 
0.403084 
0.633169 
0.664947 
0.772223 
0.746644 
0.850004 
0.011414 
0.833600 
0.322744 
0.350518 
0.151150 
0.383683 
0.561456 
0.385377 
0.022861 
0.231889 
0.359977 
0.136242 
0.826619 
0.989080 
0.466123 
0.133902 
0.492774 
0.058052 
0.681782 
0.714380 
0.583316 
0.789813 
0.379165 
0.631696 
0.913898 
0.886464 
0.803096 
0.634793 
0.967753 
0.027654 
0.783073 
0.106127 
0.681764 
0.406412 
0.571352 
0.720384 
0.496474 
0.240904 
0.869916 
0.680816 
0.476487 
0.321223 
0.802298 
0.220905 
0.748832 
0.619758 
0.269215 
0.691073 
0.868745 
0.992121 
0.572847 
0.835047 
0.627870 
0.607721 
0.970256 
0.090327 
0.126230 
0.553763 
0.101434 
0.801306 
0.558048 
0.116381 
0.018853 
0.867441 
0.079985 
0.309746 
0.899255 
0.785563 
0.953458 
0.762681 
0.373608 
0.232643 
0.024741 
0.821158 
0.204286 
0.429611 
0.466747 
0.611524 
0.890491 
0.483589 
0.673746 
0.648371 
0.164645 
0.193171 
0.628655 
0.808677 
0.440575 
0.744222 
0.145949 
0.970589 
0.691871 
0.272725 
0.684202 
0.384405 
0.697838 
0.559601 
0.218411 
0.826063 
0.646101 
0.022318 
0.101161 
0.220986 
0.119840 
0.146409 
0.698346 
0.103883 
0.967860 
0.824463 
0.754626 
0.998418 
0.413651 
0.239846 
0.097186 
0.411553 
0.973632 
0.826941 
0.403738 
0.621775 
0.164852 
0.669245 
0.005721 
0.156925 
0.438019 
0.779952 
0.649598 
0.789836 
0.777003 
0.092081 
0.599241 
0.448620 
0.960075 
0.987112 
0.386729 
0.757807 
0.457271 
0.350107 
0.242869 
0.898854 
0.032791 
0.124479 
0.111768 
0.490832 
0.406557 
0.002716 
0.644262 
0.112683 
0.866838 
0.938192 
0.198518 
0.498094 
0.470760 
0.061624 
0.720037 
0.654731 
0.068154 
0.456534 
0.966646 
0.420673 
0.243283 
0.853952 
0.376669 
0.684180 
0.017755 
0.415539 
0.961467 
0.377030 
0.746525 
0.846140 
0.076138 
0.646906 
0.542966 
0.627051 
0.841083 
0.080148 
0.039349 
0.333626 
0.253785 
0.359969 
0.992073 
0.769024 
0.983440 
0.672043 
0.028622 
0.045603 
0.449177 
0.314833 
0.395288 
0.605480 
0.298043 
0.210175 
0.419055 
0.061050 
0.069685 
0.195835 
0.391989 
0.159465 
0.127952 
0.482216 
0.596992 
0.641630 
0.867674 
0.000683 
0.480094 
0.941462 
0.155651 
0.028712 
0.556664 
0.844547 
0.301205 
0.352209 
0.574309 
0.405025 
0.255362 
0.866535 
0.856014 
0.031183 
0.092442 
0.669193 
0.131735 
0.069047 
0.480479 
0.402420 
0.466661 
0.179581 
0.210621 
0.911419 
0.211009 
0.423545 
0.516078 
0.722010 
0.824598 
0.021080 
0.289562 
0.670117 
0.648850 
0.227003 
0.240240 
0.718130 
0.618029 
0.208497 
0.206896 
0.298477 
0.495265 
0.922233 
0.963557 
0.499834 
0.718340 
0.142031 
0.122977 
0.882137 
0.069328 
0.197556 
0.331938 
0.884034 
0.952493 
0.548885 
0.116365 
0.753915 
0.050237 
0.328618 
0.085480 
0.662735 
0.579187 
0.399110 
0.834285 
0.831678 
0.008729 
0.712414 
0.538131 
0.365389 
0.094525 
0.683477 
0.200580 
0.141541 
0.884589 
0.287137 
0.904946 
0.429438 
0.563312 
0.591341 
0.672458 
0.998998 
0.151244 
0.950467 
0.505877 
0.281643 
0.568722 
0.503448 
0.456366 
0.139096 
0.790883 
0.374454 
0.441040 
0.565301 
0.014548 
0.503586 
0.776305 
