0.000001 
0.014706 
0.159504 
0.782400 
0.803598 
0.069639 
0.424311 
0.396834 
0.586803 
0.397947 
0.287951 
0.600404 
0.983363 
0.383885 
0.960996 
0.454412 
0.306663 
0.089693 
0.464892 
0.438008 
0.596564 
0.456146 
0.445927 
0.687112 
0.290174 
0.947587 
0.099173 
0.802030 
0.713730 
0.662792 
0.537127 
0.492840 
0.170117 
0.149175 
0.185821 
0.097861 
0.752111 
0.727869 
0.295303 
0.159247 
0.471362 
0.186066 
0.211988 
0.878893 
0.555614 
0.203402 
0.576774 
0.841635 
0.364695 
0.422028 
0.017031 
0.243688 
0.657986 
0.778161 
0.549953 
0.058896 
0.867030 
0.166163 
0.696162 
0.402023 
0.800371 
0.843160 
0.998519 
0.112600 
0.462896 
0.900528 
0.182191 
0.085529 
0.487109 
0.849026 
0.574512 
0.828631 
0.803096 
0.636703 
0.062973 
0.395353 
0.693705 
0.101333 
0.107805 
0.885299 
0.214343 
0.468707 
0.561541 
0.815411 
0.607511 
0.436361 
0.912082 
0.365862 
0.049145 
0.981355 
0.627189 
0.173177 
0.578721 
0.557651 
0.441287 
0.702422 
0.599351 
0.299768 
0.198492 
0.047155 
0.526483 
0.594170 
0.216735 
0.672046 
0.077756 
0.839837 
0.139390 
0.720361 
0.108004 
0.231252 
0.644144 
0.122868 
0.041891 
0.063051 
0.695727 
0.091818 
0.192432 
0.203175 
0.760096 
0.940029 
0.072825 
0.970843 
0.951130 
0.636250 
0.457042 
0.500550 
0.751015 
0.309026 
0.792402 
0.903413 
0.656789 
0.655454 
0.218271 
0.479577 
0.249536 
0.945828 
0.535908 
0.013400 
0.214513 
0.323665 
0.836664 
0.814078 
0.213185 
0.998594 
0.376785 
0.630277 
0.072617 
0.479351 
0.444621 
0.745518 
0.918838 
0.913363 
0.897769 
0.811885 
0.343778 
0.870137 
0.396745 
0.092146 
0.705780 
0.050335 
0.974159 
0.694664 
0.215358 
0.521325 
0.907379 
0.316966 
0.244505 
0.388639 
0.857519 
0.327660 
0.978194 
0.503251 
0.133289 
0.194251 
0.771079 
0.528439 
0.472035 
0.494786 
0.870503 
0.544804 
0.522387 
0.755868 
0.872018 
0.006879 
0.616198 
0.442938 
0.451714 
0.954059 
0.864222 
0.985991 
0.555632 
0.501915 
0.691089 
0.139834 
0.198026 
0.229997 
0.558316 
0.619439 
0.916017 
0.501672 
0.606390 
0.595136 
0.446293 
0.846394 
0.345602 
0.535707 
0.625146 
0.822968 
0.622738 
0.352351 
0.959520 
0.650566 
0.066986 
0.832641 
0.195891 
0.346563 
0.691947 
0.553494 
0.580156 
0.684172 
0.874627 
0.852469 
0.451335 
0.583418 
0.499287 
0.520541 
0.724196 
0.568964 
0.570296 
0.963370 
0.355090 
0.993535 
0.345099 
0.078869 
0.547403 
0.202833 
0.012137 
0.984594 
0.078019 
0.261203 
0.045121 
0.346239 
0.244332 
0.492217 
0.695194 
0.131995 
0.444121 
0.340193 
0.622817 
0.687459 
0.122337 
0.118085 
0.651641 
0.128438 
0.662446 
0.734688 
0.902862 
0.406662 
0.775968 
0.687073 
0.632954 
0.061828 
0.142242 
0.657201 
0.584968 
0.565120 
0.965480 
0.828241 
0.254436 
0.313238 
0.598864 
0.108017 
0.437171 
0.534888 
0.854500 
0.585512 
0.701834 
0.730879 
0.882716 
0.801997 
0.170909 
0.464881 
0.263190 
0.436991 
0.500064 
0.577930 
0.265330 
0.398829 
0.111995 
0.297992 
0.358213 
0.478514 
0.376887 
0.333624 
0.219904 
0.932884 
0.976633 
0.272603 
0.634069 
0.797725 
0.372478 
0.240244 
0.775036 
0.029286 
0.214795 
0.052005 
0.049060 
0.547509 
0.983637 
0.988913 
0.664001 
0.870386 
0.585637 
0.799419 
0.831168 
0.443144 
0.917105 
0.782044 
0.811205 
0.926005 
0.364082 
0.126274 
0.294435 
0.574628 
0.777788 
0.289233 
0.142195 
0.878329 
0.075830 
0.479060 
0.563001 
0.365541 
0.655172 
0.480077 
0.661106 
0.209004 
0.734860 
0.791638 
0.056568 
0.745232 
0.119967 
0.282421 
0.649175 
0.686443 
0.055115 
0.322734 
0.190555 
0.650298 
0.566503 
0.211409 
0.155811 
0.716052 
0.686978 
0.044029 
0.997004 
0.638519 
0.590118 
0.114895 
0.033193 
0.873407 
0.355693 
0.139531 
0.092119 
0.240088 
0.157327 
0.190673 
0.635864 
0.966430 
0.792861 
0.611580 
0.829718 
0.070468 
0.357252 
0.333402 
0.495273 
0.047204 
0.358958 
0.005619 
0.443647 
0.369278 
0.463265 
0.090568 
0.181127 
0.202565 
0.508101 
0.645207 
0.993122 
0.403532 
0.163826 
0.429303 
0.302924 
0.241983 
0.010117 
0.043846 
0.916036 
0.815150 
0.220956 
0.610711 
0.218677 
0.305321 
0.536851 
0.860765 
0.872515 
0.361207 
0.811992 
0.144563 
0.662887 
0.136539 
0.818301 
0.184971 
0.807435 
0.563993 
0.035098 
0.883970 
0.879138 
0.667393 
0.868848 
0.722922 
0.154695 
0.952050 
0.104545 
0.082275 
0.794312 
0.007203 
0.058366 
0.953914 
0.435371 
0.285743 
0.488731 
0.102674 
0.641096 
0.908031 
0.277741 
0.996035 
0.353136 
0.156727 
0.114285 
0.785932 
0.158947 
0.417210 
0.055550 
0.628994 
0.503449 
0.465202 
0.645259 
0.869292 
0.190453 
0.935251 
0.770222 
0.127919 
0.941852 
0.701947 
0.627764 
0.827966 
0.619543 
0.662033 
0.792980 
0.620140 
0.687667 
0.620356 
0.327109 
0.717212 
0.180852 
0.577509 
0.199895 
0.635213 
0.028461 
0.342445 
0.480992 
0.036995 
0.767573 
0.596583 
0.765718 
0.423137 
0.655631 
0.196142 
0.555663 
0.029788 
0.651824 
0.207606 
0.232124 
0.314626 
0.917516 
0.684714 
0.983441 
0.685653 
0.772835 
0.043258 
0.041756 
0.797059 
0.165313 
0.416067 
0.843786 
0.506625 
0.850001 
0.971163 
0.334756 
0.244571 
0.512889 
0.129248 
0.276588 
0.610994 
0.984138 
0.401446 
0.106325 
0.008793 
0.777841 
0.171844 
0.184715 
0.512934 
0.885808 
0.771492 
0.466280 
0.775090 
0.944752 
0.452949 
0.717753 
0.272291 
0.396804 
0.077580 
0.891761 
0.827663 
0.529570 
0.483061 
0.804427 
0.003042 
0.121609 
0.886018 
0.296418 
0.902220 
0.611759 
0.836319 
0.021775 
0.964642 
0.744033 
0.955499 
0.065101 
0.159857 
0.711846 
0.988802 
0.796262 
0.771859 
0.642311 
0.321386 
0.528261 
0.490204 
0.860579 
0.753957 
0.761842 
0.270467 
0.743795 
0.967330 
0.907482 
0.044167 
0.318970 
0.927194 
0.355134 
0.729284 
0.081025 
0.779603 
0.787655 
0.118055 
0.146284 
0.601920 
0.471187 
0.237020 
0.589575 
0.993042 
0.058054 
0.713440 
0.784733 
0.006844 
0.029596 
0.422641 
0.321605 
0.209371 
0.894244 
0.557058 
0.467557 
0.233657 
0.066879 
0.037898 
0.950314 
0.934078 
0.043694 
0.370611 
0.859547 
0.412781 
0.617755 
0.600683 
0.676438 
0.887008 
0.936845 
0.547370 
0.647810 
0.746815 
0.721960 
0.986613 
0.007028 
0.116504 
0.083191 
0.195206 
0.829005 
0.079093 
0.315166 
0.993263 
0.770743 
0.872455 
0.348686 
0.373726 
0.217214 
0.719369 
0.440734 
0.411488 
0.881837 
0.042420 
0.950081 
0.011071 
0.069699 
0.424834 
0.187670 
0.171192 
0.230812 
0.251582 
0.342784 
0.167100 
0.449290 
0.213518 
0.594229 
0.212250 
0.278698 
0.074739 
0.136618 
0.131988 
0.328862 
0.183187 
0.823237 
0.146966 
0.059232 
0.506148 
0.825578 
0.487753 
0.664278 
0.512410 
0.067767 
0.961751 
0.149315 
0.543601 
0.303455 
0.167081 
0.125262 
0.286013 
0.022680 
0.179488 
0.649535 
0.726507 
0.395417 
0.774981 
0.099068 
0.027909 
0.070225 
0.270330 
0.431972 
0.151628 
0.406964 
0.840349 
0.737478 
0.792104 
0.892995 
0.559433 
0.395001 
0.779764 
0.492487 
0.235326 
0.123662 
0.380764 
0.492273 
0.626611 
0.444162 
0.033515 
0.292393 
0.251742 
0.020224 
0.902113 
0.808039 
0.716900 
0.929984 
0.244688 
0.477128 
0.088703 
0.833536 
0.245154 
0.307082 
0.121153 
0.222969 
0.438838 
0.551889 
0.590789 
0.385618 
0.075747 
0.075479 
0.576076 
0.107059 
0.340513 
0.003720 
0.520630 
0.227532 
0.136537 
0.774215 
0.232610 
0.482655 
0.987800 
0.957249 
0.486873 
0.876815 
0.622443 
0.392194 
0.597839 
0.887492 
0.079626 
0.276750 
0.337576 
0.644922 
0.206014 
0.473885 
0.590031 
0.655011 
0.763419 
0.790237 
0.511985 
0.935667 
0.759256 
0.819647 
0.806230 
0.314906 
0.631213 
0.789908 
0.979313 
0.321709 
0.955653 
0.657837 
0.261388 
0.154193 
0.521806 
0.992206 
0.009025 
0.676860 
0.982519 
0.200180 
0.422157 
0.195814 
0.048529 
0.623632 
0.388387 
0.621176 
0.106778 
0.617738 
0.314692 
0.022583 
0.557324 
0.943724 
0.166980 
0.441223 
0.642449 
0.647476 
0.137351 
0.459224 
0.183588 
0.570123 
0.059528 
0.494942 
0.484025 
0.010701 
0.852470 
0.463622 
0.097745 
0.799643 
0.601248 
0.168759 
0.334886 
0.430343 
0.780975 
0.850447 
0.461382 
0.443361 
0.562573 
0.162996 
0.481046 
0.946904 
0.613898 
0.782552 
0.347356 
0.007693 
0.288552 
0.697312 
0.725376 
0.388524 
0.917292 
0.926139 
0.618374 
0.007696 
0.340230 
0.241327 
0.987318 
0.855345 
0.779361 
0.713646 
0.253975 
0.551421 
0.734397 
0.018519 
0.251536 
0.561650 
0.643541 
0.993292 
0.261151 
0.161798 
0.333781 
0.849643 
0.945078 
0.920944 
0.303430 
0.753512 
0.273924 
0.833972 
0.573759 
0.160361 
0.189251 
0.747852 
0.147184 
0.715007 
0.122367 
0.627628 
0.550876 
0.568545 
0.537935 
0.078447 
0.459647 
0.293446 
0.942224 
0.958871 
0.748637 
0.348085 
0.264562 
0.487025 
0.436796 
0.238331 
0.626268 
0.680041 
0.452548 
0.972597 
0.429580 
0.949870 
0.461382 
0.448197 
0.852926 
0.127086 
0.926828 
0.197057 
0.930675 
0.856125 
0.885751 
0.812871 
0.928762 
0.701596 
0.724694 
0.925108 
0.282856 
0.965429 
0.973093 
0.778015 
0.097709 
0.192199 
0.295821 
0.861677 
0.204897 
0.701212 
0.263728 
0.482559 
0.376382 
0.852822 
0.373454 
0.649252 
0.979328 
0.571565 
0.299539 
0.357748 
0.666850 
0.748247 
0.793829 
0.891579 
0.765111 
0.214616 
0.053222 
0.504004 
0.789835 
0.764489 
0.763157 
0.386331 
0.067059 
0.065263 
0.871373 
0.162388 
0.253124 
0.262318 
0.776166 
0.023047 
0.352075 
0.319203 
0.843674 
0.626614 
0.500222 
0.238692 
0.693316 
0.562637 
0.231945 
0.306764 
0.788625 
0.424866 
0.730139 
0.449902 
0.502509 
0.668176 
0.038311 
0.885182 
0.252773 
0.363638 
0.666007 
0.580946 
0.958195 
0.381736 
0.837653 
0.428685 
0.915172 
0.292688 
0.200496 
0.731347 
0.748232 
0.542157 
0.030925 
0.764765 
0.402324 
0.857169 
0.433449 
0.976112 
0.511788 
0.628635 
0.466876 
0.790753 
0.192986 
0.518738 
0.427030 
0.087326 
0.693201 
0.625422 
0.472473 
0.854993 
0.873371 
0.747193 
0.076503 
0.778318 
0.192331 
0.504618 
0.113936 
0.916953 
0.234694 
0.497307 
0.238921 
0.543193 
0.447540 
0.801592 
0.351809 
0.853148 
0.857172 
0.494346 
0.471641 
0.876800 
0.385311 
0.928751 
0.512182 
0.247145 
0.765100 
0.032363 
0.932750 
0.722866 
0.204213 
0.213831 
0.860585 
0.858353 
0.344398 
0.289860 
0.677905 
0.549509 
0.604068 
0.572303 
0.695428 
0.061952 
0.223672 
0.263496 
0.576012 
0.026355 
0.945037 
0.242805 
0.817163 
0.063554 
0.157293 
0.618385 
0.198182 
0.838455 
0.919264 
0.072879 
0.877136 
0.026997 
0.732560 
0.142318 
0.946643 
0.224792 
0.075583 
0.326616 
0.427209 
0.094139 
0.196027 
0.634156 
0.266657 
0.699935 
0.803166 
0.818297 
0.112076 
0.664476 
0.856022 
0.167769 
0.689920 
0.493276 
0.493837 
0.922875 
0.756198 
0.425062 
0.013700 
0.260455 
0.471041 
0.789675 
0.065534 
0.430765 
0.868551 
0.734465 
0.152372 
0.920131 
0.638308 
0.040054 
0.179579 
0.192229 
0.797616 
0.538502 
0.595735 
0.513070 
0.167922 
0.269750 
0.688995 
0.943008 
0.141811 
0.418968 
0.598529 
0.471677 
0.473671 
0.983186 
0.413043 
0.005843 
0.207739 
0.468486 
0.842974 
0.871517 
0.583960 
0.623229 
0.616269 
0.630785 
0.599509 
0.951835 
0.487995 
0.733450 
0.086137 
0.698541 
0.383492 
0.351830 
0.212308 
0.257808 
0.978187 
0.384845 
0.098093 
0.641331 
0.853233 
0.292904 
0.838505 
0.756787 
0.326202 
0.469480 
0.553564 
0.752938 
0.621725 
0.332158 
0.574738 
0.621861 
0.617489 
0.135027 
0.398363 
0.290611 
0.299420 
0.356608 
0.506724 
0.512205 
0.624298 
0.571110 
0.652840 
0.282607 
0.776037 
0.847403 
0.293887 
0.351291 
0.152151 
0.195053 
0.254974 
0.352875 
0.769539 
0.634074 
0.888496 
0.947745 
0.750770 
0.199266 
0.063706 
0.703438 
0.675464 
0.522046 
0.027224 
0.551844 
0.846008 
0.855085 
0.406471 
0.552975 
0.847462 
0.294010 
0.433700 
0.200669 
0.636761 
0.047476 
0.928337 
0.554000 
0.077378 
0.496901 
0.418224 
0.097751 
0.898036 
0.294320 
0.638870 
0.484345 
0.380052 
0.535866 
0.295362 
0.148602 
0.557775 
0.521661 
0.551115 
0.583676 
0.843235 
0.254471 
0.902228 
0.738186 
0.697749 
0.070149 
0.998873 
0.065986 
0.022195 
0.023832 
0.540493 
0.065985 
0.017843 
0.888822 
0.423934 
0.056512 
0.799259 
0.147514 
0.267127 
0.607730 
0.110457 
0.458264 
0.039972 
0.812227 
0.093725 
0.236170 
0.315303 
0.298919 
0.934667 
0.955979 
0.136201 
0.134635 
0.812466 
0.110351 
0.665188 
0.811944 
0.343675 
0.137950 
0.532709 
0.233001 
0.048032 
0.275980 
0.394327 
0.450891 
0.124168 
0.885710 
0.132799 
0.952661 
0.377124 
0.321480 
0.116013 
0.824360 
0.023504 
0.023521 
0.316830 
0.958516 
0.779176 
0.610170 
0.127927 
0.061353 
0.152434 
0.965429 
0.956830 
0.442491 
0.949849 
0.117225 
0.205502 
0.864488 
0.446184 
0.020330 
0.685797 
0.190722 
0.459065 
0.505600 
0.627465 
0.808406 
0.886051 
0.854564 
0.651119 
0.360917 
0.929128 
0.850078 
0.257975 
0.777883 
0.871647 
0.767580 
0.718424 
0.546004 
0.686792 
0.920885 
0.316494 
0.312276 
0.420374 
0.217736 
0.494052 
0.531128 
0.674968 
0.191596 
0.153222 
0.202057 
0.976388 
0.145445 
0.496870 
0.887119 
0.811910 
0.765267 
0.837718 
0.521372 
0.695001 
0.885351 
0.097314 
0.561965 
0.953991 
0.723294 
0.407236 
0.411762 
0.485684 
0.883219 
0.269652 
0.033875 
0.331572 
0.728273 
0.089069 
0.983161 
0.982952 
0.478234 
0.672863 
0.809136 
0.152210 
0.188391 
0.294121 
0.291579 
0.561583 
0.517381 
0.626343 
0.944524 
0.618365 
0.857688 
0.155444 
0.554117 
0.040240 
0.305705 
0.988636 
0.009487 
0.453946 
0.477210 
0.475661 
0.434200 
0.597932 
0.448861 
0.999899 
0.294133 
0.497545 
0.241553 
0.782645 
0.921865 
0.779911 
0.967271 
0.930853 
0.838198 
0.597629 
0.353182 
0.929879 
0.469300 
0.524501 
0.288179 
0.427060 
0.595649 
0.072541 
0.191099 
0.798542 
0.087063 
0.272523 
0.295016 
0.339863 
0.079877 
0.495922 
0.964551 
0.207301 
0.116183 
0.693272 
0.830503 
0.266478 
0.695689 
0.444734 
0.648108 
0.755136 
0.567189 
0.744840 
0.527299 
0.321974 
0.416339 
0.409416 
0.048405 
0.548784 
0.405372 
0.094209 
0.370304 
0.695427 
0.044804 
0.024379 
0.732235 
0.673573 
0.733338 
0.205460 
0.168050 
0.424569 
0.725129 
0.245158 
0.365333 
0.156910 
0.193382 
0.171770 
0.938437 
0.304013 
0.538696 
0.865834 
0.078628 
0.495300 
0.513022 
0.356570 
0.878791 
0.840849 
0.142482 
0.695076 
0.139081 
0.530210 
0.245344 
0.494574 
0.305357 
0.136171 
0.629967 
0.861273 
0.412360 
0.528731 
0.382174 
0.198463 
0.559963 
0.299171 
0.162863 
0.246023 
0.911517 
0.868407 
0.312478 
0.810765 
0.519098 
0.475232 
0.226928 
0.974982 
0.530072 
0.928011 
0.076269 
0.858692 
0.042660 
0.980340 
0.578915 
0.830811 
0.438119 
0.471481 
0.174825 
0.279333 
0.747316 
0.140637 
0.686101 
0.295612 
0.349062 
0.677898 
0.431715 
0.828819 
0.956599 
0.552293 
0.382261 
0.668959 
0.194977 
0.983158 
0.936151 
0.882261 
0.153036 
0.081347 
0.204130 
0.812457 
0.967316 
0.680572 
0.369076 
0.053864 
0.283919 
0.834619 
0.445595 
0.116467 
0.454867 
0.946961 
0.566923 
0.270552 
0.163045 
0.292907 
0.887819 
0.576391 
0.395337 
0.423961 
0.519927 
0.414771 
0.049852 
0.858739 
0.821391 
0.121798 
0.064079 
0.977587 
0.311009 
0.129479 
0.161183 
0.997526 
0.418993 
0.018476 
0.526313 
0.744049 
0.231965 
0.637468 
0.917863 
0.527756 
0.991464 
0.529519 
0.622927 
0.538434 
0.466922 
0.554811 
0.701091 
0.243922 
0.604809 
0.021646 
0.802725 
0.403125 
0.319322 
0.845910 
0.202030 
0.521010 
0.619242 
0.601198 
0.329193 
0.750201 
0.625010 
0.546723 
0.777821 
0.833628 
0.779201 
0.028936 
0.320357 
0.235327 
0.145043 
0.742001 
0.806013 
0.658771 
0.964255 
0.230012 
0.818285 
0.910148 
0.858005 
0.483104 
0.535715 
0.762428 
0.127310 
0.695694 
0.534315 
0.229631 
0.413654 
0.276599 
0.798640 
0.734146 
0.794651 
0.701888 
0.636077 
0.543292 
0.113563 
0.645167 
0.323561 
0.082681 
0.617302 
0.993217 
0.000229 
0.845674 
0.249111 
0.809588 
0.749924 
0.968516 
0.851223 
0.501248 
0.471386 
0.592122 
0.787050 
0.949825 
0.700409 
0.765981 
0.836238 
0.657458 
0.902800 
0.357452 
0.688551 
0.481974 
0.537618 
0.753213 
0.254763 
0.808907 
0.302160 
0.409657 
0.101158 
0.156231 
0.776181 
0.267973 
0.827155 
0.987761 
0.299552 
0.577309 
0.827959 
0.499956 
0.764630 
0.143657 
0.446124 
0.004279 
0.923989 
0.485373 
0.664338 
0.531771 
0.470059 
0.288151 
0.953048 
0.877972 
0.080597 
0.587209 
0.218040 
0.604984 
0.968297 
0.174575 
0.073747 
0.469942 
0.309097 
0.992560 
0.960149 
0.221737 
0.735884 
0.008594 
0.432882 
0.447343 
0.492431 
0.281151 
0.299607 
0.491092 
0.785489 
0.710560 
0.378083 
0.447996 
0.463842 
0.792535 
0.131737 
0.095829 
0.602790 
0.083832 
0.967413 
0.309067 
0.488957 
0.898095 
0.286070 
0.975845 
0.035168 
0.066119 
0.267423 
0.584494 
0.595324 
0.615832 
0.282912 
0.900195 
0.583433 
0.766487 
0.352165 
0.845501 
0.343118 
0.776548 
0.448950 
0.505332 
0.113834 
0.203691 
0.429029 
0.691831 
0.597192 
0.000019 
0.311020 
0.311701 
0.755504 
0.756243 
0.170015 
0.438065 
0.553048 
0.083848 
0.239168 
0.695685 
0.372559 
0.606626 
0.562855 
0.895672 
0.565377 
0.285683 
0.476523 
0.925920 
0.937961 
0.310519 
0.892625 
0.347589 
0.931787 
0.546300 
0.672229 
0.149621 
0.684759 
0.739562 
0.814441 
0.314223 
0.149804 
0.750097 
0.881968 
0.239775 
0.894093 
0.028146 
0.056688 
0.752712 
0.825701 
0.558775 
0.325314 
0.548374 
0.524327 
0.360882 
0.348161 
0.536988 
0.163697 
0.261290 
0.494079 
0.989261 
0.502473 
0.060341 
0.155994 
0.797834 
0.190278 
0.996145 
0.200801 
0.860828 
0.929959 
0.826377 
0.913889 
0.739837 
0.442635 
0.369082 
0.157532 
0.633461 
0.582717 
0.725243 
0.151293 
0.788249 
0.099947 
0.808962 
0.230743 
0.105144 
0.161425 
0.077084 
0.543365 
0.337513 
0.576779 
0.928688 
0.459512 
0.020026 
0.582449 
0.213669 
0.141016 
0.055427 
0.562199 
0.872818 
0.456111 
0.859771 
0.164469 
0.229568 
0.345957 
0.496927 
0.853770 
0.307199 
0.089822 
0.632812 
0.668399 
0.782023 
0.459989 
0.036224 
0.819643 
0.742954 
0.831889 
0.562183 
0.603591 
0.556199 
0.036687 
0.599931 
0.036601 
0.149947 
0.162129 
0.907509 
0.510838 
0.654201 
0.161346 
0.745200 
0.574117 
0.179387 
0.955979 
0.132992 
0.204142 
0.014284 
0.063797 
0.230620 
0.038678 
0.055382 
0.803417 
0.021182 
0.008914 
0.812180 
0.315267 
0.698535 
0.276326 
0.204897 
0.708631 
0.961552 
0.796405 
0.176707 
0.916163 
0.946763 
0.247548 
0.543080 
0.544558 
0.388405 
0.917717 
0.073571 
0.503396 
0.568190 
0.573209 
0.920894 
0.464232 
0.351103 
0.982041 
0.156277 
0.541193 
0.823689 
0.736189 
0.120856 
0.231475 
0.399854 
0.345104 
0.168301 
0.629708 
0.504850 
0.007194 
0.915816 
0.124641 
0.840033 
0.432241 
0.666269 
0.980054 
0.770457 
0.066078 
0.573005 
0.499628 
0.246297 
0.506926 
0.911471 
0.089511 
0.408726 
0.457889 
0.740668 
0.414230 
0.970786 
0.000688 
0.555720 
0.991109 
0.569880 
0.964936 
0.686479 
0.647164 
0.893331 
0.221968 
0.615478 
0.342478 
0.035937 
0.986938 
0.474154 
0.101487 
0.692221 
0.162161 
0.448233 
0.456621 
0.425912 
0.298961 
0.633633 
0.464300 
0.491921 
0.719267 
0.721672 
0.136323 
0.172817 
0.540943 
0.626383 
0.625794 
0.719747 
0.789774 
0.732128 
0.876599 
0.999491 
0.445458 
0.804510 
0.403023 
0.601152 
0.566052 
0.632017 
0.305648 
0.031010 
0.177268 
0.342328 
0.505718 
0.609258 
0.807120 
0.265737 
0.240969 
0.970977 
0.206079 
0.566846 
0.973683 
0.693860 
0.712993 
0.267709 
0.381315 
0.763366 
0.895832 
0.242018 
0.603841 
0.763530 
0.646988 
0.931458 
0.009121 
0.292504 
0.117352 
0.340472 
0.320791 
0.533237 
0.107118 
0.326025 
0.505078 
0.854011 
0.369444 
0.252606 
0.552876 
0.184773 
0.485533 
0.349816 
0.356092 
0.835475 
0.825218 
0.440756 
0.781495 
0.593848 
0.795237 
0.552368 
0.647754 
0.803151 
0.553155 
0.874889 
0.267371 
0.706853 
0.079300 
0.790606 
0.715768 
0.914959 
0.719238 
0.230270 
0.141681 
0.225847 
0.816460 
0.237081 
0.616403 
0.882384 
0.231931 
0.069398 
0.379049 
0.671050 
0.330288 
0.152359 
0.689347 
0.852011 
0.750313 
0.504489 
0.951932 
0.129130 
0.286859 
0.232964 
0.420655 
0.943807 
0.560489 
0.139016 
0.436882 
0.679416 
0.942274 
0.799228 
0.618639 
0.469556 
0.822477 
0.369143 
0.179428 
0.653997 
0.725241 
0.131618 
0.102250 
0.508167 
0.762531 
0.853909 
0.641750 
0.891260 
0.411185 
0.792201 
0.519572 
0.452556 
0.115929 
0.412632 
0.105740 
0.179898 
0.547383 
0.871464 
0.702187 
0.655253 
0.831433 
0.896371 
0.313172 
0.477189 
0.112220 
0.082394 
0.797980 
0.654034 
0.354928 
0.267439 
0.839657 
0.121831 
0.616151 
0.653163 
0.710437 
0.309785 
0.562110 
0.378530 
0.946221 
0.135604 
0.094781 
0.980929 
0.468511 
0.268353 
0.213378 
0.244432 
0.175200 
0.581157 
0.500480 
0.568490 
0.606926 
0.606245 
0.161730 
0.191052 
0.017196 
0.011984 
0.415182 
0.959096 
0.522716 
0.289510 
0.796662 
0.505542 
0.650625 
0.050917 
0.763366 
0.896998 
0.841149 
0.189034 
0.102400 
0.029307 
0.556376 
0.018769 
0.443347 
0.332517 
0.609714 
0.462600 
0.926276 
0.920954 
0.477270 
0.470862 
0.779340 
0.370703 
0.399636 
0.681808 
0.144267 
0.690943 
0.678950 
0.113612 
0.470513 
0.904085 
0.953144 
0.484264 
0.027773 
0.779141 
0.029766 
0.285558 
0.370659 
0.658651 
0.947102 
0.943572 
0.613753 
0.342446 
0.495768 
0.380339 
0.350421 
0.528032 
0.630262 
0.818080 
0.475867 
0.892727 
0.067277 
0.729976 
0.703746 
0.865716 
0.094698 
0.586771 
0.853083 
0.758679 
0.113478 
0.219829 
0.661584 
0.241403 
0.255276 
0.423940 
0.153215 
0.080169 
0.406875 
0.348157 
0.479715 
0.570164 
0.741542 
0.092414 
0.198617 
0.159147 
