0.000001 
0.012295 
0.645865 
0.055961 
0.539357 
0.977330 
0.984882 
0.907092 
0.496470 
0.174654 
0.402540 
0.481764 
0.003121 
0.446559 
0.312786 
0.988229 
0.159004 
0.375682 
0.093851 
0.345987 
0.009155 
0.870466 
0.919931 
0.282306 
0.715733 
0.328185 
0.805110 
0.476843 
0.306690 
0.534990 
0.570424 
0.114025 
0.413120 
0.313653 
0.566751 
0.384641 
0.655969 
0.875190 
0.320873 
0.919733 
0.947052 
0.098089 
0.586500 
0.299490 
0.522017 
0.535681 
0.189522 
0.298142 
0.874899 
0.427358 
0.602318 
0.163296 
0.516603 
0.543635 
0.878646 
0.405282 
0.582812 
0.318809 
0.218026 
0.365928 
0.146559 
0.210008 
0.605468 
0.094675 
0.200751 
0.014758 
0.037372 
0.113021 
0.541378 
0.937637 
0.859797 
0.610846 
0.487315 
0.295508 
0.607201 
0.233155 
0.644391 
0.279507 
0.681938 
0.338906 
0.991343 
0.500979 
0.949005 
0.928159 
0.563278 
0.016244 
0.012710 
0.608712 
0.622250 
0.148328 
0.946948 
0.349154 
0.231597 
0.444955 
0.352986 
0.639438 
0.037031 
0.378891 
0.013215 
0.097435 
0.584941 
0.104546 
0.098186 
0.210636 
0.152823 
0.494084 
0.069708 
0.579397 
0.927448 
0.620700 
0.112267 
0.871754 
0.567755 
0.251226 
0.348583 
0.638237 
0.844231 
0.994778 
0.232630 
0.809359 
0.901228 
0.945819 
0.377980 
0.712373 
0.854717 
0.222653 
0.126580 
0.436657 
0.899874 
0.187473 
0.854612 
0.462330 
0.384196 
0.176379 
0.394902 
0.114900 
0.116505 
0.093162 
0.774348 
0.470185 
0.399361 
0.060626 
0.947266 
0.705584 
0.746104 
0.772308 
0.172476 
0.798861 
0.455827 
0.090585 
0.456357 
0.991961 
0.880466 
0.994396 
0.818560 
0.541238 
0.581845 
0.064802 
0.119628 
0.587055 
0.627677 
0.359402 
0.474363 
0.612561 
0.306276 
0.577410 
0.529067 
0.027436 
0.115041 
0.501732 
0.601779 
0.097183 
0.353591 
0.804773 
0.813925 
0.640861 
0.947614 
0.553118 
0.256818 
0.333628 
0.287743 
0.102431 
0.563566 
0.851946 
0.660483 
0.735953 
0.155211 
0.639609 
0.916282 
0.947308 
0.410802 
0.353118 
0.856680 
0.218563 
0.389090 
0.430189 
0.186863 
0.598265 
0.032498 
0.187934 
0.599595 
0.389014 
0.166645 
0.805580 
0.385812 
0.344649 
0.515755 
0.295840 
0.176861 
0.494701 
0.438747 
0.021841 
0.084744 
0.300734 
0.433606 
0.613332 
0.274108 
0.931634 
0.967230 
0.235675 
0.994166 
0.954885 
0.755214 
0.880015 
0.419574 
0.786466 
0.129703 
0.923811 
0.499167 
0.500508 
0.031850 
0.301673 
0.219346 
0.542790 
0.675343 
0.495822 
0.288487 
0.600744 
0.702803 
0.015620 
0.530008 
0.842971 
0.808859 
0.492429 
0.247020 
0.663313 
0.296282 
0.612263 
0.312637 
0.497072 
0.286424 
0.934812 
0.380909 
0.936017 
0.643269 
0.427991 
0.243958 
0.198439 
0.162877 
0.466414 
0.015631 
0.714280 
0.900193 
0.536170 
0.409785 
0.251625 
0.057355 
0.961771 
0.482022 
0.346513 
0.841307 
0.842839 
0.593292 
0.459983 
0.936360 
0.397466 
0.219043 
0.456206 
0.452233 
0.684374 
0.266896 
0.722900 
0.777792 
0.355249 
0.663438 
0.409222 
0.789693 
0.370708 
0.483738 
0.186879 
0.879059 
0.345261 
0.795683 
0.049028 
0.011958 
0.984332 
0.672321 
0.694124 
0.141098 
0.427476 
0.583376 
0.797458 
0.869389 
0.816929 
0.118383 
0.668281 
0.798336 
0.629131 
0.800050 
0.439906 
0.493425 
0.998604 
0.539668 
0.194724 
0.730583 
0.905896 
0.396366 
0.724104 
0.011391 
0.445851 
0.414568 
0.640435 
0.789014 
0.963673 
0.447528 
0.606911 
0.349329 
0.170758 
0.935141 
0.909315 
0.861881 
0.641972 
0.625479 
0.430655 
0.026396 
0.632967 
0.282845 
0.769379 
0.951500 
0.864694 
0.911904 
0.372902 
0.368203 
0.394041 
0.643739 
0.326245 
0.206685 
0.755518 
0.996262 
0.170902 
0.342086 
0.435294 
0.989485 
0.279494 
0.459975 
0.795696 
0.268800 
0.724587 
0.137385 
0.026675 
0.330918 
0.734009 
0.487344 
0.783490 
0.119830 
0.980600 
0.938767 
0.849527 
0.006165 
0.617771 
0.885304 
0.311179 
0.985760 
0.666192 
0.693493 
0.536539 
0.618373 
0.995119 
0.959004 
0.983574 
0.936556 
0.698394 
0.911948 
0.112948 
0.318375 
0.922097 
0.682914 
0.730681 
0.549426 
0.200338 
0.086159 
0.080445 
0.032940 
0.624737 
0.962795 
0.700692 
0.529602 
0.020983 
0.659682 
0.268047 
0.062477 
0.043779 
0.799213 
0.372782 
0.341479 
0.236885 
0.333898 
0.829432 
0.270118 
0.865668 
0.275402 
0.684957 
0.065534 
0.428268 
0.907996 
0.696367 
0.842980 
0.967382 
0.790327 
0.032821 
0.621735 
0.496676 
0.630583 
0.201339 
0.901912 
0.435125 
0.139419 
0.215488 
0.714634 
0.846355 
0.686090 
0.109376 
0.275855 
0.293651 
0.393175 
0.099637 
0.603801 
0.078605 
0.117459 
0.131686 
0.242825 
0.167722 
0.904161 
0.230884 
0.475094 
0.908280 
0.458329 
0.141714 
0.781277 
0.921746 
0.791192 
0.557615 
0.840456 
0.546426 
0.778767 
0.729140 
0.657675 
0.550420 
0.911296 
0.149856 
0.631659 
0.298425 
0.623267 
0.244953 
0.929769 
0.619436 
0.858282 
0.147409 
0.505928 
0.133113 
0.222383 
0.584477 
0.297468 
0.550691 
0.455560 
0.593475 
0.527912 
0.617774 
0.928162 
0.612107 
0.680504 
0.234315 
0.126885 
0.557044 
0.234691 
0.458308 
0.786123 
0.361873 
0.993932 
0.022448 
0.278183 
0.429825 
0.074288 
0.560356 
0.896941 
0.885948 
0.133529 
0.228431 
0.239355 
0.847818 
0.269036 
0.694983 
0.572688 
0.162678 
0.129344 
0.881220 
0.672160 
0.987742 
0.979344 
0.840245 
0.991806 
0.288459 
0.125879 
0.647508 
0.662696 
0.933253 
0.190841 
0.460228 
0.060340 
0.130324 
0.353889 
0.804821 
0.623712 
0.724262 
0.674696 
0.623618 
0.150105 
0.821678 
0.947138 
0.555821 
0.683381 
0.591196 
0.236939 
0.228554 
0.308608 
0.781314 
0.538198 
0.496613 
0.566423 
0.876747 
0.490648 
0.318037 
0.245381 
0.115964 
0.011122 
0.931938 
0.074492 
0.981622 
0.114877 
0.730125 
0.204099 
0.295197 
0.371822 
0.213617 
0.264557 
0.401608 
0.833377 
0.561844 
0.918728 
0.058412 
0.731988 
0.527655 
0.300060 
0.108896 
0.223116 
0.906524 
0.942641 
0.971298 
0.606814 
0.716772 
0.782765 
0.931747 
0.867746 
0.214459 
0.412582 
0.259671 
0.287311 
0.834027 
0.498953 
0.899986 
0.072415 
0.073197 
0.226154 
0.975219 
0.501673 
0.620133 
0.575492 
0.289239 
0.236026 
0.884871 
0.028038 
0.235492 
0.909411 
0.467226 
0.673076 
0.389168 
0.745716 
0.242134 
0.541267 
0.074523 
0.500103 
0.230265 
0.071509 
0.858039 
0.059141 
0.979998 
0.825352 
0.694320 
0.429902 
0.368347 
0.807474 
0.214545 
0.850661 
0.065167 
0.254054 
0.878468 
0.413293 
0.212556 
0.426555 
0.107192 
0.582134 
0.925462 
0.241408 
0.339668 
0.795909 
0.845404 
0.704542 
0.235996 
0.385063 
0.761812 
0.768406 
0.594686 
0.885911 
0.501519 
0.025887 
0.087167 
0.015064 
0.183546 
0.864850 
0.531750 
0.121332 
0.227387 
0.691102 
0.345394 
0.038032 
0.203784 
0.004031 
0.750930 
0.879046 
0.128517 
0.988178 
0.315235 
0.155205 
0.528459 
0.816615 
0.840522 
0.661629 
0.992812 
0.198316 
0.090924 
0.152381 
0.062633 
0.678354 
0.101760 
0.281182 
0.818088 
0.606481 
0.126874 
0.364499 
0.142027 
0.056172 
0.075577 
0.222298 
0.160030 
0.630800 
0.848419 
0.379649 
0.759662 
0.642245 
0.215355 
0.476503 
0.590466 
0.965286 
0.555199 
0.230670 
0.878259 
0.903143 
0.119960 
0.172734 
0.147074 
0.877853 
0.073516 
0.589902 
0.477558 
0.320002 
0.277496 
0.872281 
0.434874 
0.934436 
0.066524 
0.064703 
0.468874 
0.373704 
0.841909 
0.956277 
0.143113 
0.303062 
0.561735 
0.073599 
0.972555 
0.732438 
0.089853 
0.161702 
0.729046 
0.078486 
0.118604 
0.380594 
0.643537 
0.924029 
0.151726 
0.054696 
0.280113 
0.859592 
0.156279 
0.576090 
0.350686 
0.980320 
0.241795 
0.840587 
0.738866 
0.117048 
0.226073 
0.612382 
0.300473 
0.042958 
0.993419 
0.399119 
0.997074 
0.817671 
0.599431 
0.635158 
0.096669 
0.716465 
0.622542 
0.069588 
0.565821 
0.753777 
0.727801 
0.147676 
0.984145 
0.529337 
0.565321 
0.355363 
0.579647 
0.121271 
0.196779 
0.269008 
0.214146 
0.154060 
0.282893 
0.582539 
0.727688 
0.257670 
0.660611 
0.888869 
0.227663 
0.329665 
0.687822 
0.222812 
0.798573 
0.621370 
0.357320 
0.470363 
0.384370 
0.099175 
0.839573 
0.700500 
0.301522 
0.681810 
0.177278 
0.517333 
0.822199 
0.699868 
0.682720 
0.473933 
0.387335 
0.935640 
0.300013 
0.313776 
0.641529 
0.183815 
0.382488 
0.483813 
0.448279 
0.218987 
0.521855 
0.813396 
0.742983 
0.320896 
0.306261 
0.335333 
0.933742 
0.399215 
0.607811 
0.478311 
0.975187 
0.960159 
0.389034 
0.487644 
0.827961 
0.538102 
0.879810 
0.963998 
0.906867 
0.711795 
0.131063 
0.780832 
0.450968 
0.422453 
0.163234 
0.477277 
0.588445 
0.003069 
0.585063 
0.159218 
0.976783 
0.787082 
0.489257 
0.942456 
0.862813 
0.296581 
0.639297 
0.664718 
0.907624 
0.439161 
0.986746 
0.245471 
0.633904 
0.028208 
0.095388 
0.184878 
0.252852 
0.686983 
0.127529 
0.373665 
0.191702 
0.928376 
0.208551 
0.108752 
0.792418 
0.163358 
0.552885 
0.330626 
0.823753 
0.810600 
0.759950 
0.485711 
0.348615 
0.164223 
0.104359 
0.961667 
0.732046 
0.497084 
0.491264 
0.673341 
0.839007 
0.185920 
0.760174 
0.246775 
0.542698 
0.124674 
0.387707 
0.183579 
0.415505 
0.398986 
0.756196 
0.392019 
0.661159 
0.094785 
0.050184 
0.446399 
0.619849 
0.808395 
0.701716 
0.745040 
0.878966 
0.774360 
0.662385 
0.704362 
0.216129 
0.477206 
0.403400 
0.945802 
0.093993 
0.732193 
0.959995 
0.643966 
0.134604 
0.283622 
0.838930 
0.902356 
0.905230 
0.195908 
0.627812 
0.633902 
0.986353 
0.631297 
0.207615 
0.391947 
0.447798 
0.133800 
0.779058 
0.623196 
0.051197 
0.470943 
0.139641 
0.953660 
0.160687 
0.661237 
0.417801 
0.987119 
0.503694 
0.590051 
0.978811 
0.876328 
0.449232 
0.243893 
0.114581 
0.757672 
0.196554 
0.476161 
0.845105 
0.680396 
0.421360 
0.792875 
0.850973 
0.307582 
0.526063 
0.547487 
0.617660 
0.018864 
0.047925 
0.472917 
0.324081 
0.829948 
0.930825 
0.371254 
0.658575 
0.672844 
0.487058 
0.977614 
0.762567 
0.465242 
0.321457 
0.734188 
0.490290 
0.306650 
0.859535 
0.201618 
0.596693 
0.613485 
0.837228 
0.294175 
0.199038 
0.236580 
0.198884 
0.650489 
0.772935 
0.717060 
0.633893 
0.840501 
0.293077 
0.746831 
0.988088 
0.797561 
0.610404 
0.055590 
0.300332 
0.683378 
0.534134 
0.194925 
0.110150 
0.290497 
0.375386 
0.106771 
0.494316 
0.963773 
0.126652 
0.644744 
0.204390 
0.180612 
0.547626 
0.945864 
0.143156 
0.030382 
0.631462 
0.987401 
0.246615 
0.857345 
0.404957 
0.111976 
0.984914 
0.452073 
0.998810 
0.995659 
0.045826 
0.195574 
0.007101 
0.351364 
0.378480 
0.114153 
0.564120 
0.159346 
0.133503 
0.786899 
0.403500 
0.617961 
0.063194 
0.098517 
0.771232 
0.093610 
0.297477 
0.695189 
0.037742 
0.334538 
0.585298 
0.099278 
0.571619 
0.196856 
0.559772 
0.083856 
0.361823 
0.155900 
0.219169 
0.571493 
0.090999 
0.424040 
0.848602 
0.453526 
0.409796 
0.432985 
0.182519 
0.603902 
0.781529 
0.161705 
0.782532 
0.007730 
0.925376 
0.795596 
0.574837 
0.291108 
0.654633 
0.416171 
0.591751 
0.550842 
0.009476 
0.267577 
0.167861 
0.246124 
0.598608 
0.811708 
0.373757 
0.726453 
0.488630 
0.412233 
0.399622 
0.447674 
0.059797 
0.002124 
0.701603 
0.848937 
0.087494 
0.517346 
0.036274 
0.652987 
0.755098 
0.930991 
0.169580 
0.126264 
0.111400 
0.300377 
0.436118 
0.838598 
0.314814 
0.079838 
0.843391 
0.869927 
0.857958 
0.702784 
0.692086 
0.889384 
0.874556 
0.671055 
0.427601 
0.693216 
0.885923 
0.707751 
0.178143 
0.043012 
0.904690 
0.133019 
0.658369 
0.204432 
0.885486 
0.366977 
0.783603 
0.008638 
0.178852 
0.971620 
0.013716 
0.518475 
0.008841 
0.585937 
0.843083 
0.701048 
0.515006 
0.701372 
0.964358 
0.964038 
0.593701 
0.336544 
0.298534 
0.457760 
0.570956 
0.061686 
0.751709 
0.965964 
0.961725 
0.716924 
0.343882 
0.620614 
0.664592 
0.800930 
0.228887 
0.901723 
0.261610 
0.881705 
0.813392 
0.672640 
0.059257 
0.925626 
0.987947 
0.421812 
0.394048 
0.770800 
0.842236 
0.459091 
0.940410 
0.472361 
0.973292 
0.111430 
0.803973 
0.366634 
0.018660 
0.616203 
0.520497 
0.991194 
0.002802 
0.087030 
0.709314 
0.441168 
0.714062 
0.240434 
0.967216 
0.004625 
0.735585 
0.974563 
0.486019 
0.525633 
0.306476 
0.935306 
0.685532 
0.735318 
0.495493 
0.752176 
0.821714 
0.542725 
0.581499 
0.248400 
0.866236 
0.823706 
0.022634 
0.403902 
0.386267 
0.994682 
0.625994 
0.074520 
0.462662 
0.953487 
0.255648 
0.675808 
0.300677 
0.479251 
0.763908 
0.005514 
0.675897 
0.797533 
0.133535 
0.326621 
0.512446 
0.672190 
0.493592 
0.792743 
0.634639 
0.384433 
0.166082 
0.333928 
0.329232 
0.404806 
0.577148 
0.131477 
0.733505 
0.018132 
0.744505 
0.887680 
0.244140 
0.266008 
0.793553 
0.239264 
0.310789 
0.431285 
0.610151 
0.814629 
0.472155 
0.515782 
0.741997 
0.751549 
0.287303 
0.706818 
0.483744 
0.291080 
0.173170 
0.474520 
0.263540 
0.312027 
0.234565 
0.336353 
0.077161 
0.846471 
0.642314 
0.374135 
0.092954 
0.270076 
0.162468 
0.605138 
0.546757 
0.351181 
0.291987 
0.425105 
0.737600 
0.848170 
0.185318 
0.633627 
0.371158 
0.060704 
0.260328 
0.326452 
0.673430 
0.339541 
0.662965 
0.457388 
0.319268 
0.939593 
0.731550 
0.157884 
0.558015 
0.556804 
0.198539 
0.842509 
0.054203 
0.985038 
0.536392 
0.142548 
0.805066 
0.748960 
0.766241 
0.217604 
0.273554 
0.629876 
0.332955 
0.976167 
0.432623 
0.101712 
0.477875 
0.647975 
0.520606 
0.818683 
0.602484 
0.952184 
0.349719 
0.722173 
0.559906 
0.346498 
0.594064 
0.432574 
0.265559 
0.243666 
0.286563 
0.257811 
0.032572 
0.440935 
0.799476 
0.801098 
0.052766 
0.840290 
0.751543 
0.187705 
0.756926 
0.650414 
0.509501 
0.177307 
0.999915 
0.573754 
0.079640 
0.508504 
0.434559 
0.629723 
0.753720 
0.777320 
0.409457 
0.740186 
0.305415 
0.115407 
0.638020 
0.199186 
0.716866 
0.365476 
0.555567 
0.420843 
0.113338 
0.865469 
0.938004 
0.025959 
0.287990 
0.252512 
0.974947 
0.930541 
0.607288 
0.686168 
0.423987 
0.941205 
0.830831 
0.773135 
0.078040 
0.616247 
0.256880 
0.381681 
0.907567 
0.477942 
0.778682 
0.311010 
0.142002 
0.621644 
0.966041 
0.259204 
0.446056 
0.861011 
0.015435 
0.415512 
0.511717 
0.426497 
0.131080 
0.057659 
0.074073 
0.938304 
0.077050 
0.987231 
0.393825 
0.018189 
0.708964 
0.552389 
0.999205 
0.639065 
0.765753 
0.017714 
0.712934 
0.288074 
0.664835 
0.889582 
0.200169 
0.234144 
0.263530 
0.141874 
0.471513 
0.721043 
0.564643 
0.953963 
0.250644 
0.577134 
0.895144 
0.686916 
0.004218 
0.886471 
0.915412 
0.333591 
0.659732 
0.115697 
0.525697 
0.389410 
0.819051 
0.793964 
0.154073 
0.498134 
0.134788 
0.385259 
0.053598 
0.825174 
0.704412 
0.048698 
0.467109 
0.697575 
0.146836 
0.872708 
0.610434 
0.566268 
0.272546 
0.686257 
0.913892 
0.789934 
0.416017 
0.998749 
0.977026 
0.876548 
0.140469 
0.857831 
0.564346 
0.964543 
0.069174 
0.605760 
0.014941 
0.114325 
0.457505 
0.285009 
0.154303 
0.364720 
0.852869 
0.172268 
0.316674 
0.347749 
0.614580 
0.253160 
0.865019 
0.369693 
0.433304 
0.540084 
0.191389 
0.671654 
0.485464 
0.193204 
0.175609 
0.458540 
0.674122 
0.967342 
0.117103 
0.152285 
0.451920 
0.412328 
0.992820 
0.332131 
0.124025 
0.492180 
0.062589 
0.932580 
0.865928 
0.650030 
0.047017 
0.216428 
0.506008 
0.483020 
0.123157 
0.901659 
0.189523 
0.309334 
0.973936 
0.942969 
0.472007 
0.020446 
0.628239 
0.817436 
0.655191 
0.799143 
0.193653 
0.726780 
0.983438 
0.646373 
0.584677 
0.660146 
0.076744 
0.838294 
0.209157 
0.299139 
0.621772 
0.117964 
0.626357 
0.174236 
0.383985 
0.629499 
0.995466 
0.805302 
0.711317 
0.112236 
0.346941 
0.038295 
0.625135 
0.646687 
0.865598 
0.098074 
0.323948 
0.601311 
0.230273 
0.199705 
0.447009 
0.874318 
0.669159 
0.552701 
0.245792 
0.020716 
0.172409 
0.682602 
0.484180 
0.614691 
0.105341 
0.466423 
0.169639 
0.114875 
0.701723 
0.853466 
0.203483 
0.930493 
0.801313 
0.661669 
0.676696 
0.233319 
0.395188 
0.918208 
0.329373 
0.769974 
0.954414 
0.837871 
0.096623 
0.941114 
0.305409 
0.005923 
0.555901 
0.036334 
0.660170 
0.484592 
0.535510 
0.313707 
0.474813 
0.188048 
0.519082 
0.215397 
0.172361 
0.878286 
0.345693 
0.055729 
0.631283 
0.977434 
0.734060 
0.339666 
0.774770 
0.561838 
0.814567 
0.421990 
0.380755 
0.353049 
0.700897 
0.981086 
0.106319 
0.896007 
0.186776 
0.143546 
0.577664 
0.804276 
0.464974 
0.811528 
0.346846 
0.434586 
0.085429 
0.804511 
0.408415 
0.230688 
0.178119 
0.641958 
0.382275 
0.893889 
0.591009 
0.080118 
0.540942 
0.612664 
0.040051 
0.143617 
0.776093 
0.791161 
0.041145 
0.530279 
0.395609 
0.997911 
0.886376 
0.322010 
0.029152 
0.949765 
0.700739 
0.312763 
0.612829 
0.817458 
0.010798 
0.481623 
0.632678 
0.412824 
0.328405 
0.494922 
0.150904 
0.236287 
0.267536 
0.479407 
0.393052 
0.020836 
0.194203 
0.970950 
0.762668 
0.161921 
0.398549 
0.411986 
0.252390 
0.916048 
0.021539 
0.003967 
0.678663 
0.281306 
0.910139 
0.709554 
0.474339 
0.213964 
0.086726 
0.598351 
0.477848 
0.192034 
0.523682 
0.519428 
0.021749 
0.531234 
0.444401 
0.043966 
0.938096 
0.575783 
0.190025 
0.752045 
0.625971 
0.695497 
0.219120 
0.743338 
0.288409 
0.291267 
0.326242 
0.155532 
0.024535 
0.359876 
0.433639 
0.175422 
0.318052 
0.505874 
0.219705 
0.578666 
0.642928 
0.699222 
0.819179 
0.947883 
0.063361 
0.905671 
0.613545 
0.854969 
0.468145 
0.115137 
0.099735 
0.250438 
0.103079 
0.454827 
0.284842 
0.338508 
0.304689 
0.903234 
0.651855 
0.721697 
0.554814 
0.761425 
0.268731 
0.566238 
0.755513 
0.905358 
0.359492 
0.986268 
0.214012 
0.898023 
0.068545 
0.036757 
0.782010 
0.241046 
0.266601 
0.760755 
0.005514 
0.668423 
0.178945 
0.530453 
0.315745 
0.719734 
0.566167 
0.565983 
0.476939 
0.906572 
0.752717 
0.921598 
0.291293 
0.757327 
0.388441 
0.521287 
0.267792 
0.785843 
0.666364 
0.582558 
0.053344 
0.545035 
0.398068 
0.320859 
0.672412 
0.221409 
0.214303 
0.783681 
0.322020 
0.192770 
0.878764 
0.385604 
0.852421 
0.644694 
0.378207 
0.525545 
0.827394 
0.003338 
0.102506 
0.822837 
0.413596 
0.312429 
0.000829 
0.936478 
0.391649 
0.442075 
0.959117 
0.881798 
0.374768 
0.724450 
0.832245 
0.544245 
0.117345 
0.217403 
0.889072 
0.639545 
0.833793 
0.561217 
0.371873 
0.077421 
0.221772 
0.316624 
0.507087 
0.614605 
0.663082 
0.419748 
0.709654 
0.151264 
0.289678 
0.616691 
0.727517 
0.382739 
0.701052 
0.585420 
0.146852 
0.145442 
0.439275 
0.900536 
0.312344 
0.558946 
0.203618 
0.200720 
0.493670 
0.119900 
0.155064 
0.156944 
0.762203 
0.338212 
0.333254 
0.995601 
0.061511 
0.819497 
0.281334 
0.382922 
0.775798 
0.836247 
0.809783 
0.022771 
0.703837 
0.396069 
0.730716 
0.140262 
0.382579 
0.998748 
0.954854 
0.229994 
0.510591 
0.502007 
0.234762 
0.653168 
0.791776 
0.382018 
0.568223 
0.129351 
0.996119 
0.778427 
0.029477 
0.421931 
0.396057 
0.531621 
0.950469 
0.538787 
0.398042 
0.889101 
0.127253 
0.742599 
0.862475 
0.613494 
0.000588 
0.882427 
0.948928 
0.640784 
0.649431 
0.985585 
0.735209 
0.660296 
0.587772 
0.685318 
0.131941 
0.524765 
0.727758 
0.421224 
0.515112 
0.487725 
0.201426 
0.367619 
0.569012 
0.392949 
0.294895 
0.297322 
0.084852 
0.107725 
0.535821 
0.548147 
0.709817 
0.895244 
0.358965 
0.131890 
0.674321 
0.305547 
0.324493 
0.757177 
0.868639 
0.220403 
0.311442 
0.413419 
0.328305 
0.826050 
0.427573 
0.224198 
0.089355 
0.792003 
0.193037 
0.368008 
0.118572 
0.843259 
0.653616 
0.329423 
0.609618 
0.854477 
0.199257 
0.917376 
0.341413 
0.122755 
0.140529 
0.878186 
0.671937 
0.252819 
0.121473 
0.601571 
0.599899 
0.509119 
0.766102 
0.874624 
0.805918 
0.064571 
0.242961 
0.448303 
0.621012 
0.354956 
0.747586 
0.682960 
0.508348 
0.801745 
0.923178 
0.856518 
0.496990 
0.912490 
0.213028 
0.355387 
0.988058 
0.289207 
0.704913 
0.467492 
0.139663 
0.320239 
0.259146 
0.458924 
0.131331 
0.271752 
0.333023 
0.112829 
0.323284 
0.440681 
0.529785 
0.097701 
0.058032 
0.343519 
0.519639 
0.565685 
0.472461 
0.646397 
0.996704 
0.598541 
0.674536 
0.933139 
0.273138 
0.624462 
0.332637 
0.629849 
0.864938 
0.016436 
0.234356 
0.823823 
0.997078 
0.888633 
0.252556 
0.708614 
0.677415 
0.317006 
0.925485 
0.623123 
0.832209 
0.934289 
0.588288 
0.361012 
0.532391 
0.892130 
0.030647 
0.092008 
0.371300 
0.432736 
0.996234 
0.698713 
0.272714 
0.499390 
0.251076 
0.833759 
0.995386 
0.452866 
0.323837 
0.734534 
0.310894 
0.195834 
0.382942 
0.101782 
0.648199 
0.282663 
0.718065 
0.524810 
0.484098 
0.233070 
0.213449 
0.436475 
0.827250 
0.583386 
0.960723 
0.879187 
0.499555 
0.018785 
0.725621 
0.505922 
0.026870 
0.596909 
0.242228 
0.121927 
0.235443 
0.084605 
0.962810 
0.939381 
0.169065 
0.472099 
0.571405 
0.603253 
0.879741 
0.810485 
0.815348 
0.554567 
0.605419 
0.283245 
0.494414 
0.610558 
0.650344 
0.338613 
0.071899 
0.398872 
0.844817 
0.838785 
0.462556 
0.183616 
0.037162 
0.577036 
0.242544 
0.430648 
0.895594 
0.241914 
0.851095 
0.349724 
0.812661 
0.399813 
0.655233 
0.506889 
0.287373 
0.871671 
0.173518 
0.320419 
0.282855 
0.951835 
0.491955 
0.291570 
0.422430 
0.775508 
0.963714 
0.145179 
0.016884 
0.763355 
0.702168 
0.339451 
0.150144 
0.466015 
0.321698 
0.786392 
0.890093 
0.785085 
0.927790 
0.364762 
0.561883 
0.575110 
0.869628 
0.839150 
0.596919 
0.422727 
0.777935 
0.760988 
0.932598 
0.173606 
0.795095 
0.159049 
0.129064 
0.184413 
0.425512 
0.588154 
0.110274 
0.369125 
0.891152 
0.591108 
0.758804 
0.212659 
0.153827 
0.365498 
0.921137 
0.550927 
0.437937 
0.413131 
0.495663 
0.609552 
0.742014 
0.023437 
0.910063 
0.435711 
0.989327 
0.624907 
0.815303 
0.804488 
0.023804 
0.069166 
0.465770 
0.198525 
0.601927 
