0.000001 
0.014784 
0.474882 
0.338454 
0.390099 
0.397311 
0.613903 
0.867280 
0.375450 
0.190911 
0.634880 
0.435424 
0.177527 
0.693539 
0.306717 
0.989029 
0.603665 
0.801187 
0.541874 
0.272164 
0.264987 
0.631006 
0.313654 
0.576878 
0.594539 
0.409256 
0.368461 
0.721679 
0.252920 
0.822785 
0.549033 
0.596049 
0.792097 
0.773705 
0.660466 
0.458680 
0.034453 
0.054255 
0.859408 
0.069621 
0.124749 
0.656455 
0.037491 
0.105497 
0.089172 
0.718588 
0.303633 
0.157982 
0.211766 
0.149127 
0.381145 
0.908635 
0.435304 
0.155905 
0.299021 
0.651546 
0.532102 
0.031337 
0.672725 
0.494104 
0.406015 
0.889691 
0.043748 
0.275519 
0.653226 
0.766950 
0.121958 
0.746974 
0.394438 
0.326668 
0.312003 
0.835702 
0.644518 
0.407521 
0.201148 
0.692827 
0.338163 
0.511133 
0.608645 
0.500441 
0.916389 
0.746880 
0.815195 
0.974088 
0.492064 
0.118832 
0.207516 
0.728108 
0.303265 
0.975933 
0.512912 
0.505125 
0.641939 
0.067804 
0.574024 
0.613557 
0.059167 
0.420576 
0.613598 
0.740327 
0.680429 
0.967210 
0.895909 
0.544170 
0.861033 
0.377037 
0.855938 
0.744418 
0.438542 
0.575750 
0.628945 
0.676476 
0.524818 
0.608889 
0.603102 
0.340311 
0.612828 
0.800850 
0.887612 
0.087129 
0.377098 
0.880746 
0.697011 
0.666246 
0.599974 
0.769313 
0.849211 
0.687999 
0.191510 
0.712372 
0.832185 
0.525361 
0.738858 
0.982928 
0.062998 
0.803975 
0.413162 
0.010810 
0.689843 
0.195531 
0.292421 
0.715164 
0.767273 
0.560056 
0.858301 
0.463328 
0.160284 
0.897548 
0.093608 
0.266782 
0.803984 
0.553669 
0.508721 
0.072193 
0.341350 
0.062634 
0.689437 
0.359268 
0.218318 
0.266675 
0.004889 
0.173081 
0.979676 
0.414467 
0.939882 
0.600718 
0.261240 
0.653613 
0.277730 
0.802528 
0.081324 
0.815136 
0.989773 
0.115987 
0.393065 
0.239075 
0.125425 
0.025360 
0.221597 
0.376336 
0.075460 
0.251109 
0.395020 
0.096325 
0.932942 
0.959398 
0.604198 
0.749982 
0.953441 
0.487247 
0.164230 
0.214539 
0.750648 
0.143772 
0.373641 
0.788432 
0.180766 
0.133114 
0.243404 
0.894976 
0.853364 
0.484945 
0.468359 
0.717849 
0.889751 
0.048404 
0.518308 
0.197225 
0.767084 
0.386690 
0.099805 
0.417733 
0.832643 
0.233028 
0.493368 
0.039201 
0.848370 
0.560698 
0.645511 
0.101331 
0.065551 
0.712780 
0.701209 
0.216645 
0.151226 
0.654764 
0.613628 
0.245754 
0.390787 
0.958917 
0.521429 
0.652362 
0.245286 
0.518352 
0.939353 
0.706307 
0.905762 
0.139914 
0.538253 
0.418528 
0.191715 
0.161281 
0.641588 
0.167535 
0.761694 
0.783576 
0.559310 
0.331359 
0.158862 
0.992342 
0.285841 
0.124035 
0.660431 
0.861958 
0.935796 
0.926464 
0.080099 
0.231605 
0.581587 
0.739692 
0.997153 
0.151034 
0.429321 
0.602689 
0.402345 
0.205168 
0.261199 
0.966763 
0.389904 
0.123846 
0.487096 
0.629613 
0.912622 
0.433423 
0.546648 
0.507202 
0.542185 
0.499537 
0.721368 
0.026596 
0.992468 
0.404556 
0.376352 
0.355229 
0.332422 
0.018472 
0.462591 
0.763378 
0.093432 
0.308093 
0.127016 
0.762061 
0.954198 
0.212994 
0.791591 
0.268876 
0.993007 
0.466709 
0.981243 
0.757799 
0.320176 
0.202672 
0.304440 
0.724493 
0.549094 
0.616412 
0.031226 
0.817586 
0.171416 
0.987258 
0.838371 
0.496094 
0.846870 
0.338532 
0.711057 
0.739808 
0.946999 
0.212496 
0.428082 
0.779257 
0.966339 
0.258932 
0.862793 
0.964594 
0.937862 
0.642555 
0.427678 
0.985718 
0.957021 
0.659896 
0.871479 
0.953969 
0.357435 
0.410253 
0.129765 
0.967967 
0.613172 
0.584568 
0.839200 
0.442652 
0.659190 
0.000262 
0.411544 
0.825807 
0.341199 
0.530412 
0.638083 
0.257272 
0.968134 
0.427010 
0.760153 
0.887505 
0.300533 
0.062358 
0.053401 
0.503546 
0.094057 
0.815879 
0.471369 
0.290509 
0.583771 
0.431918 
0.241624 
0.982185 
0.587116 
0.652039 
0.814341 
0.632563 
0.493728 
0.078912 
0.269472 
0.010705 
0.914768 
0.504416 
0.716110 
0.654693 
0.428457 
0.083882 
0.810031 
0.193490 
0.980366 
0.005899 
0.137919 
0.997682 
0.046728 
0.356996 
0.035661 
0.360443 
0.962995 
0.060114 
0.335936 
0.071903 
0.476909 
0.408103 
0.979453 
0.663022 
0.405740 
0.279209 
0.658904 
0.202636 
0.695110 
0.718459 
0.141129 
0.951741 
0.905190 
0.531175 
0.465776 
0.295861 
0.537398 
0.045987 
0.909125 
0.657468 
0.073070 
0.093570 
0.637941 
0.874244 
0.421636 
0.429271 
0.757434 
0.189687 
0.074766 
0.588301 
0.572355 
0.578822 
0.258251 
0.418810 
0.938487 
0.145167 
0.825552 
0.059048 
0.418856 
0.719676 
0.589491 
0.570787 
0.221966 
0.580659 
0.130859 
0.347858 
0.452502 
0.192714 
0.952067 
0.390724 
0.893036 
0.258524 
0.007927 
0.225169 
0.415521 
0.668808 
0.652980 
0.641107 
0.083107 
0.778062 
0.887092 
0.356587 
0.159828 
0.231283 
0.173997 
0.362663 
0.277809 
0.135632 
0.570468 
0.847692 
0.159994 
0.023372 
0.806068 
0.583777 
0.546973 
0.978648 
0.136027 
0.202705 
0.863196 
0.733339 
0.235466 
0.483930 
0.415374 
0.189735 
0.874746 
0.854854 
0.525969 
0.960707 
0.594190 
0.551000 
0.650978 
0.981067 
0.786971 
0.628099 
0.467209 
0.383563 
0.543309 
0.393637 
0.856454 
0.415621 
0.336302 
0.225660 
0.666659 
0.538865 
0.698432 
0.550290 
0.729562 
0.755269 
0.802807 
0.777099 
0.698795 
0.649458 
0.443240 
0.538909 
0.437116 
0.612886 
0.782292 
0.989320 
0.505743 
0.020941 
0.957852 
0.616895 
0.155209 
0.593199 
0.897198 
0.207748 
0.615520 
0.043400 
0.428705 
0.243989 
0.721319 
0.202502 
0.457990 
0.430945 
0.893411 
0.563431 
0.586979 
0.361519 
0.044499 
0.889733 
0.735568 
0.689840 
0.141287 
0.604011 
0.614676 
0.863209 
0.950333 
0.252180 
0.397093 
0.948932 
0.694159 
0.737146 
0.213883 
0.729109 
0.132855 
0.889423 
0.529600 
0.989310 
0.326253 
0.333308 
0.905393 
0.934770 
0.671386 
0.983220 
0.975970 
0.124331 
0.631748 
0.796525 
0.192060 
0.948912 
0.362071 
0.325720 
0.368851 
0.286711 
0.753437 
0.013229 
0.332445 
0.401643 
0.421160 
0.444347 
0.145241 
0.059270 
0.149820 
0.019426 
0.491872 
0.885727 
0.421083 
0.147087 
0.099167 
0.699089 
0.597203 
0.185989 
0.911942 
0.005367 
0.199939 
0.371338 
0.078200 
0.312235 
0.736451 
0.525044 
0.411761 
0.472050 
0.744393 
0.005180 
0.065345 
0.251044 
0.301371 
0.137348 
0.400824 
0.648613 
0.243209 
0.612244 
0.985816 
0.610577 
0.963775 
0.163953 
0.553842 
0.419355 
0.107141 
0.716279 
0.505346 
0.357797 
0.499623 
0.158133 
0.733743 
0.017516 
0.395775 
0.785797 
0.882655 
0.783067 
0.003195 
0.696774 
0.685215 
0.404817 
0.765678 
0.745256 
0.510111 
0.441160 
0.574487 
0.395520 
0.501900 
0.438172 
0.364673 
0.056434 
0.492334 
0.652272 
0.734374 
0.622200 
0.309482 
0.463739 
0.059511 
0.193157 
0.386914 
0.869477 
0.303383 
0.958948 
0.031520 
0.759242 
0.577765 
0.499350 
0.576819 
0.590235 
0.085668 
0.826701 
0.360800 
0.962713 
0.323118 
0.642746 
0.638986 
0.439411 
0.177219 
0.523377 
0.391567 
0.068344 
0.657316 
0.502014 
0.351712 
0.222336 
0.802106 
0.990939 
0.709052 
0.036472 
0.983819 
0.053892 
0.755670 
0.537875 
0.067601 
0.170469 
0.065636 
0.149835 
0.275254 
0.199090 
0.112499 
0.776596 
0.242544 
0.437050 
0.493504 
0.327068 
0.026903 
0.153324 
0.921276 
0.882309 
0.966572 
0.171349 
0.866162 
0.576370 
0.056111 
0.050072 
0.562842 
0.683453 
0.786713 
0.291766 
0.719546 
0.409510 
0.640665 
0.648706 
0.796962 
0.546249 
0.799221 
0.503967 
0.177884 
0.693296 
0.227410 
0.073866 
0.463999 
0.427525 
0.405786 
0.051311 
0.387856 
0.690091 
0.365225 
0.337499 
0.340697 
0.091309 
0.624968 
0.838797 
0.658732 
0.309814 
0.040168 
0.101243 
0.586117 
0.861612 
0.115944 
0.664907 
0.094803 
0.361854 
0.675736 
0.090595 
0.632599 
0.091412 
0.356717 
0.336717 
0.203979 
0.283155 
0.979557 
0.419361 
0.195391 
0.936378 
0.710960 
0.096685 
0.982992 
0.141918 
0.208835 
0.896064 
0.142047 
0.382891 
0.252081 
0.722078 
0.968438 
0.531893 
0.518612 
0.304197 
0.646133 
0.550003 
0.904989 
0.154230 
0.146335 
0.444624 
0.802525 
0.040087 
0.742530 
0.705330 
0.488442 
0.242491 
0.543122 
0.247343 
0.087167 
0.008834 
0.479467 
0.403013 
0.446245 
0.038611 
0.935875 
0.243587 
0.969079 
0.318093 
0.188239 
0.736377 
0.295498 
0.430631 
0.609117 
0.432717 
0.673881 
0.920295 
0.400703 
0.617757 
0.634101 
0.342793 
0.321733 
0.372908 
0.463474 
0.603536 
0.627326 
0.474301 
0.582266 
0.145693 
0.670375 
0.991100 
0.417234 
0.451916 
0.360275 
0.134991 
0.801133 
0.641998 
0.057284 
0.765041 
0.038837 
0.736696 
0.649634 
0.404566 
0.544111 
0.867718 
0.732503 
0.184050 
0.328325 
0.153537 
0.494780 
0.773300 
0.845475 
0.904285 
0.321229 
0.902929 
0.533785 
0.322065 
0.943154 
0.590353 
0.068291 
0.768420 
0.834650 
0.966033 
0.116303 
0.697582 
0.263433 
0.522676 
0.618524 
0.535934 
0.438849 
0.740214 
0.784585 
0.516486 
0.573871 
0.053513 
0.390976 
0.141659 
0.862195 
0.913134 
0.035785 
0.438023 
0.852698 
0.293339 
0.141306 
0.929979 
0.163552 
0.824878 
0.728328 
0.007619 
0.047204 
0.357197 
0.409617 
0.432449 
0.172999 
0.590636 
0.824751 
0.596088 
0.458004 
0.666409 
0.339305 
0.705155 
0.534848 
0.196623 
0.650579 
0.274056 
0.059440 
0.001506 
0.311754 
0.647514 
0.775646 
0.286612 
0.086851 
0.698932 
0.957110 
0.149301 
0.301790 
0.180415 
0.229441 
0.212136 
0.376679 
0.840700 
0.641981 
0.766377 
0.505455 
0.189011 
0.711292 
0.691420 
0.691610 
0.895726 
0.466192 
0.285098 
0.649108 
0.556104 
0.446987 
0.512865 
0.727951 
0.676501 
0.948099 
0.698623 
0.761348 
0.974046 
0.796096 
0.989483 
0.248635 
0.806476 
0.443911 
0.811330 
0.023370 
0.781313 
0.529754 
0.567339 
0.268281 
0.993255 
0.634799 
0.061075 
0.484240 
0.620935 
0.050300 
0.398303 
0.275750 
0.531356 
0.503268 
0.426817 
0.518995 
0.748688 
0.201637 
0.907274 
0.559069 
0.278834 
0.366010 
0.534088 
0.412930 
0.117434 
0.717913 
0.971504 
0.069943 
0.530336 
0.359810 
0.321872 
0.706465 
0.559613 
0.420033 
0.502561 
0.550412 
0.767017 
0.250732 
0.047545 
0.083243 
0.059245 
0.732353 
0.662269 
0.748380 
0.029041 
0.083873 
0.645130 
0.692293 
0.376227 
0.247619 
0.732226 
0.527626 
0.816664 
0.677412 
0.260390 
0.381125 
0.574222 
0.957155 
0.896093 
0.637534 
0.040259 
0.625029 
0.861930 
0.462238 
0.837979 
0.913264 
0.229422 
0.901586 
0.957245 
0.421515 
0.404746 
0.562397 
0.204942 
0.458640 
0.359327 
0.210036 
0.077499 
0.533291 
0.024548 
0.580165 
0.827762 
0.198426 
0.943316 
0.305305 
0.263922 
0.743479 
0.648114 
0.855157 
0.620121 
0.380858 
0.075985 
0.087268 
0.714740 
0.639611 
0.939487 
0.956850 
0.780583 
0.250759 
0.511539 
0.432551 
0.876377 
0.264075 
0.300706 
0.962701 
0.116157 
0.257477 
0.411846 
0.895322 
0.680393 
0.366653 
0.343736 
0.169771 
0.343160 
0.483074 
0.022775 
0.775793 
0.754493 
0.766048 
0.969575 
0.644559 
0.109507 
0.483055 
0.712201 
0.961746 
0.068492 
0.152863 
0.167293 
0.687168 
0.238002 
0.094496 
0.192928 
0.543557 
0.555551 
0.152970 
0.969463 
0.762106 
0.719938 
0.001724 
0.971920 
0.056433 
0.472283 
0.652459 
0.873538 
0.560562 
0.359820 
0.490304 
0.531204 
0.941752 
0.029523 
0.186278 
0.771061 
0.214202 
0.098303 
0.185495 
0.609056 
0.407455 
0.092097 
0.867482 
0.774771 
0.576888 
0.761733 
0.451024 
0.364959 
0.864447 
0.759413 
0.447883 
0.563169 
0.182995 
0.601215 
0.618041 
0.415348 
0.750636 
0.947142 
0.618252 
0.960317 
0.054851 
0.889041 
0.112807 
0.946038 
0.056217 
0.842045 
0.244042 
0.611654 
0.072819 
0.875048 
0.928603 
0.027107 
0.579427 
0.429565 
0.690574 
0.482923 
0.488268 
0.315405 
0.015743 
0.590026 
0.561877 
0.463741 
0.086903 
0.575415 
0.005542 
0.144939 
0.988714 
0.316100 
0.687677 
0.785751 
0.115186 
0.924486 
0.834090 
0.547538 
0.464380 
0.829088 
0.476522 
0.913390 
0.345962 
0.586398 
0.593764 
0.387242 
0.378130 
0.227870 
0.809817 
0.596076 
0.241432 
0.752736 
0.228830 
0.938704 
0.799855 
0.158019 
0.831959 
0.729611 
0.569297 
0.179690 
0.042266 
0.357667 
0.302589 
0.607169 
0.696486 
0.835182 
0.911354 
0.125092 
0.423902 
0.522018 
0.557556 
0.837640 
0.215018 
0.802018 
0.511786 
0.593244 
0.652998 
0.943486 
0.177090 
0.345290 
0.293589 
0.351572 
0.866951 
0.847075 
0.791198 
0.658599 
0.072537 
0.121898 
0.741419 
0.024804 
0.888057 
0.567103 
0.302738 
0.111381 
0.974096 
0.625731 
0.652716 
0.190814 
0.013711 
0.434913 
0.579877 
0.987912 
0.835625 
0.345254 
0.687773 
0.406005 
0.725776 
0.116313 
0.877651 
0.684863 
0.489929 
0.240759 
0.444532 
0.251808 
0.142744 
0.103990 
0.768191 
0.988021 
0.669312 
0.122865 
0.992342 
0.297314 
0.958433 
0.377833 
0.243052 
0.972566 
0.920631 
0.047507 
0.447280 
0.430118 
0.999477 
0.211199 
0.615436 
0.624519 
0.285404 
0.777102 
0.745652 
0.166196 
0.252304 
0.477248 
0.114567 
0.521535 
0.438410 
0.352380 
0.453325 
0.027309 
0.984790 
0.362715 
0.144736 
0.576425 
0.972007 
0.522805 
0.786882 
0.132441 
0.938206 
0.428465 
0.209848 
0.910731 
0.661150 
0.954239 
0.894585 
0.286023 
0.180780 
0.374346 
0.632648 
0.917822 
0.826380 
0.969504 
0.447360 
0.774055 
0.536919 
0.001521 
0.557439 
0.881760 
0.737921 
0.231553 
0.715967 
0.265710 
0.781702 
0.070493 
0.774562 
0.059804 
0.126657 
0.730888 
0.040824 
0.128394 
0.909628 
0.114847 
0.226920 
0.850473 
0.895401 
0.002940 
0.411321 
0.064712 
0.620964 
0.547541 
0.520135 
0.904290 
0.408838 
0.336930 
0.779762 
0.451642 
0.739610 
0.619485 
0.685725 
0.980061 
0.878617 
0.918310 
0.038558 
0.044451 
0.089518 
0.522881 
0.068067 
0.999898 
0.285055 
0.913711 
0.739379 
0.748492 
0.911869 
0.787255 
0.395517 
0.447781 
0.854367 
0.353870 
0.490772 
0.406887 
0.549498 
0.420853 
0.272683 
0.974836 
0.062363 
0.142645 
0.428944 
0.261546 
0.803333 
0.616177 
0.082111 
0.033529 
0.526284 
0.258540 
0.285278 
0.661305 
0.556929 
0.312183 
0.858340 
0.116752 
0.250216 
0.385898 
0.793122 
0.003433 
0.706450 
0.308676 
0.923932 
0.529116 
0.851232 
0.651084 
0.762340 
0.656015 
0.643826 
0.778585 
0.674031 
0.435158 
0.701243 
0.787148 
0.598293 
0.504725 
0.914995 
0.313525 
0.420674 
0.276216 
0.364965 
0.963865 
0.683935 
0.902290 
0.795795 
0.925212 
0.039759 
0.225801 
0.033846 
0.852880 
0.350999 
0.245142 
0.106492 
0.807643 
0.058561 
0.235957 
0.727594 
0.666843 
0.632104 
0.773053 
0.708597 
0.397153 
0.948813 
0.698897 
0.361899 
0.437437 
0.005826 
0.920582 
0.215501 
0.928098 
0.539526 
0.821253 
0.791724 
0.502255 
0.405458 
0.535083 
0.134790 
0.413270 
0.827342 
0.136622 
0.213234 
0.822641 
0.122037 
0.070257 
0.803658 
0.074545 
0.876309 
0.120204 
0.263742 
0.711230 
0.647476 
0.129126 
0.213009 
0.042395 
0.528834 
0.121162 
0.368837 
0.040134 
0.523884 
0.911947 
0.101389 
0.037062 
0.893036 
0.256669 
0.833471 
0.146708 
0.715440 
0.402973 
0.759653 
0.491533 
0.192169 
0.784814 
0.364876 
0.466595 
0.058148 
0.292496 
0.980407 
0.692256 
0.738863 
0.073228 
0.745997 
0.978183 
0.318384 
0.079196 
0.040935 
0.996313 
0.033524 
0.437095 
0.253907 
0.407026 
0.884402 
0.141492 
0.053296 
0.737893 
0.774439 
0.988375 
0.625656 
0.403447 
0.734457 
0.025366 
0.324905 
0.675139 
0.065713 
0.432851 
0.922554 
0.357584 
0.921876 
0.973661 
0.316755 
0.696209 
0.180864 
0.783359 
0.906799 
0.566398 
0.444231 
0.186324 
0.545511 
0.404490 
0.267356 
0.450649 
0.058267 
0.294779 
0.345049 
0.246675 
0.871314 
0.177713 
0.826309 
0.778706 
0.709818 
0.913072 
0.002047 
0.400814 
0.479321 
0.949314 
0.113520 
0.924812 
0.322464 
0.657615 
0.541859 
0.031151 
0.558801 
0.765109 
0.182841 
0.009802 
0.746396 
0.670300 
0.729505 
0.788861 
0.385189 
0.876309 
0.121855 
0.018215 
0.143953 
0.422654 
0.543013 
0.413397 
0.968809 
0.769290 
0.452704 
0.589038 
0.959072 
0.120738 
0.245636 
0.396104 
0.317467 
0.659777 
0.869189 
0.457788 
0.047410 
0.819152 
0.492513 
0.668696 
0.765604 
0.514269 
0.326028 
0.546848 
0.871187 
0.035049 
0.068360 
0.931622 
0.769951 
0.562650 
0.450810 
0.761010 
0.291460 
0.575806 
0.565933 
0.643548 
0.105201 
0.119983 
0.562300 
0.572017 
0.888370 
0.842483 
0.611911 
0.390017 
0.012819 
0.447643 
0.530178 
0.708463 
0.133845 
0.535860 
0.195771 
0.330248 
0.480050 
0.198732 
0.088019 
0.328030 
0.200494 
0.700949 
0.855463 
0.771085 
0.633813 
0.496815 
0.964844 
0.135879 
0.722889 
0.588872 
0.164581 
0.106566 
0.053687 
0.321349 
0.914909 
0.873747 
0.071479 
0.343119 
0.793446 
0.439035 
0.857223 
0.339469 
0.448156 
0.161912 
0.261157 
0.266115 
0.600959 
0.312982 
0.292686 
0.175451 
0.810425 
0.811201 
0.861735 
0.175766 
0.095369 
0.859552 
0.490075 
0.684950 
0.958845 
0.305140 
0.496244 
0.377769 
0.160000 
0.115754 
0.478119 
0.749001 
0.453130 
0.763118 
0.730262 
0.517355 
0.182314 
0.148114 
0.350410 
0.342453 
0.606230 
0.904680 
0.963939 
0.915994 
0.107051 
0.208036 
0.463580 
0.389341 
0.656749 
0.985509 
0.452068 
0.908392 
0.339593 
0.537539 
0.410600 
0.947207 
0.715885 
0.872029 
0.190079 
0.652743 
0.652320 
0.534002 
0.969552 
0.260856 
0.206368 
0.420924 
0.472183 
0.982398 
0.156464 
0.696464 
0.466819 
0.822279 
0.049392 
0.138143 
0.766455 
0.805533 
0.588689 
0.089389 
0.358084 
0.321253 
0.300963 
0.282614 
0.897541 
0.971563 
0.066514 
0.894589 
0.363511 
0.536421 
0.622641 
0.727604 
0.846239 
0.741284 
0.758249 
0.886921 
0.487769 
0.931282 
0.055590 
0.298939 
0.269652 
0.036387 
0.555202 
0.277582 
0.315761 
0.001444 
0.268851 
0.579555 
0.588437 
0.863282 
0.188629 
0.292558 
0.026776 
0.031455 
0.659230 
0.678566 
0.660105 
0.383476 
0.089483 
0.934111 
0.611803 
0.567115 
0.494280 
0.367208 
0.658751 
0.629059 
0.598084 
0.997940 
0.383648 
0.969993 
0.680113 
0.661847 
0.665469 
0.541544 
0.733654 
0.523838 
0.145832 
0.998845 
0.587677 
0.090272 
0.204566 
0.137681 
0.996271 
0.327171 
0.757102 
0.606762 
0.856669 
0.042924 
0.418048 
0.135548 
0.160602 
0.235923 
0.150438 
0.412656 
0.517619 
0.619075 
0.788674 
0.251957 
0.643590 
0.820352 
0.648451 
0.509826 
0.645122 
0.560223 
0.676052 
0.407807 
0.011250 
0.080495 
0.880395 
0.799513 
0.418293 
0.254277 
0.631603 
0.359597 
0.744815 
0.097319 
0.635893 
0.459938 
0.171168 
0.816382 
0.931087 
0.774158 
0.266664 
0.825767 
0.667724 
0.440667 
0.288897 
0.496120 
0.281820 
0.551108 
0.476838 
0.220889 
0.486218 
0.869277 
0.932628 
0.685897 
0.864093 
0.816623 
0.990750 
0.529472 
0.836972 
0.987598 
0.558046 
0.073962 
0.084042 
0.486595 
0.196270 
0.711319 
0.140466 
0.803743 
0.506692 
0.976161 
0.338112 
0.651383 
0.788004 
0.988982 
0.823447 
0.667549 
0.491699 
0.981863 
0.166322 
0.370762 
0.388819 
0.874389 
0.856544 
0.939767 
0.662854 
0.584131 
0.486600 
0.294514 
0.905174 
0.254075 
0.238849 
0.333823 
0.570827 
0.889180 
0.440173 
0.995787 
0.188905 
0.925025 
0.901267 
0.599689 
0.965566 
0.270227 
0.697288 
0.327037 
0.509721 
0.873208 
0.010375 
0.364291 
0.641989 
0.910398 
0.063833 
0.838150 
0.791020 
0.674123 
0.978557 
0.610754 
0.934712 
0.697559 
0.867779 
0.761334 
0.747066 
0.937165 
0.923929 
0.477509 
0.491057 
0.189589 
0.423371 
0.588851 
0.826951 
0.566385 
0.240088 
0.154658 
0.336287 
0.974449 
0.566735 
0.119233 
0.946498 
0.787504 
0.577600 
0.717178 
0.603125 
0.721064 
0.926221 
0.999775 
0.216530 
0.213229 
0.741513 
0.601325 
0.465487 
0.436390 
0.409362 
0.145383 
0.455712 
0.152087 
0.124687 
0.620917 
0.746590 
0.942896 
0.255617 
0.154337 
0.937853 
0.496633 
0.905618 
0.724485 
0.425312 
0.214754 
0.377450 
0.807100 
0.924789 
0.928767 
0.780721 
0.571732 
0.094915 
0.235690 
0.242200 
0.650467 
0.399085 
0.419996 
0.878862 
0.040999 
0.067680 
0.504418 
0.760861 
0.787766 
0.979690 
0.645337 
0.173095 
0.202117 
0.981481 
0.754350 
0.354767 
0.571661 
0.911607 
0.379812 
0.495510 
0.043771 
0.656624 
0.885819 
0.968114 
0.090132 
0.847600 
0.612017 
0.164255 
0.629391 
0.174184 
0.515085 
0.041184 
0.181386 
0.550356 
0.827085 
0.825451 
0.359560 
0.119699 
0.779566 
0.171994 
0.697950 
0.453614 
0.889292 
0.336456 
0.812627 
0.824841 
0.100090 
0.206289 
0.096781 
0.593807 
0.117935 
0.140644 
0.807566 
0.762084 
0.343662 
0.927945 
0.979239 
0.075391 
0.089042 
0.532698 
0.062480 
0.102704 
0.147220 
0.325252 
0.518322 
0.441416 
0.877612 
0.028348 
0.442571 
0.288307 
0.578216 
0.072098 
0.751399 
0.766359 
0.201417 
0.209017 
0.955736 
0.051095 
0.749971 
0.769255 
0.876941 
0.748578 
0.342334 
0.606483 
0.158281 
0.225643 
0.386185 
0.619151 
0.070501 
0.905513 
0.950075 
0.914908 
0.864896 
0.302240 
0.753499 
0.060146 
0.879289 
0.214383 
0.132008 
0.652161 
0.877677 
0.123492 
0.525266 
0.141042 
0.491176 
0.191629 
0.710342 
0.719506 
0.741248 
0.155086 
0.532665 
0.496798 
0.682915 
0.750137 
0.552367 
0.635169 
0.290387 
0.539797 
0.365477 
0.577653 
0.620481 
0.431557 
0.176141 
0.407148 
0.928783 
0.047897 
0.008743 
0.949404 
0.633894 
0.850150 
0.479170 
0.408193 
0.503701 
0.699565 
0.587080 
0.061602 
0.340528 
0.255846 
0.010475 
0.052987 
0.550537 
0.870768 
0.002798 
0.024967 
0.614654 
0.490963 
0.618516 
0.396241 
0.620869 
0.940819 
0.338380 
0.154065 
0.371354 
0.354158 
0.334645 
0.380111 
0.528695 
0.784552 
0.972960 
0.537560 
0.775097 
0.056615 
0.522555 
0.584623 
0.758627 
0.238928 
0.661230 
0.300461 
0.841061 
0.713099 
0.048623 
0.199620 
0.021248 
0.109301 
0.025193 
0.423568 
0.907083 
0.349906 
0.866495 
0.181671 
0.340743 
0.871066 
0.997876 
0.308258 
0.888676 
0.975212 
0.381820 
0.250445 
0.235588 
0.521118 
0.438552 
0.743892 
0.586785 
0.101218 
0.164252 
