0.000001 
0.013375 
0.798080 
0.329496 
0.833075 
0.499209 
0.201249 
0.399249 
0.179801 
0.917558 
0.390159 
0.405050 
0.682580 
0.119777 
0.083737 
0.365934 
0.257630 
0.994297 
0.156200 
0.257347 
0.233384 
0.483530 
0.694565 
0.561083 
0.115969 
0.099216 
0.521281 
0.167998 
0.547507 
0.942901 
0.334726 
0.738299 
0.596450 
0.532166 
0.116854 
0.963941 
0.952292 
0.179313 
0.705520 
0.682892 
0.363788 
0.189455 
0.178439 
0.026625 
0.485122 
0.445244 
0.220174 
0.463733 
0.964483 
0.061333 
0.827092 
0.939575 
0.443586 
0.356507 
0.815790 
0.983850 
0.560806 
0.458208 
0.094594 
0.836646 
0.504436 
0.052135 
0.229627 
0.342966 
0.227296 
0.171369 
0.206155 
0.840963 
0.062517 
0.729103 
0.037170 
0.708425 
0.498931 
0.532797 
0.714008 
0.338296 
0.737915 
0.134741 
0.593528 
0.427874 
0.279570 
0.739766 
0.249427 
0.117901 
0.570110 
0.834348 
0.889701 
0.207695 
0.729105 
0.073515 
0.569913 
0.530047 
0.504009 
0.885059 
0.184757 
0.213113 
0.782486 
0.246037 
0.141683 
0.263218 
0.909398 
0.252494 
0.670783 
0.845943 
0.762046 
0.707441 
0.958072 
0.311387 
0.488866 
0.374779 
0.902523 
0.711539 
0.832140 
0.783797 
0.270356 
0.867439 
0.045698 
0.042696 
0.592339 
0.439335 
0.900191 
0.502485 
0.271145 
0.126318 
0.027187 
0.931581 
0.081684 
0.866485 
0.007565 
0.151108 
0.675068 
0.867042 
0.368294 
0.922617 
0.420679 
0.357329 
0.622601 
0.057425 
0.133903 
0.501939 
0.088802 
0.495615 
0.793684 
0.453751 
0.191020 
0.468411 
0.582279 
0.369989 
0.411845 
0.884029 
0.871365 
0.028173 
0.511596 
0.386648 
0.385054 
0.597693 
0.420988 
0.551079 
0.992644 
0.372550 
0.451750 
0.561565 
0.221951 
0.337916 
0.354822 
0.493185 
0.960010 
0.884079 
0.713944 
0.254907 
0.224978 
0.201200 
0.573066 
0.524734 
0.197325 
0.447633 
0.364400 
0.475034 
0.901910 
0.408765 
0.120149 
0.336763 
0.980989 
0.486299 
0.231550 
0.663108 
0.859489 
0.423356 
0.347502 
0.464640 
0.209460 
0.387319 
0.678591 
0.072899 
0.212574 
0.736596 
0.976670 
0.886973 
0.350438 
0.815518 
0.407834 
0.468381 
0.071163 
0.031659 
0.095069 
0.819863 
0.441391 
0.460592 
0.168844 
0.768583 
0.574678 
0.608737 
0.050814 
0.026069 
0.138786 
0.571728 
0.032750 
0.431039 
0.469126 
0.592469 
0.628918 
0.227179 
0.203476 
0.818553 
0.416329 
0.238746 
0.603859 
0.063522 
0.621946 
0.039063 
0.527328 
0.793481 
0.041923 
0.607657 
0.884253 
0.643769 
0.820512 
0.344157 
0.254036 
0.586693 
0.553013 
0.490539 
0.490987 
0.011814 
0.564708 
0.055125 
0.485898 
0.490362 
0.510056 
0.504453 
0.342775 
0.016928 
0.502211 
0.658596 
0.015498 
0.474498 
0.889831 
0.382643 
0.080430 
0.792553 
0.441575 
0.545324 
0.261890 
0.583905 
0.689575 
0.684295 
0.938268 
0.473371 
0.951481 
0.532903 
0.498914 
0.240873 
0.354511 
0.259778 
0.087994 
0.916786 
0.415878 
0.663689 
0.625631 
0.983828 
0.204408 
0.490411 
0.339432 
0.826938 
0.349979 
0.088708 
0.911894 
0.201489 
0.427567 
0.126274 
0.288550 
0.658212 
0.562586 
0.384334 
0.501233 
0.221021 
0.698279 
0.972793 
0.732104 
0.476484 
0.261610 
0.878966 
0.775166 
0.210777 
0.531710 
0.457092 
0.352232 
0.956196 
0.791397 
0.017058 
0.699722 
0.233364 
0.144680 
0.634490 
0.873053 
0.399858 
0.408905 
0.464350 
0.324295 
0.420725 
0.125714 
0.871103 
0.632352 
0.945205 
0.056541 
0.282757 
0.288990 
0.052722 
0.095580 
0.404850 
0.318877 
0.362273 
0.716705 
0.667085 
0.693896 
0.306646 
0.803553 
0.311820 
0.751823 
0.889091 
0.953179 
0.079115 
0.688899 
0.317260 
0.191693 
0.792205 
0.582575 
0.331751 
0.738772 
0.546194 
0.882002 
0.801348 
0.256544 
0.732435 
0.038254 
0.933065 
0.023157 
0.198166 
0.584208 
0.782679 
0.478382 
0.168950 
0.550522 
0.624433 
0.850916 
0.347451 
0.601752 
0.642166 
0.878126 
0.666946 
0.353905 
0.086445 
0.879480 
0.426176 
0.741044 
0.719889 
0.177466 
0.675148 
0.215110 
0.357689 
0.672549 
0.529953 
0.915671 
0.685569 
0.351434 
0.544789 
0.269955 
0.136049 
0.577956 
0.705524 
0.741723 
0.133342 
0.074662 
0.851481 
0.837949 
0.401326 
0.079624 
0.246251 
0.734816 
0.050982 
0.846450 
0.279961 
0.306082 
0.322141 
0.227618 
0.572143 
0.013770 
0.428071 
0.593654 
0.547693 
0.078716 
0.974915 
0.389559 
0.320758 
0.979482 
0.150918 
0.471453 
0.714994 
0.908128 
0.912216 
0.610786 
0.479834 
0.567578 
0.289681 
0.660323 
0.050686 
0.882411 
0.675538 
0.762768 
0.844316 
0.419177 
0.110072 
0.977999 
0.225238 
0.583028 
0.949892 
0.832524 
0.233187 
0.168515 
0.233642 
0.814760 
0.679591 
0.880465 
0.978728 
0.479908 
0.819383 
0.364281 
0.464792 
0.763337 
0.403733 
0.540513 
0.407998 
0.219185 
0.841401 
0.434699 
0.984787 
0.315702 
0.997243 
0.655254 
0.860665 
0.190010 
0.499050 
0.535432 
0.997852 
0.894955 
0.509622 
0.213752 
0.527003 
0.345405 
0.219917 
0.141981 
0.271719 
0.779996 
0.389644 
0.740007 
0.305059 
0.131255 
0.003677 
0.791361 
0.404895 
0.077009 
0.296272 
0.448661 
0.646714 
0.323417 
0.664067 
0.968481 
0.258078 
0.515360 
0.655228 
0.415923 
0.423661 
0.471011 
0.283035 
0.966819 
0.320233 
0.152261 
0.047351 
0.829445 
0.486900 
0.330861 
0.787222 
0.834961 
0.185243 
0.378771 
0.996821 
0.570160 
0.674125 
0.025907 
0.414372 
0.346911 
0.530857 
0.109565 
0.464412 
0.366994 
0.068702 
0.667184 
0.369529 
0.678625 
0.658640 
0.763715 
0.750120 
0.269843 
0.252555 
0.693861 
0.728685 
0.000974 
0.369986 
0.356881 
0.094143 
0.255187 
0.928297 
0.887287 
0.636282 
0.990714 
0.930786 
0.722330 
0.202871 
0.657554 
0.511369 
0.582124 
0.761633 
0.760889 
0.253458 
0.872698 
0.428823 
0.231895 
0.451045 
0.709945 
0.050148 
0.842015 
0.745698 
0.942994 
0.903929 
0.327898 
0.974761 
0.800917 
0.013490 
0.718718 
0.491933 
0.912774 
0.993484 
0.477914 
0.297329 
0.210888 
0.392265 
0.803930 
0.649872 
0.393408 
0.013980 
0.965465 
0.569290 
0.063640 
0.599943 
0.241949 
0.438432 
0.734573 
0.969671 
0.257613 
0.705332 
0.517986 
0.797641 
0.953213 
0.651591 
0.283488 
0.579763 
0.072893 
0.117320 
0.790177 
0.504293 
0.656217 
0.040392 
0.863261 
0.827810 
0.005912 
0.354607 
0.884423 
0.491284 
0.003199 
0.762164 
0.683435 
0.487284 
0.787530 
0.015524 
0.914113 
0.498928 
0.489196 
0.916991 
0.861046 
0.598030 
0.088461 
0.771901 
0.342317 
0.324233 
0.379489 
0.075304 
0.627828 
0.901501 
0.526405 
0.288473 
0.372926 
0.769328 
0.100297 
0.683318 
0.521457 
0.125904 
0.070695 
0.173977 
0.024235 
0.320774 
0.250290 
0.621463 
0.926812 
0.926859 
0.720077 
0.337981 
0.448596 
0.556767 
0.581813 
0.533266 
0.599208 
0.895992 
0.945317 
0.939706 
0.642264 
0.530406 
0.530165 
0.482711 
0.926346 
0.100341 
0.432716 
0.659285 
0.602320 
0.196777 
0.235260 
0.023204 
0.983910 
0.583524 
0.290211 
0.575677 
0.401285 
0.395952 
0.762767 
0.831896 
0.668707 
0.964426 
0.100239 
0.723633 
0.094799 
0.290086 
0.474218 
0.189791 
0.810889 
0.615845 
0.500978 
0.937586 
0.014526 
0.135113 
0.845702 
0.705310 
0.147259 
0.984155 
0.684706 
0.853492 
0.632219 
0.702066 
0.616468 
0.974546 
0.198729 
0.036505 
0.546308 
0.806263 
0.865781 
0.181507 
0.581721 
0.986149 
0.209248 
0.835901 
0.987238 
0.512215 
0.790311 
0.750673 
0.552934 
0.169205 
0.834677 
0.409663 
0.204286 
0.429665 
0.387511 
0.900762 
0.101042 
0.212959 
0.206460 
0.977683 
0.916698 
0.948246 
0.171506 
0.493192 
0.076490 
0.560980 
0.387954 
0.344821 
0.399772 
0.970770 
0.738089 
0.068315 
0.165733 
0.482003 
0.025820 
0.948900 
0.159157 
0.945486 
0.789663 
0.864741 
0.697272 
0.058405 
0.606680 
0.476129 
0.303246 
0.661634 
0.086878 
0.150991 
0.711291 
0.668316 
0.392060 
0.348815 
0.531002 
0.556214 
0.281590 
0.680397 
0.438343 
0.229875 
0.514522 
0.578368 
0.630969 
0.688922 
0.704478 
0.155300 
0.121126 
0.756502 
0.523589 
0.963475 
0.125626 
0.392733 
0.670323 
0.122263 
0.881221 
0.682678 
0.774529 
0.512897 
0.266022 
0.030973 
0.569605 
0.353843 
0.041687 
0.637066 
0.160506 
0.617633 
0.555833 
0.877765 
0.595240 
0.206326 
0.721881 
0.648484 
0.070624 
0.985331 
0.459585 
0.251255 
0.844204 
0.531746 
0.062470 
0.931682 
0.783473 
0.837752 
0.095639 
0.411744 
0.181473 
0.009394 
0.890778 
0.303247 
0.669054 
0.784701 
0.464837 
0.511616 
0.731657 
0.965368 
0.947111 
0.094754 
0.529206 
0.370455 
0.240367 
0.845064 
0.985023 
0.288883 
0.259998 
0.786752 
0.938538 
0.002358 
0.633337 
0.487567 
0.533205 
0.584121 
0.313333 
0.179423 
0.558946 
0.198804 
0.304980 
0.796397 
0.050069 
0.503213 
0.497045 
0.829764 
0.836411 
0.565964 
0.159470 
0.207734 
0.378428 
0.237646 
0.121074 
0.896892 
0.070628 
0.052912 
0.288386 
0.903212 
0.288093 
0.976841 
0.775044 
0.161943 
0.780304 
0.562216 
0.168796 
0.952183 
0.341845 
0.395158 
0.420952 
0.944465 
0.630223 
0.159632 
0.938675 
0.305760 
0.914378 
0.956758 
0.229482 
0.908065 
0.848338 
0.021555 
0.270361 
0.961895 
0.575263 
0.443330 
0.040781 
0.407123 
0.518610 
0.283958 
0.489412 
0.554640 
0.835748 
0.418154 
0.917879 
0.787247 
0.258367 
0.379582 
0.626701 
0.968958 
0.277704 
0.366106 
0.139644 
0.995554 
0.282467 
0.416527 
0.571958 
0.890141 
0.592219 
0.419881 
0.941640 
0.149989 
0.860304 
0.130514 
0.550420 
0.915170 
0.261061 
0.656294 
0.330240 
0.343049 
0.629751 
0.216854 
0.657471 
0.110003 
0.820393 
0.339456 
0.244217 
0.550229 
0.697671 
0.760978 
0.752286 
0.674505 
0.404077 
0.318659 
0.704682 
0.583719 
0.564600 
0.223942 
0.800380 
0.979496 
0.386789 
0.757312 
0.148195 
0.705804 
0.451217 
0.602744 
0.310477 
0.192415 
0.924760 
0.434821 
0.036298 
0.053032 
0.309139 
0.697035 
0.071073 
0.523604 
0.210209 
0.985935 
0.606121 
0.074382 
0.142190 
0.788529 
0.811249 
0.663593 
0.011388 
0.394259 
0.317468 
0.690151 
0.367345 
0.962044 
0.068572 
0.488801 
0.273115 
0.248851 
0.439571 
0.863620 
0.869157 
0.918411 
0.726127 
0.011557 
0.242721 
0.416228 
0.536401 
0.293409 
0.327471 
0.797150 
0.706184 
0.838873 
0.930830 
0.461899 
0.129237 
0.093686 
0.572886 
0.487758 
0.747863 
0.335987 
0.932608 
0.345160 
0.103411 
0.027711 
0.739956 
0.442257 
0.010877 
0.806142 
0.824867 
0.546341 
0.359431 
0.956647 
0.365679 
0.973045 
0.974489 
0.244538 
0.949375 
0.145426 
0.182179 
0.884196 
0.677509 
0.902112 
0.799869 
0.391449 
0.078028 
0.413951 
0.268132 
0.495313 
0.718957 
0.510390 
0.121634 
0.301770 
0.846800 
0.168146 
0.024067 
0.497505 
0.571671 
0.068745 
0.395522 
0.539169 
0.821120 
0.557217 
0.148363 
0.529918 
0.335917 
0.760836 
0.375981 
0.118967 
0.471309 
0.296404 
0.653921 
0.443893 
0.501868 
0.887689 
0.391268 
0.044887 
0.418005 
0.403094 
0.802085 
0.645029 
0.001892 
0.792442 
0.565289 
0.807532 
0.197552 
0.259928 
0.604845 
0.627923 
0.509022 
0.125014 
0.110442 
0.192723 
0.094358 
0.879250 
0.553399 
0.976572 
0.249070 
0.122136 
0.733689 
0.108225 
0.940935 
0.292648 
0.534378 
0.287123 
0.668050 
0.912129 
0.145815 
0.710498 
0.340949 
0.323387 
0.157755 
0.394353 
0.882969 
0.062375 
0.344338 
0.289282 
0.966304 
0.675883 
0.560652 
0.879302 
0.420334 
0.548903 
0.406215 
0.255899 
0.893344 
0.436254 
0.120118 
0.816200 
0.876549 
0.153899 
0.576675 
0.183079 
0.008169 
0.297753 
0.339724 
0.743502 
0.046179 
0.130137 
0.218019 
0.243868 
0.683215 
0.789403 
0.498010 
0.056840 
0.313281 
0.306923 
0.463248 
0.806275 
0.070973 
0.839236 
0.042058 
0.875308 
0.300679 
0.507848 
0.402986 
0.987361 
0.583479 
0.529018 
0.210402 
0.227648 
0.084121 
0.821257 
0.861433 
0.109334 
0.582063 
0.731808 
0.492573 
0.682743 
0.853739 
0.784656 
0.706321 
0.132265 
0.975041 
0.511883 
0.211995 
0.008333 
0.059092 
0.159826 
0.191306 
0.278975 
0.730677 
0.492935 
0.760584 
0.126944 
0.543792 
0.519020 
0.177331 
0.394755 
0.655166 
0.368145 
0.407660 
0.541686 
0.120673 
0.154608 
0.502286 
0.913131 
0.996786 
0.985225 
0.671377 
0.839731 
0.362162 
0.856354 
0.740230 
0.041994 
0.794338 
0.432918 
0.056352 
0.105415 
0.709297 
0.159622 
0.773671 
0.094573 
0.487371 
0.236027 
0.897816 
0.591540 
0.006695 
0.516729 
0.664237 
0.831570 
0.200963 
0.587957 
0.798389 
0.523317 
0.386959 
0.614782 
0.646948 
0.253780 
0.283583 
0.183261 
0.061079 
0.558152 
0.863806 
0.986963 
0.890149 
0.729540 
0.381912 
0.792624 
0.625203 
0.794252 
0.988397 
0.995256 
0.275492 
0.195798 
0.777846 
0.257692 
0.022714 
0.747713 
0.819105 
0.695319 
0.229595 
0.807486 
0.411832 
0.655225 
0.364128 
0.906579 
0.874989 
0.936462 
0.113241 
0.248338 
0.810991 
0.320655 
0.245831 
0.689315 
0.314113 
0.289671 
0.506300 
0.387016 
0.569670 
0.440941 
0.903536 
0.727529 
0.581130 
0.052444 
0.424732 
0.469046 
0.262143 
0.835690 
0.434513 
0.854051 
0.043537 
0.733837 
0.594882 
0.179286 
0.260458 
0.523494 
0.355931 
0.132403 
0.303949 
0.474576 
0.198932 
0.445390 
0.671463 
0.282820 
0.351842 
0.410503 
0.320755 
0.927366 
0.240786 
0.895613 
0.563766 
0.211094 
0.862994 
0.340687 
0.919684 
0.132812 
0.169686 
0.919989 
0.257065 
0.484171 
0.459854 
0.761740 
0.570729 
0.235429 
0.847850 
0.813180 
0.122779 
0.543924 
0.730400 
0.837059 
0.456568 
0.543191 
0.414912 
0.420553 
0.233221 
0.740748 
0.750559 
0.653498 
0.342636 
0.689796 
0.398595 
0.194067 
0.692021 
0.800290 
0.470572 
0.901235 
0.051193 
0.402760 
0.182431 
0.120093 
0.400737 
0.193065 
0.845370 
0.134422 
0.234281 
0.559763 
0.934302 
0.806229 
0.293799 
0.873798 
0.922354 
0.999908 
0.448469 
0.422727 
0.778507 
0.363247 
0.091786 
0.655066 
0.687103 
0.143069 
0.563321 
0.741537 
0.014150 
0.820736 
0.105925 
0.286521 
0.551622 
0.114872 
0.661503 
0.880773 
0.147732 
0.927465 
0.910480 
0.430411 
0.914413 
0.547539 
0.490958 
0.531416 
0.512197 
0.489238 
0.623500 
0.171795 
0.357280 
0.811821 
0.268724 
0.444945 
0.182872 
0.534075 
0.199748 
0.159623 
0.784542 
0.800561 
0.023163 
0.301060 
0.911509 
0.725849 
0.351667 
0.459821 
0.206945 
0.120003 
0.885349 
0.057298 
0.009255 
0.543978 
0.645170 
0.368351 
0.873442 
0.946561 
0.847922 
0.027129 
0.949098 
0.485450 
0.952363 
0.363254 
0.215960 
0.633612 
0.121145 
0.086062 
0.448310 
0.747987 
0.424031 
0.688334 
0.822700 
0.124008 
0.195584 
0.175032 
0.757684 
0.401878 
0.370033 
0.150733 
0.366607 
0.569833 
0.187128 
0.066480 
0.323429 
0.867271 
0.215612 
0.794663 
0.907385 
0.423780 
0.472237 
0.890076 
0.514520 
0.534916 
0.333169 
0.568173 
0.278945 
0.231598 
0.459723 
0.564792 
0.466681 
0.509830 
0.710668 
0.189199 
0.870625 
0.602662 
0.936863 
0.863681 
0.879056 
0.291517 
0.525692 
0.307280 
0.461502 
0.471713 
0.079588 
0.638744 
0.377087 
0.699057 
0.047259 
0.288691 
0.037162 
0.577897 
0.711700 
0.547233 
0.347108 
0.846310 
0.936605 
0.524632 
0.487780 
0.122418 
0.471452 
0.692118 
0.423174 
0.277859 
0.976450 
0.201199 
0.549877 
0.778267 
0.338756 
0.467292 
0.775076 
0.698965 
0.508713 
0.932609 
0.364898 
0.841713 
0.664334 
0.455589 
0.081230 
0.225945 
0.452664 
0.921683 
0.731877 
0.654915 
0.148886 
0.333770 
0.667648 
0.165352 
0.074782 
0.853263 
0.784173 
0.597005 
0.858467 
0.253633 
0.801740 
0.840649 
0.790542 
0.638868 
0.446848 
0.182509 
0.430767 
0.902580 
0.660768 
0.524313 
0.130904 
0.110256 
0.074596 
0.729571 
0.896018 
0.378389 
0.583213 
0.062768 
0.935456 
0.205247 
0.589287 
0.140184 
0.079449 
0.299333 
0.890682 
0.689778 
0.101726 
0.702688 
0.070940 
0.283486 
0.543722 
0.341379 
0.554811 
0.706319 
0.111165 
0.349164 
0.399934 
0.691240 
0.667861 
0.745126 
0.327540 
0.972029 
0.895865 
0.798630 
0.571334 
0.414044 
0.844371 
0.337382 
0.386452 
0.105609 
0.976016 
0.900856 
0.679550 
0.200988 
0.999499 
0.581441 
0.273579 
0.045496 
0.647194 
0.396802 
0.047879 
0.705855 
0.305465 
0.952319 
0.631395 
0.854315 
0.468723 
0.830009 
0.956157 
0.136878 
0.511836 
0.426627 
0.322831 
0.820615 
0.077737 
0.531799 
0.943586 
0.850485 
0.097462 
0.045554 
0.629529 
0.493818 
0.605500 
0.635814 
0.118036 
0.833551 
0.483444 
0.238117 
0.036398 
0.743536 
0.602916 
0.202235 
0.958219 
0.779652 
0.613415 
0.670082 
0.063829 
0.777339 
0.742406 
0.620769 
0.267032 
0.009319 
0.621834 
0.160891 
0.088929 
0.628261 
0.183264 
0.126022 
0.058718 
0.876770 
0.865758 
0.792685 
0.652868 
0.758137 
0.012044 
0.426779 
0.875902 
0.288636 
0.112312 
0.625934 
0.075171 
0.402494 
0.709896 
0.220303 
0.627263 
0.402175 
0.352206 
0.528211 
0.647453 
0.740014 
0.417258 
0.856986 
0.361576 
0.999652 
0.156011 
0.075905 
0.727890 
0.653242 
0.039988 
0.080773 
0.549850 
0.321591 
0.977280 
0.141137 
0.081228 
0.197895 
0.021231 
0.832209 
0.929804 
0.217136 
0.399163 
0.725865 
0.616503 
0.567034 
0.135442 
0.381817 
0.195896 
0.417204 
0.952023 
0.647133 
0.356247 
0.441257 
0.200243 
0.477175 
0.884269 
0.912777 
0.037366 
0.010292 
0.976371 
0.862178 
0.618166 
0.508088 
0.429035 
0.787876 
0.828928 
0.788532 
0.865439 
0.431238 
0.822639 
0.087773 
0.197820 
0.763557 
0.104267 
0.421343 
0.516886 
0.302412 
0.641500 
0.687811 
0.043627 
0.240914 
0.037518 
0.562549 
0.764462 
0.313799 
0.012687 
0.231880 
0.209288 
0.507670 
0.401746 
0.139440 
0.565734 
0.293729 
0.695734 
0.196794 
0.508784 
0.137361 
0.634316 
0.946985 
0.972391 
0.980280 
0.563577 
0.038942 
0.492855 
0.413916 
0.682814 
0.047213 
0.508121 
0.984324 
0.525482 
0.782143 
0.474043 
0.233701 
0.804467 
0.685204 
0.218299 
0.957111 
0.159217 
0.960167 
0.532358 
0.339158 
0.228226 
0.797968 
0.446229 
0.763577 
0.434924 
0.761355 
0.086143 
0.811836 
0.524513 
0.494474 
0.631618 
0.596337 
0.631368 
0.402710 
0.343734 
0.136102 
0.467595 
0.868978 
0.909907 
0.811138 
0.792074 
0.380109 
0.493563 
0.311421 
0.060669 
0.657118 
0.182968 
0.148827 
0.339273 
0.160909 
0.397061 
0.402518 
0.120405 
0.640366 
0.637622 
0.518894 
0.059343 
0.375453 
0.231663 
0.552143 
0.872337 
0.368764 
0.812544 
0.427200 
0.950345 
0.452246 
0.897572 
0.487783 
0.167482 
0.866036 
0.467563 
0.330633 
0.951612 
0.743445 
0.084099 
0.452916 
0.166972 
0.300451 
0.672254 
0.574546 
0.397428 
0.574925 
0.764704 
0.378611 
0.319866 
0.990490 
0.162906 
0.958833 
0.110186 
0.889942 
0.249193 
0.185214 
0.883870 
0.204788 
0.867611 
0.933033 
0.489649 
0.530224 
0.480605 
0.520486 
0.801342 
0.159137 
0.613124 
0.774414 
0.573523 
0.202120 
0.032133 
0.066915 
0.632412 
0.955315 
0.981168 
0.483666 
0.968267 
0.656218 
0.062963 
0.218242 
0.993559 
0.752892 
0.855320 
0.362716 
0.167957 
0.849042 
0.852998 
0.337747 
0.507276 
0.784347 
0.519582 
0.620080 
0.682284 
0.144554 
0.511814 
0.062615 
0.368767 
0.861474 
0.801451 
0.994820 
0.932871 
0.758340 
0.420616 
0.290422 
0.128246 
0.428692 
0.030619 
0.606600 
0.134603 
0.279443 
0.597751 
0.409114 
0.986059 
0.698203 
0.703606 
0.512077 
0.472594 
0.887016 
0.081609 
0.601837 
0.079455 
0.398305 
0.317551 
0.074683 
0.191294 
0.077172 
0.028810 
0.209702 
0.466932 
0.723727 
0.681173 
0.473591 
0.650606 
0.736931 
0.598844 
0.767077 
0.256506 
0.100237 
0.678803 
0.646349 
0.182800 
0.326263 
0.499055 
0.612670 
0.144283 
0.963880 
0.927774 
0.093618 
0.435213 
0.628722 
0.935808 
0.118210 
0.755909 
0.561999 
0.509820 
0.537008 
0.497218 
0.744131 
0.614885 
0.364632 
0.378295 
0.006067 
0.962314 
0.617743 
0.406612 
0.933905 
0.141833 
0.789523 
0.518184 
0.116867 
0.181467 
0.913576 
0.473638 
0.427287 
0.415489 
0.115413 
0.747519 
0.544380 
0.390929 
0.339472 
0.501986 
0.878819 
0.314563 
0.861723 
0.974018 
0.314266 
0.865556 
0.406974 
0.011104 
0.628940 
0.589024 
0.721573 
0.475019 
0.646528 
0.199201 
0.962880 
0.124309 
0.253265 
0.629090 
0.118678 
0.628532 
0.738470 
0.459469 
0.291211 
0.389003 
0.979251 
0.264781 
0.171978 
0.425890 
0.937022 
0.537082 
0.740570 
0.757920 
0.365606 
0.735141 
0.511001 
0.395121 
0.799359 
0.818718 
0.188718 
0.790204 
0.966378 
0.910305 
0.489825 
0.484350 
0.471041 
0.794191 
0.962838 
0.415036 
0.509677 
0.141161 
0.491823 
0.064874 
0.343249 
0.994080 
0.497380 
0.472928 
0.500863 
0.005506 
0.543842 
0.360433 
0.804934 
0.522945 
0.130849 
0.173839 
0.709782 
0.308375 
0.866384 
0.311200 
0.335528 
0.221482 
0.450947 
0.069585 
0.518980 
0.500115 
0.429947 
0.126636 
0.372229 
0.058607 
0.003293 
0.350032 
0.990658 
0.984289 
0.936845 
0.562021 
0.886550 
0.239978 
0.315007 
0.326882 
0.898625 
0.184026 
0.917941 
0.838078 
0.574106 
0.994982 
0.662614 
0.560391 
0.489734 
0.952636 
0.947448 
0.765373 
0.628219 
0.473468 
0.569402 
0.945232 
0.520355 
0.606695 
0.727199 
0.035490 
0.480370 
0.583110 
0.323968 
0.921988 
0.859604 
0.372177 
0.177514 
0.479104 
0.302859 
0.158806 
0.048701 
0.511649 
0.279128 
0.296725 
0.050609 
0.588782 
0.662998 
0.003457 
0.105360 
0.789738 
0.127205 
0.926340 
0.997323 
0.000811 
0.626429 
0.390634 
0.381631 
0.075491 
0.774920 
0.087642 
0.004934 
0.927622 
0.537831 
0.323579 
0.399101 
0.690077 
0.116393 
0.225062 
0.625083 
0.769014 
0.823422 
0.250427 
0.922204 
0.485006 
0.490241 
0.475309 
0.521065 
0.537479 
0.403729 
0.479225 
0.335579 
0.073907 
0.152218 
0.334463 
0.315399 
0.909312 
0.807645 
0.085100 
0.280596 
0.985241 
0.949440 
0.245806 
0.263654 
0.236891 
0.427408 
0.442925 
0.242507 
0.817444 
0.778355 
0.809315 
0.154608 
0.503906 
0.141453 
0.407088 
0.925802 
0.954196 
0.164283 
0.100398 
0.381350 
0.354586 
0.523424 
0.179268 
0.952107 
0.066178 
0.261842 
0.775856 
0.807562 
0.701594 
0.688097 
0.854410 
0.072370 
