0.000001 
0.008554 
0.770802 
0.876617 
0.304594 
0.314590 
0.322391 
0.419766 
0.999136 
0.470972 
0.619335 
0.167771 
0.722095 
0.245123 
0.787317 
0.433567 
0.962311 
0.566277 
0.414118 
0.073306 
0.058566 
0.312170 
0.642575 
0.751471 
0.967089 
0.860411 
0.933154 
0.517626 
0.733426 
0.687297 
0.401320 
0.980668 
0.082457 
0.861122 
0.878713 
0.537500 
0.760009 
0.473955 
0.756661 
0.203862 
0.315167 
0.013502 
0.927463 
0.867818 
0.417928 
0.109802 
0.445670 
0.376747 
0.984892 
0.071994 
0.997666 
0.778792 
0.160819 
0.887456 
0.473176 
0.676622 
0.992370 
0.763500 
0.138321 
0.764455 
0.196810 
0.785830 
0.443524 
0.307116 
0.703005 
0.399828 
0.916517 
0.895946 
0.171054 
0.906325 
0.607739 
0.272855 
0.867368 
0.850408 
0.802464 
0.013901 
0.639287 
0.491090 
0.741794 
0.335089 
0.833570 
0.804309 
0.024356 
0.343397 
0.481644 
0.994115 
0.090956 
0.693394 
0.875314 
0.407462 
0.209430 
0.882002 
0.809761 
0.659666 
0.008157 
0.087146 
0.657845 
0.404282 
0.771129 
0.363779 
0.026315 
0.273245 
0.433684 
0.923122 
0.912180 
0.015935 
0.818708 
0.029460 
0.127754 
0.153676 
0.838770 
0.209311 
0.883867 
0.160146 
0.576067 
0.960275 
0.349296 
0.625902 
0.537406 
0.177995 
0.556997 
0.452438 
0.124846 
0.278564 
0.822537 
0.375786 
0.832815 
0.121748 
0.222510 
0.719228 
0.070713 
0.480794 
0.700144 
0.316220 
0.711412 
0.695471 
0.783793 
0.216949 
0.253573 
0.794979 
0.214196 
0.988711 
0.261847 
0.867729 
0.929657 
0.752471 
0.781996 
0.009010 
0.434258 
0.574162 
0.946402 
0.185368 
0.476989 
0.751671 
0.334619 
0.939894 
0.791188 
0.496390 
0.820340 
0.445990 
0.758784 
0.891042 
0.739961 
0.520387 
0.152616 
0.014073 
0.529134 
0.161672 
0.228988 
0.603051 
0.472148 
0.389065 
0.013670 
0.745778 
0.283017 
0.672477 
0.315558 
0.591698 
0.674540 
0.986413 
0.650862 
0.029890 
0.364085 
0.176434 
0.320120 
0.249138 
0.266484 
0.794458 
0.451621 
0.387274 
0.919801 
0.089725 
0.009772 
0.230356 
0.594701 
0.136981 
0.233762 
0.844623 
0.583399 
0.188040 
0.394244 
0.056138 
0.511867 
0.950031 
0.175489 
0.437748 
0.222610 
0.406335 
0.277090 
0.053283 
0.533132 
0.351287 
0.086331 
0.962255 
0.614215 
0.105265 
0.197072 
0.187317 
0.243273 
0.695476 
0.867997 
0.432011 
0.811234 
0.411748 
0.256903 
0.770596 
0.414873 
0.773218 
0.479688 
0.113339 
0.880848 
0.409757 
0.790417 
0.535500 
0.140134 
0.229748 
0.373212 
0.576456 
0.503605 
0.095527 
0.522787 
0.484002 
0.620040 
0.012237 
0.668359 
0.117760 
0.190220 
0.034503 
0.889696 
0.123679 
0.670950 
0.650381 
0.960747 
0.273754 
0.977144 
0.861104 
0.572022 
0.966196 
0.854248 
0.351235 
0.206929 
0.850228 
0.777792 
0.341842 
0.339207 
0.057305 
0.122017 
0.740430 
0.406652 
0.599452 
0.983799 
0.710517 
0.666753 
0.109969 
0.251713 
0.540694 
0.450295 
0.114343 
0.764666 
0.748581 
0.396383 
0.006448 
0.368636 
0.663454 
0.676727 
0.751292 
0.960620 
0.145247 
0.171054 
0.904048 
0.330243 
0.391706 
0.400179 
0.815142 
0.085341 
0.323918 
0.089654 
0.815835 
0.746161 
0.735984 
0.683405 
0.993393 
0.963871 
0.786062 
0.338888 
0.689644 
0.850784 
0.119440 
0.424223 
0.919043 
0.358570 
0.489799 
0.052741 
0.425101 
0.671882 
0.325362 
0.367427 
0.348469 
0.724666 
0.460417 
0.226685 
0.899424 
0.621510 
0.723294 
0.396021 
0.918112 
0.703257 
0.637580 
0.814200 
0.265361 
0.916637 
0.915134 
0.657319 
0.568241 
0.424475 
0.154572 
0.899522 
0.267302 
0.541687 
0.128014 
0.537054 
0.260078 
0.126955 
0.732455 
0.368941 
0.799227 
0.614836 
0.542191 
0.598290 
0.465178 
0.254551 
0.239832 
0.861558 
0.203366 
0.964196 
0.247420 
0.380521 
0.417552 
0.792592 
0.089215 
0.428831 
0.357907 
0.340972 
0.711238 
0.775922 
0.927305 
0.207557 
0.408360 
0.304735 
0.679328 
0.465078 
0.567867 
0.136496 
0.091756 
0.137484 
0.698560 
0.696296 
0.654147 
0.245825 
0.586281 
0.619132 
0.745605 
0.377313 
0.506335 
0.971982 
0.098569 
0.649538 
0.790346 
0.349155 
0.247594 
0.308194 
0.810265 
0.120308 
0.013264 
0.931467 
0.172410 
0.696916 
0.066795 
0.616825 
0.976432 
0.897700 
0.645990 
0.159478 
0.345290 
0.286592 
0.756789 
0.355793 
0.813857 
0.497287 
0.909086 
0.014650 
0.216841 
0.450432 
0.409355 
0.037199 
0.208867 
0.419718 
0.203914 
0.179394 
0.073758 
0.645166 
0.308636 
0.240119 
0.677952 
0.347416 
0.013107 
0.290506 
0.535028 
0.214573 
0.331678 
0.509164 
0.512761 
0.974226 
0.820471 
0.663107 
0.835712 
0.811556 
0.818533 
0.085540 
0.662592 
0.189311 
0.757047 
0.681889 
0.510093 
0.139579 
0.897358 
0.900034 
0.877717 
0.785446 
0.991387 
0.239193 
0.119334 
0.644569 
0.278322 
0.753146 
0.119001 
0.045092 
0.857803 
0.102512 
0.919664 
0.799111 
0.661476 
0.420261 
0.332740 
0.354702 
0.478067 
0.873394 
0.136931 
0.395277 
0.412153 
0.051600 
0.247507 
0.843496 
0.644752 
0.339864 
0.099725 
0.075753 
0.179648 
0.344036 
0.213897 
0.973769 
0.135650 
0.867400 
0.391374 
0.825918 
0.209377 
0.995055 
0.895307 
0.419712 
0.106006 
0.641664 
0.451177 
0.932016 
0.390496 
0.060698 
0.149804 
0.749808 
0.015070 
0.282378 
0.924039 
0.315759 
0.955198 
0.012061 
0.707707 
0.424808 
0.741677 
0.358797 
0.305921 
0.615164 
0.068993 
0.558908 
0.564790 
0.428762 
0.209246 
0.802881 
0.029310 
0.613360 
0.745404 
0.005698 
0.764127 
0.687970 
0.704436 
0.458127 
0.734958 
0.434401 
0.969837 
0.057966 
0.241308 
0.658321 
0.401345 
0.398431 
0.438051 
0.317616 
0.164105 
0.119866 
0.582416 
0.668524 
0.876383 
0.366710 
0.287260 
0.970896 
0.853987 
0.967028 
0.842615 
0.838419 
0.312290 
0.659720 
0.906373 
0.416015 
0.969463 
0.762623 
0.401432 
0.871675 
0.242829 
0.219071 
0.923589 
0.757403 
0.678610 
0.394124 
0.049551 
0.801441 
0.812684 
0.785465 
0.311282 
0.714746 
0.731273 
0.510062 
0.606384 
0.490928 
0.020644 
0.961529 
0.419096 
0.739941 
0.183580 
0.423903 
0.539033 
0.520707 
0.523610 
0.320404 
0.037992 
0.529057 
0.868240 
0.504893 
0.733873 
0.199445 
0.078807 
0.504782 
0.870234 
0.026719 
0.072670 
0.359418 
0.737360 
0.808393 
0.667523 
0.056443 
0.639313 
0.931933 
0.002325 
0.071677 
0.678201 
0.517258 
0.557403 
0.272540 
0.573416 
0.402063 
0.472398 
0.598415 
0.560720 
0.023478 
0.587271 
0.268981 
0.762252 
0.162172 
0.631589 
0.123921 
0.747400 
0.554251 
0.304471 
0.240117 
0.653190 
0.161854 
0.277868 
0.121489 
0.859489 
0.427708 
0.482512 
0.581199 
0.218933 
0.605903 
0.419898 
0.229706 
0.661357 
0.425398 
0.665920 
0.114128 
0.145941 
0.832250 
0.629928 
0.193050 
0.584470 
0.190717 
0.375260 
0.998965 
0.605675 
0.582794 
0.014473 
0.239596 
0.897369 
0.077529 
0.023214 
0.158548 
0.717729 
0.867370 
0.894721 
0.569421 
0.251236 
0.516334 
0.019188 
0.488707 
0.701706 
0.565597 
0.980559 
0.255532 
0.732160 
0.417143 
0.919905 
0.838246 
0.393172 
0.037809 
0.455274 
0.796560 
0.781417 
0.270510 
0.465253 
0.515254 
0.872898 
0.789278 
0.401216 
0.241868 
0.068990 
0.515479 
0.661604 
0.574830 
0.159664 
0.477481 
0.024785 
0.562785 
0.725090 
0.589942 
0.153248 
0.634942 
0.462988 
0.431421 
0.894316 
0.775788 
0.663465 
0.850034 
0.524072 
0.084875 
0.493769 
0.768759 
0.536270 
0.086224 
0.171996 
0.739790 
0.654629 
0.355345 
0.280061 
0.986278 
0.380651 
0.600608 
0.417065 
0.615366 
0.462029 
0.320042 
0.940569 
0.148306 
0.584587 
0.149563 
0.705179 
0.943847 
0.229894 
0.829111 
0.871300 
0.942500 
0.589624 
0.816353 
0.438753 
0.126519 
0.402661 
0.521918 
0.879120 
0.375133 
0.853225 
0.153376 
0.782818 
0.825103 
0.511650 
0.295172 
0.949190 
0.041520 
0.821553 
0.835834 
0.869789 
0.546823 
0.462408 
0.684836 
0.046777 
0.176581 
0.804373 
0.105388 
0.263460 
0.977983 
0.960887 
0.631158 
0.868924 
0.007018 
0.954209 
0.384079 
0.207640 
0.801219 
0.084891 
0.758519 
0.429057 
0.153109 
0.302887 
0.622103 
0.691145 
0.079907 
0.990987 
0.518878 
0.777562 
0.488928 
0.417642 
0.312794 
0.120721 
0.962219 
0.018182 
0.581934 
0.562549 
0.769220 
0.288774 
0.420723 
0.091160 
0.131769 
0.634855 
0.004872 
0.889188 
0.577949 
0.587009 
0.864997 
0.001948 
0.735715 
0.157205 
0.138990 
0.004702 
0.031217 
0.660777 
0.680293 
0.679022 
0.324327 
0.971725 
0.780612 
0.752602 
0.977590 
0.357020 
0.440136 
0.364872 
0.401652 
0.557582 
0.279532 
0.101612 
0.789719 
0.815535 
0.697003 
0.526577 
0.176607 
0.236733 
0.778957 
0.923880 
0.645871 
0.154151 
0.812447 
0.801702 
0.209437 
0.004853 
0.558422 
0.396409 
0.439277 
0.934471 
0.660193 
0.863623 
0.910590 
0.279461 
0.900702 
0.105356 
0.712476 
0.586160 
0.590599 
0.203220 
0.522643 
0.061341 
0.966182 
0.629146 
0.061372 
0.486652 
0.155133 
0.326509 
0.637725 
0.241956 
0.550318 
0.198792 
0.103357 
0.119899 
0.145758 
0.758514 
0.347474 
0.003205 
0.873008 
0.653128 
0.125463 
0.649348 
0.597908 
0.033069 
0.791828 
0.250181 
0.791986 
0.916531 
0.137953 
0.582539 
0.734098 
0.987119 
0.501370 
0.523327 
0.564030 
0.657239 
0.217363 
0.213015 
0.142330 
0.134851 
0.445521 
0.872371 
0.944988 
0.413734 
0.624652 
0.524958 
0.972868 
0.986624 
0.194696 
0.261126 
0.743212 
0.166719 
0.054590 
0.501422 
0.398018 
0.490309 
0.619258 
0.873407 
0.345003 
0.458912 
0.935249 
0.724008 
0.397280 
0.092424 
0.372918 
0.637227 
0.873970 
0.821084 
0.965880 
0.547704 
0.258589 
0.107899 
0.466679 
0.476740 
0.568899 
0.489897 
0.697868 
0.062782 
0.177424 
0.959043 
0.639033 
0.226313 
0.644128 
0.860497 
0.369081 
0.150230 
0.908705 
0.602951 
0.804669 
0.079461 
0.499328 
0.207320 
0.428182 
0.447197 
0.036672 
0.353987 
0.461608 
0.252697 
0.081734 
0.697074 
0.718408 
0.277137 
0.837619 
0.855646 
0.849862 
0.626602 
0.296486 
0.046991 
0.775569 
0.982402 
0.235221 
0.361226 
0.123176 
0.218557 
0.286102 
0.524435 
0.176428 
0.221179 
0.348421 
0.904001 
0.539490 
0.208205 
0.305241 
0.181762 
0.881974 
0.344609 
0.842766 
0.361437 
0.675205 
0.169857 
0.784002 
0.721409 
0.718196 
0.723730 
0.735668 
0.371210 
0.930465 
0.317800 
0.257118 
0.379891 
0.828169 
0.035260 
0.619677 
0.912983 
0.507766 
0.022462 
0.510760 
0.338276 
0.397648 
0.266326 
0.140935 
0.696088 
0.158389 
0.051222 
0.890648 
0.116606 
0.800273 
0.191311 
0.369878 
0.542087 
0.848752 
0.981866 
0.218406 
0.754742 
0.942238 
0.191017 
0.422509 
0.113152 
0.744775 
0.428822 
0.204181 
0.675737 
0.111499 
0.970031 
0.313227 
0.411219 
0.358008 
0.043966 
0.939325 
0.227216 
0.820061 
0.760116 
0.270427 
0.072089 
0.605124 
0.325099 
0.937945 
0.038052 
0.536069 
0.703902 
0.486094 
0.787697 
0.827116 
0.338352 
0.688506 
0.714489 
0.415962 
0.072897 
0.188226 
0.522538 
0.288512 
0.026412 
0.911563 
0.633489 
0.052033 
0.520246 
0.780044 
0.202060 
0.020106 
0.915530 
0.308199 
0.906756 
0.849698 
0.871282 
0.628944 
0.659680 
0.244724 
0.079868 
0.339919 
0.021820 
0.726414 
0.843104 
0.043929 
0.317042 
0.526143 
0.885288 
0.029477 
0.414613 
0.408225 
0.040645 
0.112596 
0.401420 
0.671203 
0.902385 
0.388743 
0.600460 
0.924617 
0.039052 
0.346280 
0.929828 
0.624005 
0.654155 
0.379750 
0.460911 
0.537405 
0.166662 
0.090280 
0.335931 
0.999454 
0.831604 
0.769635 
0.255182 
0.836705 
0.500553 
0.787196 
0.408220 
0.955807 
0.242973 
0.639728 
0.903773 
0.705532 
0.871163 
0.636820 
0.031086 
0.466013 
0.275288 
0.767308 
0.150532 
0.989803 
0.618072 
0.936787 
0.587309 
0.907339 
0.641941 
0.110277 
0.429600 
0.283641 
0.153433 
0.748373 
0.905102 
0.051459 
0.879247 
0.508804 
0.474255 
0.809944 
0.733684 
0.025970 
0.478782 
0.880712 
0.121491 
0.903457 
0.407001 
0.473212 
0.277641 
0.305273 
0.718612 
0.716552 
0.091685 
0.948565 
0.530087 
0.180591 
0.195306 
0.509256 
0.058367 
0.977393 
0.048736 
0.101710 
0.439127 
0.404386 
0.518655 
0.041880 
0.871892 
0.885252 
0.431824 
0.662960 
0.363401 
0.681970 
0.875278 
0.802116 
0.156130 
0.077146 
0.598008 
0.712154 
0.171972 
0.327215 
0.508590 
0.865180 
0.079707 
0.628591 
0.728184 
0.596620 
0.384651 
0.826036 
0.191327 
0.624525 
0.387099 
0.979121 
0.081208 
0.866010 
0.029787 
0.632916 
0.412310 
0.689666 
0.215907 
0.751870 
0.679320 
0.323648 
0.548497 
0.592719 
0.825222 
0.500737 
0.887104 
0.553037 
0.889848 
0.680475 
0.750958 
0.353089 
0.372345 
0.002544 
0.753726 
0.866775 
0.886375 
0.309019 
0.676423 
0.644930 
0.341520 
0.919149 
0.140580 
0.723395 
0.095368 
0.849589 
0.042470 
0.799375 
0.097227 
0.092447 
0.761200 
0.489972 
0.965215 
0.371429 
0.614063 
0.550856 
0.236089 
0.944233 
0.719966 
0.460693 
0.873968 
0.774948 
0.550619 
0.254330 
0.516061 
0.445035 
0.702276 
0.148727 
0.661393 
0.037585 
0.683246 
0.318035 
0.217910 
0.418328 
0.836441 
0.069975 
0.061488 
0.434878 
0.988274 
0.914968 
0.873715 
0.523132 
0.279530 
0.062151 
0.576192 
0.053501 
0.183038 
0.314166 
0.184390 
0.037778 
0.943054 
0.911401 
0.924290 
0.536676 
0.915099 
0.074427 
0.896856 
0.451289 
0.810047 
0.461214 
0.625022 
0.752760 
0.641631 
0.899340 
0.202574 
0.659228 
0.639896 
0.731894 
0.937580 
0.899181 
0.531191 
0.734463 
0.119666 
0.223714 
0.963666 
0.341152 
0.745294 
0.161790 
0.198165 
0.562850 
0.816055 
0.431458 
0.512740 
0.628731 
0.084814 
0.466158 
0.725638 
0.801860 
0.865253 
0.300957 
0.179666 
0.649476 
0.739155 
0.982678 
0.874348 
0.174374 
0.711539 
0.836155 
0.262682 
0.895886 
0.154957 
0.355291 
0.368759 
0.726227 
0.696935 
0.379247 
0.999941 
0.007710 
0.586917 
0.312410 
0.667074 
0.507503 
0.602684 
0.307199 
0.100278 
0.367297 
0.157109 
0.538599 
0.237018 
0.565697 
0.671250 
0.706216 
0.371887 
0.311892 
0.962367 
0.496472 
0.206389 
0.788270 
0.461345 
0.829405 
0.817706 
0.192286 
0.754147 
0.955431 
0.922608 
0.273544 
0.446912 
0.242544 
0.434944 
0.109839 
0.069236 
0.650017 
0.838937 
0.021255 
0.227307 
0.351963 
0.440616 
0.433772 
0.414311 
0.333106 
0.520394 
0.262944 
0.302273 
0.297361 
0.752582 
0.648734 
0.270700 
0.660103 
0.344979 
0.055103 
0.111532 
0.511804 
0.885074 
0.434043 
0.954740 
0.323209 
0.170039 
0.843729 
0.551221 
0.374514 
0.451456 
0.619901 
0.684064 
0.070218 
0.157724 
0.866276 
0.502252 
0.348866 
0.385337 
0.352705 
0.914166 
0.387448 
0.842746 
0.033614 
0.951873 
0.129726 
0.305926 
0.700135 
0.174758 
0.165891 
0.129272 
0.682659 
0.449132 
0.566280 
0.463541 
0.734438 
0.706175 
0.687753 
0.067679 
0.478732 
0.053840 
0.891098 
0.689957 
0.103263 
0.549045 
0.801687 
0.947480 
0.303546 
0.692683 
0.917843 
0.187074 
0.151546 
0.029844 
0.582685 
0.180590 
0.173541 
0.702667 
0.719966 
0.471376 
0.423049 
0.176213 
0.608049 
0.481609 
0.395351 
0.660936 
0.352614 
0.388321 
0.517196 
0.517920 
0.686594 
0.585733 
0.408841 
0.393460 
0.877205 
0.188884 
0.569513 
0.797241 
0.227928 
0.783324 
0.318467 
0.476249 
0.325345 
0.079957 
0.833973 
0.585576 
0.782421 
0.153288 
0.309551 
0.625712 
0.343378 
0.159738 
0.713351 
0.288449 
0.954818 
0.626072 
0.397169 
0.217320 
0.497333 
0.669293 
0.806163 
0.184207 
0.972346 
0.222194 
0.418804 
0.840618 
0.265126 
0.980998 
0.639148 
0.164553 
0.635051 
0.296565 
0.367503 
0.620411 
0.245995 
0.437380 
0.046125 
0.230848 
0.868472 
0.414321 
0.489806 
0.169988 
0.992705 
0.395214 
0.362989 
0.753411 
0.576040 
0.500061 
0.532740 
0.766141 
0.533698 
0.866133 
0.099964 
0.087871 
0.842900 
0.612011 
0.076177 
0.303123 
0.591888 
0.866501 
0.278694 
0.014703 
0.110245 
0.883562 
0.023700 
0.325709 
0.187319 
0.267715 
0.487989 
0.623419 
0.796373 
0.643317 
0.221287 
0.177240 
0.865107 
0.857549 
0.819132 
0.156676 
0.250669 
0.985624 
0.378458 
0.751103 
0.789203 
0.139660 
0.271183 
0.780289 
0.324764 
0.312304 
0.886708 
0.896843 
0.237175 
0.199239 
0.610809 
0.874713 
0.306679 
0.356212 
0.852729 
0.821650 
0.468157 
0.311649 
0.882058 
0.744472 
0.349242 
0.707392 
0.131051 
0.581777 
0.918865 
0.356688 
0.855779 
0.075360 
0.580500 
0.470300 
0.339854 
0.934432 
0.997667 
0.795243 
0.653250 
0.169843 
0.555754 
0.553355 
0.244580 
0.651283 
0.111956 
0.645500 
0.921277 
0.907197 
0.256738 
0.996274 
0.373581 
0.776185 
0.346323 
0.651952 
0.352642 
0.846023 
0.110122 
0.828373 
0.463609 
0.879311 
0.579976 
0.656705 
0.243577 
0.801290 
0.279453 
0.765737 
0.736199 
0.298695 
0.164635 
0.019590 
0.252052 
0.238236 
0.039299 
0.499664 
0.850156 
0.568046 
0.151315 
0.157740 
0.130463 
0.691829 
0.562122 
0.579190 
0.443571 
0.100460 
0.425513 
0.600129 
0.363090 
0.445268 
0.625854 
0.724982 
0.766359 
0.190921 
0.816844 
0.688999 
0.001268 
0.309106 
0.144987 
0.790111 
0.390992 
0.405854 
0.183309 
0.881995 
0.688288 
0.061656 
0.257951 
0.378448 
0.577553 
0.938751 
0.591641 
0.704508 
0.666800 
0.904807 
0.097939 
0.061611 
0.499043 
0.422207 
0.040671 
0.552759 
0.218163 
0.670128 
0.844455 
0.750942 
0.084058 
0.760878 
0.069593 
0.655441 
0.992989 
0.164345 
0.150336 
0.701781 
0.830980 
0.273222 
0.035235 
0.202790 
0.289622 
0.679069 
0.105884 
0.598324 
0.039297 
0.472076 
0.179453 
0.059285 
0.409600 
0.153228 
0.299331 
0.859556 
0.563995 
0.059359 
0.651113 
0.255637 
0.482802 
0.447284 
0.496400 
0.993005 
0.432672 
0.923403 
0.630252 
0.650753 
0.197956 
0.050939 
0.127457 
0.166440 
0.356343 
0.051822 
0.967051 
0.229614 
0.118967 
0.484262 
0.991443 
0.180729 
0.509861 
0.231645 
0.265143 
0.250108 
0.565994 
0.653556 
0.319837 
0.498023 
0.279125 
0.249539 
0.009284 
0.044295 
0.461352 
0.949783 
0.000426 
0.157747 
0.251827 
0.448309 
0.733853 
0.866786 
0.065122 
0.500562 
0.946377 
0.755293 
0.212455 
0.728006 
0.592569 
0.314663 
0.545981 
0.300639 
0.846418 
0.749897 
0.514767 
0.684880 
0.771483 
0.312688 
0.345998 
0.190304 
0.444110 
0.160719 
0.198259 
0.146210 
0.357512 
0.699796 
0.479580 
0.301299 
0.936759 
0.109509 
0.525373 
0.937021 
0.519723 
0.989756 
0.825316 
0.079613 
0.057408 
0.859526 
0.050162 
0.077417 
0.139290 
0.039875 
0.182597 
0.900864 
0.829167 
0.808884 
0.906444 
0.596013 
0.184857 
0.888261 
0.999123 
0.253594 
0.157270 
0.229947 
0.714680 
0.635104 
0.195917 
0.769352 
0.494800 
0.108605 
0.318933 
0.303104 
0.268831 
0.249682 
0.402205 
0.854557 
0.544219 
0.686269 
0.116032 
0.147926 
0.190279 
0.014356 
0.289234 
0.154412 
0.208816 
0.575738 
0.431916 
0.212659 
0.160831 
0.091818 
0.187900 
0.042796 
0.264615 
0.381603 
0.600595 
0.193474 
0.712297 
0.573579 
0.144423 
0.313364 
0.703312 
0.566946 
0.663467 
0.886161 
0.702502 
0.959042 
0.622778 
0.022327 
0.251874 
0.244173 
0.811529 
0.372000 
0.197037 
0.600934 
0.906035 
0.722316 
0.965513 
0.379515 
0.513158 
0.640923 
0.996856 
0.166686 
0.484338 
0.263564 
0.727427 
0.865746 
0.600039 
0.850213 
0.533131 
0.339047 
0.361230 
0.195531 
0.285408 
0.857306 
0.744904 
0.609538 
0.498856 
0.275897 
0.008308 
0.634762 
0.444028 
0.781947 
0.186122 
0.156599 
0.963771 
0.095582 
0.439725 
0.451261 
0.339588 
0.461693 
0.677895 
0.376030 
0.937456 
0.824731 
0.256604 
0.743367 
0.774348 
0.472533 
0.860697 
0.742223 
0.542306 
0.535755 
0.433860 
0.885692 
0.831891 
0.587783 
0.863696 
0.141208 
0.281269 
0.281564 
0.252099 
0.032887 
0.728618 
0.886053 
0.891301 
0.089497 
0.172299 
0.832847 
0.659490 
0.052395 
0.605311 
0.462628 
0.384909 
0.166877 
0.704756 
0.827243 
0.472220 
0.597981 
0.261191 
0.833081 
0.592945 
0.629338 
0.284193 
0.432431 
0.870760 
0.864334 
0.858419 
0.445294 
0.052829 
0.900552 
0.570316 
0.307519 
0.466248 
0.226368 
0.567350 
0.452599 
0.839703 
0.895742 
0.730332 
0.685448 
0.328732 
0.998057 
0.341250 
0.385404 
0.483748 
0.360695 
0.201796 
0.583861 
0.956463 
0.276604 
0.876528 
0.798214 
0.578818 
0.188001 
0.735624 
0.625115 
0.301583 
0.706829 
0.681391 
0.146381 
0.229977 
0.224952 
0.767353 
0.907318 
0.299303 
0.385912 
0.028594 
0.580865 
0.603779 
0.715196 
0.291804 
0.354155 
0.282600 
0.653820 
0.753303 
0.761175 
0.070831 
0.458971 
0.928399 
0.606247 
0.201456 
0.876865 
0.469811 
0.120054 
0.741679 
0.395926 
0.321188 
0.206813 
0.905218 
0.006682 
0.307170 
0.608422 
0.743463 
0.385031 
0.212408 
0.947216 
0.856673 
0.105300 
0.774220 
0.309966 
0.602153 
0.390805 
0.255153 
0.358248 
0.069412 
0.611429 
0.291055 
0.763515 
0.392076 
0.614160 
0.188172 
0.599057 
0.355663 
0.620815 
0.030596 
0.230543 
0.743883 
0.443711 
0.458913 
0.943357 
0.997156 
0.204394 
0.253961 
0.319776 
0.478944 
0.612193 
0.124931 
0.716957 
0.889544 
0.566741 
0.223261 
0.346778 
0.293446 
0.955153 
0.259297 
0.008630 
0.038103 
0.396038 
0.207601 
0.154502 
0.722843 
0.823930 
0.792705 
0.997980 
0.048443 
0.184332 
0.062996 
0.780003 
0.512917 
0.591708 
0.844489 
0.329483 
0.620433 
0.617505 
0.404645 
0.875165 
0.893961 
0.796465 
0.187937 
0.650693 
0.199233 
0.513794 
0.332291 
0.823105 
0.929177 
0.670054 
0.603576 
0.303094 
0.104619 
0.323811 
0.291334 
0.457489 
0.022043 
0.484621 
0.025894 
0.208437 
0.193091 
0.288014 
0.648644 
0.760094 
0.893924 
0.183715 
0.699890 
0.043203 
0.104455 
0.568475 
0.360716 
0.558968 
0.573899 
0.516552 
0.692674 
0.774941 
0.438600 
0.553968 
0.537085 
0.785697 
0.204807 
0.185893 
0.311801 
0.446892 
0.913789 
0.058616 
0.152675 
0.011794 
0.229442 
0.239357 
0.865106 
0.836010 
0.827139 
0.730829 
0.045505 
0.810186 
0.802778 
0.284319 
0.553502 
0.715951 
0.996334 
0.382572 
0.890908 
0.495671 
0.744260 
0.770423 
0.502243 
0.196134 
0.425401 
0.714842 
0.356841 
0.434810 
0.854225 
0.957929 
