0.000001 
0.014455 
0.950295 
0.603030 
0.126794 
0.021088 
0.417617 
0.891406 
0.863132 
0.660462 
0.377779 
0.328337 
0.362039 
0.792994 
0.854688 
0.743640 
0.356257 
0.612912 
0.218550 
0.168707 
0.457613 
0.096595 
0.469200 
0.839859 
0.516206 
0.870247 
0.237452 
0.859153 
0.788323 
0.350812 
0.099028 
0.362574 
0.779779 
0.750679 
0.666957 
0.543241 
0.248616 
0.483435 
0.090168 
0.446051 
0.780525 
0.280822 
0.770379 
0.753760 
0.448227 
0.354808 
0.250826 
0.629324 
0.054066 
0.695309 
0.051866 
0.715855 
0.370570 
0.169379 
0.752934 
0.562417 
0.538799 
0.597606 
0.971161 
0.307364 
0.862313 
0.894262 
0.853787 
0.591257 
0.253842 
0.327981 
0.374937 
0.568905 
0.583657 
0.520570 
0.214542 
0.806004 
0.510547 
0.770085 
0.820815 
0.443436 
0.831439 
0.989975 
0.505118 
0.516842 
0.567798 
0.978554 
0.549849 
0.307644 
0.576941 
0.652452 
0.766693 
0.806678 
0.835961 
0.998702 
0.192879 
0.710940 
0.776422 
0.325163 
0.016528 
0.786787 
0.527942 
0.113183 
0.270151 
0.429002 
0.233855 
0.400443 
0.243380 
0.481250 
0.371269 
0.920798 
0.846436 
0.043378 
0.050284 
0.128857 
0.692780 
0.551324 
0.096526 
0.316368 
0.192128 
0.096641 
0.247164 
0.090614 
0.952048 
0.069310 
0.899153 
0.059152 
0.164309 
0.540263 
0.199657 
0.640509 
0.036788 
0.296312 
0.115256 
0.114744 
0.495524 
0.271753 
0.352393 
0.668855 
0.446457 
0.599758 
0.128698 
0.021687 
0.493457 
0.533693 
0.778243 
0.930603 
0.640102 
0.201918 
0.635935 
0.164514 
0.992083 
0.941118 
0.367863 
0.677473 
0.286373 
0.064386 
0.142725 
0.778899 
0.951547 
0.654148 
0.260132 
0.037357 
0.865661 
0.158046 
0.275823 
0.763728 
0.969540 
0.063271 
0.403368 
0.408960 
0.390953 
0.740722 
0.312846 
0.008083 
0.848177 
0.305218 
0.792541 
0.244695 
0.580726 
0.254405 
0.781186 
0.396950 
0.547003 
0.483903 
0.952554 
0.571095 
0.398413 
0.120652 
0.802617 
0.590264 
0.563766 
0.207103 
0.778722 
0.981972 
0.008117 
0.421521 
0.500501 
0.927235 
0.036059 
0.043004 
0.766477 
0.175681 
0.668379 
0.443102 
0.216074 
0.547747 
0.975680 
0.257738 
0.804325 
0.295077 
0.367027 
0.625344 
0.160828 
0.042465 
0.710608 
0.195634 
0.016883 
0.751404 
0.843966 
0.530124 
0.791392 
0.930444 
0.971021 
0.949263 
0.263670 
0.499474 
0.651738 
0.757090 
0.413083 
0.691026 
0.078015 
0.203233 
0.744724 
0.577618 
0.022805 
0.285290 
0.864501 
0.672523 
0.093163 
0.791715 
0.352537 
0.087571 
0.805269 
0.157766 
0.576018 
0.138108 
0.173114 
0.531200 
0.882397 
0.446937 
0.675514 
0.368460 
0.707474 
0.511834 
0.399125 
0.099043 
0.623513 
0.381174 
0.387727 
0.521005 
0.535703 
0.566847 
0.997984 
0.118693 
0.867518 
0.376368 
0.623587 
0.631640 
0.969365 
0.116964 
0.819182 
0.984972 
0.420939 
0.719293 
0.156520 
0.638907 
0.115729 
0.059573 
0.239628 
0.436105 
0.612713 
0.871173 
0.799029 
0.283283 
0.141921 
0.257922 
0.901071 
0.298628 
0.036519 
0.768194 
0.034095 
0.032271 
0.371397 
0.065669 
0.698041 
0.971163 
0.329489 
0.719640 
0.990507 
0.457710 
0.724237 
0.251462 
0.323111 
0.525492 
0.939844 
0.960474 
0.680943 
0.604626 
0.945038 
0.245904 
0.906127 
0.283262 
0.782745 
0.594211 
0.906019 
0.468123 
0.749692 
0.074256 
0.015523 
0.893819 
0.421444 
0.204596 
0.637199 
0.395599 
0.836860 
0.101772 
0.475690 
0.926737 
0.665554 
0.958602 
0.228651 
0.934685 
0.256018 
0.900385 
0.775872 
0.082573 
0.807931 
0.903514 
0.361396 
0.980325 
0.324261 
0.854260 
0.552146 
0.913488 
0.994454 
0.785328 
0.009594 
0.240480 
0.739648 
0.258164 
0.958464 
0.907984 
0.481283 
0.921486 
0.421917 
0.167402 
0.523602 
0.185376 
0.616533 
0.070434 
0.777514 
0.671746 
0.031031 
0.538682 
0.625847 
0.603892 
0.613701 
0.465376 
0.582002 
0.714301 
0.264737 
0.434804 
0.750087 
0.716120 
0.822506 
0.861711 
0.773201 
0.186160 
0.788594 
0.903239 
0.736559 
0.355178 
0.471216 
0.731803 
0.408542 
0.361511 
0.919394 
0.258189 
0.384493 
0.167481 
0.856997 
0.541418 
0.606486 
0.210710 
0.397286 
0.186239 
0.116385 
0.078224 
0.713102 
0.101959 
0.629647 
0.471518 
0.809950 
0.833916 
0.630423 
0.516143 
0.812951 
0.271501 
0.113757 
0.907401 
0.693641 
0.026710 
0.917191 
0.229719 
0.882029 
0.264873 
0.713584 
0.213248 
0.050967 
0.605468 
0.099926 
0.462606 
0.025929 
0.791611 
0.599837 
0.462992 
0.504574 
0.378022 
0.418734 
0.666248 
0.625402 
0.135587 
0.810903 
0.842277 
0.152265 
0.110768 
0.680143 
0.156826 
0.772880 
0.800146 
0.061248 
0.387768 
0.219571 
0.335597 
0.386696 
0.191459 
0.856770 
0.726571 
0.484722 
0.730486 
0.270232 
0.787871 
0.745397 
0.885720 
0.289835 
0.258380 
0.597914 
0.136377 
0.090631 
0.240434 
0.973728 
0.444065 
0.399213 
0.571473 
0.748361 
0.699676 
0.447596 
0.750750 
0.860142 
0.399808 
0.569222 
0.906598 
0.184882 
0.306721 
0.061579 
0.958961 
0.262523 
0.228597 
0.024455 
0.016644 
0.734598 
0.389579 
0.654560 
0.197684 
0.473515 
0.358230 
0.770437 
0.736384 
0.412142 
0.869825 
0.150839 
0.154283 
0.036788 
0.288008 
0.553663 
0.417497 
0.867734 
0.005714 
0.036696 
0.754517 
0.170992 
0.866271 
0.419535 
0.125983 
0.392686 
0.879461 
0.097234 
0.207808 
0.628197 
0.112422 
0.468160 
0.360509 
0.072469 
0.988499 
0.702015 
0.773255 
0.093252 
0.281316 
0.071292 
0.204150 
0.143528 
0.278830 
0.296911 
0.186956 
0.173541 
0.695420 
0.915974 
0.780848 
0.713026 
0.833751 
0.851843 
0.918294 
0.766623 
0.632464 
0.826993 
0.265398 
0.537636 
0.044010 
0.672820 
0.080259 
0.906462 
0.909130 
0.748685 
0.145991 
0.673601 
0.205229 
0.276396 
0.390952 
0.734273 
0.925709 
0.389297 
0.920468 
0.305014 
0.370172 
0.479931 
0.196199 
0.514166 
0.594240 
0.391239 
0.547913 
0.768457 
0.465135 
0.518708 
0.925453 
0.093560 
0.459312 
0.655768 
0.485762 
0.198660 
0.878007 
0.665219 
0.328445 
0.180003 
0.311189 
0.148165 
0.206834 
0.259534 
0.985427 
0.071317 
0.617194 
0.181835 
0.105314 
0.016274 
0.510678 
0.963558 
0.522085 
0.680272 
0.327962 
0.065303 
0.539393 
0.570295 
0.945400 
0.344328 
0.123715 
0.284396 
0.845292 
0.817111 
0.188394 
0.338747 
0.320047 
0.023130 
0.740433 
0.465131 
0.449805 
0.866766 
0.744303 
0.503550 
0.173009 
0.769085 
0.017859 
0.153040 
0.139662 
0.292189 
0.827713 
0.369449 
0.329258 
0.833973 
0.583299 
0.504925 
0.272139 
0.842363 
0.590446 
0.626255 
0.469754 
0.163718 
0.613194 
0.959185 
0.026968 
0.247005 
0.406404 
0.436848 
0.111957 
0.663407 
0.879737 
0.732174 
0.648240 
0.967713 
0.352199 
0.414267 
0.588795 
0.882128 
0.929987 
0.298776 
0.534782 
0.077085 
0.564598 
0.199532 
0.534018 
0.246496 
0.857027 
0.056299 
0.214492 
0.973646 
0.072165 
0.877254 
0.003335 
0.049436 
0.865095 
0.653906 
0.205885 
0.306192 
0.174236 
0.382106 
0.060430 
0.650189 
0.729270 
0.847180 
0.562031 
0.056233 
0.110763 
0.593998 
0.320392 
0.825099 
0.438144 
0.892265 
0.304004 
0.399481 
0.071659 
0.371156 
0.026754 
0.649403 
0.510564 
0.049158 
0.195265 
0.818015 
0.377843 
0.404126 
0.151784 
0.033767 
0.525872 
0.329793 
0.829132 
0.224723 
0.925937 
0.214764 
0.539010 
0.141660 
0.885455 
0.843440 
0.694803 
0.546215 
0.236927 
0.040040 
0.957905 
0.515918 
0.032471 
0.732165 
0.496502 
0.713076 
0.676213 
0.105509 
0.297596 
0.701424 
0.828968 
0.469646 
0.336065 
0.251218 
0.226320 
0.754910 
0.777888 
0.962417 
0.342847 
0.228950 
0.970234 
0.721212 
0.409528 
0.939953 
0.785262 
0.900088 
0.785943 
0.351147 
0.722212 
0.211052 
0.158934 
0.201265 
0.664900 
0.966944 
0.429009 
0.351587 
0.123390 
0.814241 
0.955185 
0.788822 
0.723838 
0.538597 
0.205314 
0.706117 
0.714090 
0.714532 
0.131809 
0.308228 
0.384626 
0.415504 
0.376649 
0.347349 
0.894429 
0.673682 
0.577089 
0.140666 
0.181064 
0.139947 
0.096453 
0.088191 
0.230110 
0.464640 
0.199262 
0.993582 
0.124856 
0.451777 
0.016864 
0.432777 
0.677535 
0.326247 
0.227221 
0.910674 
0.704627 
0.668848 
0.323317 
0.984199 
0.434558 
0.620511 
0.933744 
0.429855 
0.578252 
0.673148 
0.590453 
0.743893 
0.614248 
0.667316 
0.583327 
0.983531 
0.202497 
0.374631 
0.421964 
0.941125 
0.480876 
0.083134 
0.227225 
0.972291 
0.301633 
0.549549 
0.275805 
0.460659 
0.300232 
0.002775 
0.635660 
0.530458 
0.415421 
0.985004 
0.955550 
0.934063 
0.800474 
0.570769 
0.912950 
0.942632 
0.810317 
0.006049 
0.670900 
0.808201 
0.442440 
0.096243 
0.553748 
0.844220 
0.811899 
0.589134 
0.579796 
0.623596 
0.773782 
0.958673 
0.420826 
0.822878 
0.103538 
0.157681 
0.143613 
0.697508 
0.020230 
0.008105 
0.224304 
0.879778 
0.428721 
0.511385 
0.841388 
0.213941 
0.698397 
0.956378 
0.852971 
0.889789 
0.678896 
0.202520 
0.761981 
0.621712 
0.115336 
0.451855 
0.332015 
0.174234 
0.351482 
0.353065 
0.966563 
0.031304 
0.128980 
0.774735 
0.970650 
0.713126 
0.507162 
0.867090 
0.181470 
0.961880 
0.324866 
0.023336 
0.204103 
0.354802 
0.163617 
0.903751 
0.343961 
0.956889 
0.426540 
0.853641 
0.152411 
0.579839 
0.353084 
0.279477 
0.175150 
0.740972 
0.524310 
0.070336 
0.139314 
0.445007 
0.236200 
0.810368 
0.853246 
0.504928 
0.328724 
0.860571 
0.616925 
0.666709 
0.376881 
0.238635 
0.745770 
0.151088 
0.339982 
0.076642 
0.126425 
0.817219 
0.991410 
0.619766 
0.407358 
0.464572 
0.058287 
0.625599 
0.447354 
0.683644 
0.012391 
0.248839 
0.231115 
0.354633 
0.321400 
0.772147 
0.470758 
0.033629 
0.209368 
0.854494 
0.476632 
0.748126 
0.749637 
0.142080 
0.944191 
0.010709 
0.980181 
0.897249 
0.065393 
0.052496 
0.297028 
0.144762 
0.008933 
0.144793 
0.539726 
0.169123 
0.448282 
0.279720 
0.255091 
0.310696 
0.868007 
0.594659 
0.429547 
0.401554 
0.923945 
0.739324 
0.824683 
0.454432 
0.646234 
0.251245 
0.668611 
0.349932 
0.301461 
0.657322 
0.617735 
0.269447 
0.602630 
0.402956 
0.487311 
0.239581 
0.638167 
0.677523 
0.130548 
0.124829 
0.999593 
0.158078 
0.824076 
0.248863 
0.633571 
0.422313 
0.813883 
0.937881 
0.960408 
0.571868 
0.384668 
0.114829 
0.935709 
0.460914 
0.576967 
0.090181 
0.675184 
0.812348 
0.137840 
0.670291 
0.580170 
0.916325 
0.680036 
0.373142 
0.390198 
0.057981 
0.485631 
0.004991 
0.888293 
0.538250 
0.365668 
0.785494 
0.802934 
0.918597 
0.857614 
0.911349 
0.044238 
0.507013 
0.363434 
0.243043 
0.819310 
0.147664 
0.784088 
0.160396 
0.782075 
0.340690 
0.983524 
0.086550 
0.642300 
0.129115 
0.039420 
0.534254 
0.202788 
0.261236 
0.591511 
0.525381 
0.074296 
0.692527 
0.307107 
0.548630 
0.816957 
0.601536 
0.022094 
0.337296 
0.936375 
0.652684 
0.666314 
0.745763 
0.033035 
0.223986 
0.525962 
0.847835 
0.556209 
0.211043 
0.998775 
0.411969 
0.957586 
0.150644 
0.880262 
0.570798 
0.402364 
0.526675 
0.833536 
0.233399 
0.737324 
0.201959 
0.330471 
0.222448 
0.675191 
0.929775 
0.730813 
0.772545 
0.166749 
0.555955 
0.943668 
0.230563 
0.076410 
0.221254 
0.617842 
0.070162 
0.211539 
0.342303 
0.085615 
0.923867 
0.424635 
0.843956 
0.361199 
0.679773 
0.945170 
0.466574 
0.701211 
0.248592 
0.088477 
0.035689 
0.823467 
0.001617 
0.182186 
0.995041 
0.647203 
0.540290 
0.661687 
0.973832 
0.196984 
0.706850 
0.029117 
0.370308 
0.774442 
0.050313 
0.615712 
0.263967 
0.491601 
0.345283 
0.167905 
0.986232 
0.601082 
0.384607 
0.082132 
0.393026 
0.583045 
0.233410 
0.920437 
0.791589 
0.228194 
0.259584 
0.830244 
0.917858 
0.433698 
0.170326 
0.664757 
0.565642 
0.741775 
0.015421 
0.172613 
0.104924 
0.459717 
0.465585 
0.093679 
0.456766 
0.861595 
0.831698 
0.343980 
0.265107 
0.647712 
0.102440 
0.711907 
0.019183 
0.403760 
0.990553 
0.225429 
0.792027 
0.599937 
0.149152 
0.794878 
0.522268 
0.755057 
0.236479 
0.506260 
0.709972 
0.498693 
0.535729 
0.997923 
0.099355 
0.859839 
0.316784 
0.195805 
0.895570 
0.849101 
0.837970 
0.762998 
0.703890 
0.279400 
0.874712 
0.290557 
0.388368 
0.305766 
0.002378 
0.967648 
0.255725 
0.970148 
0.283156 
0.998646 
0.240026 
0.116772 
0.584050 
0.130252 
0.138140 
0.724811 
0.892962 
0.012769 
0.612037 
0.503614 
0.239423 
0.976560 
0.043456 
0.361366 
0.470664 
0.451959 
0.080074 
0.796905 
0.578221 
0.153281 
0.192876 
0.660366 
0.779235 
0.603571 
0.219376 
0.044899 
0.613679 
0.110873 
0.446351 
0.815627 
0.248361 
0.210018 
0.774783 
0.783184 
0.966291 
0.451712 
0.923786 
0.076058 
0.304605 
0.496921 
0.758241 
0.756957 
0.171259 
0.349302 
0.711499 
0.166195 
0.233404 
0.813490 
0.327714 
0.881466 
0.805531 
0.565945 
0.840576 
0.569018 
0.483970 
0.079371 
0.987219 
0.185886 
0.190696 
0.031158 
0.677034 
0.906474 
0.112443 
0.837345 
0.261051 
0.486728 
0.432522 
0.398139 
0.515992 
0.281888 
0.687740 
0.841348 
0.537437 
0.703528 
0.187933 
0.594218 
0.022554 
0.065789 
0.712940 
0.374720 
0.919688 
0.196104 
0.915779 
0.500230 
0.360681 
0.972820 
0.182794 
0.211552 
0.549694 
0.705463 
0.709299 
0.194481 
0.642980 
0.560678 
0.315058 
0.181302 
0.142032 
0.128260 
0.670144 
0.102921 
0.786396 
0.949823 
0.681484 
0.707609 
0.782569 
0.641439 
0.671620 
0.914139 
0.934669 
0.987089 
0.998909 
0.665791 
0.946740 
0.860119 
0.027953 
0.814294 
0.830924 
0.341164 
0.936970 
0.653759 
0.728111 
0.363231 
0.818466 
0.960890 
0.682436 
0.704512 
0.733089 
0.029873 
0.075018 
0.828229 
0.037544 
0.006516 
0.508570 
0.536911 
0.858721 
0.518957 
0.107051 
0.207614 
0.360539 
0.586654 
0.889642 
0.216078 
0.628272 
0.367982 
0.680898 
0.855533 
0.937183 
0.238095 
0.667400 
0.999900 
0.323185 
0.765815 
0.048509 
0.291935 
0.553850 
0.556411 
0.596887 
0.876682 
0.386457 
0.177659 
0.912894 
0.003452 
0.012665 
0.856175 
0.737768 
0.674178 
0.902163 
0.648208 
0.429994 
0.916927 
0.795000 
0.572831 
0.576315 
0.120132 
0.051375 
0.455545 
0.338225 
0.554490 
0.305796 
0.512759 
0.941426 
0.545601 
0.921201 
0.633009 
0.984064 
0.160583 
0.921553 
0.540564 
0.258075 
0.459120 
0.424682 
0.636078 
0.563813 
0.005643 
0.842322 
0.904206 
0.998377 
0.728288 
0.344201 
0.983516 
0.960850 
0.013884 
0.352035 
0.659651 
0.759654 
0.499297 
0.677655 
0.345293 
0.345807 
0.971694 
0.265661 
0.960755 
0.414206 
0.554290 
0.954216 
0.507289 
0.007038 
0.295806 
0.613918 
0.113138 
0.503527 
0.776502 
0.670125 
0.785420 
0.561406 
0.553113 
0.162932 
0.406322 
0.046298 
0.135449 
0.487786 
0.217547 
0.313267 
0.074809 
0.315527 
0.063630 
0.425360 
0.028509 
0.150510 
0.626080 
0.530906 
0.935044 
0.281078 
0.082747 
0.732716 
0.758783 
0.870748 
0.662476 
0.235787 
0.872824 
0.548627 
0.767964 
0.174983 
0.932777 
0.187470 
0.813469 
0.968178 
0.167017 
0.052635 
0.637535 
0.046457 
0.802957 
0.301345 
0.713143 
0.789631 
0.328940 
0.488758 
0.562442 
0.959999 
0.698289 
0.138391 
0.940164 
0.329496 
0.839751 
0.700942 
0.732589 
0.627812 
0.630255 
0.689744 
0.519217 
0.476654 
0.122414 
0.412817 
0.211009 
0.428100 
0.071071 
0.484308 
0.758975 
0.091612 
0.723809 
0.050083 
0.748116 
0.577511 
0.231506 
0.916340 
0.918357 
0.830328 
0.327864 
0.413148 
0.780778 
0.531174 
0.443901 
0.647743 
0.620522 
0.118869 
0.824696 
0.666543 
0.583368 
0.666687 
0.004487 
0.407600 
0.533329 
0.660511 
0.209291 
0.560638 
0.649496 
0.076260 
0.709827 
0.062391 
0.611507 
0.594756 
0.065188 
0.615436 
0.635836 
0.489045 
0.382397 
0.953742 
0.547621 
0.867288 
0.503763 
0.752947 
0.784138 
0.004337 
0.896384 
0.529399 
0.603200 
0.976062 
0.668239 
0.091215 
0.058434 
0.103584 
0.941836 
0.440758 
0.817160 
0.011548 
0.088690 
0.621019 
0.468055 
0.600163 
0.935471 
0.461404 
0.821093 
0.102380 
0.698267 
0.771014 
0.424850 
0.460067 
0.343909 
0.074051 
0.569424 
0.306482 
0.041580 
0.837157 
0.099988 
0.505634 
0.198493 
0.068505 
0.361569 
0.885489 
0.414295 
0.061070 
0.398416 
0.177550 
0.082337 
0.840956 
0.950225 
0.424919 
0.612007 
0.996332 
0.354609 
0.906391 
0.717855 
0.987338 
0.193084 
0.161070 
0.105720 
0.841768 
0.588784 
0.699124 
0.181887 
0.979528 
0.918747 
0.380772 
0.641944 
0.155271 
0.640344 
0.258638 
0.933041 
0.627221 
0.701464 
0.510958 
0.672505 
0.783841 
0.023714 
0.563388 
0.858407 
0.245745 
0.233845 
0.231652 
0.367903 
0.341266 
0.663874 
0.729788 
0.553664 
0.432140 
0.974936 
0.743272 
0.171093 
0.562018 
0.843630 
0.886748 
0.575420 
0.089558 
0.203095 
0.411848 
0.925266 
0.943971 
0.312616 
0.139141 
0.537221 
0.081006 
0.475776 
0.359182 
0.763842 
0.889513 
0.044997 
0.256614 
0.917974 
0.382402 
0.027271 
0.345141 
0.779290 
0.521753 
0.101143 
0.905693 
0.988507 
0.830399 
0.519131 
0.042957 
0.978080 
0.585054 
0.010642 
0.863413 
0.375646 
0.475153 
0.889221 
0.141620 
0.201587 
0.071512 
0.901749 
0.697688 
0.035722 
0.386339 
0.199341 
0.316958 
0.112529 
0.266918 
0.084971 
0.110485 
0.924269 
0.194492 
0.819926 
0.498530 
0.795788 
0.802135 
0.476502 
0.576504 
0.301872 
0.555304 
0.998835 
0.421508 
0.279954 
0.192365 
0.078080 
0.282286 
0.385727 
0.905810 
0.951094 
0.035381 
0.643357 
0.901939 
0.887137 
0.104373 
0.200872 
0.053003 
0.818152 
0.673896 
0.171185 
0.107578 
0.057570 
0.581381 
0.262123 
0.496369 
0.482170 
0.829702 
0.808418 
0.077492 
0.400399 
0.512905 
0.401794 
0.948522 
0.810735 
0.016332 
0.487722 
0.141030 
0.290508 
0.562741 
0.989881 
0.930124 
0.589281 
0.041549 
0.308705 
0.405457 
0.523069 
0.224285 
0.559100 
0.799389 
0.338913 
0.110883 
0.609155 
0.064696 
0.350274 
0.050062 
0.398856 
0.572178 
0.588397 
0.195552 
0.647620 
0.557679 
0.914821 
0.396293 
0.499371 
0.926000 
0.280191 
0.172723 
0.960987 
0.303864 
0.045771 
0.265715 
0.870954 
0.127429 
0.697656 
0.505909 
0.804233 
0.741449 
0.537627 
0.901625 
0.605840 
0.352632 
0.684612 
0.274780 
0.224208 
0.263288 
0.087807 
0.765717 
0.408540 
0.337656 
0.992216 
0.173167 
0.418891 
0.292942 
0.469397 
0.149427 
0.426829 
0.715265 
0.453339 
0.271907 
0.935283 
0.295849 
0.337309 
0.150896 
0.103457 
0.808196 
0.345879 
0.183013 
0.895283 
0.018893 
0.529724 
0.070693 
0.143321 
0.790719 
0.614727 
0.717723 
0.772194 
0.263679 
0.653097 
0.606981 
0.533959 
0.256523 
0.379129 
0.027884 
0.642005 
0.180251 
0.486768 
0.109660 
0.047569 
0.488469 
0.691302 
0.709121 
0.190149 
0.837632 
0.078831 
0.912966 
0.223575 
0.622298 
0.970300 
0.834685 
0.553723 
0.420352 
0.856831 
0.760490 
0.547301 
0.482785 
0.163210 
0.069304 
0.786625 
0.808834 
0.070986 
0.068666 
0.072318 
0.445328 
0.629296 
0.579413 
0.191533 
0.100286 
0.502654 
0.103155 
0.732647 
0.591050 
0.775068 
0.570378 
0.342853 
0.337166 
0.743231 
0.476002 
0.164902 
0.512544 
0.333931 
0.385997 
0.448384 
0.982550 
0.720884 
0.894278 
0.129110 
0.959106 
0.693472 
0.180972 
0.593582 
0.334121 
0.566211 
0.302444 
0.182803 
0.367390 
0.730131 
0.318638 
0.350726 
0.655712 
0.558298 
0.313076 
0.869300 
0.331335 
0.746976 
0.421627 
0.288944 
0.284892 
0.186260 
0.477900 
0.071734 
0.634145 
0.068853 
0.213877 
0.634253 
0.894862 
0.952918 
0.690001 
0.850392 
0.540915 
0.152559 
0.065024 
0.862331 
0.193487 
0.938041 
0.649540 
0.824336 
0.617769 
0.841508 
0.225717 
0.618377 
0.060054 
0.328032 
0.240933 
0.356701 
0.068163 
0.616317 
0.442129 
0.858930 
0.044376 
0.829871 
0.647418 
0.147065 
0.719815 
0.930960 
0.651631 
0.955444 
0.151177 
0.834646 
0.900346 
0.119647 
0.902113 
0.812876 
0.007253 
0.894073 
0.690470 
0.727281 
0.405480 
0.907109 
0.783549 
0.112260 
0.761363 
0.227253 
0.438156 
0.088472 
0.956353 
0.424908 
0.430466 
0.845798 
0.333555 
0.057931 
0.649016 
0.010052 
0.946166 
0.215098 
0.146291 
0.705353 
0.874595 
0.316958 
0.109719 
0.044852 
0.822661 
0.455088 
0.660831 
0.588144 
0.930909 
0.786097 
0.928378 
0.247385 
0.799257 
0.106026 
0.985312 
0.143917 
0.806108 
0.259138 
0.337325 
0.428716 
0.431861 
0.285923 
0.508262 
0.354406 
0.508479 
0.008679 
0.869443 
0.734508 
0.871741 
0.347466 
0.857103 
0.325579 
0.012973 
0.044800 
0.950560 
0.067817 
0.804174 
0.745293 
0.144877 
0.945005 
0.699749 
0.673120 
0.121458 
0.341939 
0.965316 
0.058161 
0.506625 
0.854290 
0.053871 
0.406473 
0.584844 
0.469335 
0.118882 
0.057037 
0.628859 
0.238568 
0.613153 
0.265464 
0.648965 
0.146851 
0.117361 
0.481691 
0.788640 
0.675670 
0.990098 
0.578057 
0.404637 
0.727066 
0.804396 
0.476953 
0.151490 
0.096260 
0.834550 
0.288521 
0.175254 
0.497218 
0.735507 
0.660242 
0.687567 
0.945850 
0.896571 
0.669291 
0.774576 
0.297694 
0.349266 
0.110262 
0.170234 
0.121342 
0.393055 
0.083001 
0.998854 
0.744025 
0.820666 
0.932087 
0.591366 
0.087373 
0.474836 
0.567400 
0.287211 
0.160969 
0.402906 
0.639050 
0.516413 
0.355321 
0.882975 
0.153521 
0.233419 
0.068865 
0.405741 
0.283130 
0.559336 
0.760902 
0.478826 
0.634845 
0.839681 
0.521093 
0.016413 
0.858675 
0.746917 
0.430402 
0.765000 
0.359626 
0.229752 
0.441748 
0.452867 
0.339412 
0.494732 
0.965485 
0.909597 
0.589744 
0.830563 
0.266985 
0.223450 
0.517913 
0.563673 
0.653232 
0.871651 
0.834488 
0.234974 
0.215903 
0.686770 
0.547998 
0.198578 
0.496700 
0.034838 
0.522710 
0.183619 
0.090389 
0.165533 
0.114340 
0.710195 
0.245575 
0.383340 
0.801530 
0.308664 
0.707517 
0.246198 
0.852862 
0.057636 
0.682692 
0.996595 
0.766098 
0.811434 
0.769817 
0.307199 
0.101796 
0.885628 
0.744542 
0.516725 
0.593862 
0.043779 
0.797906 
0.405971 
0.155390 
0.642313 
0.361770 
0.263248 
0.413667 
0.495260 
0.832902 
0.591243 
0.020687 
0.685734 
0.136784 
0.922825 
0.914887 
0.507450 
0.708380 
0.747224 
0.591321 
0.334022 
0.910425 
0.510296 
0.542813 
